0 27.6498
1 26.7203
2 25.2441
3 25.2173
4 23.2261
5 22.3258
6 20.653
7 20.653
8 20.5071
9 17.9718
10 17.4623
11 17.4623
12 17.4021
13 16.5075
14 16.4225
15 15.2228
16 15.409
17 15.2056
18 15.1836
19 15.1613
20 14.8974
21 14.4949
22 13.705
23 13.705
24 13.3061
25 13.1422
26 12.7637
27 12.7265
28 12.7265
29 12.5625
30 12.5625
31 12.5625
32 12.4422
33 12.4422
34 12.3599
35 11.8196
36 11.8196
37 11.6258
38 11.6258
39 11.6258
40 11.6258
41 11.6231
42 11.6231
43 11.5054
44 11.5054
45 11.5054
46 11.4794
47 11.4767
48 11.4767
49 11.3316
50 11.3316
51 11.3316
52 11.3316
53 11.3316
54 11.2113
55 11.2113
56 11.2113
57 11.2113
58 11.2113
59 11.2113
60 11.2113
61 11.2113
62 11.2113
63 11.2113
64 11.2113
65 11.2113
66 11.2113
67 11.2113
68 11.2113
69 11.2113
70 11.2113
71 11.2113
72 11.2113
73 11.2113
74 11.2113
75 11.2113
76 11.2113
77 11.2113
78 11.2113
79 11.2113
80 11.2113
81 11.2113
82 11.2113
83 11.2113
84 11.2113
85 10.9755
86 10.9755
87 10.9632
88 10.9632
89 10.9632
90 10.9632
91 10.9632
92 10.8677
93 10.8677
94 10.8677
95 10.8677
96 10.8677
97 10.9632
98 10.8677
99 10.8677
100 10.8677
101 10.8677
102 10.8677
103 10.7515
104 10.2323
105 10.2323
106 10.2323
107 10.2323
108 10.2323
109 10.2323
110 10.2126
111 10.195
112 10.195
113 9.92367
114 9.92367
115 9.92367
116 9.92367
117 9.89506
118 9.89506
119 9.89506
120 9.89506
121 9.89506
122 9.89506
123 9.89506
124 9.89506
125 9.84831
126 9.84831
127 9.8047
128 9.84831
129 9.84831
130 9.84831
131 9.84831
132 9.84831
133 9.84831
134 9.84831
135 9.84831
136 9.84831
137 9.84831
138 9.84831
139 9.84831
140 9.84831
141 9.84831
142 9.84831
143 9.84831
144 9.84831
145 9.84831
146 9.84831
147 9.72479
148 9.72479
149 9.72479
150 9.72479
151 9.72479
152 9.72479
153 9.72479
154 9.72479
155 9.72479
156 9.72479
157 9.72479
158 9.60379
159 9.60379
160 9.60379
161 9.60379
162 9.60379
163 9.5935
164 9.5935
165 9.5935
166 9.5935
167 9.5935
168 9.5935
169 9.5935
170 9.5935
171 9.5935
172 9.5935
173 9.5935
174 9.5935
175 9.5935
176 9.5935
177 9.5935
178 9.5935
179 9.5935
180 9.5935
181 9.5935
182 9.5935
183 9.5935
184 9.5935
185 9.5935
186 9.5935
187 9.5935
188 9.5935
189 9.5935
190 9.5935
191 9.5935
192 9.5935
193 9.5935
194 9.5935
195 9.5935
196 9.5935
197 9.5935
198 9.5935
199 9.5935
200 9.5935
201 9.5935
202 9.5935
203 9.5935
204 9.5935
205 9.5935
206 9.5935
207 9.5935
208 9.5935
209 9.5935
210 9.5935
211 9.5935
212 9.5935
213 9.5935
214 9.5935
215 9.5935
216 9.5935
217 9.5935
218 9.5935
219 9.5935
220 9.5935
221 9.5935
222 9.5935
223 9.5935
224 9.5935
225 9.5935
226 9.5935
227 9.5935
228 9.5935
229 9.5935
230 9.5935
231 9.5935
232 9.5935
233 9.5935
234 9.5935
235 9.5935
236 9.5935
237 9.5935
238 9.5935
239 9.5935
240 9.5935
241 9.5935
242 9.5935
243 9.5935
244 9.5935
245 9.5935
246 9.5935
247 9.5935
248 9.5935
249 9.5935
250 9.5935
251 9.5935
252 9.5935
253 9.5935
254 9.5935
255 9.5935
256 9.5935
257 9.5935
258 9.5935
259 9.5935
260 9.5935
261 9.5935
262 9.5935
263 9.5935
264 9.5935
265 9.5935
266 9.5935
267 9.5935
268 9.5935
269 9.5935
270 9.5935
271 9.5935
272 9.5935
273 9.5935
274 9.5935
275 9.5935
276 9.5935
277 9.5935
278 9.5935
279 9.5935
280 9.5935
281 9.5935
282 9.5935
283 9.5935
284 9.5935
285 9.5935
286 9.5935
287 9.5935
288 9.5935
289 9.5935
290 9.5935
291 9.5935
292 9.5935
293 9.5935
294 9.5935
295 9.5935
296 9.5935
297 9.5935
298 9.5935
299 9.5935
300 9.5935
301 9.5935
302 9.5935
303 9.5935
304 9.5935
305 9.5935
306 9.5935
307 9.5935
308 9.5935
309 9.5935
310 9.5935
311 9.5935
312 9.5935
313 9.5935
314 9.5935
315 9.5935
316 9.5935
317 9.5935
318 9.5935
319 9.5935
320 9.5935
321 9.5935
322 9.5935
323 9.5935
324 9.5935
325 9.5935
326 9.5935
327 9.5935
328 9.5935
329 9.5935
330 9.5935
331 9.5935
332 9.5935
333 9.5935
334 9.5935
335 9.5935
336 9.5935
337 9.5935
338 9.5935
339 9.5935
340 9.5935
341 9.5935
342 9.5935
343 9.5935
344 9.5935
345 9.5935
346 9.5935
347 9.5935
348 9.5935
349 9.5935
350 9.5935
351 9.5935
352 9.5935
353 9.5935
354 9.5935
355 9.5935
356 9.5935
357 9.5935
358 9.5935
359 9.5935
360 9.5935
361 9.5935
362 9.5935
363 9.5935
364 9.5935
365 9.5935
366 9.5935
367 9.5935
368 9.5935
369 9.5935
370 9.5935
371 9.5935
372 9.5935
373 9.5935
374 9.5935
375 9.5935
376 9.5935
377 9.5935
378 9.5935
379 9.5935
380 9.5935
381 9.5935
382 9.5935
383 9.5935
384 9.5935
385 9.5935
386 9.5935
387 9.5935
388 9.5935
389 9.5935
390 9.5935
391 9.5935
392 9.5935
393 9.5935
394 9.5935
395 9.5935
396 9.5935
397 9.5935
398 9.5935
399 9.5935
400 9.5935
401 9.5935
402 9.5935
403 9.5935
404 9.5935
405 9.5935
406 9.5935
407 9.5935
408 9.5935
409 9.5935
410 9.5935
411 9.5935
412 9.5935
413 9.5935
414 9.5935
415 9.5935
416 9.5935
417 9.5935
418 9.5935
419 9.5935
420 9.5935
421 9.5935
422 9.5935
423 9.5935
424 9.5935
425 9.5935
426 9.5935
427 9.5935
428 9.5935
429 9.5935
430 9.5935
431 9.5935
432 9.5935
433 9.5935
434 9.5935
435 9.5935
436 9.5935
437 9.5935
438 9.5935
439 9.5935
440 9.5935
441 9.5935
442 9.5935
443 9.5935
444 9.5935
445 9.5935
446 9.5935
447 9.5935
448 9.5935
449 9.5935
450 9.5935
451 9.5935
452 9.5935
453 9.5935
454 9.5935
455 9.5935
456 9.5935
457 9.5935
458 9.5935
459 9.5935
460 9.5935
461 9.5935
462 9.5935
463 9.5935
464 9.5935
465 9.5935
466 9.5935
467 9.5935
468 9.5935
469 9.5935
470 9.5935
471 9.5935
472 9.5935
473 9.5935
474 9.5935
475 9.5935
476 9.5935
477 9.5935
478 9.59249
479 9.59249
480 9.59249
481 9.59249
482 9.59249
483 9.59249
484 9.59249
485 9.59249
486 9.59249
487 9.59249
488 9.59249
489 9.59249
490 9.59249
491 9.59249
492 9.59249
493 9.59249
494 9.59249
495 9.59249
496 9.59249
497 9.59249
498 9.59249
499 9.59249
500 9.59249
501 9.59249
502 9.59249
503 9.59249
504 9.59249
505 9.59249
506 9.59249
507 9.59249
508 9.59249
509 9.59249
510 9.59249
511 9.59249
512 9.59249
513 9.59249
514 9.59249
515 9.59249
516 9.59249
517 9.59249
518 9.59249
519 9.59249
520 9.59249
521 9.59249
522 9.59249
523 9.59249
524 9.59249
525 9.59249
526 9.59249
527 9.59249
528 9.59249
529 9.59249
530 9.59249
531 9.59249
532 9.59249
533 9.59249
534 9.59249
535 9.59249
536 9.59249
537 9.59249
538 9.59249
539 9.59249
540 9.59249
541 9.59249
542 9.59249
543 9.59249
544 9.59249
545 9.59249
546 9.59249
547 9.59249
548 9.59249
549 9.59249
550 9.59249
551 9.59249
552 9.59249
553 9.59249
554 9.59249
555 9.59249
556 9.59249
557 9.59249
558 9.59249
559 9.59249
560 9.59249
561 9.59249
562 9.59249
563 9.59249
564 9.59249
565 9.59249
566 9.59249
567 9.59249
568 9.59249
569 9.59249
570 9.59249
571 9.59249
572 9.59249
573 9.59249
574 9.59249
575 9.59249
576 9.59249
577 9.59249
578 9.59249
579 9.59249
580 9.59249
581 9.59249
582 9.59249
583 9.59249
584 9.59249
585 9.59249
586 9.59249
587 9.59249
588 9.59249
589 9.59249
590 9.59249
591 9.59249
592 9.59249
593 9.59249
594 9.59249
595 9.59249
596 9.59249
597 9.59249
598 9.59249
599 9.59249
600 9.59249
601 9.59249
602 9.59249
603 9.59249
604 9.59249
605 9.59249
606 9.59249
607 9.59249
608 9.59249
609 9.59249
610 9.59249
611 9.59249
612 9.59249
613 9.59249
614 9.59249
615 9.59249
616 9.59249
617 9.59249
618 9.59249
619 9.59249
620 9.59249
621 9.59249
622 9.59249
623 9.59249
624 9.59249
625 9.59249
626 9.59249
627 9.59249
628 9.59249
629 9.59249
630 9.59249
631 9.59249
632 9.59249
633 9.59249
634 9.59249
635 9.59249
636 9.59249
637 9.59249
638 9.59249
639 9.59249
640 9.59249
641 9.59249
642 9.59249
643 9.59249
644 9.59249
645 9.59249
646 9.59249
647 9.59249
648 9.59249
649 9.59249
650 9.59249
651 9.59249
652 9.59249
653 9.59249
654 9.59249
655 9.59249
656 9.59249
657 9.59249
658 9.59249
659 9.59249
660 9.59249
661 9.59249
662 9.59249
663 9.59249
664 9.59249
665 9.59249
666 9.59249
667 9.59249
668 9.59249
669 9.59249
670 9.59249
671 9.59249
672 9.59249
673 9.59249
674 9.59249
675 9.59249
676 9.59249
677 9.59249
678 9.59249
679 9.59249
680 9.59249
681 9.59249
682 9.59249
683 9.59249
684 9.59249
685 9.59249
686 9.59249
687 9.59249
688 9.59249
689 9.59249
690 9.59249
691 9.59249
692 9.59249
693 9.59249
694 9.59249
695 9.59249
696 9.59249
697 9.59249
698 9.59249
699 9.59249
700 9.59249
701 9.59249
702 9.59249
703 9.59249
704 9.59249
705 9.59249
706 9.59249
707 9.59249
708 9.59249
709 9.59249
710 9.59249
711 9.59249
712 9.59249
713 9.59249
714 9.59249
715 9.59249
716 9.59249
717 9.59249
718 9.59249
719 9.59249
720 9.59249
721 9.59249
722 9.59249
723 9.59249
724 9.59249
725 9.59249
726 9.59249
727 9.59249
728 9.59249
729 9.59249
730 9.59249
731 9.59249
732 9.59249
733 9.59249
734 9.59249
735 9.59249
736 9.59249
737 9.59249
738 9.59249
739 9.59249
740 9.59249
741 9.59249
742 9.59249
743 9.59249
744 9.59249
745 9.59249
746 9.59249
747 9.59249
748 9.59249
749 9.59249
750 9.59249
751 9.59249
752 9.59249
753 9.59249
754 9.59249
755 9.59249
756 9.59249
757 9.59249
758 9.59249
759 9.59249
760 9.59249
761 9.59249
762 9.59249
763 9.59249
764 9.59249
765 9.59249
766 9.59249
767 9.59249
768 9.59249
769 9.59249
770 9.59249
771 9.59249
772 9.59249
773 9.59249
774 9.59249
775 9.59249
776 9.59249
777 9.59249
778 9.59249
779 9.59249
780 9.59249
781 9.59249
782 9.59249
783 9.59249
784 9.59249
785 9.59249
786 9.59249
787 9.59249
788 9.59249
789 9.59249
790 9.59249
791 9.59249
792 9.59249
793 9.59249
794 9.59249
795 9.59249
796 9.59249
797 9.59249
798 9.59249
799 9.59249
800 9.59249
801 9.59249
802 9.59249
803 9.59249
804 9.59249
805 9.59249
806 9.59249
807 9.59249
808 9.59249
809 9.59249
810 9.59249
811 9.59249
812 9.59249
813 9.59249
814 9.59249
815 9.59249
816 9.59249
817 9.59249
818 9.59249
819 9.59249
820 9.59249
821 9.59249
822 9.59249
823 9.59249
824 9.59249
825 9.59249
826 9.59249
827 9.59249
828 9.59249
829 9.59249
830 9.59249
831 9.59249
832 9.59249
833 9.59249
834 9.59249
835 9.59249
836 9.59249
837 9.59249
838 9.59249
839 9.59249
840 9.59249
841 9.59249
842 9.59249
843 9.59249
844 9.59249
845 9.59249
846 9.59249
847 9.59249
848 9.59249
849 9.59249
850 9.59249
851 9.59249
852 9.59249
853 9.59249
854 9.59249
855 9.59249
856 9.59249
857 9.59249
858 9.59249
859 9.59249
860 9.59249
861 9.59249
862 9.59249
863 9.59249
864 9.59249
865 9.59249
866 9.59249
867 9.59249
868 9.59249
869 9.59249
870 9.59249
871 9.59249
872 9.59249
873 9.59249
874 9.59249
875 9.59249
876 9.59249
877 9.59249
878 9.59249
879 9.59249
880 9.59249
881 9.59249
882 9.59249
883 9.59249
884 9.59249
885 9.59249
886 9.59249
887 9.59249
888 9.59249
889 9.59249
890 9.59249
891 9.59249
892 9.59249
893 9.59249
894 9.59249
895 9.59249
896 9.59249
897 9.59249
898 9.59249
899 9.59249
900 9.59249
901 9.59249
902 9.59249
903 9.59249
904 9.59249
905 9.59249
906 9.59249
907 9.59249
908 9.59249
909 9.59249
910 9.59249
911 9.59249
912 9.59249
913 9.59249
914 9.59249
915 9.59249
916 9.59249
917 9.59249
918 9.59249
919 9.59249
920 9.59249
921 9.59249
922 9.59249
923 9.59249
924 9.59249
925 9.59249
926 9.59249
927 9.59249
928 9.59249
929 9.59249
930 9.59249
931 9.59249
932 9.59249
933 9.59249
934 9.59249
935 9.59249
936 9.59249
937 9.59249
938 9.59249
939 9.59249
940 9.59249
941 9.59249
942 9.59249
943 9.59249
944 9.59249
945 9.59249
946 9.59249
947 9.59249
948 9.59249
949 9.59249
950 9.59249
951 9.59249
952 9.59249
953 9.59249
954 9.59249
955 9.59249
956 9.59249
957 9.59249
958 9.59249
959 9.59249
960 9.59249
961 9.59249
962 9.59249
963 9.59249
964 9.59249
965 9.59249
966 9.59249
967 9.59249
968 9.59249
969 9.59249
970 9.59249
971 9.59249
972 9.59249
973 9.59249
974 9.59249
975 9.59249
976 9.59249
977 9.59249
978 9.59249
979 9.59249
980 9.59249
981 9.59249
982 9.59249
983 9.59249
984 9.59249
985 9.59249
986 9.59249
987 9.59249
988 9.59249
989 9.59249
990 9.59249
991 9.59249
992 9.59249
993 9.59249
994 9.59249
995 9.59249
996 9.59249
997 9.59249
998 9.59249
999 9.59249
