#MU        SIGMA      ENERGY     ERROR     
0.751335   1.2445     0.938093   0.119515  
0.669487   1.22694    0.56939    0.126858  
0.635627   1.1652     0.363879   0.0899955 
0.687713   1.14423    0.381597   0.124127  
0.687713   1.14423    0.381597   0.0884984 
0.761381   1.04488    0.13931    0.0908276 
0.836681   1.07585    0.312729   0.156715  
0.818814   1.14656    0.779416   0.0801279 
0.802004   1.14299    0.481077   0.0662555 
0.738621   1.15313    0.286176   0.14252   
0.738621   1.15313    0.286176   0.100249  
0.738621   1.15313    0.286176   0.317923  
0.684811   1.24013    0.9199     0.20423   
0.629247   1.27857    0.81506    0.0894442 
0.722325   1.2859     0.637208   0.169736  
0.701067   1.3285     1.29427    0.0978907 
0.666024   1.25985    0.625652   0.169905  
0.666024   1.25985    0.625652   0.136033  
0.680262   1.276      0.979858   0.268399  
0.680262   1.276      0.979858   0.14396   
0.777336   1.31534    0.995605   0.208685  
0.777336   1.31534    0.995605   0.227289  
0.777336   1.31534    0.995605   0.214049  
0.811491   1.38176    2.10506    0.262135  
0.719036   1.36358    1.55977    0.18922   
0.724838   1.33185    1.20966    0.121148  
0.640026   1.32516    0.842148   0.132967  
0.590038   1.26668    0.710642   0.106949  
0.645196   1.22547    0.430762   0.129556  
0.703984   1.14677    0.504073   0.0904743 
0.733635   1.17363    0.368958   0.0967734 
0.684711   1.14254    0.292985   0.0606682 
0.682484   1.11196    0.143301   0.116683  
0.682484   1.11196    0.143301   0.0865247 
0.709241   1.10694    0.16839    0.101135  
0.643771   1.12308    0.171211   0.0717138 
0.61678    1.09987    0.104313   0.060589  
0.603161   1.05577    0.00308161 0.0685561 
0.62026    1.1321     0.122065   0.0884152 
0.681885   1.15987    0.315078   0.110012  
0.776253   1.21554    0.813837   0.151426  
0.812455   1.19802    0.966879   0.183198  
0.812455   1.19802    0.966879   0.182022  
0.872166   1.19691    1.19976    0.144123  
0.783164   1.27934    1.04496    0.209728  
0.831661   1.31956    1.61656    0.1236    
0.774561   1.24007    0.836136   0.158212  
0.849845   1.23959    1.38641    0.261544  
0.922424   1.32219    2.1386     0.317154  
0.922424   1.32219    2.1386     0.23263   
0.89335    1.30697    1.78892    0.186619  
0.837388   1.25149    1.51096    0.172727  
0.760937   1.29208    1.2724     0.152308  
0.749744   1.21929    0.791764   0.125021  
0.704081   1.21697    0.533088   0.107808  
0.627041   1.28758    0.573908   0.174507  
0.698123   1.25794    0.807065   0.13616   
0.763221   1.24383    0.723699   0.0887236 
0.705446   1.25544    0.565076   0.149136  
0.705446   1.25544    0.565076   0.174398  
0.626112   1.30983    1.19033    0.213697  
0.620645   1.38118    1.19011    0.173308  
0.579302   1.32346    1.01543    0.116083  
0.629665   1.27929    0.544688   0.125503  
0.617142   1.29652    0.641936   0.144246  
0.562825   1.39434    1.05816    0.207344  
0.615454   1.45954    1.75035    0.158545  
0.524138   1.40345    1.18591    0.265838  
0.474212   1.48296    1.87667    0.287466  
0.42994    1.49152    1.86393    0.16274   
0.366342   1.45464    1.1755     0.139973  
0.31185    1.41167    0.823354   0.0999203 
0.350417   1.34979    0.395327   0.133027  
0.444525   1.38911    0.898379   0.20425   
0.523595   1.48273    1.59978    0.172143  
0.496984   1.47175    1.46711    0.195908  
0.405901   1.54269    1.63889    0.149533  
0.434822   1.47834    1.1101     0.241679  
0.434822   1.47834    1.1101     0.23745   
0.414151   1.54943    2.00321    0.185452  
0.373178   1.48103    1.3349     0.113429  
0.401235   1.41681    0.824637   0.104858  
0.383323   1.42328    0.62167    0.102273  
0.330661   1.37144    0.53465    0.216843  
0.275844   1.4484     1.1639     0.172181  
0.23405    1.53852    1.31288    0.157918  
0.145043   1.54197    1.30728    0.180021  
0.240042   1.54196    1.35777    0.225983  
0.297072   1.52305    1.38845    0.124027  
0.309207   1.48609    1.0206     0.26518   
0.309207   1.48609    1.0206     0.131079  
0.261475   1.42674    0.907384   0.263319  
0.209121   1.41942    1.08208    0.293662  
0.209121   1.41942    1.08208    0.0608413 
0.231874   1.31965    0.15857    0.0891521 
0.132571   1.28644    0.231164   0.0719437 
0.210346   1.2611     0.111292   0.0702781 
0.255268   1.31487    0.288157   0.140151  
0.174192   1.39217    0.568281   0.0976829 
0.182185   1.43772    0.526587   0.0908612 
0.131516   1.38296    0.433462   0.0999019 
0.115793   1.38904    0.50545    0.121362  
0.206031   1.29913    0.325345   0.0616552 
0.108277   1.27914    0.0923763  0.0733782 
0.154085   1.34797    0.148565   0.141583  
0.154085   1.34797    0.148565   0.0645776 
0.161658   1.24807    -0.0132281 0.0734145 
0.241141   1.29677    0.197386   0.0599274 
0.224299   1.20159    -0.0273215 0.0733247 
0.294633   1.27997    0.237959   0.109159  
0.294633   1.27997    0.237959   0.0813152 
0.250735   1.29537    0.214015   0.0733152 
0.215185   1.32037    0.218079   0.0826841 
0.138284   1.37672    0.356345   0.0950077 
0.1208     1.39935    0.469616   0.178464  
0.194589   1.41827    0.929228   0.137325  
0.124179   1.41896    0.665733   0.112769  
0.1894     1.34069    0.376073   0.108507  
0.112249   1.31745    0.26722    0.141506  
0.0421611  1.41464    0.773973   0.0912196 
0.0877153  1.42843    0.447043   0.0862685 
0.156782   1.35007    0.375112   0.101859  
0.130705   1.38642    0.404676   0.105445  
0.0439621  1.32223    0.297748   0.106574  
0.0287581  1.29073    0.35164    0.0901857 
-0.0592405 1.36856    0.451356   0.111128  
-0.0623907 1.45212    0.546035   0.168556  
-0.0354789 1.5148     1.24058    0.137869  
-0.0102294 1.52505    0.999723   0.14225   
-0.0192463 1.46212    0.930468   0.126001  
-0.105636  1.45597    0.768445   0.13553   
-0.193811  1.44184    0.791394   0.0944295 
-0.23981   1.40682    0.489429   0.150106  
-0.23981   1.40682    0.489429   0.156714  
-0.303941  1.46186    1.01737    0.155804  
-0.241791  1.54406    1.31947    0.150284  
-0.15055   1.53886    1.2937     0.232665  
-0.0924537 1.62592    2.0653     0.281301  
-0.0924537 1.62592    2.0653     0.251586  
-0.148313  1.65243    2.28152    0.321373  
-0.109943  1.71085    2.80041    0.42584   
-0.164408  1.78805    3.91042    0.370932  
-0.247429  1.79829    3.93829    0.369119  
-0.274825  1.78137    3.61734    0.375891  
-0.270161  1.70874    3.2396     0.215619  
-0.23732   1.63344    2.066      0.123952  
-0.264206  1.54781    1.0003     0.32241   
-0.264206  1.54781    1.0003     0.343408  
-0.264206  1.54781    1.0003     0.218493  
-0.235029  1.58281    1.74664    0.299804  
-0.228055  1.6144     2.38784    0.338561  
-0.228123  1.70388    2.98166    0.373082  
-0.228123  1.70388    2.98166    0.506061  
-0.228123  1.70388    2.98166    0.274396  
-0.228123  1.70388    2.98166    0.553241  
-0.142953  1.73811    3.55731    0.384632  
-0.235128  1.72039    3.46714    0.23153   
-0.218252  1.64292    1.91878    0.218182  
-0.130136  1.64345    2.02122    0.24639   
-0.226391  1.68509    2.45316    0.261968  
-0.192122  1.66904    2.56657    0.388356  
-0.284544  1.76659    4.17055    0.468766  
-0.22054   1.83007    4.77647    0.498974  
-0.272766  1.90191    5.35511    0.570155  
-0.272766  1.90191    5.35511    0.463386  
-0.287181  1.9358     5.16623    0.437616  
-0.358939  1.87072    4.65822    0.631837  
-0.358939  1.87072    4.65822    1.51646   
-0.325817  1.88395    7.86393    0.324435  
-0.375519  1.82429    3.71535    0.451131  
-0.375519  1.82429    3.71535    0.294732  
-0.288663  1.80613    3.56472    0.287307  
-0.200086  1.78306    3.07096    0.412897  
-0.111873  1.74937    3.85397    0.302769  
-0.098399  1.71205    2.86103    0.190385  
-0.0760161 1.64795    1.80691    0.439331  
-8.87089e-05 1.629      2.40553    0.229159  
-0.0727854 1.65568    2.13007    0.190775  
-0.110491  1.61682    1.82215    0.146161  
-0.116058  1.54459    1.23994    0.115026  
-0.147592  1.44522    0.693228   0.160985  
-0.147592  1.44522    0.693228   0.121412  
-0.125242  1.42468    0.708481   0.121173  
-0.170824  1.4551     0.770748   0.1811    
-0.122802  1.50774    1.17412    0.171487  
-0.12413   1.59172    1.61332    0.101928  
-0.0981855 1.51969    0.76323    0.173906  
-0.0133717 1.57358    1.42639    0.265546  
0.0626039  1.65068    2.46593    0.249666  
0.140444   1.60675    2.19517    0.142983  
0.208636   1.5197     1.13553    0.225963  
0.208636   1.5197     1.13553    0.122658  
0.166482   1.47742    0.748326   0.120953  
0.257467   1.48656    0.860094   0.0947594 
0.300474   1.42314    0.531279   0.145289  
0.233509   1.42862    0.695081   0.0977179 
0.326318   1.37243    0.47012    0.118653  
0.333427   1.45186    0.902246   0.144185  
0.40555    1.40672    0.828745   0.0977206 
0.35657    1.35861    0.483255   0.0810096 
0.299549   1.25984    0.241029   0.0508878 
0.209838   1.21003    -0.0241568 0.0433454 
0.207117   1.16838    -0.112277  0.0864235 
0.194969   1.24789    0.13151    0.0819706 
0.267268   1.29942    0.306371   0.0824365 
0.334497   1.25481    0.148752   0.0427264 
0.386654   1.17644    -0.103305  0.0711898 
0.451022   1.25907    0.290898   0.0549035 
0.352923   1.27662    0.0749477  0.0626393 
0.321456   1.22862    0.0625365  0.0654194 
0.308515   1.29221    0.135239   0.0682296 
0.236011   1.27646    0.104483   0.0584317 
0.198096   1.25053    -0.0230601 0.0703285 
0.123      1.2608     0.150733   0.0783337 
0.0473618  1.32888    0.197189   0.0759458 
0.115806   1.23766    0.146096   0.0359725 
0.104537   1.16787    -0.169382  0.0272767 
0.12505    1.11307    -0.206554  0.0392833 
0.0338801  1.12599    -0.164176  0.026091  
-0.0518016 1.06978    -0.248263  0.0200393 
0.00394864 0.971919   -0.222528  0.0148399 
-0.0504319 0.955424   -0.298455  0.0170694 
-0.0403372 0.95875    -0.242386  0.0157181 
-0.127728  0.91642    -0.209996  0.017096  
-0.187028  0.87413    -0.190325  0.0164074 
-0.256421  0.942253   -0.244035  0.0177704 
-0.201385  0.987431   -0.261029  0.0193031 
-0.146553  0.916208   -0.216213  0.0158373 
-0.229399  0.865603   -0.214531  0.0171315 
-0.2322    0.843279   -0.177294  0.0180662 
-0.203274  0.889702   -0.165832  0.0207333 
-0.285596  0.883748   -0.194102  0.0169711 
-0.257638  0.830874   -0.181561  0.0197549 
-0.184245  0.740307   -0.0314338 0.0205949 
-0.0906269 0.744859   -0.00678804 0.0237801 
-0.106093  0.67146    0.0993578  0.0223025 
-0.0712244 0.692775   0.0926616  0.0246216 
-0.008769  0.651917   0.191528   0.0243393 
-0.0789212 0.661428   0.191054   0.0296481 
-0.103166  0.593457   0.309494   0.0245116 
-0.180371  0.613951   0.192204   0.0216747 
-0.260915  0.658766   0.0544375  0.0271965 
-0.247151  0.589249   0.114153   0.0277907 
-0.174836  0.573844   0.322946   0.0343577 
-0.109525  0.556034   0.373443   0.026557  
-0.100194  0.626779   0.207819   0.0245019 
-0.026239  0.635794   0.305307   0.0261348 
0.029227   0.660388   0.178886   0.0199466 
0.0094735  0.745592   0.0216432  0.0208281 
0.0769759  0.759734   -0.0296045 0.0202592 
0.00361278 0.738264   0.0296118  0.0180035 
0.0807272  0.805192   -0.0804178 0.0183732 
0.0925375  0.808034   -0.116482  0.0172271 
0.0504985  0.84275    -0.164878  0.0208147 
0.0803011  0.923779   -0.243498  0.0369609 
0.155449   0.956741   -0.198118  0.0161341 
0.0599417  0.944755   -0.232953  0.0160062 
0.11606    0.990743   -0.260192  0.0242367 
0.0176902  1.03757    -0.242655  0.0232242 
0.00760326 0.99856    -0.237658  0.019321  
0.0706437  0.979935   -0.250282  0.0214244 
0.108218   1.00829    -0.272052  0.0160869 
0.0864371  0.923055   -0.23509   0.0171491 
0.124644   0.889953   -0.204942  0.0208915 
0.0700062  0.973306   -0.217237  0.0172927 
0.0933261  0.957791   -0.232895  0.021157  
0.191338   0.909717   -0.227337  0.0164529 
0.248333   0.861124   -0.220469  0.0174112 
0.326259   0.862736   -0.234431  0.0180629 
0.268444   0.769509   -0.143877  0.0199002 
0.314823   0.687885   -0.0224089 0.0230348 
0.233794   0.650961   0.0714999  0.024414  
0.260498   0.591074   0.240456   0.0222933 
0.339783   0.600086   0.0644817  0.0238139 
0.258366   0.629632   0.104935   0.024422  
0.264222   0.579356   0.240813   0.0273449 
0.319493   0.50791    0.281371   0.0339499 
0.292037   0.434136   0.496739   0.0266993 
0.293531   0.528591   0.328972   0.0362311 
0.237572   0.460966   0.57726    0.049515  
0.190849   0.388075   1.11515    0.0443086 
0.108258   0.448383   0.946367   0.0455298 
0.0745845  0.478088   0.73681    0.0329067 
0.157561   0.503417   0.709781   0.0313363 
0.122634   0.540957   0.472849   0.0333832 
0.115452   0.529559   0.548812   0.0295197 
0.147987   0.557185   0.427499   0.0337823 
0.181225   0.515316   0.479649   0.0239931 
0.256484   0.611241   0.157252   0.0254739 
0.167625   0.608332   0.282297   0.0309269 
0.194381   0.540921   0.404164   0.0251748 
0.257491   0.568874   0.302831   0.0242596 
0.302099   0.602369   0.10496    0.021617  
0.236108   0.683932   0.0545226  0.0183166 
0.270034   0.758867   -0.132973  0.0177477 
0.315973   0.824864   -0.214127  0.0190213 
0.315973   0.824864   -0.214127  0.0168402 
0.244719   0.830236   -0.205813  0.0186051 
0.172748   0.860679   -0.223467  0.0171667 
0.07534    0.885318   -0.216306  0.0193673 
0.151449   0.824258   -0.160628  0.016412  
0.0935437  0.855241   -0.193765  0.0167734 
0.171766   0.854991   -0.195704  0.0196274 
0.0944502  0.767323   -0.0423582 0.0171431 
0.117584   0.826679   -0.133893  0.0162352 
0.0630801  0.894794   -0.197003  0.0182014 
0.0107249  0.797347   -0.0967452 0.0184535 
-0.00467904 0.791257   -0.0723935 0.0217098 
0.0592673  0.705491   0.107538   0.0276261 
0.0567255  0.61687    0.266966   0.0264766 
0.0820333  0.619918   0.264024   0.0307245 
0.100641   0.571511   0.453516   0.0350346 
0.0839884  0.533261   0.523388   0.033905  
0.126467   0.509319   0.653437   0.0412009 
0.165333   0.463759   0.692483   0.0373692 
0.10746    0.491107   0.775803   0.056986  
0.0254502  0.411801   1.20904    0.0411576 
0.0485489  0.488779   0.779704   0.0395105 
0.112267   0.469971   0.786288   0.0405912 
0.112267   0.469971   0.786288   0.032271  
0.0652913  0.558788   0.438747   0.0295484 
0.0188077  0.579714   0.406277   0.0301578 
-0.039404  0.578794   0.409307   0.0303527 
0.00555086 0.562454   0.490634   0.0269096 
0.0314645  0.609592   0.355981   0.0306731 
-0.0158105 0.589861   0.296536   0.0256188 
-0.000598924 0.667134   0.107237   0.0213373 
-0.0385898 0.724385   0.0276455  0.0178253 
-0.0485786 0.809595   -0.123063  0.0190397 
-0.0921166 0.770034   -0.0591329 0.0224763 
-0.0688294 0.697105   0.0902551  0.0265803 
0.0307488  0.619887   0.225834   0.0229182 
-0.00832388 0.71241    0.0136512  0.024851  
-0.00832388 0.71241    0.0136512  0.0224762 
0.0484696  0.70589    0.0784141  0.0191551 
0.125359   0.784425   -0.11693   0.0220415 
0.184065   0.695933   0.0492717  0.0199316 
0.186437   0.775881   -0.152426  0.0167891 
0.243306   0.820235   -0.151842  0.0196761 
0.179976   0.737683   -0.0188216 0.0187734 
0.202569   0.769901   -0.109194  0.0204914 
0.117538   0.743588   -0.0127709 0.0182807 
0.0424528  0.838371   -0.16069   0.0160518 
0.0667891  0.882647   -0.19625   0.0214581 
0.0776005  0.935721   -0.236738  0.016674  
0.0134517  0.934412   -0.206726  0.0172992 
0.0134517  0.934412   -0.206726  0.0175614 
0.0618503  0.931533   -0.260354  0.0189082 
0.10887    1.02421    -0.301067  0.0257045 
0.0818466  1.09237    -0.24426   0.0430148 
0.146478   1.15208    -0.114763  0.063863  
0.214207   1.16385    -0.0142637 0.0295352 
0.137816   1.06641    -0.216195  0.0554234 
0.137816   1.06641    -0.216195  0.0441801 
0.168012   1.15096    -0.134832  0.0331716 
0.156376   1.175      -0.206493  0.0432229 
0.105317   1.09401    -0.175136  0.0315727 
0.0136663  1.12662    -0.199843  0.0265784 
-0.0142802 1.04841    -0.251371  0.0420469 
-0.107055  1.11154    -0.140265  0.0339892 
-0.102922  1.16549    -0.169988  0.0676461 
-0.141838  1.26124    0.0183397  0.131243  
-0.128037  1.35539    0.574966   0.104064  
-0.168234  1.38904    0.510212   0.136739  
-0.196411  1.33139    0.331299   0.145531  
-0.229583  1.38101    0.675176   0.113155  
-0.278133  1.37668    0.582884   0.169145  
-0.336084  1.42104    0.838745   0.0902337 
-0.361023  1.37044    0.464521   0.111343  
-0.32493   1.37639    0.556262   0.0755103 
-0.393446  1.3224     0.245577   0.0744674 
-0.40036   1.31391    0.295119   0.113726  
-0.377007  1.25228    0.411215   0.0576491 
-0.334323  1.23783    0.0661483  0.0439156 
-0.265379  1.23276    -0.0426995 0.105807  
-0.229344  1.29259    0.253166   0.0908762 
-0.176303  1.37908    0.406894   0.118477  
-0.161743  1.41627    0.65865    0.146697  
-0.214623  1.48033    0.977103   0.247093  
-0.163151  1.50654    1.33391    0.126759  
-0.200874  1.42266    0.786411   0.114882  
-0.12511   1.3529     0.518576   0.0857024 
-0.0923556 1.37643    0.45773    0.0911535 
-0.0371234 1.31988    0.351503   0.108003  
-0.124505  1.3414     0.278752   0.117257  
-0.0342846 1.40842    0.504858   0.139089  
-0.102392  1.47745    0.762608   0.121089  
-0.198007  1.47034    0.703959   0.276903  
-0.119197  1.55574    1.88028    0.179535  
-0.115777  1.46957    1.06023    0.192153  
-0.0502702 1.53119    1.31422    0.193281  
0.0277421  1.54731    1.37918    0.276497  
0.0265685  1.64321    2.36496    0.378973  
0.0778924  1.6624     2.97362    0.235669  
-0.00409126 1.63418    2.02502    0.210998  
0.0663776  1.53833    1.53747    0.155507  
0.140801   1.46212    1.03279    0.220619  
0.173313   1.5062     1.28828    0.156931  
0.130484   1.57191    1.26073    0.560816  
0.130484   1.57191    1.26073    0.156799  
0.139424   1.53806    1.24053    0.185535  
0.115831   1.47326    1.27166    0.0845524 
0.201064   1.37523    0.371737   0.0879835 
0.159067   1.31041    0.324775   0.172387  
0.159067   1.31041    0.324775   0.0752113 
0.234284   1.29649    0.226024   0.0971347 
0.232022   1.36353    0.55839    0.0688024 
0.223146   1.31057    0.189102   0.151401  
0.131957   1.34435    0.589141   0.0638698 
0.231036   1.24799    0.018977   0.0778246 
0.260814   1.29567    0.260541   0.0534465 
0.178972   1.26311    0.0410046  0.0705083 
0.213352   1.26195    0.104743   0.0533794 
0.146703   1.23596    -0.0077143 0.0568448 
0.13349    1.31289    0.0809308  0.0651873 
0.0903902  1.27224    0.0816627  0.0520422 
0.172014   1.22228    0.00129071 0.0361772 
0.117488   1.16249    -0.170234  0.0499222 
0.0247878  1.20109    -0.0575898 0.0520701 
0.101782   1.1811     -0.119861  0.109962  
0.0679494  1.26403    0.225886   0.0667635 
0.087415   1.26192    0.10858    0.0654103 
0.0900664  1.25758    0.0524501  0.064951  
0.176483   1.23679    0.0524151  0.0381388 
0.103315   1.14859    -0.153914  0.0408716 
0.13614    1.15781    -0.157345  0.0348782 
0.206667   1.08217    -0.170718  0.0436962 
0.131629   1.11233    -0.100844  0.0264487 
0.0776011  1.10119    -0.229691  0.0380447 
0.146569   1.15228    -0.143856  0.0708243 
0.233501   1.22452    0.0838219  0.038007  
0.18622    1.20069    -0.122945  0.0937328 
0.22068    1.26825    0.167521   0.0696673 
0.285531   1.33133    0.24548    0.0968047 
0.324799   1.31269    0.279386   0.0793799 
0.242864   1.39736    0.463263   0.0711402 
0.157028   1.31205    0.154089   0.0718601 
0.183075   1.2646     0.123724   0.0721732 
0.243722   1.23967    0.102571   0.0426279 
0.330387   1.17292    -0.0961431 0.0461019 
0.285256   1.19245    -0.0117562 0.0903731 
0.3547     1.24184    0.234721   0.114778  
0.399319   1.26713    0.367013   0.0733183 
0.382076   1.23805    0.0898159  0.104148  
0.37056    1.28136    0.342201   0.162282  
0.37056    1.28136    0.342201   0.0697892 
0.306925   1.29001    0.194565   0.0623574 
0.397016   1.1953     0.0597988  0.0722236 
0.363544   1.13097    -0.0272109 0.0894913 
0.459923   1.22638    0.344308   0.051749  
0.440996   1.13999    -0.0842735 0.171853  
0.457976   1.15152    0.196308   0.120256  
0.484735   1.23749    0.450523   0.0917466 
0.544382   1.15629    0.159365   0.102584  
0.570609   1.20633    0.309123   0.0598034 
0.634775   1.14015    0.101537   0.0610354 
0.548995   1.11668    0.0825373  0.0297787 
0.476551   1.04503    -0.211123  0.0399292 
0.476551   1.04503    -0.211123  0.0616306 
0.476551   1.04503    -0.211123  0.065949  
0.404511   1.03889    -0.0809149 0.0651578 
0.392506   1.08461    -0.149658  0.0918814 
0.461266   1.06301    -0.0844477 0.0543091 
0.511924   1.12671    0.0018971  0.0696627 
0.459499   1.1226     0.0551961  0.0645004 
0.409036   1.14731    0.0119847  0.0745228 
0.389768   1.11057    -0.0286422 0.0327882 
0.380577   1.06533    -0.208319  0.0195949 
0.468601   0.986788   -0.29297   0.0194296 
0.489541   0.888364   -0.270555  0.0143824 
0.397548   0.822797   -0.254441  0.0259369 
0.438008   0.893537   -0.242295  0.0237125 
0.472703   0.882786   -0.254693  0.0334814 
0.570629   0.888569   -0.274787  0.0180692 
0.61458    0.865104   -0.294838  0.016343  
0.601054   0.827392   -0.309968  0.0214906 
0.566545   0.850057   -0.291008  0.0216355 
0.59745    0.829087   -0.318486  0.0318777 
0.653919   0.90067    -0.268852  0.0193533 
0.57679    0.860773   -0.294872  0.0168682 
0.63491    0.804454   -0.326371  0.0183973 
0.640284   0.810718   -0.362461  0.0129631 
0.705818   0.751792   -0.382579  0.0206731 
0.760682   0.784182   -0.318847  0.0298964 
0.69888    0.804745   -0.281502  0.0150933 
0.741835   0.76636    -0.359122  0.0160866 
0.800793   0.715276   -0.391533  0.0121387 
0.731594   0.749891   -0.379891  0.0124942 
0.651833   0.732821   -0.357401  0.010956  
0.621609   0.674137   -0.337022  0.0129919 
0.535344   0.624763   -0.214546  0.0142107 
0.513566   0.636961   -0.224827  0.0183877 
0.459497   0.550768   -0.0713237 0.019409  
0.434893   0.565049   -0.0761219 0.0231423 
0.382371   0.530953   0.0717857  0.0193218 
0.463506   0.488745   -0.0104728 0.0186703 
0.456226   0.494165   0.0232583  0.0239144 
0.362733   0.477146   0.272149   0.030783  
0.263763   0.513223   0.34761    0.0280074 
0.27588    0.505605   0.404602   0.024143  
0.291026   0.573062   0.207456   0.0329221 
0.233957   0.493007   0.52414    0.0265386 
0.271767   0.545284   0.323125   0.0289511 
0.287974   0.495582   0.394493   0.028533  
0.327415   0.474428   0.316682   0.0297047 
0.38569    0.404177   0.291182   0.024572  
0.406113   0.437269   0.207149   0.0288369 
0.312011   0.500294   0.305008   0.0214097 
0.362477   0.583651   0.0675908  0.0173801 
0.436802   0.66141    -0.160716  0.0146463 
0.503304   0.66288    -0.234402  0.0163582 
0.424749   0.722549   -0.196798  0.015499  
0.449567   0.805999   -0.229545  0.0180927 
0.358023   0.719725   -0.158875  0.0151583 
0.421803   0.770794   -0.221588  0.0174729 
0.394707   0.751865   -0.173293  0.0245854 
0.448624   0.806758   -0.240043  0.0179643 
0.398603   0.889875   -0.274408  0.0157877 
0.401168   0.863983   -0.268518  0.0150594 
0.427031   0.79578    -0.224882  0.0166991 
0.416385   0.78296    -0.227913  0.0144395 
0.494936   0.820838   -0.266479  0.0154938 
0.514448   0.820527   -0.292779  0.0127567 
0.533375   0.725542   -0.272131  0.0160154 
0.529865   0.808782   -0.290482  0.0133355 
0.510741   0.709985   -0.25954   0.0138594 
0.501885   0.70832    -0.24449   0.0151136 
0.48817    0.797165   -0.247467  0.0189109 
0.519819   0.886567   -0.278506  0.0348189 
0.507463   0.957914   -0.19598   0.0366835 
0.521241   1.01894    -0.180457  0.0193849 
0.483997   0.941347   -0.296061  0.0256469 
0.401787   1.00834    -0.207663  0.0173703 
0.330653   0.933503   -0.262863  0.016196  
0.327708   0.890199   -0.258374  0.0157598 
0.340438   0.872154   -0.201959  0.0164507 
0.321504   0.858023   -0.246459  0.0201054 
0.233025   0.911935   -0.220726  0.0171928 
0.14668    0.901275   -0.224948  0.0168928 
0.117222   0.854405   -0.190459  0.0167302 
0.185442   0.828682   -0.159901  0.016241  
0.094702   0.905527   -0.225641  0.0167306 
0.108779   0.880215   -0.210331  0.0170864 
0.0204155  0.918467   -0.20825   0.0165287 
-0.00198893 1.00461    -0.280429  0.0171456 
-0.000605547 0.975826   -0.262429  0.0214211 
-0.0481159 1.05302    -0.261451  0.0165177 
0.0280257  1.00947    -0.289545  0.0230377 
0.0623348  1.07582    -0.237399  0.0269233 
0.0825622  1.03804    -0.22354   0.0159738 
0.0740265  0.951974   -0.255529  0.0206474 
-0.0208258 0.912329   -0.226047  0.0187736 
0.0746473  0.968067   -0.27303   0.0186627 
0.0814909  0.928442   -0.245411  0.018415  
0.048493   0.874316   -0.193671  0.0167066 
0.0209107  0.876409   -0.182807  0.0244892 
0.0223897  0.940115   -0.22766   0.017348  
0.0319065  0.875685   -0.225402  0.0163372 
-0.0659299 0.899127   -0.215011  0.0178515 
-0.137045  0.961854   -0.250691  0.0157448 
-0.182582  0.920511   -0.227179  0.0158991 
-0.0874387 0.911757   -0.229438  0.0155887 
-0.0349804 0.911369   -0.244134  0.0171045 
-0.101027  0.996981   -0.284505  0.0207843 
-0.0913394 1.02779    -0.26218   0.0203578 
-0.173822  0.983475   -0.286134  0.0168473 
-0.13603   0.898549   -0.203004  0.0168963 
-0.218778  0.941477   -0.240945  0.0240164 
-0.261118  0.983667   -0.238623  0.0197562 
-0.192778  1.02516    -0.248281  0.0306433 
-0.146229  1.05231    -0.249627  0.0252824 
-0.0767785 1.02815    -0.234061  0.0409383 
-0.0306802 1.03065    -0.17184   0.0236234 
-0.003977  0.964776   -0.24221   0.0168879 
0.0594952  0.869853   -0.224684  0.016162  
0.0139415  0.956822   -0.248452  0.0177597 
-0.00895849 0.990963   -0.237952  0.0166161 
0.0434685  1.03532    -0.287097  0.0282107 
0.0878705  1.07642    -0.211946  0.0399564 
-0.00959895 1.15332    -0.145313  0.0556425 
0.0854573  1.23846    0.0353603  0.105211  
-0.0135193 1.31846    0.371884   0.0923998 
-0.0123691 1.31953    0.247522   0.102867  
-0.111351  1.31617    0.371539   0.0716029 
-0.132986  1.33       0.230414   0.0658527 
-0.165833  1.26593    0.146316   0.063691  
-0.239372  1.28034    0.105191   0.111559  
-0.196876  1.35018    0.325214   0.100888  
-0.167514  1.28793    0.304122   0.0508678 
-0.152712  1.22529    -0.0948969 0.0624102 
-0.219607  1.23981    0.0969606  0.0539069 
-0.219675  1.14265    -0.063696  0.0490899 
-0.186868  1.11436    -0.191279  0.0406137 
-0.204312  1.07862    -0.146158  0.0284214 
-0.156571  0.983787   -0.218034  0.0194949 
-0.124515  0.952665   -0.224095  0.0160903 
-0.0465431 0.925666   -0.216036  0.015625  
0.00270221 0.916466   -0.21916   0.0292995 
0.0305604  0.957924   -0.206801  0.0289932 
0.0533054  1.05067    -0.213556  0.0324097 
0.0642465  1.13896    -0.150861  0.0384406 
-0.00776617 1.18483    -0.142595  0.0683591 
-0.0164702 1.23952    -0.0124146 0.0554113 
-0.0696082 1.22415    -0.0767463 0.0282527 
-0.125661  1.13969    -0.231829  0.0857233 
-0.15001   1.22104    0.0662433  0.0655348 
-0.0612177 1.30089    0.114471   0.0484024 
-0.125565  1.23036    0.000909113 0.0738354 
-0.142607  1.17227    0.0297037  0.0306615 
-0.100917  1.13779    -0.190763  0.0309204 
-0.0704179 1.03888    -0.230934  0.0247901 
-0.0983034 1.07039    -0.230421  0.021181  
-0.0256627 0.984859   -0.247524  0.0244578 
-0.0777102 1.01436    -0.241388  0.0299107 
-0.0664364 1.05379    -0.205875  0.0230736 
-0.0196516 1.03584    -0.234353  0.0451441 
-0.0196516 1.03584    -0.234353  0.019734  
-0.0859197 1.04919    -0.25115   0.0363533 
-0.0118549 1.01823    -0.234109  0.0183059 
-0.0174616 1.0674     -0.265595  0.0325713 
-0.0174616 1.0674     -0.265595  0.0433721 
-0.0242501 1.07081    -0.184773  0.0311691 
-0.117061  1.1216     -0.228544  0.0346852 
-0.176777  1.03103    -0.181809  0.020633  
-0.161493  1.04751    -0.257908  0.0215935 
-0.17911   1.08643    -0.256327  0.0325036 
-0.194601  1.16495    -0.153218  0.0332493 
-0.172359  1.09246    -0.200901  0.0300482 
-0.190081  1.08692    -0.228715  0.01729   
-0.272843  0.987161   -0.286226  0.0183126 
-0.256559  0.980178   -0.259942  0.0175475 
-0.247217  0.935745   -0.220443  0.0154952 
-0.171255  0.984835   -0.288415  0.0219834 
-0.177476  1.05964    -0.258726  0.0235336 
-0.112408  1.11901    -0.236063  0.021923  
-0.125469  1.05131    -0.250616  0.0233579 
-0.0742022 0.961572   -0.225516  0.0166243 
-0.140721  0.886494   -0.202615  0.0186638 
-0.0689226 0.821043   -0.161565  0.0215972 
0.00057274 0.735811   0.00632988 0.0209838 
0.0458363  0.724344   0.0203023  0.0193654 
0.072826   0.767253   -0.037776  0.0220848 
0.0746926  0.73208    0.0111611  0.0247258 
0.0499652  0.65562    0.166241   0.0323009 
-0.0429838 0.582923   0.330427   0.0260438 
0.0338943  0.638023   0.221748   0.0328715 
0.0338943  0.638023   0.221748   0.0332835 
-0.000962235 0.552028   0.449868   0.0251589 
0.0256495  0.647383   0.230327   0.026642  
0.0470025  0.652102   0.152273   0.0232692 
0.0744514  0.699011   0.0346563  0.0256005 
0.0834801  0.639779   0.250535   0.0214502 
0.142785   0.691477   0.0712082  0.0221987 
0.22316    0.664411   0.120285   0.0228167 
0.166638   0.70142    -0.000310948 0.022066  
0.243006   0.637363   0.133165   0.0276549 
0.208036   0.580948   0.246994   0.0294689 
0.268278   0.533172   0.319437   0.0294268 
0.206841   0.520854   0.485585   0.0269098 
0.118135   0.620619   0.22299    0.0306417 
0.189179   0.563514   0.287267   0.0297644 
0.189179   0.563514   0.287267   0.0312199 
0.189179   0.563514   0.287267   0.0251588 
0.178982   0.633173   0.19637    0.0318805 
0.201966   0.544557   0.372785   0.0259075 
0.16712    0.60395    0.257512   0.0209074 
0.222514   0.678691   0.0395977  0.0219654 
0.210076   0.681065   0.055273   0.0218301 
0.261633   0.649304   0.100615   0.021593  
0.239512   0.675677   0.0344039  0.0262633 
0.239512   0.675677   0.0344039  0.02191   
0.155919   0.703022   0.038041   0.021557  
0.094181   0.704735   0.0650854  0.0215658 
0.130482   0.729224   0.00100817 0.0215087 
0.181724   0.695186   0.0519919  0.0220483 
0.181751   0.701273   -0.00271534 0.020986  
0.123422   0.740892   -0.0714692 0.019433  
0.0909393  0.762603   -0.0371512 0.0231817 
0.124401   0.689357   0.0882968  0.0288812 
0.0450806  0.593294   0.354884   0.0265962 
-0.0357862 0.614761   0.31954    0.0252805 
-0.0951395 0.646438   0.190407   0.0246188 
-0.0842121 0.654046   0.174071   0.0298509 
-0.0578807 0.586544   0.388612   0.0234508 
0.00649151 0.66617    0.197291   0.020382  
0.0552805  0.739104   0.00250741 0.0181184 
0.142022   0.800992   -0.108774  0.0156441 
0.211972   0.88377    -0.210201  0.0161579 
0.251458   0.834881   -0.179506  0.0179643 
0.247052   0.78073    -0.141017  0.0179251 
0.340065   0.73228    -0.121527  0.0176829 
0.409505   0.645914   -0.0761859 0.0231745 
0.409505   0.645914   -0.0761859 0.0167756 
0.376736   0.724599   -0.134871  0.017451  
0.442393   0.642635   -0.171134  0.0163797 
0.461447   0.646743   -0.167116  0.0173971 
0.452998   0.649521   -0.169499  0.0170843 
0.459281   0.677207   -0.186964  0.0172328 
0.434508   0.638738   -0.119375  0.0176542 
0.357689   0.721334   -0.12279   0.0211259 
0.311535   0.639078   0.0626313  0.0205664 
0.371883   0.601589   0.0137283  0.0204758 
0.371883   0.601589   0.0137283  0.0237245 
0.371883   0.601589   0.0137283  0.0187368 
0.408097   0.594998   0.00824658 0.0220595 
0.394859   0.511487   0.100418   0.017789  
0.449116   0.51648    0.0217599  0.0244558 
0.447527   0.426339   0.142137   0.0179988 
0.487884   0.48666    -0.0407223 0.0160162 
0.506466   0.500215   -0.0975951 0.0143366 
0.565355   0.529209   -0.210809  0.0294522 
0.601784   0.431867   0.00771237 0.0195898 
0.662684   0.482294   -0.1912    0.0114451 
0.592681   0.558675   -0.273677  0.0128158 
0.543085   0.65485    -0.262927  0.013949  
0.520711   0.623872   -0.213578  0.0191983 
0.43212    0.574987   -0.0390226 0.0198078 
0.43922    0.518105   0.0243049  0.0171174 
0.481236   0.513911   -0.0585306 0.0138082 
0.563194   0.521953   -0.195562  0.0249816 
0.575564   0.442996   -0.0203867 0.0475052 
0.664587   0.380013   0.574321   0.0562759 
0.698951   0.367798   0.576164   0.058056  
0.790204   0.353491   0.830621   0.0462855 
0.748011   0.395194   0.298507   0.0871368 
0.730715   0.296574   1.61663    0.0628883 
0.715764   0.332894   1.13562    0.0982976 
0.78354    0.275577   1.96248    0.0590672 
0.800285   0.347808   0.95106    0.0670165 
0.791537   0.330793   1.12985    0.0620299 
0.839232   0.333538   1.15134    0.0702379 
0.935965   0.314171   1.28671    0.0592508 
1.02738    0.336464   0.906405   0.0310952 
1.10864    0.401711   0.389653   0.0642064 
1.10864    0.401711   0.389653   0.0249876 
1.13564    0.431638   0.268571   0.0405275 
1.16709    0.378631   0.611177   0.0210521 
1.19733    0.435273   0.419143   0.0364957 
1.19733    0.435273   0.419143   0.0317409 
1.28924    0.398484   0.757198   0.0268954 
1.21094    0.416132   0.435281   0.0358768 
1.26542    0.378809   0.831368   0.0514883 
1.18586    0.345085   0.930714   0.0217952 
1.26037    0.437873   0.586678   0.030312  
1.3541     0.421368   0.974113   0.0444501 
1.3181     0.358523   1.12231    0.106736  
1.3181     0.358523   1.12231    0.0720706 
1.22518    0.32214    1.14817    0.0246709 
1.19933    0.415629   0.510393   0.0197452 
1.10027    0.456226   0.170581   0.0392826 
1.10027    0.456226   0.170581   0.0146672 
1.05065    0.511814   -0.114866  0.0327472 
0.988461   0.419017   0.17906    0.0220092 
0.984555   0.463094   -0.0287895 0.0210411 
0.91284    0.48775    -0.192483  0.0190365 
0.908455   0.499987   -0.273865  0.0126739 
0.992438   0.533661   -0.23323   0.0258925 
0.992438   0.533661   -0.23323   0.0104996 
0.925772   0.61942    -0.389049  0.011907  
0.985845   0.554315   -0.256195  0.014484  
0.933475   0.526463   -0.272078  0.00980613
0.859276   0.61331    -0.415742  0.0150944 
0.779823   0.526099   -0.366931  0.0179917 
0.860442   0.508084   -0.30762   0.00836283
0.848132   0.603825   -0.421055  0.013985  
0.914622   0.644933   -0.370731  0.011432  
0.971475   0.579241   -0.34995   0.0177226 
0.971475   0.579241   -0.34995   0.0226877 
1.06608    0.63523    -0.105477  0.0263941 
0.991568   0.677337   -0.230216  0.0195534 
1.07498    0.603292   -0.102852  0.0130779 
0.990907   0.607619   -0.298481  0.0338501 
0.901404   0.669782   -0.358254  0.00981681
0.884976   0.576923   -0.417087  0.0188323 
0.963672   0.496681   -0.203799  0.0267393 
0.944495   0.445101   0.0921093  0.0247608 
1.02421    0.449612   0.0280404  0.0261644 
1.0627     0.438443   0.111136   0.0180608 
1.04889    0.47958    -0.0161359 0.0131128 
1.03111    0.531733   -0.139604  0.0144947 
1.04322    0.508659   -0.0949125 0.0145156 
1.05856    0.532903   -0.137091  0.0159849 
1.10881    0.572507   -0.0600284 0.0157041 
1.09104    0.572724   -0.123317  0.0136789 
1.04773    0.547488   -0.161471  0.0223867 
1.1355     0.614256   0.0159305  0.0321181 
1.11055    0.691239   0.00358156 0.0525124 
1.0753     0.743802   0.169535   0.0604238 
0.979177   0.835599   0.143726   0.0649274 
1.02316    0.853542   0.254926   0.0694468 
1.08403    0.85655    0.538653   0.0554464 
1.05922    0.770804   0.157778   0.0464657 
1.1171     0.71284    0.157467   0.0347991 
1.06273    0.659603   -0.0604949 0.0286191 
0.973003   0.720281   -0.186306  0.0268008 
1.01975    0.670347   -0.19858   0.0225331 
1.10911    0.614294   -0.0261886 0.038644  
1.1547     0.684746   0.217409   0.0558126 
1.1547     0.684746   0.217409   0.0518949 
1.08942    0.770894   0.240013   0.0628601 
1.16649    0.785258   0.53645    0.0501647 
1.20327    0.697323   0.437417   0.0522892 
1.12531    0.704228   0.312037   0.0619512 
1.12869    0.789837   0.416135   0.0436289 
1.03505    0.736151   -0.0254539 0.0500318 
1.04306    0.815049   0.190433   0.0576499 
1.06836    0.78872    0.192716   0.0379608 
1.06212    0.750686   0.019545   0.0629469 
1.14509    0.690009   0.25463    0.0310051 
1.0772     0.637788   -0.0144023 0.0306252 
0.98926    0.717046   -0.187805  0.0390082 
0.982747   0.806328   -0.0775831 0.0355941 
0.945076   0.800722   -0.13927   0.0375149 
1.02377    0.719471   -0.0940446 0.029489  
1.11503    0.643351   0.0275615  0.0258036 
1.07458    0.653418   -0.116922  0.0264764 
1.07458    0.653418   -0.116922  0.0122122 
1.01193    0.574584   -0.242194  0.0109022 
0.956662   0.560729   -0.335756  0.0119728 
0.978942   0.565174   -0.305178  0.0130285 
0.934894   0.543076   -0.325181  0.0106408 
0.928713   0.57631    -0.351903  0.0181022 
0.928713   0.57631    -0.351903  0.0181165 
0.941993   0.660011   -0.332796  0.0312713 
0.89063    0.753725   -0.250487  0.0316635 
0.981866   0.762258   -0.141577  0.0327249 
0.981866   0.762258   -0.141577  0.0379239 
1.06751    0.730736   0.0212655  0.0220931 
1.03412    0.663731   -0.192755  0.0279109 
1.06567    0.650089   -0.0632862 0.0230251 
1.11211    0.609232   -0.0576921 0.0184311 
1.19585    0.520293   0.22248    0.0169052 
1.15142    0.478682   0.149543   0.0179061 
1.11066    0.463702   0.132184   0.0126189 
1.07022    0.517495   -0.0594393 0.0189274 
1.07753    0.587738   -0.107292  0.0275353 
1.04708    0.668277   -0.141647  0.0311618 
1.03221    0.689641   -0.176691  0.017093  
0.96098    0.655316   -0.339239  0.0213011 
0.878083   0.693492   -0.375078  0.0120305 
0.821561   0.710288   -0.41161   0.0202138 
0.866045   0.751906   -0.340232  0.0130382 
0.816748   0.685141   -0.410671  0.0090503 
0.759645   0.671937   -0.428947  0.0103715 
0.857826   0.640103   -0.421174  0.019016  
0.8261     0.698452   -0.371545  0.00524539
0.748429   0.633116   -0.438928  0.00733757
0.707911   0.659304   -0.409682  0.00919545
0.613308   0.628865   -0.331432  0.0126949 
0.547399   0.658185   -0.253872  0.0124353 
0.53935    0.582327   -0.194229  0.010651  
0.589786   0.654122   -0.326914  0.0129822 
0.615961   0.62271    -0.324893  0.0096238 
0.658989   0.566709   -0.36083   0.00753846
0.673011   0.634731   -0.387417  0.00956639
0.698296   0.702965   -0.389094  0.0130668 
0.641732   0.801068   -0.349729  0.0276221 
0.641732   0.801068   -0.349729  0.0229919 
0.564398   0.85786    -0.286705  0.0157611 
0.479007   0.783331   -0.242279  0.0177059 
0.45967    0.867315   -0.268626  0.0156734 
0.45967    0.867315   -0.268626  0.0207734 
0.437712   0.884955   -0.239103  0.0217254 
0.381355   0.927294   -0.267264  0.0201858 
0.300377   0.98735    -0.214902  0.0160421 
0.270978   0.938122   -0.26577   0.0161557 
0.264657   0.893283   -0.228797  0.0173006 
0.264657   0.893283   -0.228797  0.0198089 
0.188689   0.859243   -0.159835  0.0188505 
0.129067   0.795904   -0.135075  0.0214161 
0.129067   0.795904   -0.135075  0.0197774 
0.0858579  0.751277   -0.0457593 0.0229244 
0.129149   0.68264    0.108078   0.0245107 
0.0400554  0.666259   0.106352   0.0303857 
0.138724   0.579618   0.33601    0.0238704 
0.0604401  0.673807   0.144095   0.0206294 
0.0159182  0.756688   -0.0381211 0.0206176 
0.0332735  0.766952   -0.04327   0.0204712 
0.0655356  0.748958   -0.0181319 0.0225368 
0.0539792  0.70827    -0.00789273 0.0244508 
0.0523752  0.669675   0.149024   0.0209081 
0.0755777  0.733253   -0.0204507 0.019445  
0.0260467  0.794975   -0.079048  0.0184085 
-0.0277395 0.819493   -0.139363  0.0169651 
-0.0430911 0.870668   -0.199471  0.0166196 
-0.00380491 0.962198   -0.283292  0.0166443 
-0.00513842 0.98048    -0.269107  0.0275897 
0.00167518 1.0152     -0.236325  0.0366463 
-0.0228435 1.08876    -0.195685  0.039539  
-0.0916858 1.08816    -0.211605  0.0264879 
-0.15686   1.00999    -0.211168  0.0369084 
-0.18192   1.05058    -0.173041  0.0380815 
-0.163554  1.14496    -0.137342  0.0236263 
-0.181017  1.04991    -0.224057  0.0343706 
-0.096188  1.11651    -0.210005  0.0334436 
-0.120076  1.15404    -0.16781   0.0400454 
-0.0226053 1.1261     -0.173711  0.0314502 
-0.112984  1.1432     -0.157862  0.0241236 
-0.047105  1.09958    -0.27061   0.0520678 
-0.0606808 1.18055    -0.169873  0.0461886 
-0.0830546 1.18415    -0.0898092 0.0464405 
-0.151208  1.24672    -0.0351273 0.0647317 
-0.127904  1.15399    -0.0454533 0.0586266 
-0.205945  1.24784    0.0681434  0.0793947 
-0.141205  1.25499    0.224621   0.0526785 
-0.14759   1.20679    -0.140911  0.0473208 
-0.200588  1.19578    -0.062689  0.097242  
-0.123353  1.21717    0.0488326  0.050997  
-0.0976482 1.26236    -0.00664861 0.0877641 
-0.173808  1.34016    0.364861   0.0817156 
-0.19789   1.30378    0.317677   0.0499667 
-0.16758   1.20759    -0.0410978 0.0345271 
-0.248413  1.11142    -0.14516   0.0510777 
-0.275829  1.15701    -0.0225395 0.0513196 
-0.368467  1.15758    -0.0862243 0.09685   
-0.451789  1.20813    0.172227   0.0994781 
-0.451789  1.20813    0.172227   0.115402  
-0.387286  1.29801    0.331248   0.144971  
-0.446163  1.2463     0.340466   0.0791517 
-0.390037  1.2252     0.108214   0.0874381 
-0.423046  1.30098    0.340695   0.0786646 
-0.346763  1.30957    0.26714    0.0939135 
-0.407827  1.31276    0.406537   0.095894  
-0.489583  1.24628    0.369041   0.127441  
-0.395515  1.33221    0.751714   0.0920131 
-0.465197  1.29529    0.401992   0.11625   
-0.471474  1.39051    0.627584   0.1024    
-0.434313  1.37922    0.573847   0.128034  
-0.501009  1.30359    0.573146   0.0716659 
-0.419992  1.21466    0.10177    0.0713734 
-0.519558  1.26357    0.196655   0.0875569 
-0.500858  1.21067    0.258116   0.0999095 
-0.541433  1.2909     0.537919   0.14639   
-0.541433  1.2909     0.537919   0.0841543 
-0.626781  1.29026    0.482032   0.187383  
-0.626781  1.29026    0.482032   0.204278  
-0.626781  1.29026    0.482032   0.125416  
-0.677145  1.26293    0.701415   0.105168  
-0.59319   1.213      0.400153   0.140588  
-0.524604  1.11672    0.160862   0.0916766 
-0.508148  1.18662    0.227862   0.0435376 
-0.447659  1.16977    -0.0304507 0.0784312 
-0.406076  1.20575    0.13944    0.0625911 
-0.497391  1.17454    0.0833606  0.0663956 
-0.583441  1.19071    0.165545   0.0688133 
-0.617419  1.19074    0.209864   0.0606689 
-0.5605    1.16031    0.101714   0.0683788 
-0.647203  1.1604     0.181249   0.0693507 
-0.739861  1.06705    0.126372   0.0972473 
-0.738185  1.13936    0.438742   0.0793883 
-0.706556  1.18414    0.300471   0.091431  
-0.710392  1.16369    0.404067   0.173619  
-0.809618  1.15297    0.949332   0.162019  
-0.775117  1.25034    0.954403   0.146205  
-0.678905  1.23357    0.703879   0.140913  
-0.597126  1.26865    0.770021   0.13834   
-0.578483  1.34777    0.978637   0.178524  
-0.657617  1.28201    0.847954   0.121511  
-0.582107  1.32113    0.524445   0.0902516 
-0.560662  1.30841    0.485198   0.204836  
-0.566055  1.38068    1.61301    0.120116  
-0.579088  1.31584    0.838605   0.147136  
-0.655921  1.33934    0.954538   0.177867  
-0.655622  1.37449    1.54348    0.123498  
-0.68126   1.30515    0.806734   0.152715  
-0.614203  1.25021    0.819328   0.0908863 
-0.676142  1.18891    0.443759   0.136555  
-0.676142  1.18891    0.443759   0.0937137 
-0.67769   1.17201    0.300995   0.0823837 
-0.702518  1.08177    0.145458   0.0763522 
-0.675123  1.16439    0.276489   0.0791104 
-0.663496  1.07332    0.245207   0.0708661 
-0.584428  1.16617    0.235581   0.0632034 
-0.59773   1.09605    0.0758358  0.0409581 
-0.574709  1.0204     -0.172576  0.0289815 
-0.611472  0.946928   -0.200444  0.0263674 
-0.671783  0.895932   -0.271013  0.0359426 
-0.748801  0.858865   -0.180965  0.0263847 
-0.714575  0.843973   -0.291319  0.0328191 
-0.709238  0.865947   -0.246164  0.0470372 
-0.706737  0.909279   -0.151656  0.0468174 
-0.753417  0.976776   -0.0780438 0.0430129 
-0.682834  0.953384   -0.110093  0.0461156 
-0.622182  0.973283   -0.0782397 0.0406098 
-0.638201  0.993698   -0.143954  0.0665795 
-0.665082  1.0464     0.012419   0.101201  
-0.665082  1.0464     0.012419   0.059512  
-0.712216  0.986871   0.00981183 0.0497552 
-0.776503  0.981108   0.0260938  0.0605171 
-0.841265  0.968713   0.112544   0.0696209 
-0.747018  1.05365    0.181641   0.0374165 
-0.726402  0.959481   -0.107662  0.0443567 
-0.695684  1.0556     -0.0261044 0.0621277 
-0.610497  1.13351    0.0943825  0.0543844 
-0.55063   1.12113    0.026365   0.0912353 
-0.459318  1.15846    0.0621636  0.0943365 
-0.384333  1.23521    0.184606   0.0539372 
-0.391639  1.19877    0.0168624  0.0578765 
-0.442602  1.10133    -0.128895  0.0605959 
-0.520223  1.14846    0.0203204  0.0868769 
-0.428086  1.12743    -0.010488  0.0454797 
-0.401522  1.18414    -0.00909131 0.0512916 
-0.314617  1.14253    -0.0720469 0.0621735 
-0.401724  1.12917    -0.129658  0.0455344 
-0.398305  1.13922    -0.0453823 0.0585827 
-0.436463  1.18436    0.0654122  0.14297   
-0.340236  1.25643    0.33169    0.0918376 
-0.40015   1.33427    0.500893   0.204671  
-0.334471  1.41889    1.11426    0.167395  
-0.389511  1.36373    0.968037   0.0919526 
-0.461081  1.33917    0.568419   0.0938762 
-0.368746  1.33153    0.449184   0.143501  
-0.427432  1.25885    0.634045   0.0687715 
-0.515989  1.16419    0.168404   0.0688066 
-0.425765  1.22422    0.183962   0.0595204 
-0.38152   1.20038    0.0314605  0.0777889 
-0.477457  1.19235    0.131714   0.0927957 
-0.556189  1.24485    0.44398    0.119971  
-0.604349  1.18096    0.358171   0.0538378 
-0.581969  1.08562    0.0330321  0.0505345 
-0.656923  1.06458    -0.0309118 0.0860564 
-0.707698  1.15643    0.376488   0.0926251 
-0.646349  1.07054    0.0848113  0.0854272 
-0.650596  1.1678     0.391631   0.110486  
-0.580624  1.22032    0.501476   0.0761988 
-0.607069  1.1997     0.212742   0.0738711 
-0.692664  1.14652    0.307868   0.104593  
-0.764688  1.11853    0.530323   0.107988  
-0.81429   1.06138    0.382864   0.085885  
-0.905978  1.13957    0.637731   0.172222  
-0.905978  1.13957    0.637731   0.102746  
-0.941782  1.10927    0.765424   0.117557  
-1.0096    1.07599    0.874199   0.103802  
-1.09178   1.01113    0.962483   0.128001  
-1.13622   0.94967    1.07717    0.131919  
-1.14361   1.00936    1.38418    0.146835  
-1.16367   0.95309    1.392      0.102083  
-1.10349   0.954537   0.952635   0.123529  
-1.10264   0.983264   1.05324    0.117206  
-1.00637   0.918189   0.45612    0.0833844 
-0.988973  0.907193   0.384086   0.086578  
-0.900583  0.955678   0.257827   0.0662932 
-0.92488   1.02486    0.393949   0.0871474 
-0.969263  0.960282   0.346919   0.0658317 
-0.904052  0.878925   0.14419    0.0651309 
-0.824959  0.931434   -0.0321237 0.0301921 
-0.793983  0.844345   -0.216956  0.0365737 
-0.877219  0.817638   -0.179029  0.0508357 
-0.900331  0.856945   -0.0412712 0.0448216 
-0.919613  0.847782   -0.0223013 0.0415791 
-0.924769  0.867858   -0.0371437 0.0591827 
-0.924769  0.867858   -0.0371437 0.0571604 
-0.851617  0.930379   0.0487844  0.0503873 
-0.827573  0.882262   -0.146817  0.0389452 
-0.733208  0.967853   -0.093746  0.0465309 
-0.769364  0.978959   -0.0354258 0.0766713 
-0.809738  1.05608    0.31384    0.0673866 
-0.80843   1.00733    0.113039   0.156872  
-0.881892  1.05759    0.755712   0.11812   
-0.963164  1.08314    0.824303   0.146652  
-0.930752  1.03101    0.61492    0.121108  
-1.02314   1.0292     1.10912    0.0732556 
-0.935355  0.945301   0.300231   0.07727   
-0.993645  0.987172   0.506758   0.0956273 
-0.990289  1.02265    0.669752   0.136754  
-0.895618  1.11982    0.960267   0.123868  
-0.86419   1.11117    0.693803   0.119108  
-0.767448  1.16907    0.765238   0.118027  
-0.83865   1.10377    0.683703   0.103596  
-0.751339  1.1221     0.329243   0.100855  
-0.824997  1.1996     0.709182   0.0996604 
-0.906766  1.12073    0.810278   0.131915  
-0.844224  1.13619    0.722089   0.064127  
-0.780097  1.0775     0.243299   0.0965277 
-0.848218  1.12522    0.539468   0.120083  
-0.79933   1.16162    0.661833   0.186975  
-0.718991  1.23325    0.822751   0.118156  
-0.675526  1.21091    0.700783   0.111213  
-0.60303   1.20899    0.380677   0.0903017 
-0.701562  1.11691    0.18042    0.0432865 
-0.714489  1.02502    -0.0561632 0.0768562 
-0.801257  0.932837   0.0288441  0.029154  
-0.727989  0.843235   -0.279077  0.0367832 
-0.74576   0.939006   -0.151295  0.0284586 
-0.73469   0.875429   -0.238171  0.0294117 
-0.636115  0.900679   -0.235788  0.0151647 
-0.55567   0.858421   -0.291567  0.0155474 
-0.45733   0.785406   -0.227578  0.0138467 
-0.50935   0.724421   -0.260777  0.0127835 
-0.602552  0.776023   -0.35047   0.00942908
-0.693163  0.676149   -0.381766  0.0171328 
-0.71383   0.762614   -0.349317  0.0143196 
-0.694967  0.736502   -0.376592  0.0108763 
-0.608144  0.689998   -0.330754  0.010063  
-0.608711  0.623885   -0.339833  0.0141872 
-0.518492  0.538662   -0.137938  0.0164325 
-0.442121  0.56032    -0.00971595 0.0258084 
-0.356847  0.492951   0.238887   0.025769  
-0.288172  0.516983   0.367097   0.0286799 
-0.289996  0.510922   0.364281   0.0257564 
-0.293731  0.572273   0.167415   0.0256051 
-0.1955    0.615755   0.202868   0.0317817 
-0.292788  0.51727    0.268309   0.0251908 
-0.238334  0.605413   0.219857   0.0233659 
-0.199121  0.665108   0.029092   0.020154  
-0.135643  0.747649   -0.0274018 0.0199902 
-0.210852  0.709543   0.061755   0.0192496 
-0.182964  0.756257   -0.0614999 0.0173616 
-0.268483  0.823031   -0.194956  0.0161755 
-0.267906  0.869403   -0.253067  0.0174527 
-0.248505  0.925065   -0.244958  0.0168276 
-0.231099  0.863547   -0.189627  0.0205155 
-0.310615  0.917209   -0.233366  0.0156293 
-0.406112  0.841307   -0.250109  0.0330936 
-0.456727  0.933577   -0.210301  0.0175159 
-0.456495  0.914211   -0.276246  0.0274782 
-0.537169  0.975948   -0.220456  0.0310947 
-0.453986  0.994141   -0.245924  0.0227039 
-0.509497  0.943335   -0.249415  0.0268566 
-0.565734  0.948625   -0.251966  0.0410393 
-0.657057  0.995231   -0.106596  0.0506398 
-0.575242  1.00965    -0.0762585 0.0325389 
-0.608616  0.93501    -0.237047  0.0307987 
-0.70156   0.906581   -0.225387  0.0444987 
-0.687424  0.917914   -0.13602   0.0443902 
-0.617243  0.997481   -0.0842463 0.075481  
-0.629398  1.02466    -0.0365902 0.0451658 
-0.580897  1.04627    -0.0916925 0.0537388 
-0.669358  1.03024    0.0409504  0.0962437 
-0.669358  1.03024    0.0409504  0.0477935 
-0.710893  0.958829   -0.108031  0.0899794 
-0.724022  1.04015    0.136927   0.0494525 
-0.705734  1.02542    -0.0380598 0.0556717 
-0.788839  0.939183   -0.0123554 0.0577484 
-0.692763  1.02846    0.0353669  0.0471615 
-0.630708  1.07862    -0.0605842 0.0961535 
-0.704366  1.14519    0.438684   0.0756201 
-0.793563  1.05026    0.163695   0.0691861 
-0.807276  0.96277    0.0614156  0.068846  
-0.788177  1.04411    0.130278   0.0473695 
-0.697007  1.06336    -0.0501788 0.0460181 
-0.665513  1.00905    -0.114157  0.0874179 
-0.723826  1.03366    0.146037   0.0729922 
-0.637999  0.976192   -0.0877152 0.037848  
-0.649066  0.917822   -0.180518  0.0721282 
-0.744425  0.998017   0.121063   0.077639  
-0.645427  1.08689    0.145485   0.085037  
-0.74303   1.11317    0.395311   0.0611815 
-0.742932  1.01612    0.00668736 0.0825238 
-0.742932  1.01612    0.00668736 0.057987  
-0.820943  0.954948   0.0402411  0.0677009 
-0.87656   1.00999    0.194758   0.0615492 
-0.869363  0.91512    0.0829247  0.0526346 
-0.806903  0.948839   0.000236524 0.0629663 
-0.817575  0.968089   0.201885   0.0452015 
-0.823662  0.912587   -0.0717946 0.0384189 
-0.7368    0.893313   -0.12398   0.0386183 
-0.649886  0.925092   -0.175015  0.0325957 
-0.704117  0.856206   -0.239421  0.0335897 
-0.731853  0.89973    -0.190679  0.0307728 
-0.777329  0.879782   -0.226593  0.0348181 
-0.70527   0.927644   -0.183562  0.0343489 
-0.665799  0.869403   -0.252172  0.0600268 
-0.716654  0.964123   -0.128552  0.0453593 
-0.765421  0.887453   -0.137714  0.0689053 
-0.708031  0.983195   0.0297622  0.0383676 
-0.69922   1.06237    -0.0815395 0.076219  
-0.69922   1.06237    -0.0815395 0.0911884 
-0.69922   1.06237    -0.0815395 0.0914469 
-0.756535  1.01428    0.19028    0.0554528 
-0.6926    1.00939    0.0217339  0.0421231 
-0.665078  1.01773    -0.0877044 0.0292643 
-0.644096  0.981614   -0.21701   0.0322538 
-0.613962  1.0201     -0.13975   0.0619694 
-0.544126  1.07324    -0.0763279 0.0462942 
-0.543483  1.01447    -0.165329  0.0345218 
-0.59642   0.965009   -0.264029  0.0537753 
-0.651195  1.04537    -0.00845428 0.0798844 
-0.739368  1.09871    0.227126   0.0640796 
-0.722661  1.09273    0.118016   0.0967036 
-0.706107  1.18111    0.580965   0.0908687 
-0.750817  1.14672    0.376582   0.101699  
-0.714266  1.15152    0.343488   0.0991842 
-0.627313  1.17045    0.302388   0.0721463 
-0.617773  1.19614    0.260086   0.0909144 
-0.57118   1.19859    0.234652   0.0998808 
-0.63865   1.23973    0.474235   0.0502018 
-0.559671  1.16604    0.0646741  0.0453723 
-0.514864  1.09702    -0.11507   0.0649737 
-0.515029  1.12659    -0.0129019 0.0533749 
-0.558033  1.09286    -0.0142899 0.0650834 
-0.546395  1.1356     0.13382    0.053998  
-0.522059  1.08028    -0.103737  0.0373365 
-0.457878  1.10671    -0.137539  0.0345202 
-0.51978   1.02566    -0.175803  0.0307118 
-0.583794  0.997996   -0.155245  0.0499818 
-0.513966  1.04441    -0.0603328 0.0346984 
-0.467322  1.05046    -0.195127  0.034441  
-0.482884  0.993479   -0.163925  0.0240664 
-0.44146   0.948198   -0.293186  0.0229772 
-0.371996  1.04266    -0.235287  0.0287175 
-0.358356  1.0101     -0.241118  0.0267999 
-0.445934  1.0188     -0.260861  0.0351435 
-0.362414  1.04939    -0.181054  0.035747  
-0.352392  1.06616    -0.176935  0.050446  
-0.269777  1.1135     -0.142613  0.072098  
-0.325173  1.11185    -0.047987  0.0732171 
-0.262201  1.20288    0.0778231  0.107146  
-0.262201  1.20288    0.0778231  0.040349  
-0.229279  1.14411    -0.133346  0.0487301 
-0.30771   1.1189     -0.056057  0.0910295 
-0.341829  1.18213    0.0583989  0.0498345 
-0.242449  1.27929    0.016714   0.0735836 
-0.255353  1.23575    0.124786   0.0498003 
-0.273235  1.13835    -0.121392  0.0294197 
-0.215727  1.11393    -0.248708  0.0553764 
-0.182645  1.19977    -0.009956  0.0370687 
-0.144801  1.2058     -0.126713  0.0485469 
-0.073338  1.18804    -0.093828  0.0320518 
-0.0335852 1.18633    -0.178698  0.0540121 
-0.00662867 1.20062    -0.0472138 0.033651  
0.0788474  1.13086    -0.190744  0.0301459 
0.0773412  1.08864    -0.235187  0.0326218 
0.0300916  1.15146    -0.188606  0.0657324 
0.023577   1.22094    0.0759055  0.0444464 
0.122736   1.1442     -0.122789  0.0293189 
0.0611344  1.06657    -0.198507  0.0238618 
0.0815787  1.12711    -0.258957  0.0297606 
0.0138568  1.03174    -0.214555  0.016739  
-0.0374287 0.943092   -0.23509   0.0174897 
-0.0202623 0.951781   -0.262325  0.0167911 
-0.0329073 0.939235   -0.247335  0.0158554 
-0.121302  0.872269   -0.173219  0.0176942 
-0.092879  0.815527   -0.128397  0.0213413 
-0.0282479 0.74407    -0.0292167 0.0175465 
-0.0995347 0.803772   -0.0919628 0.0179145 
-0.113942  0.817175   -0.127994  0.0174769 
-0.0157599 0.885461   -0.198897  0.016885  
0.00574444 0.900265   -0.231182  0.0189085 
-0.0145248 0.942862   -0.228799  0.0207733 
-0.00284421 0.977688   -0.233451  0.0157768 
0.0168184  0.922815   -0.217283  0.0210668 
0.0824705  1.0212     -0.246756  0.0188843 
0.126758   0.943318   -0.251914  0.020928  
0.147267   1.01605    -0.241696  0.0368936 
0.0634152  1.10565    -0.181943  0.0526266 
0.0732771  1.18793    -0.0631228 0.041928  
-0.0144934 1.24684    -0.0821893 0.0411368 
-0.0748508 1.18865    -0.0934438 0.0695334 
-0.0586788 1.25916    0.064614   0.0603301 
-0.0211971 1.25465    0.0416867  0.0567547 
-0.0986055 1.25168    0.112324   0.0789082 
-0.0986055 1.25168    0.112324   0.0464648 
-0.132814  1.18417    -0.0993272 0.0316307 
-0.135578  1.12765    -0.185851  0.0280924 
-0.112231  1.12377    -0.229093  0.0490167 
-0.0518914 1.20805    -0.0876249 0.0464708 
-0.095406  1.1971     -0.0545235 0.0314181 
-0.0137423 1.12014    -0.203379  0.0432566 
0.0303356  1.12085    -0.163413  0.0393043 
-0.0570769 1.20004    -0.0824286 0.0619114 
0.0335424  1.20803    -0.0536189 0.037365  
0.099698   1.12982    -0.174862  0.0258007 
0.0444092  1.11424    -0.236309  0.0474025 
0.0170167  1.15794    -0.090406  0.032146  
0.0178792  1.07673    -0.204655  0.0222322 
0.100292   1.01979    -0.237374  0.0290269 
0.141237   1.1019     -0.247104  0.0604782 
0.0802943  1.12529    -0.187341  0.028659  
0.171984   1.03939    -0.22774   0.0602399 
0.101958   1.07169    -0.117437  0.0738894 
0.0282491  1.13849    -0.00660613 0.0360003 
0.11241    1.11341    -0.180533  0.0454383 
0.161792   1.21147    -0.0674922 0.040906  
0.136471   1.17093    -0.0907959 0.0529909 
0.120395   1.1715     -0.108231  0.0454241 
0.0544111  1.13451    -0.13408   0.0363545 
0.126478   1.07961    -0.185061  0.0420909 
0.146259   1.12419    -0.16986   0.0622688 
0.208626   1.21898    0.0454239  0.14381   
0.208626   1.21898    0.0454239  0.0416588 
0.143633   1.18457    -0.126907  0.0888662 
0.177305   1.27398    0.241256   0.0655253 
0.0895115  1.2755     0.0886038  0.0733689 
0.0381659  1.26564    0.11315    0.0343278 
0.129588   1.17522    -0.169662  0.052242  
0.1713     1.24638    0.0437544  0.044725  
0.233781   1.16486    -0.101682  0.0544961 
0.24744    1.2048     -0.00354389 0.0741279 
0.25718    1.2587     0.159993   0.0836468 
0.25718    1.2587     0.159993   0.0912323 
0.309642   1.31685    0.33655    0.125495  
0.209695   1.3776     0.589441   0.112616  
0.209695   1.3776     0.589441   0.0831553 
0.284132   1.32398    0.294971   0.0659415 
0.189837   1.3121     0.166546   0.0838062 
0.257854   1.2343     0.119489   0.0410828 
0.297136   1.1708     -0.112485  0.0856659 
0.384178   1.22559    0.142748   0.047059  
0.382486   1.14297    -0.0643455 0.0712741 
0.468367   1.08468    -0.04822   0.0315972 
0.386014   1.07204    -0.194852  0.026506  
0.373241   0.994613   -0.225515  0.0275823 
0.446446   0.942623   -0.230042  0.0257038 
0.503829   0.923773   -0.259102  0.0368226 
0.485155   1.01618    -0.21157   0.0395977 
0.485155   1.01618    -0.21157   0.0379238 
0.394617   1.06144    -0.161356  0.0327453 
0.378832   1.04843    -0.17851   0.0368874 
0.430463   1.05008    -0.163446  0.05325   
0.487437   1.08632    -0.0428417 0.0312804 
0.460663   1.04116    -0.186401  0.037773  
0.485566   1.03439    -0.148067  0.043225  
0.430501   1.09655    -0.0816189 0.0697811 
0.460656   1.1827     0.0783286  0.0438074 
0.400876   1.0953     -0.136869  0.0275449 
0.392445   1.04432    -0.2476    0.0246363 
0.368964   1.01652    -0.269352  0.03134   
0.317088   1.10137    -0.196119  0.062297  
0.371362   1.19241    0.0456861  0.0903608 
0.460683   1.18522    0.192735   0.054378  
0.473857   1.15265    -0.0215527 0.0507728 
0.527716   1.10845    -0.0784995 0.0940564 
0.547479   1.20177    0.27379    0.0612533 
0.513431   1.1561     0.106538   0.0470722 
0.596268   1.10125    -0.0958368 0.0427597 
0.688806   1.00613    -0.115885  0.0364532 
0.635181   0.976273   -0.111697  0.0234482 
0.597703   0.91268    -0.270648  0.0266939 
0.656175   0.864574   -0.245104  0.0321773 
0.625534   0.909891   -0.258572  0.0201637 
0.607765   0.878537   -0.285212  0.0157628 
0.550635   0.835135   -0.273471  0.0305728 
0.606456   0.918305   -0.238426  0.0200077 
0.573258   0.87345    -0.259224  0.020899  
0.550243   0.917968   -0.280628  0.0319901 
0.530174   0.904931   -0.220653  0.0155354 
0.520087   0.879196   -0.295057  0.0233928 
0.540377   0.868965   -0.278769  0.0539466 
0.622723   0.905881   -0.143556  0.0285684 
0.603663   0.933896   -0.236577  0.0467075 
0.527193   1.02434    -0.137164  0.0662965 
0.539792   1.10871    0.0862755  0.0603511 
0.517009   1.13609    0.0444405  0.0689608 
0.494544   1.16182    0.063173   0.0795194 
0.538504   1.20643    0.19871    0.10435   
0.47758    1.24985    0.453492   0.0507403 
0.41036    1.17438    -0.0401674 0.0498584 
0.380248   1.13362    -0.050495  0.0670018 
0.365387   1.19472    0.0907946  0.0733081 
0.346663   1.19487    -0.0208822 0.0462555 
0.372379   1.22414    -0.0294151 0.0560358 
0.391619   1.21488    0.0600591  0.109937  
0.356475   1.25827    0.232289   0.081035  
0.420055   1.24846    0.172733   0.146797  
0.420055   1.24846    0.172733   0.113067  
0.420055   1.24846    0.172733   0.120983  
0.420055   1.24846    0.172733   0.107417  
0.326848   1.20525    0.167246   0.0914937 
0.398503   1.29097    0.426518   0.103158  
0.334169   1.38497    0.39914    0.134736  
0.352398   1.48309    0.990596   0.20157   
0.352398   1.48309    0.990596   0.141694  
0.372032   1.44841    0.986197   0.324219  
0.372032   1.44841    0.986197   0.099667  
0.420447   1.36997    0.514074   0.0990496 
0.342234   1.31217    0.370473   0.0612217 
0.377187   1.22833    0.0883602  0.0780905 
0.457632   1.3142     0.359095   0.0849662 
0.398796   1.22975    0.268724   0.0510448 
0.30333    1.2146     -0.0601793 0.153986  
0.337294   1.26437    0.397082   0.0704821 
0.279309   1.2179     0.0932927  0.0837498 
0.213977   1.14674    -0.048669  0.0351905 
0.143513   1.11651    -0.157946  0.0306932 
0.144482   1.12214    -0.193413  0.0262898 
0.186948   1.03558    -0.221621  0.034441  
0.141267   1.11337    -0.205191  0.029945  
0.110541   1.05408    -0.189583  0.0365548 
0.207795   1.14279    -0.176802  0.0479068 
0.169193   1.23475    -0.0428153 0.0493941 
0.238379   1.20398    0.0286203  0.0369289 
0.168523   1.17267    -0.17673   0.0400092 
0.0770859  1.21188    -0.127845  0.0761909 
0.149545   1.17252    0.00345908 0.0462593 
0.195928   1.08165    -0.156769  0.0592857 
0.280781   1.11076    -0.128513  0.029458  
0.222383   1.14763    -0.211496  0.0366126 
0.320886   1.13297    -0.150654  0.0283903 
0.300117   1.06348    -0.193934  0.0328176 
0.27245    1.08021    -0.211253  0.0306006 
0.346984   1.02574    -0.200367  0.0268763 
0.436725   0.987394   -0.255002  0.0202696 
0.525178   0.892704   -0.283286  0.0223646 
0.522112   0.915912   -0.264058  0.0354829 
0.486247   1.01383    -0.175335  0.0521108 
0.531216   1.05176    -0.0564447 0.0485288 
0.520012   1.06134    -0.059468  0.0976647 
0.58275    1.13387    0.202237   0.0643084 
0.586896   1.05303    0.00517186 0.0439323 
0.516721   1.09783    -0.159377  0.0621729 
0.462413   1.18852    0.0763393  0.0509985 
0.498149   1.12436    -0.0555393 0.0592071 
0.586022   1.17758    0.131061   0.0838042 
0.586022   1.17758    0.131061   0.04978   
0.504065   1.11109    -0.0920677 0.0409347 
0.416782   1.05059    -0.151295  0.0346772 
0.423282   1.04366    -0.21689   0.0273464 
0.399356   1.03667    -0.231774  0.0337545 
0.425223   1.0654     -0.153228  0.029887  
0.385877   1.09475    -0.200996  0.0348554 
0.433834   1.06438    -0.192045  0.0685767 
0.522337   1.14299    0.0909     0.0607099 
0.580275   1.1368     0.0745853  0.0466955 
0.518418   1.06836    -0.134788  0.0642904 
0.518418   1.06836    -0.134788  0.0969616 
0.606869   1.16593    0.380236   0.0689244 
0.646017   1.1256     0.215268   0.0489731 
0.624215   1.0374     -0.0766613 0.0470106 
0.679668   1.01052    -0.0822079 0.0291299 
0.638095   0.931744   -0.269508  0.11907   
0.673364   1.01863    0.120969   0.0562295 
0.724136   1.03004    -0.0229945 0.0327433 
0.733386   0.934627   -0.169167  0.0301566 
0.733263   0.870434   -0.194204  0.0348306 
0.674076   0.945006   -0.1681    0.0423129 
0.65271    0.996177   -0.107175  0.0481834 
0.66904    0.941278   -0.200407  0.03072   
0.635152   0.970571   -0.220183  0.0662411 
0.696944   1.00366    -0.00649886 0.075817  
0.787228   1.03823    0.174035   0.0628241 
0.771521   1.00628    0.0600822  0.0769119 
0.867124   1.0253     0.415244   0.111636  
0.955383   1.08342    0.854498   0.149786  
1.04642    1.11681    1.49324    0.227585  
1.11751    1.17249    2.54039    0.243759  
1.11109    1.22561    2.77447    0.29957   
1.11327    1.1391     2.54962    0.15598   
1.15743    1.09741    1.83221    0.121282  
1.10389    1.02336    1.30394    0.0899153 
1.02732    0.958969   0.779791   0.068571  
0.993339   0.901915   0.290636   0.113196  
0.993339   0.901915   0.290636   0.0609995 
0.964314   0.894985   0.255242   0.059571  
0.994933   0.816631   0.102182   0.066891  
1.09404    0.834491   0.39522    0.0873155 
1.09404    0.834491   0.39522    0.0497612 
1.07298    0.773246   0.210091   0.0337044 
0.975559   0.728685   -0.17456   0.0343215 
0.992743   0.74517    -0.159269  0.0414011 
1.07514    0.739522   0.0666763  0.0318229 
0.994569   0.720093   -0.160256  0.0294045 
0.981579   0.681933   -0.239986  0.0526697 
1.04118    0.720966   -0.0360871 0.0295797 
0.993759   0.696631   -0.208672  0.0382358 
1.07232    0.665094   -0.0208518 0.034147  
0.978631   0.730068   -0.158491  0.0299091 
0.945601   0.736777   -0.216669  0.0288499 
1.03461    0.654372   -0.135898  0.021374  
1.01774    0.647276   -0.215256  0.0225913 
0.942002   0.685913   -0.295319  0.0223984 
0.877548   0.664169   -0.368149  0.0154798 
0.859974   0.692596   -0.389701  0.031123  
0.924813   0.75755    -0.229253  0.0575911 
1.01333    0.826102   0.196697   0.0528162 
0.947223   0.872437   0.00733424 0.0711842 
0.948056   0.930971   0.314529   0.0619346 
0.962518   0.921554   0.237973   0.0567555 
0.945      0.854171   0.0788207  0.0624098 
0.967148   0.896981   0.114254   0.059834  
0.869817   0.996258   0.19892    0.0617743 
0.903234   0.90934    0.0269691  0.0438395 
0.809922   0.829302   -0.143012  0.0313337 
0.806178   0.804792   -0.264468  0.0519033 
0.812027   0.899559   -0.0168759 0.127172  
0.840051   0.985871   0.21408    0.0684061 
0.793793   1.06788    0.170808   0.0960026 
0.845305   1.08945    0.555037   0.0891706 
0.787039   1.08595    0.509877   0.0535718 
0.794544   1.04574    0.131115   0.059108  
0.758323   1.08504    0.151695   0.0646565 
0.674873   1.07599    0.0762843  0.0755563 
0.696766   1.12624    0.252102   0.0790736 
0.633201   1.06589    0.104421   0.0559246 
0.650506   1.05396    -0.0520686 0.0469774 
0.725343   1.06986    0.00773376 0.0648045 
0.709484   1.05746    0.148901   0.0449701 
0.644548   0.974006   -0.121418  0.0384406 
0.693412   0.997661   -0.140237  0.0715212 
0.71678    1.08326    0.12907    0.0613455 
0.724725   1.00005    -0.00203364 0.0505638 
0.800895   0.946204   0.00757578 0.0559536 
0.803889   0.963685   0.0714203  0.0487187 
0.808836   0.946345   -0.0435792 0.074071  
0.845338   1.0134     0.28812    0.0786311 
0.881389   1.00931    0.309138   0.0807392 
0.882677   1.08556    0.47584    0.101559  
0.893219   1.03032    0.544082   0.0882756 
0.939252   0.945564   0.464416   0.061932  
0.9813     0.890133   0.232876   0.0852281 
