#MU        SIGMA      ENERGY     ERROR     
-0.830766  0.692934   -0.387863  0.00832552
-0.761297  0.657613   -0.427114  0.00916785
-0.761297  0.657613   -0.427114  0.00783216
-0.812965  0.592816   -0.441122  0.0123477 
-0.748439  0.692339   -0.409905  0.011019  
-0.748439  0.692339   -0.409905  0.0106222 
-0.817216  0.630556   -0.430467  0.012841  
-0.817216  0.630556   -0.430467  0.0127516 
-0.817216  0.630556   -0.430467  0.0127996 
-0.817216  0.630556   -0.430467  0.00952177
-0.772214  0.566077   -0.434175  0.00700181
-0.834375  0.598169   -0.447811  0.00881785
-0.767056  0.631939   -0.430356  0.0117504 
-0.795991  0.669988   -0.414231  0.0170933 
-0.886257  0.626287   -0.384693  0.00975701
-0.882384  0.612574   -0.428831  0.0124827 
-0.882384  0.612574   -0.428831  0.00754115
-0.803889  0.634479   -0.444143  0.0246386 
-0.803889  0.634479   -0.444143  0.00660957
-0.815709  0.60204    -0.441157  0.0152136 
-0.815709  0.60204    -0.441157  0.0135011 
-0.815709  0.60204    -0.441157  0.0157984 
-0.815709  0.60204    -0.441157  0.0163233 
-0.815709  0.60204    -0.441157  0.0111331 
-0.81659   0.646325   -0.423004  0.00908289
-0.858359  0.571528   -0.430268  0.0245012 
-0.858359  0.571528   -0.430268  0.0113421 
-0.858359  0.571528   -0.430268  0.0132697 
-0.858359  0.571528   -0.430268  0.00957573
-0.858359  0.571528   -0.430268  0.0083588 
-0.780152  0.574128   -0.434319  0.0149015 
-0.780152  0.574128   -0.434319  0.00864265
-0.876071  0.613911   -0.417946  0.00740247
-0.827389  0.592357   -0.434842  0.00960516
-0.758904  0.561678   -0.405633  0.0129099 
-0.758904  0.561678   -0.405633  0.0228583 
-0.758904  0.561678   -0.405633  0.006504  
-0.712779  0.605084   -0.417407  0.00929047
-0.712779  0.605084   -0.417407  0.00640224
-0.796897  0.634568   -0.444932  0.0114443 
-0.796897  0.634568   -0.444932  0.0103917 
-0.796897  0.634568   -0.444932  0.0203982 
-0.796897  0.634568   -0.444932  0.00630027
-0.802533  0.606769   -0.452246  0.00655159
-0.793031  0.617841   -0.448308  0.0117476 
-0.891514  0.635898   -0.413726  0.00844687
-0.846381  0.583273   -0.435538  0.019134  
-0.846381  0.583273   -0.435538  0.00878152
-0.846381  0.583273   -0.435538  0.00820891
-0.871874  0.596572   -0.420562  0.0222841 
-0.871874  0.596572   -0.420562  0.0106885 
-0.795623  0.695752   -0.418166  0.019451  
-0.795623  0.695752   -0.418166  0.00630785
-0.801168  0.621182   -0.455185  0.0130352 
-0.801168  0.621182   -0.455185  0.0105479 
-0.801168  0.621182   -0.455185  0.00781053
-0.801168  0.621182   -0.455185  0.00854595
-0.801168  0.621182   -0.455185  0.0124092 
-0.792342  0.667254   -0.408889  0.010117  
-0.754811  0.679064   -0.419325  0.0111403 
-0.786733  0.701743   -0.417016  0.0194479 
-0.786733  0.701743   -0.417016  0.024803  
-0.786733  0.701743   -0.417016  0.0260801 
-0.786733  0.701743   -0.417016  0.00748372
-0.800076  0.601891   -0.439176  0.0120016 
-0.800076  0.601891   -0.439176  0.0127935 
-0.800076  0.601891   -0.439176  0.0080694 
-0.800076  0.601891   -0.439176  0.0105881 
-0.800076  0.601891   -0.439176  0.00763988
-0.735073  0.667443   -0.421146  0.00862263
-0.778018  0.69169    -0.434866  0.00632435
-0.718368  0.620024   -0.416276  0.0139711 
-0.718368  0.620024   -0.416276  0.0138985 
-0.718368  0.620024   -0.416276  0.00812731
-0.705087  0.602305   -0.412195  0.00845791
-0.702659  0.701748   -0.411337  0.0127073 
-0.75566   0.699087   -0.415     0.00678492
-0.738073  0.65278    -0.422465  0.0136175 
-0.75173   0.743881   -0.380644  0.0150398 
-0.665974  0.76759    -0.33629   0.0128719 
-0.691255  0.745925   -0.353797  0.0190649 
-0.691255  0.745925   -0.353797  0.0106209 
-0.619696  0.656564   -0.354439  0.01332   
-0.619696  0.656564   -0.354439  0.0100597 
-0.68129   0.562388   -0.37648   0.0208613 
-0.68129   0.562388   -0.37648   0.0186593 
-0.68129   0.562388   -0.37648   0.0111245 
-0.68129   0.562388   -0.37648   0.0238338 
-0.68129   0.562388   -0.37648   0.00885005
-0.650132  0.620887   -0.364023  0.00922366
-0.636386  0.60639    -0.363125  0.00969882
-0.623823  0.659805   -0.350593  0.00804409
-0.716608  0.580364   -0.389942  0.00687611
-0.755154  0.593152   -0.442713  0.0136828 
-0.755154  0.593152   -0.442713  0.00572833
-0.755154  0.593152   -0.442713  0.00678426
-0.826374  0.610319   -0.455918  0.00994116
-0.773591  0.560892   -0.419017  0.00699603
-0.725741  0.600525   -0.421759  0.0120977 
-0.725741  0.600525   -0.421759  0.00727904
-0.684952  0.616746   -0.40423   0.011039  
-0.684952  0.616746   -0.40423   0.00719078
-0.7717    0.624075   -0.436585  0.0109941 
-0.7717    0.624075   -0.436585  0.0148379 
-0.7717    0.624075   -0.436585  0.00986778
-0.7717    0.624075   -0.436585  0.012939  
-0.7717    0.624075   -0.436585  0.00888974
-0.695764  0.666543   -0.393662  0.0101526 
-0.782905  0.693668   -0.431467  0.0112293 
-0.836388  0.645694   -0.423851  0.00691824
-0.754793  0.625824   -0.422309  0.00842708
-0.675909  0.667127   -0.390899  0.0118049 
-0.675909  0.667127   -0.390899  0.0102172 
-0.675909  0.667127   -0.390899  0.00950299
-0.675909  0.667127   -0.390899  0.0243864 
-0.675909  0.667127   -0.390899  0.00816741
-0.663467  0.63902    -0.38235   0.0109838 
-0.663467  0.63902    -0.38235   0.00751337
-0.698144  0.665457   -0.399596  0.0160444 
-0.698144  0.665457   -0.399596  0.00722536
-0.686366  0.635014   -0.392477  0.0115592 
-0.689389  0.709908   -0.371388  0.0102166 
-0.62333   0.644338   -0.337514  0.0121095 
-0.62333   0.644338   -0.337514  0.00990411
-0.62333   0.644338   -0.337514  0.0137938 
-0.62333   0.644338   -0.337514  0.011014  
-0.641313  0.74411    -0.360034  0.0120839 
-0.641313  0.74411    -0.360034  0.0152343 
-0.641313  0.74411    -0.360034  0.0125298 
-0.641313  0.74411    -0.360034  0.0190592 
-0.70419   0.77012    -0.340434  0.0325546 
-0.70419   0.77012    -0.340434  0.0133503 
-0.770223  0.750949   -0.38918   0.0277188 
-0.770223  0.750949   -0.38918   0.0119465 
-0.852504  0.670033   -0.426703  0.00938832
-0.771416  0.698305   -0.421875  0.00734576
-0.813976  0.599955   -0.445788  0.0109665 
-0.813976  0.599955   -0.445788  0.00718186
-0.757178  0.602221   -0.433592  0.0136612 
-0.843444  0.659869   -0.41747   0.00822012
-0.815825  0.658444   -0.428194  0.0137031 
-0.815825  0.658444   -0.428194  0.0319398 
-0.815825  0.658444   -0.428194  0.0131946 
-0.815825  0.658444   -0.428194  0.007683  
-0.718723  0.635764   -0.429098  0.00791027
-0.743637  0.656527   -0.420982  0.00986979
-0.809044  0.5641     -0.421722  0.0197385 
-0.809044  0.5641     -0.421722  0.0176041 
-0.809044  0.5641     -0.421722  0.019625  
-0.809044  0.5641     -0.421722  0.00769444
-0.771834  0.586164   -0.429338  0.0119887 
-0.771834  0.586164   -0.429338  0.00669189
-0.722692  0.597356   -0.428789  0.00649393
-0.74605   0.602032   -0.430838  0.00699215
-0.74605   0.602032   -0.430838  0.00919739
-0.693273  0.578393   -0.389604  0.00951657
-0.630072  0.609998   -0.372693  0.0101786 
-0.630072  0.609998   -0.372693  0.00664662
-0.716037  0.609681   -0.420265  0.0110985 
-0.716037  0.609681   -0.420265  0.0119457 
-0.740377  0.544436   -0.382436  0.00755925
-0.740377  0.544436   -0.382436  0.0246729 
-0.740377  0.544436   -0.382436  0.0250874 
-0.740377  0.544436   -0.382436  0.0134209 
-0.740377  0.544436   -0.382436  0.00622988
-0.745644  0.621669   -0.431356  0.00721033
-0.745644  0.621669   -0.431356  0.0100758 
-0.745644  0.621669   -0.431356  0.00684906
-0.740092  0.597392   -0.436637  0.00815182
-0.694115  0.586121   -0.407382  0.00890063
-0.694115  0.586121   -0.407382  0.00978214
-0.725581  0.560008   -0.392288  0.00747129
-0.714094  0.596774   -0.411265  0.0112976 
-0.764842  0.545281   -0.383874  0.0122404 
-0.797414  0.543571   -0.409629  0.00859445
-0.859989  0.581488   -0.419467  0.00765081
-0.851816  0.624644   -0.447464  0.0140055 
-0.851816  0.624644   -0.447464  0.0137515 
-0.851816  0.624644   -0.447464  0.0154219 
-0.851816  0.624644   -0.447464  0.00873965
-0.851816  0.624644   -0.447464  0.0231165 
-0.851816  0.624644   -0.447464  0.00676524
-0.785897  0.60431    -0.443133  0.00986946
-0.75986   0.598348   -0.416802  0.00774887
-0.83368   0.636516   -0.441138  0.00865839
-0.77972   0.657797   -0.441966  0.00683046
-0.77972   0.657797   -0.441966  0.0193948 
-0.77972   0.657797   -0.441966  0.00775853
-0.805026  0.603323   -0.450833  0.0134285 
-0.747716  0.684183   -0.412277  0.00731217
-0.700277  0.649305   -0.402898  0.0119467 
-0.737297  0.729942   -0.403468  0.0124092 
-0.737297  0.729942   -0.403468  0.00847546
-0.81884   0.649516   -0.433537  0.00646765
-0.747573  0.623175   -0.433192  0.00804373
-0.748369  0.626317   -0.425186  0.0143275 
-0.659751  0.683288   -0.373309  0.0095991 
-0.640745  0.680108   -0.371182  0.0112892 
-0.582057  0.701235   -0.320866  0.0134832 
-0.616876  0.725619   -0.339752  0.0136774 
-0.662203  0.746319   -0.355077  0.0105937 
-0.669063  0.677825   -0.371614  0.0197899 
-0.743079  0.768686   -0.346764  0.0179637 
-0.663209  0.673309   -0.365132  0.0171353 
-0.674476  0.731917   -0.374166  0.0110259 
-0.674476  0.731917   -0.374166  0.0113271 
-0.675471  0.713475   -0.388458  0.0176091 
-0.740382  0.704305   -0.385833  0.00807562
-0.736803  0.652779   -0.429949  0.00996166
-0.736803  0.652779   -0.429949  0.0138392 
-0.736803  0.652779   -0.429949  0.0164967 
-0.739564  0.70535    -0.389972  0.0202955 
-0.83219   0.686103   -0.388188  0.0254064 
-0.854993  0.734287   -0.340609  0.0400137 
-0.854993  0.734287   -0.340609  0.0147646 
-0.776102  0.76403    -0.375401  0.0153667 
-0.816544  0.744435   -0.378627  0.00814884
-0.794346  0.645214   -0.44415   0.0138731 
-0.794346  0.645214   -0.44415   0.0136425 
-0.794346  0.645214   -0.44415   0.0335577 
-0.794346  0.645214   -0.44415   0.0116346 
-0.751411  0.682702   -0.414927  0.0125699 
-0.751411  0.682702   -0.414927  0.0179166 
-0.847283  0.708017   -0.387753  0.0197977 
-0.826989  0.699446   -0.361435  0.0118859 
-0.739133  0.689757   -0.401766  0.00647076
-0.727039  0.636849   -0.428595  0.00957273
-0.727039  0.636849   -0.428595  0.00807617
-0.797522  0.666014   -0.44428   0.0228772 
-0.797522  0.666014   -0.44428   0.0185172 
-0.797522  0.666014   -0.44428   0.00899821
-0.846687  0.578784   -0.433707  0.00841617
-0.8408    0.63087    -0.4409    0.0127348 
-0.8408    0.63087    -0.4409    0.0227307 
-0.8408    0.63087    -0.4409    0.0114277 
-0.8408    0.63087    -0.4409    0.00953366
-0.8408    0.63087    -0.4409    0.0139566 
-0.8408    0.63087    -0.4409    0.00929499
-0.768732  0.572242   -0.433064  0.0184389 
-0.768732  0.572242   -0.433064  0.0200661 
-0.768732  0.572242   -0.433064  0.00944068
-0.853402  0.571001   -0.406708  0.00864159
-0.851877  0.582889   -0.423014  0.0193653 
-0.851877  0.582889   -0.423014  0.0116001 
-0.851877  0.582889   -0.423014  0.0116789 
-0.851877  0.582889   -0.423014  0.0084561 
-0.860925  0.612434   -0.42776   0.00801002
-0.771142  0.582613   -0.424768  0.0167328 
-0.771142  0.582613   -0.424768  0.0142833 
-0.744421  0.665803   -0.417302  0.0131302 
-0.744421  0.665803   -0.417302  0.00733994
-0.717864  0.597175   -0.427019  0.00800405
-0.750206  0.585057   -0.423476  0.0151608 
-0.750206  0.585057   -0.423476  0.00952328
-0.712208  0.566915   -0.41639   0.00875009
-0.631413  0.642225   -0.339525  0.014038  
-0.716708  0.736953   -0.381909  0.0265675 
-0.716708  0.736953   -0.381909  0.00820839
-0.779588  0.69383    -0.434192  0.0179008 
-0.779588  0.69383    -0.434192  0.0118763 
-0.779588  0.69383    -0.434192  0.00741567
-0.728969  0.652991   -0.435029  0.0213246 
-0.728969  0.652991   -0.435029  0.00814287
-0.787737  0.65047    -0.434638  0.0272772 
-0.787737  0.65047    -0.434638  0.0415953 
-0.787737  0.65047    -0.434638  0.0234218 
-0.787737  0.65047    -0.434638  0.00813871
-0.777031  0.578774   -0.425786  0.0174834 
-0.864686  0.659212   -0.401303  0.0156585 
-0.895174  0.713627   -0.408432  0.0106164 
-0.799457  0.621766   -0.432136  0.0134014 
-0.799457  0.621766   -0.432136  0.00861626
-0.793482  0.63736    -0.455489  0.0192508 
-0.793482  0.63736    -0.455489  0.0106461 
-0.791889  0.557854   -0.418518  0.00770591
-0.791889  0.557854   -0.418518  0.0107914 
-0.791889  0.557854   -0.418518  0.0090146 
-0.809277  0.576366   -0.434107  0.00821551
-0.809277  0.576366   -0.434107  0.00600219
-0.795559  0.635594   -0.445675  0.010191  
-0.795559  0.635594   -0.445675  0.00891283
-0.795559  0.635594   -0.445675  0.00728963
-0.809651  0.608394   -0.460297  0.0108105 
-0.809651  0.608394   -0.460297  0.0175796 
-0.809651  0.608394   -0.460297  0.0165394 
-0.809651  0.608394   -0.460297  0.00703959
-0.798937  0.635894   -0.440386  0.015906  
-0.798937  0.635894   -0.440386  0.0133181 
-0.798937  0.635894   -0.440386  0.00842683
-0.804995  0.576812   -0.412034  0.0119485 
-0.903808  0.645406   -0.39657   0.0186515 
-0.903808  0.645406   -0.39657   0.016713  
-0.903808  0.645406   -0.39657   0.00922184
-0.904276  0.578251   -0.391009  0.0077119 
-0.81755   0.652938   -0.449024  0.0111862 
-0.739951  0.726137   -0.404078  0.00751228
-0.795687  0.654907   -0.433657  0.0150558 
-0.795687  0.654907   -0.433657  0.00894726
-0.839467  0.573789   -0.41981   0.00673726
-0.802429  0.593194   -0.435129  0.00888689
-0.744818  0.57264    -0.436267  0.00619947
-0.723682  0.619801   -0.438167  0.0125833 
-0.800382  0.633293   -0.425062  0.0057018 
-0.768456  0.633788   -0.441512  0.0167825 
-0.768456  0.633788   -0.441512  0.0064846 
-0.769335  0.603286   -0.437114  0.0144139 
-0.749436  0.681878   -0.404529  0.00731506
-0.739079  0.640928   -0.426988  0.00797524
-0.698047  0.600729   -0.39896   0.0116705 
-0.698047  0.600729   -0.39896   0.00861186
-0.711639  0.677632   -0.404856  0.0127655 
-0.617488  0.734587   -0.34549   0.0116215 
-0.676441  0.728111   -0.38939   0.0109849 
-0.673089  0.740389   -0.353836  0.00734669
-0.70573   0.667314   -0.417966  0.0071981 
-0.746247  0.632015   -0.43294   0.0100956 
-0.746247  0.632015   -0.43294   0.00673308
-0.729095  0.657958   -0.427555  0.00840833
-0.809269  0.628606   -0.443582  0.011365  
-0.809269  0.628606   -0.443582  0.00856775
-0.736833  0.573656   -0.411775  0.00807461
-0.710893  0.657128   -0.420908  0.00654239
-0.762124  0.62353    -0.444323  0.0177282 
-0.762124  0.62353    -0.444323  0.0131607 
-0.762124  0.62353    -0.444323  0.00764375
-0.664481  0.637105   -0.391933  0.0117747 
-0.664481  0.637105   -0.391933  0.00889143
-0.664481  0.637105   -0.391933  0.0104059 
-0.664481  0.637105   -0.391933  0.00811744
-0.722545  0.664066   -0.410262  0.0119358 
-0.722545  0.664066   -0.410262  0.00896158
-0.674594  0.579694   -0.373106  0.0103729 
-0.626459  0.580588   -0.338839  0.0129508 
-0.626459  0.580588   -0.338839  0.0178335 
-0.626459  0.580588   -0.338839  0.014787  
-0.626459  0.580588   -0.338839  0.0155818 
-0.626459  0.580588   -0.338839  0.0128577 
-0.626459  0.580588   -0.338839  0.00744817
-0.72528   0.594578   -0.42583   0.0102051 
-0.633455  0.583875   -0.349692  0.0130479 
-0.633455  0.583875   -0.349692  0.0138267 
-0.633455  0.583875   -0.349692  0.00905427
-0.62681   0.631575   -0.339146  0.0124879 
-0.62681   0.631575   -0.339146  0.0116917 
-0.600596  0.7099     -0.352314  0.00860856
-0.668282  0.636108   -0.396968  0.00903772
-0.753933  0.567956   -0.429757  0.0139032 
-0.823399  0.533229   -0.36698   0.0181097 
-0.823399  0.533229   -0.36698   0.0259261 
-0.823399  0.533229   -0.36698   0.0131055 
-0.823399  0.533229   -0.36698   0.00883086
-0.788772  0.623542   -0.43168   0.0074311 
-0.795102  0.601782   -0.436844  0.0126129 
-0.847229  0.652678   -0.411616  0.0120732 
-0.822124  0.708022   -0.409245  0.0185806 
-0.822124  0.708022   -0.409245  0.0102543 
-0.866062  0.620785   -0.417796  0.0217709 
-0.866062  0.620785   -0.417796  0.021295  
-0.866062  0.620785   -0.417796  0.0090649 
-0.789342  0.688173   -0.430787  0.00761468
-0.81335   0.60558    -0.438517  0.0054014 
-0.746603  0.630622   -0.44313   0.00612975
-0.773715  0.626975   -0.451247  0.0132112 
-0.773715  0.626975   -0.451247  0.00914347
-0.773715  0.626975   -0.451247  0.0129345 
-0.773715  0.626975   -0.451247  0.00814649
-0.773715  0.626975   -0.451247  0.00693853
-0.798784  0.591832   -0.442492  0.0093161 
-0.798784  0.591832   -0.442492  0.0064612 
-0.791995  0.666812   -0.458551  0.0319715 
-0.791995  0.666812   -0.458551  0.00807964
-0.791995  0.666812   -0.458551  0.0088173 
-0.791995  0.666812   -0.458551  0.0137355 
-0.791995  0.666812   -0.458551  0.0108611 
-0.791995  0.666812   -0.458551  0.0197359 
-0.791995  0.666812   -0.458551  0.00916077
-0.768954  0.657321   -0.430165  0.0104758 
-0.811471  0.665318   -0.423755  0.0140871 
-0.811471  0.665318   -0.423755  0.00788803
-0.716845  0.590746   -0.425056  0.0200411 
-0.716845  0.590746   -0.425056  0.0110126 
-0.815794  0.66738    -0.435881  0.0133051 
-0.81763   0.609242   -0.437529  0.0144189 
-0.81763   0.609242   -0.437529  0.0109861 
-0.81763   0.609242   -0.437529  0.00757318
-0.81763   0.609242   -0.437529  0.00654176
-0.825635  0.61196    -0.452946  0.00633985
-0.825635  0.61196    -0.452946  0.0211297 
-0.825635  0.61196    -0.452946  0.0100099 
-0.825635  0.61196    -0.452946  0.00737649
-0.766173  0.612848   -0.43693   0.00845414
-0.766173  0.612848   -0.43693   0.00778959
-0.823972  0.644683   -0.445722  0.011867  
-0.823972  0.644683   -0.445722  0.0119518 
-0.810538  0.625649   -0.419526  0.0113852 
-0.815306  0.687173   -0.413554  0.0159669 
-0.815306  0.687173   -0.413554  0.0198089 
-0.815306  0.687173   -0.413554  0.0101742 
-0.841446  0.606301   -0.429907  0.00866209
-0.841446  0.606301   -0.429907  0.00631245
-0.751497  0.602521   -0.435109  0.00919558
-0.751497  0.602521   -0.435109  0.00894112
-0.751497  0.602521   -0.435109  0.0101994 
-0.751497  0.602521   -0.435109  0.00894134
-0.689426  0.653605   -0.410604  0.0089877 
-0.689426  0.653605   -0.410604  0.00867336
-0.765836  0.656961   -0.429481  0.0192913 
-0.765836  0.656961   -0.429481  0.00693169
-0.770867  0.591338   -0.438664  0.00934947
-0.770867  0.591338   -0.438664  0.0117426 
-0.770867  0.591338   -0.438664  0.00836657
-0.763758  0.583591   -0.430671  0.00713721
-0.776019  0.620538   -0.450748  0.0105622 
-0.776019  0.620538   -0.450748  0.0109534 
-0.776019  0.620538   -0.450748  0.00696944
-0.711429  0.656168   -0.409246  0.00882016
-0.711429  0.656168   -0.409246  0.0113577 
-0.613193  0.755147   -0.342713  0.00954011
-0.664889  0.673653   -0.386432  0.0114161 
-0.664889  0.673653   -0.386432  0.0147865 
-0.664889  0.673653   -0.386432  0.0107637 
-0.664889  0.673653   -0.386432  0.00723514
-0.679168  0.657929   -0.395682  0.0122585 
-0.615201  0.75162    -0.335645  0.0112579 
-0.615201  0.75162    -0.335645  0.0116664 
-0.610498  0.68946    -0.33353   0.00843987
-0.68338   0.592615   -0.396518  0.0142479 
-0.68338   0.592615   -0.396518  0.00832031
-0.74235   0.682215   -0.437159  0.0123913 
-0.78513   0.695231   -0.40202   0.00952076
-0.794089  0.685017   -0.419795  0.019459  
-0.794089  0.685017   -0.419795  0.0157392 
-0.794089  0.685017   -0.419795  0.0148539 
-0.808025  0.686292   -0.409978  0.0194851 
-0.808025  0.686292   -0.409978  0.019279  
-0.808025  0.686292   -0.409978  0.0194913 
-0.808025  0.686292   -0.409978  0.00776697
-0.831012  0.610821   -0.454579  0.00796056
-0.771704  0.602814   -0.441427  0.0142481 
-0.771704  0.602814   -0.441427  0.00719017
-0.771704  0.602814   -0.441427  0.00844553
-0.771704  0.602814   -0.441427  0.014318  
-0.771704  0.602814   -0.441427  0.017334  
-0.771704  0.602814   -0.441427  0.00919793
-0.770003  0.666498   -0.42511   0.0145361 
-0.850971  0.735195   -0.358813  0.0338372 
-0.850971  0.735195   -0.358813  0.0265044 
-0.850971  0.735195   -0.358813  0.0355253 
-0.8391    0.741409   -0.304121  0.0231261 
-0.8391    0.741409   -0.304121  0.0131589 
-0.78396   0.716284   -0.407353  0.0160263 
-0.78396   0.716284   -0.407353  0.017584  
-0.78396   0.716284   -0.407353  0.0131671 
-0.828375  0.67038    -0.407969  0.00727266
-0.732993  0.650212   -0.428328  0.00772226
-0.732993  0.650212   -0.428328  0.00692903
-0.770518  0.628478   -0.438336  0.0091628 
-0.770518  0.628478   -0.438336  0.0112514 
-0.770518  0.628478   -0.438336  0.00726119
-0.722353  0.606369   -0.409324  0.00898667
-0.637571  0.672219   -0.360858  0.0141415 
-0.721452  0.73926    -0.379953  0.0220557 
-0.721452  0.73926    -0.379953  0.0146644 
-0.721452  0.73926    -0.379953  0.0184339 
-0.721452  0.73926    -0.379953  0.0105742 
-0.740428  0.726698   -0.411998  0.00995505
-0.64299   0.685346   -0.367409  0.0161454 
-0.713987  0.782155   -0.345807  0.00891549
-0.692564  0.69988    -0.404643  0.00860363
-0.692564  0.69988    -0.404643  0.0119743 
-0.692564  0.69988    -0.404643  0.0119518 
-0.692564  0.69988    -0.404643  0.0114932 
-0.692564  0.69988    -0.404643  0.00883964
-0.723663  0.691604   -0.398327  0.0138611 
-0.723663  0.691604   -0.398327  0.010268  
-0.723663  0.691604   -0.398327  0.0067261 
-0.727299  0.638801   -0.429403  0.00687195
-0.710996  0.606507   -0.422639  0.0103782 
-0.731419  0.668126   -0.413445  0.0091964 
-0.690212  0.568815   -0.389848  0.0115055 
-0.756669  0.544982   -0.398903  0.0129921 
-0.775118  0.538076   -0.400371  0.0072814 
-0.709394  0.602804   -0.411658  0.0181421 
-0.709394  0.602804   -0.411658  0.0101967 
-0.738483  0.664446   -0.399732  0.00926025
-0.804081  0.567087   -0.419405  0.00582541
-0.758737  0.65341    -0.441275  0.0070722 
-0.762344  0.598799   -0.43526   0.0131258 
-0.762344  0.598799   -0.43526   0.00883031
-0.797292  0.663656   -0.436389  0.013936  
-0.797292  0.663656   -0.436389  0.00923485
-0.797292  0.663656   -0.436389  0.0176126 
-0.797292  0.663656   -0.436389  0.0232994 
-0.797292  0.663656   -0.436389  0.00696005
-0.758484  0.597058   -0.427516  0.00831709
-0.758484  0.597058   -0.427516  0.00807064
-0.746101  0.580899   -0.427298  0.018     
-0.746101  0.580899   -0.427298  0.0114118 
-0.665052  0.601953   -0.363975  0.00964141
-0.64177   0.68199    -0.351374  0.0111235 
-0.582639  0.611703   -0.290956  0.00818412
-0.668365  0.612338   -0.384487  0.00721902
-0.679034  0.638576   -0.394948  0.00835088
-0.72803   0.580227   -0.401792  0.0169262 
-0.72803   0.580227   -0.401792  0.00819939
-0.670865  0.638992   -0.398386  0.00728332
-0.75667   0.598687   -0.437197  0.00794966
-0.83511   0.584979   -0.441169  0.0101073 
-0.83511   0.584979   -0.441169  0.0074168 
-0.753934  0.680621   -0.442406  0.0231406 
-0.753934  0.680621   -0.442406  0.00631612
-0.740888  0.622693   -0.435779  0.00756807
-0.740888  0.622693   -0.435779  0.0101348 
-0.710892  0.557853   -0.380443  0.00942686
-0.750937  0.657179   -0.418428  0.00677223
-0.801545  0.613612   -0.454593  0.016151  
-0.801545  0.613612   -0.454593  0.00864036
-0.801545  0.613612   -0.454593  0.0214778 
-0.801545  0.613612   -0.454593  0.0161959 
-0.801545  0.613612   -0.454593  0.0156119 
-0.801545  0.613612   -0.454593  0.00644688
-0.767949  0.621292   -0.438022  0.00720581
-0.767949  0.621292   -0.438022  0.00788749
-0.767949  0.621292   -0.438022  0.0115177 
-0.767949  0.621292   -0.438022  0.00954695
-0.767949  0.621292   -0.438022  0.00666609
-0.790292  0.611172   -0.448605  0.00987375
-0.790292  0.611172   -0.448605  0.00828931
-0.790292  0.611172   -0.448605  0.00770877
-0.790292  0.611172   -0.448605  0.0104439 
-0.790292  0.611172   -0.448605  0.00692492
-0.758204  0.620744   -0.444085  0.0114023 
-0.823683  0.672845   -0.432918  0.0251423 
-0.823683  0.672845   -0.432918  0.0157444 
-0.814589  0.700484   -0.401077  0.0244475 
-0.814589  0.700484   -0.401077  0.00888657
-0.765884  0.658319   -0.429231  0.0142243 
-0.765884  0.658319   -0.429231  0.00836364
-0.687928  0.588367   -0.404808  0.0128795 
-0.687928  0.588367   -0.404808  0.0189346 
-0.687928  0.588367   -0.404808  0.0125846 
-0.689603  0.537885   -0.379545  0.026425  
-0.689603  0.537885   -0.379545  0.0102345 
-0.689603  0.537885   -0.379545  0.0162691 
-0.689603  0.537885   -0.379545  0.0201155 
-0.689603  0.537885   -0.379545  0.0187925 
-0.689603  0.537885   -0.379545  0.00959594
-0.689603  0.537885   -0.379545  0.0102943 
-0.687617  0.558171   -0.385917  0.0131486 
-0.687617  0.558171   -0.385917  0.0263292 
-0.687617  0.558171   -0.385917  0.0168258 
-0.687617  0.558171   -0.385917  0.00769047
-0.770272  0.649908   -0.436303  0.0125152 
-0.837535  0.675893   -0.436813  0.0208413 
-0.837535  0.675893   -0.436813  0.00742382
-0.853584  0.607368   -0.442272  0.01326   
-0.853584  0.607368   -0.442272  0.00953151
-0.853584  0.607368   -0.442272  0.0142645 
-0.853584  0.607368   -0.442272  0.00902485
-0.822522  0.641358   -0.4352    0.0260984 
-0.822522  0.641358   -0.4352    0.0130271 
-0.874989  0.625145   -0.404683  0.009526  
-0.879102  0.616609   -0.429592  0.0104295 
-0.906163  0.638225   -0.399257  0.012529  
-0.841928  0.54517    -0.380335  0.0139984 
-0.801666  0.52812    -0.376996  0.00791701
-0.757516  0.579262   -0.428309  0.00746196
-0.811632  0.629851   -0.434306  0.021624  
-0.811632  0.629851   -0.434306  0.0140032 
-0.878898  0.665529   -0.427085  0.0118072 
-0.892884  0.611338   -0.41861   0.00885761
-0.874006  0.599323   -0.421404  0.01207   
-0.809845  0.657911   -0.428819  0.0101743 
-0.809845  0.657911   -0.428819  0.0129546 
-0.75437   0.701264   -0.412649  0.0223601 
-0.75437   0.701264   -0.412649  0.0231015 
-0.75437   0.701264   -0.412649  0.0280127 
-0.75437   0.701264   -0.412649  0.0150836 
-0.75437   0.701264   -0.412649  0.0110277 
-0.754073  0.681482   -0.4084    0.0161567 
-0.754073  0.681482   -0.4084    0.00998594
-0.760257  0.69232    -0.422008  0.0083074 
-0.760257  0.69232    -0.422008  0.00949877
-0.804346  0.670478   -0.431605  0.00726376
-0.742333  0.593176   -0.423221  0.0182127 
-0.742333  0.593176   -0.423221  0.00826602
-0.742333  0.593176   -0.423221  0.00845109
-0.742333  0.593176   -0.423221  0.00961511
-0.742333  0.593176   -0.423221  0.0136561 
-0.742333  0.593176   -0.423221  0.014155  
-0.742333  0.593176   -0.423221  0.0093929 
-0.720907  0.669838   -0.410763  0.00685521
-0.805109  0.624141   -0.440691  0.0104168 
-0.805109  0.624141   -0.440691  0.0201943 
-0.805109  0.624141   -0.440691  0.013482  
-0.805109  0.624141   -0.440691  0.00515928
-0.811796  0.621357   -0.457316  0.01664   
-0.811796  0.621357   -0.457316  0.00909368
-0.821235  0.606504   -0.437255  0.0151927 
-0.821235  0.606504   -0.437255  0.013432  
-0.913533  0.629091   -0.393502  0.01049   
-0.858723  0.638712   -0.439647  0.0101384 
-0.830624  0.618662   -0.423002  0.0124431 
-0.830624  0.618662   -0.423002  0.0123357 
-0.782081  0.641981   -0.416768  0.00734533
-0.746331  0.594721   -0.430006  0.0133812 
-0.746331  0.594721   -0.430006  0.00796262
-0.836384  0.588212   -0.431837  0.00970836
-0.836384  0.588212   -0.431837  0.0136074 
-0.836384  0.588212   -0.431837  0.00759726
-0.835823  0.591552   -0.430955  0.0148972 
-0.835823  0.591552   -0.430955  0.0109543 
-0.911977  0.589935   -0.402191  0.00975441
-0.844166  0.657841   -0.428123  0.0159555 
-0.844166  0.657841   -0.428123  0.00791883
-0.844166  0.657841   -0.428123  0.0101434 
-0.849252  0.649462   -0.436547  0.0106796 
-0.849252  0.649462   -0.436547  0.00729452
-0.818592  0.597232   -0.437869  0.0183912 
-0.818592  0.597232   -0.437869  0.0129267 
-0.818592  0.597232   -0.437869  0.0113015 
-0.908697  0.55498    -0.359011  0.0253434 
-0.908697  0.55498    -0.359011  0.00833352
-0.886961  0.600972   -0.421763  0.0107563 
-0.805856  0.555679   -0.419751  0.0127656 
-0.805856  0.555679   -0.419751  0.0112226 
-0.805856  0.555679   -0.419751  0.00821814
-0.812039  0.577951   -0.42496   0.0150701 
-0.812039  0.577951   -0.42496   0.011995  
-0.812039  0.577951   -0.42496   0.0200084 
-0.812039  0.577951   -0.42496   0.00656687
-0.742731  0.610308   -0.4282    0.00895333
-0.761656  0.569597   -0.424378  0.00957658
-0.761656  0.569597   -0.424378  0.0213939 
-0.761656  0.569597   -0.424378  0.00916471
-0.722044  0.657754   -0.409924  0.0076568 
-0.821607  0.621582   -0.439987  0.007438  
-0.727316  0.647063   -0.426365  0.0163866 
-0.727316  0.647063   -0.426365  0.00754492
-0.758733  0.659928   -0.434125  0.00885569
-0.804601  0.578258   -0.437075  0.00839787
-0.804601  0.578258   -0.437075  0.0242988 
-0.804601  0.578258   -0.437075  0.02147   
-0.804601  0.578258   -0.437075  0.00875083
-0.734124  0.57203    -0.410705  0.00752675
-0.825232  0.590764   -0.434003  0.0197904 
-0.825232  0.590764   -0.434003  0.00631531
-0.78213   0.600477   -0.453786  0.00864759
-0.714475  0.673939   -0.420674  0.00793189
-0.714475  0.673939   -0.420674  0.00707313
-0.762805  0.644717   -0.443916  0.0104947 
-0.762805  0.644717   -0.443916  0.00636642
-0.757043  0.630273   -0.441654  0.0268641 
-0.807709  0.69558    -0.388508  0.0227253 
-0.807709  0.69558    -0.388508  0.0149207 
-0.905618  0.606579   -0.391822  0.0173943 
-0.905618  0.606579   -0.391822  0.0172786 
-0.905618  0.606579   -0.391822  0.014785  
-0.906514  0.67315    -0.381282  0.0315535 
-0.906514  0.67315    -0.381282  0.0192358 
-0.924919  0.676349   -0.347732  0.0206976 
-0.91887   0.720097   -0.319302  0.0294447 
-0.869374  0.79346    -0.265531  0.0194185 
-0.801907  0.719512   -0.365547  0.00706979
-0.816608  0.643451   -0.442503  0.00863191
-0.81032   0.600685   -0.437193  0.0174318 
-0.81032   0.600685   -0.437193  0.00950483
-0.81032   0.600685   -0.437193  0.0102181 
-0.816937  0.562165   -0.415343  0.0141383 
-0.78244   0.577232   -0.409962  0.0125077 
-0.762291  0.545035   -0.449719  0.02492   
-0.762291  0.545035   -0.449719  0.0298681 
-0.762291  0.545035   -0.449719  0.0228731 
-0.762291  0.545035   -0.449719  0.0259216 
-0.762291  0.545035   -0.449719  0.00867339
-0.762291  0.545035   -0.449719  0.0165196 
-0.762291  0.545035   -0.449719  0.0116495 
-0.762291  0.545035   -0.449719  0.00699525
-0.774288  0.601242   -0.44514   0.0104359 
-0.774288  0.601242   -0.44514   0.00558481
-0.748167  0.623111   -0.433542  0.0208238 
-0.833293  0.722002   -0.374584  0.0256922 
-0.833293  0.722002   -0.374584  0.0100959 
-0.866792  0.651504   -0.429952  0.019087  
-0.866792  0.651504   -0.429952  0.0231754 
-0.866792  0.651504   -0.429952  0.00910567
-0.866792  0.651504   -0.429952  0.0218982 
-0.866792  0.651504   -0.429952  0.010462  
-0.859671  0.594113   -0.415889  0.0177055 
-0.859671  0.594113   -0.415889  0.0112761 
-0.837846  0.641727   -0.429578  0.0202554 
-0.837846  0.641727   -0.429578  0.00643371
-0.752496  0.60568    -0.432245  0.00711669
-0.695556  0.616284   -0.401234  0.0135889 
-0.695556  0.616284   -0.401234  0.0113107 
-0.695556  0.616284   -0.401234  0.00726674
-0.698992  0.596664   -0.407565  0.0166506 
-0.698992  0.596664   -0.407565  0.0103393 
-0.698992  0.596664   -0.407565  0.0124271 
-0.698992  0.596664   -0.407565  0.00967116
-0.72511   0.679471   -0.396166  0.00847406
-0.75658   0.659699   -0.431455  0.0142665 
-0.75658   0.659699   -0.431455  0.0113671 
-0.75658   0.659699   -0.431455  0.01631   
-0.75658   0.659699   -0.431455  0.00594063
-0.789009  0.630644   -0.444147  0.009219  
-0.797769  0.567979   -0.42109   0.0101004 
-0.787571  0.559879   -0.424988  0.014563  
-0.787571  0.559879   -0.424988  0.0239061 
-0.787571  0.559879   -0.424988  0.0111024 
-0.787571  0.559879   -0.424988  0.00733508
-0.787793  0.588483   -0.427861  0.0133834 
-0.787793  0.588483   -0.427861  0.00910023
-0.781939  0.572396   -0.417773  0.0156085 
-0.693357  0.520041   -0.358124  0.00816496
-0.660403  0.60324    -0.372842  0.0107903 
-0.660403  0.60324    -0.372842  0.00887241
-0.660403  0.60324    -0.372842  0.0109026 
-0.660403  0.60324    -0.372842  0.0148488 
-0.660403  0.60324    -0.372842  0.0110633 
-0.668311  0.555912   -0.375716  0.0124913 
-0.675876  0.540379   -0.36148   0.0240455 
-0.675876  0.540379   -0.36148   0.0158671 
-0.675876  0.540379   -0.36148   0.0131504 
-0.675876  0.540379   -0.36148   0.00894708
-0.639366  0.616988   -0.357799  0.00666357
-0.72052   0.660654   -0.436003  0.00953098
-0.72052   0.660654   -0.436003  0.0180524 
-0.72052   0.660654   -0.436003  0.0101017 
-0.72052   0.660654   -0.436003  0.0109127 
-0.752991  0.701607   -0.405531  0.00741449
-0.703176  0.605615   -0.429808  0.0103434 
-0.703176  0.605615   -0.429808  0.00892062
-0.703176  0.605615   -0.429808  0.00890169
-0.694593  0.574035   -0.399073  0.00708456
-0.779748  0.643159   -0.447344  0.0179936 
-0.779748  0.643159   -0.447344  0.0136418 
-0.718184  0.731395   -0.399253  0.0120841 
-0.718184  0.731395   -0.399253  0.0281724 
-0.718184  0.731395   -0.399253  0.0208419 
-0.718184  0.731395   -0.399253  0.0116264 
-0.718184  0.731395   -0.399253  0.0116113 
-0.815021  0.675216   -0.426302  0.00662132
-0.815021  0.675216   -0.426302  0.0265179 
-0.815021  0.675216   -0.426302  0.0158542 
-0.787448  0.630753   -0.426056  0.00879715
-0.793225  0.645879   -0.433289  0.015428  
-0.84847   0.710128   -0.419886  0.028214  
-0.84847   0.710128   -0.419886  0.00958639
-0.804669  0.659353   -0.440097  0.0128149 
-0.804669  0.659353   -0.440097  0.0118548 
-0.804669  0.659353   -0.440097  0.0118553 
-0.804669  0.659353   -0.440097  0.00844342
-0.785158  0.62518    -0.432969  0.0130473 
-0.785158  0.62518    -0.432969  0.0111609 
-0.785158  0.62518    -0.432969  0.00786597
-0.785158  0.62518    -0.432969  0.015728  
-0.785158  0.62518    -0.432969  0.0099469 
-0.783273  0.683058   -0.418532  0.0112697 
-0.783273  0.683058   -0.418532  0.0195368 
-0.783273  0.683058   -0.418532  0.00653483
-0.730494  0.607658   -0.43848   0.00724716
-0.794889  0.64915    -0.439128  0.0109897 
-0.768525  0.67124    -0.417925  0.00685653
-0.725124  0.655358   -0.416709  0.0196266 
-0.725124  0.655358   -0.416709  0.0113447 
-0.65822   0.667771   -0.381986  0.00771892
-0.663851  0.654514   -0.380089  0.0231771 
-0.663851  0.654514   -0.380089  0.00817602
-0.658947  0.630643   -0.384667  0.00887965
-0.730285  0.573084   -0.423015  0.0132666 
-0.730285  0.573084   -0.423015  0.00918538
-0.67254   0.667255   -0.382242  0.00793936
-0.737084  0.592221   -0.416425  0.00765848
-0.762102  0.639653   -0.429915  0.0113683 
-0.762102  0.639653   -0.429915  0.00799356
-0.823071  0.581924   -0.427356  0.0141331 
-0.823071  0.581924   -0.427356  0.01652   
-0.823071  0.581924   -0.427356  0.00962442
-0.849392  0.635266   -0.435761  0.00829593
-0.78534   0.640528   -0.430988  0.0146129 
-0.780023  0.68498    -0.401231  0.00679918
-0.741579  0.612764   -0.426331  0.00982591
-0.741579  0.612764   -0.426331  0.00974402
-0.741579  0.612764   -0.426331  0.0107196 
-0.773484  0.556009   -0.424871  0.00669244
-0.71266   0.611505   -0.397888  0.00968759
-0.71266   0.611505   -0.397888  0.00658296
-0.755192  0.63208    -0.428149  0.0221148 
-0.755192  0.63208    -0.428149  0.0168951 
-0.755192  0.63208    -0.428149  0.00688471
-0.770115  0.591937   -0.433011  0.0057878 
-0.769612  0.636889   -0.428222  0.00866993
-0.769612  0.636889   -0.428222  0.00777365
-0.769612  0.636889   -0.428222  0.00766967
-0.769612  0.636889   -0.428222  0.0083615 
-0.764158  0.658866   -0.435444  0.00997725
-0.724739  0.684672   -0.408729  0.00844357
-0.724739  0.684672   -0.408729  0.0128625 
-0.782513  0.684314   -0.418076  0.0135231 
-0.782513  0.684314   -0.418076  0.00794216
-0.810881  0.660084   -0.448922  0.0105273 
-0.810881  0.660084   -0.448922  0.0188189 
-0.810881  0.660084   -0.448922  0.00826   
-0.810881  0.660084   -0.448922  0.00740323
-0.810881  0.660084   -0.448922  0.0201472 
-0.810881  0.660084   -0.448922  0.0199914 
-0.810881  0.660084   -0.448922  0.00935729
-0.810881  0.660084   -0.448922  0.0132019 
-0.737877  0.720334   -0.385863  0.0293229 
-0.767641  0.79157    -0.311752  0.0213641 
-0.767641  0.79157    -0.311752  0.0115192 
-0.768363  0.718014   -0.409685  0.00712383
-0.798231  0.619531   -0.43631   0.00722648
-0.810327  0.589592   -0.449469  0.00679554
-0.810327  0.589592   -0.449469  0.00811717
-0.794262  0.634371   -0.44535   0.0126228 
-0.794262  0.634371   -0.44535   0.00639799
-0.739841  0.631637   -0.433966  0.00856206
-0.803613  0.573751   -0.4352    0.00803442
-0.874299  0.596406   -0.43373   0.0107802 
-0.874299  0.596406   -0.43373   0.00643796
-0.79807   0.596699   -0.443517  0.00816048
-0.79807   0.596699   -0.443517  0.00875644
-0.79807   0.596699   -0.443517  0.0120268 
-0.79807   0.596699   -0.443517  0.0112182 
-0.79807   0.596699   -0.443517  0.0133058 
-0.79807   0.596699   -0.443517  0.0133781 
-0.79807   0.596699   -0.443517  0.0138413 
-0.79807   0.596699   -0.443517  0.0152458 
-0.79807   0.596699   -0.443517  0.00883143
-0.79807   0.596699   -0.443517  0.00701108
-0.79807   0.596699   -0.443517  0.00686544
-0.741931  0.599327   -0.43093   0.0117112 
-0.741931  0.599327   -0.43093   0.00674115
-0.799822  0.603106   -0.429854  0.016677  
-0.799822  0.603106   -0.429854  0.0127748 
-0.799822  0.603106   -0.429854  0.016547  
-0.799822  0.603106   -0.429854  0.011304  
-0.799822  0.603106   -0.429854  0.0153375 
-0.799822  0.603106   -0.429854  0.0136163 
-0.799822  0.603106   -0.429854  0.0170409 
-0.799822  0.603106   -0.429854  0.0143067 
-0.799822  0.603106   -0.429854  0.0103047 
-0.865035  0.647455   -0.433245  0.0128744 
-0.865035  0.647455   -0.433245  0.0106253 
-0.865035  0.647455   -0.433245  0.0207528 
-0.865035  0.647455   -0.433245  0.0200746 
-0.865035  0.647455   -0.433245  0.0147051 
-0.865035  0.647455   -0.433245  0.0178302 
-0.865035  0.647455   -0.433245  0.0160428 
-0.865035  0.647455   -0.433245  0.0177896 
-0.865035  0.647455   -0.433245  0.0157145 
-0.80316   0.739439   -0.362049  0.0193713 
-0.783492  0.690139   -0.377158  0.0235061 
-0.783492  0.690139   -0.377158  0.00728988
-0.721134  0.658461   -0.433402  0.00714616
-0.721134  0.658461   -0.433402  0.0124582 
-0.785638  0.684613   -0.403227  0.00843267
-0.724588  0.6642     -0.404325  0.0100457 
-0.724588  0.6642     -0.404325  0.00886727
-0.724588  0.6642     -0.404325  0.0128632 
-0.724588  0.6642     -0.404325  0.0224671 
-0.724588  0.6642     -0.404325  0.0112834 
-0.71211   0.685938   -0.390471  0.0123319 
-0.71211   0.685938   -0.390471  0.00965025
-0.728934  0.68037    -0.409855  0.00801538
-0.688676  0.622553   -0.410567  0.0111142 
-0.688676  0.622553   -0.410567  0.00674939
-0.718196  0.648605   -0.424434  0.00947708
-0.718196  0.648605   -0.424434  0.00984989
-0.718196  0.648605   -0.424434  0.00751271
-0.725637  0.63216    -0.428998  0.0123727 
-0.774446  0.542824   -0.41066   0.0141856 
-0.774446  0.542824   -0.41066   0.00717305
-0.766745  0.592481   -0.42706   0.0107677 
-0.810275  0.557114   -0.424127  0.00957053
-0.842465  0.615179   -0.442191  0.0170229 
-0.842465  0.615179   -0.442191  0.0123533 
-0.842465  0.615179   -0.442191  0.0160947 
-0.842465  0.615179   -0.442191  0.0186715 
-0.842465  0.615179   -0.442191  0.0109205 
-0.807861  0.558947   -0.420581  0.00709102
-0.81493   0.647967   -0.448073  0.0103943 
-0.885002  0.64654    -0.41667   0.0103152 
-0.882458  0.572301   -0.40047   0.0140023 
-0.882458  0.572301   -0.40047   0.0147395 
-0.874318  0.652226   -0.409957  0.00632714
-0.815841  0.628043   -0.449685  0.0130546 
-0.815841  0.628043   -0.449685  0.0069173 
-0.815419  0.590577   -0.449956  0.00808343
-0.74818   0.674101   -0.429056  0.0071527 
-0.776061  0.619606   -0.45725   0.0101937 
-0.719996  0.687499   -0.412173  0.0120859 
-0.697255  0.73302    -0.377351  0.0172609 
-0.763193  0.774372   -0.369607  0.0125042 
-0.852003  0.702596   -0.416766  0.0263392 
-0.852003  0.702596   -0.416766  0.0170722 
-0.852003  0.702596   -0.416766  0.0305971 
-0.852003  0.702596   -0.416766  0.0100716 
-0.881269  0.633646   -0.408848  0.00975414
-0.848724  0.667184   -0.433357  0.0100234 
-0.81704   0.645157   -0.43889   0.0187529 
-0.81704   0.645157   -0.43889   0.0115794 
-0.832838  0.678857   -0.436667  0.0209883 
-0.832838  0.678857   -0.436667  0.0202606 
-0.832838  0.678857   -0.436667  0.0177219 
-0.832838  0.678857   -0.436667  0.00786243
-0.858715  0.586867   -0.42566   0.0199277 
-0.858715  0.586867   -0.42566   0.0178716 
-0.858715  0.586867   -0.42566   0.0107674 
-0.917181  0.591248   -0.385052  0.0121594 
-0.920808  0.627777   -0.385875  0.0128217 
-0.861001  0.539481   -0.384502  0.0188575 
-0.861001  0.539481   -0.384502  0.0246756 
-0.861001  0.539481   -0.384502  0.0138127 
-0.861001  0.539481   -0.384502  0.0285056 
-0.861001  0.539481   -0.384502  0.0132837 
-0.821056  0.534555   -0.376544  0.015874  
-0.821056  0.534555   -0.376544  0.00822719
-0.886776  0.611665   -0.416862  0.0100785 
-0.884326  0.563      -0.405506  0.0148783 
-0.884326  0.563      -0.405506  0.011897  
-0.956242  0.613889   -0.357183  0.0114311 
-0.956242  0.613889   -0.357183  0.0260504 
-0.956242  0.613889   -0.357183  0.0164645 
-0.956242  0.613889   -0.357183  0.0341706 
-0.956242  0.613889   -0.357183  0.0146495 
-0.956242  0.613889   -0.357183  0.0205303 
-0.956242  0.613889   -0.357183  0.00943509
-0.896564  0.596764   -0.412296  0.00910424
-0.840492  0.67221    -0.433838  0.00663991
-0.781143  0.601526   -0.434446  0.00909769
-0.781143  0.601526   -0.434446  0.0184553 
-0.781143  0.601526   -0.434446  0.00947085
-0.781143  0.601526   -0.434446  0.00755668
-0.781143  0.601526   -0.434446  0.012861  
-0.781143  0.601526   -0.434446  0.00799254
-0.844031  0.592178   -0.43362   0.0168395 
-0.844031  0.592178   -0.43362   0.0188294 
-0.844031  0.592178   -0.43362   0.00980827
-0.844031  0.592178   -0.43362   0.0161745 
-0.844031  0.592178   -0.43362   0.0171104 
-0.844031  0.592178   -0.43362   0.0178408 
-0.844031  0.592178   -0.43362   0.00974072
-0.831786  0.658191   -0.450922  0.0134006 
-0.831786  0.658191   -0.450922  0.0234687 
-0.831786  0.658191   -0.450922  0.00677355
-0.821428  0.600194   -0.440612  0.00594559
-0.813476  0.62715    -0.448172  0.0108265 
-0.813476  0.62715    -0.448172  0.00888965
-0.825764  0.575328   -0.450004  0.0101062 
-0.825764  0.575328   -0.450004  0.00922729
-0.828124  0.621068   -0.433189  0.00769969
-0.809084  0.585276   -0.444883  0.00688274
-0.726034  0.651443   -0.418439  0.0142735 
-0.740361  0.712465   -0.39293   0.00787429
-0.671231  0.643493   -0.394463  0.00857963
-0.669556  0.595096   -0.391092  0.0142078 
-0.669556  0.595096   -0.391092  0.0102537 
-0.605092  0.674086   -0.333668  0.0121522 
-0.605092  0.674086   -0.333668  0.0116071 
-0.643078  0.703114   -0.374473  0.0077503 
-0.686588  0.611171   -0.411672  0.0113718 
-0.686588  0.611171   -0.411672  0.00916471
-0.779313  0.664221   -0.427457  0.0139637 
-0.814807  0.689143   -0.417484  0.017863  
-0.814807  0.689143   -0.417484  0.00934128
-0.73371   0.664459   -0.41564   0.018364  
-0.795949  0.64208    -0.404088  0.00912437
-0.757807  0.651438   -0.433509  0.00799296
-0.828645  0.641588   -0.442858  0.0158682 
-0.83221   0.670353   -0.40558   0.00884489
-0.829611  0.642457   -0.441035  0.0129601 
-0.829611  0.642457   -0.441035  0.00752222
-0.817312  0.635484   -0.437311  0.0188493 
-0.817312  0.635484   -0.437311  0.0143065 
-0.817312  0.635484   -0.437311  0.0100135 
-0.828168  0.660333   -0.432676  0.0367313 
-0.828168  0.660333   -0.432676  0.00820093
-0.755907  0.580198   -0.449128  0.0200837 
-0.755907  0.580198   -0.449128  0.00903097
-0.658437  0.677179   -0.372259  0.00919084
-0.653948  0.665292   -0.372467  0.0105679 
-0.656735  0.681074   -0.356752  0.0142351 
-0.656735  0.681074   -0.356752  0.0133129 
-0.656735  0.681074   -0.356752  0.0100021 
-0.616489  0.611133   -0.344326  0.0140876 
-0.616489  0.611133   -0.344326  0.0129681 
-0.616489  0.611133   -0.344326  0.0154424 
-0.616489  0.611133   -0.344326  0.0145919 
-0.616489  0.611133   -0.344326  0.0130646 
-0.616489  0.611133   -0.344326  0.0128252 
-0.63664   0.689326   -0.346113  0.0159919 
-0.63664   0.689326   -0.346113  0.00804383
-0.657157  0.624722   -0.374436  0.00986275
-0.657157  0.624722   -0.374436  0.0126849 
-0.657157  0.624722   -0.374436  0.0149765 
-0.657157  0.624722   -0.374436  0.00972063
-0.632128  0.682842   -0.359844  0.00794571
-0.684554  0.624612   -0.403598  0.00878139
-0.684554  0.624612   -0.403598  0.00680782
-0.7519    0.597798   -0.438362  0.011786  
-0.747312  0.5471     -0.411662  0.0225839 
-0.747312  0.5471     -0.411662  0.0114656 
-0.747312  0.5471     -0.411662  0.0109962 
-0.747312  0.5471     -0.411662  0.00736665
-0.708196  0.605764   -0.425516  0.0129068 
-0.708196  0.605764   -0.425516  0.00744517
-0.712785  0.658229   -0.42778   0.00931934
-0.712785  0.658229   -0.42778   0.00853349
-0.78169   0.651952   -0.427009  0.0123147 
-0.78169   0.651952   -0.427009  0.00905882
-0.854216  0.586919   -0.439131  0.00675391
-0.763819  0.608893   -0.443648  0.00612002
-0.75426   0.614951   -0.446056  0.00839596
-0.843464  0.636234   -0.434388  0.0131617 
-0.843464  0.636234   -0.434388  0.00788552
-0.747628  0.580783   -0.427305  0.0126524 
-0.747628  0.580783   -0.427305  0.0073306 
-0.763148  0.604445   -0.439434  0.0140818 
-0.763148  0.604445   -0.439434  0.0078716 
-0.763148  0.604445   -0.439434  0.0164752 
-0.763148  0.604445   -0.439434  0.0076785 
-0.743935  0.676721   -0.420565  0.0189268 
-0.743935  0.676721   -0.420565  0.0209585 
-0.743935  0.676721   -0.420565  0.0108438 
-0.792701  0.661568   -0.419037  0.0193671 
-0.792701  0.661568   -0.419037  0.0093111 
-0.712275  0.564644   -0.398991  0.00896164
-0.667611  0.621377   -0.382893  0.00987159
-0.667611  0.621377   -0.382893  0.0078936 
-0.765578  0.663542   -0.429996  0.0207269 
-0.765578  0.663542   -0.429996  0.00856563
-0.844832  0.584709   -0.449516  0.0163827 
-0.844832  0.584709   -0.449516  0.0144167 
-0.844832  0.584709   -0.449516  0.00961584
-0.844832  0.584709   -0.449516  0.0155641 
-0.844832  0.584709   -0.449516  0.0113568 
-0.844832  0.584709   -0.449516  0.0142511 
-0.844832  0.584709   -0.449516  0.00774938
-0.868852  0.6084     -0.434287  0.00813878
-0.774987  0.687689   -0.436901  0.0084926 
-0.774987  0.687689   -0.436901  0.0161537 
-0.774987  0.687689   -0.436901  0.00618618
-0.742386  0.634116   -0.439915  0.0113107 
-0.742386  0.634116   -0.439915  0.0142708 
-0.742386  0.634116   -0.439915  0.00844948
-0.784078  0.617231   -0.431536  0.00719347
-0.794349  0.588003   -0.450611  0.0083631 
-0.794349  0.588003   -0.450611  0.0120002 
-0.794349  0.588003   -0.450611  0.00792175
-0.844193  0.621487   -0.433042  0.00892569
-0.816639  0.57468    -0.436215  0.00603713
-0.80752   0.634055   -0.4573    0.00605788
-0.76604   0.603055   -0.439147  0.0158131 
-0.76604   0.603055   -0.439147  0.00774781
-0.687959  0.594594   -0.39379   0.00669283
-0.704287  0.616877   -0.414424  0.0100696 
-0.704287  0.616877   -0.414424  0.00947577
-0.704287  0.616877   -0.414424  0.00904836
-0.704287  0.616877   -0.414424  0.010238  
-0.704287  0.616877   -0.414424  0.00967005
-0.704287  0.616877   -0.414424  0.0105716 
-0.770791  0.64494    -0.434486  0.00877836
-0.770791  0.64494    -0.434486  0.0140713 
-0.802944  0.724183   -0.399199  0.00944614
-0.745834  0.672926   -0.411443  0.00829819
-0.772078  0.660219   -0.430051  0.012416  
-0.797923  0.681658   -0.41088   0.0155598 
-0.797923  0.681658   -0.41088   0.00644179
-0.71735   0.651295   -0.424673  0.00944987
-0.65269   0.661999   -0.370887  0.0111685 
-0.65269   0.661999   -0.370887  0.0106232 
-0.65269   0.661999   -0.370887  0.0114605 
-0.717346  0.720202   -0.396522  0.00675994
-0.708157  0.655661   -0.412814  0.0280209 
-0.797189  0.718583   -0.359097  0.0153155 
-0.859502  0.703048   -0.375893  0.0272333 
-0.859502  0.703048   -0.375893  0.0102143 
-0.883116  0.672309   -0.427293  0.0120888 
-0.883116  0.672309   -0.427293  0.00939958
-0.911511  0.608683   -0.390637  0.0166173 
-0.911511  0.608683   -0.390637  0.0112453 
-0.906115  0.590676   -0.384151  0.00978962
-0.909078  0.566503   -0.372179  0.019662  
-0.909078  0.566503   -0.372179  0.0099565 
-0.851453  0.644024   -0.426679  0.0204728 
-0.851453  0.644024   -0.426679  0.0202702 
-0.851453  0.644024   -0.426679  0.00774776
-0.827003  0.585443   -0.446261  0.00585366
-0.827003  0.585443   -0.446261  0.00679472
-0.798855  0.611914   -0.441737  0.0107267 
-0.798855  0.611914   -0.441737  0.00738179
-0.798855  0.611914   -0.441737  0.0135889 
-0.798855  0.611914   -0.441737  0.00992625
-0.798855  0.611914   -0.441737  0.0112677 
-0.798855  0.611914   -0.441737  0.0127772 
-0.798855  0.611914   -0.441737  0.00901474
-0.798855  0.611914   -0.441737  0.0158512 
-0.859839  0.66208    -0.400142  0.0253259 
-0.859839  0.66208    -0.400142  0.00863962
-0.853091  0.574222   -0.415143  0.0245081 
-0.853091  0.574222   -0.415143  0.009223  
-0.868152  0.609474   -0.410922  0.0148683 
-0.833523  0.64222    -0.419976  0.00776661
-0.79497   0.644481   -0.441361  0.0130842 
-0.877076  0.708542   -0.400035  0.02717   
-0.877076  0.708542   -0.400035  0.0230848 
-0.877076  0.708542   -0.400035  0.0153242 
-0.877076  0.708542   -0.400035  0.0165015 
-0.877076  0.708542   -0.400035  0.0103254 
-0.80468   0.661441   -0.428303  0.014118  
-0.80468   0.661441   -0.428303  0.020961  
-0.80468   0.661441   -0.428303  0.00678853
-0.827124  0.611745   -0.44909   0.00667583
-0.732344  0.600785   -0.433212  0.0123476 
-0.732344  0.600785   -0.433212  0.00942404
-0.732344  0.600785   -0.433212  0.0126409 
-0.732344  0.600785   -0.433212  0.0167421 
-0.732344  0.600785   -0.433212  0.00964582
-0.792127  0.650566   -0.433281  0.00947788
-0.805925  0.634137   -0.432328  0.0198746 
-0.805925  0.634137   -0.432328  0.0102426 
-0.71869   0.688132   -0.406196  0.0213608 
-0.71869   0.688132   -0.406196  0.0150237 
-0.662761  0.707061   -0.374936  0.0114658 
-0.662761  0.707061   -0.374936  0.0319428 
-0.662761  0.707061   -0.374936  0.0108512 
-0.644116  0.699081   -0.362545  0.00828058
-0.678854  0.652738   -0.388529  0.00688762
-0.736582  0.594453   -0.435509  0.00948491
-0.736582  0.594453   -0.435509  0.0101828 
-0.736582  0.594453   -0.435509  0.0153713 
-0.736582  0.594453   -0.435509  0.00714329
-0.73377   0.638716   -0.434299  0.00800885
-0.679945  0.671394   -0.402605  0.0110763 
-0.679945  0.671394   -0.402605  0.0123573 
-0.679945  0.671394   -0.402605  0.014506  
-0.66159   0.76067    -0.34172   0.00936774
-0.676695  0.671551   -0.398307  0.00877719
-0.692946  0.693123   -0.391606  0.00705745
-0.710449  0.627396   -0.407987  0.0110182 
-0.710449  0.627396   -0.407987  0.0064633 
-0.725187  0.620924   -0.41611   0.0171427 
-0.725187  0.620924   -0.41611   0.00837135
-0.653796  0.652532   -0.385912  0.0112857 
-0.653796  0.652532   -0.385912  0.0107069 
-0.653796  0.652532   -0.385912  0.00943095
-0.632715  0.618949   -0.36007   0.0125914 
-0.689427  0.538663   -0.342132  0.0129348 
-0.689427  0.538663   -0.342132  0.0217004 
-0.787529  0.489473   -0.236041  0.0405725 
-0.787529  0.489473   -0.236041  0.00891761
-0.729281  0.573005   -0.425748  0.0104224 
-0.729281  0.573005   -0.425748  0.0159225 
-0.729281  0.573005   -0.425748  0.00971072
-0.729281  0.573005   -0.425748  0.00964812
-0.729281  0.573005   -0.425748  0.0219288 
-0.729281  0.573005   -0.425748  0.00860429
-0.729281  0.573005   -0.425748  0.0115844 
-0.771659  0.671949   -0.402563  0.00886889
-0.800441  0.574565   -0.429595  0.0114204 
-0.839703  0.656086   -0.426187  0.0187606 
-0.864437  0.706311   -0.376033  0.0160193 
-0.926847  0.653059   -0.358024  0.0120819 
-0.864576  0.643299   -0.412076  0.00900457
-0.875556  0.593866   -0.416917  0.0128269 
-0.815119  0.539023   -0.389213  0.00722507
-0.809301  0.592499   -0.438734  0.0198905 
-0.809301  0.592499   -0.438734  0.0139127 
-0.789336  0.525823   -0.352327  0.00856786
-0.708107  0.579001   -0.427483  0.0144766 
-0.754003  0.527251   -0.392778  0.0165272 
-0.754003  0.527251   -0.392778  0.0101915 
-0.754003  0.527251   -0.392778  0.014335  
-0.690523  0.521892   -0.312966  0.0230046 
-0.690523  0.521892   -0.312966  0.024967  
-0.690523  0.521892   -0.312966  0.0141763 
-0.690523  0.521892   -0.312966  0.0171023 
-0.690523  0.521892   -0.312966  0.0336316 
-0.690523  0.521892   -0.312966  0.0285442 
-0.690523  0.521892   -0.312966  0.0360041 
-0.690523  0.521892   -0.312966  0.0112072 
-0.5965    0.585382   -0.301856  0.0159063 
-0.5965    0.585382   -0.301856  0.00897267
-0.631391  0.653284   -0.353371  0.0118903 
-0.631391  0.653284   -0.353371  0.0107721 
-0.631391  0.653284   -0.353371  0.0130801 
-0.618115  0.718874   -0.358338  0.0129975 
-0.618115  0.718874   -0.358338  0.0137992 
-0.618115  0.718874   -0.358338  0.00981992
-0.66687   0.704582   -0.379804  0.0124014 
-0.66687   0.704582   -0.379804  0.00989986
-0.66687   0.704582   -0.379804  0.012053  
-0.685137  0.741882   -0.369507  0.0202196 
-0.685137  0.741882   -0.369507  0.0160091 
-0.685137  0.741882   -0.369507  0.0172298 
-0.685137  0.741882   -0.369507  0.00675831
-0.777044  0.660913   -0.445297  0.00969516
-0.830351  0.649214   -0.445235  0.0268248 
-0.830351  0.649214   -0.445235  0.0128395 
-0.830351  0.649214   -0.445235  0.00998518
-0.789778  0.565302   -0.428     0.00796433
-0.829282  0.59881    -0.448396  0.013132  
-0.829282  0.59881    -0.448396  0.0113099 
-0.829282  0.59881    -0.448396  0.0194004 
-0.829282  0.59881    -0.448396  0.0078416 
-0.768962  0.636776   -0.433562  0.011566  
-0.841995  0.622999   -0.427483  0.00746592
-0.744157  0.590609   -0.444615  0.0106956 
-0.744157  0.590609   -0.444615  0.0087359 
-0.744157  0.590609   -0.444615  0.0183479 
-0.744157  0.590609   -0.444615  0.00939291
-0.659903  0.601719   -0.370326  0.00898107
-0.640252  0.667212   -0.357759  0.0125592 
-0.640252  0.667212   -0.357759  0.00722796
-0.702893  0.604316   -0.404064  0.0068198 
-0.798695  0.6164     -0.437132  0.0106249 
-0.798695  0.6164     -0.437132  0.0106652 
-0.798695  0.6164     -0.437132  0.00719252
-0.798695  0.6164     -0.437132  0.00641832
-0.802853  0.630788   -0.444057  0.0132997 
-0.801441  0.675856   -0.42288   0.0112478 
-0.735089  0.697771   -0.39852   0.00855348
-0.750521  0.66645    -0.424246  0.00823489
-0.759422  0.572666   -0.422406  0.00752199
-0.77732   0.585939   -0.445226  0.019108  
-0.77732   0.585939   -0.445226  0.0199226 
-0.77732   0.585939   -0.445226  0.010461  
-0.732833  0.659909   -0.424045  0.0158676 
-0.732833  0.659909   -0.424045  0.00775199
-0.748679  0.58398    -0.421974  0.0183063 
-0.748679  0.58398    -0.421974  0.00695682
-0.796289  0.643395   -0.445904  0.00687346
-0.808416  0.643794   -0.443781  0.00767481
-0.793859  0.585195   -0.433554  0.015452  
-0.793859  0.585195   -0.433554  0.00783586
-0.706733  0.589918   -0.407442  0.0174616 
-0.706733  0.589918   -0.407442  0.0243088 
-0.706733  0.589918   -0.407442  0.0101888 
-0.706733  0.589918   -0.407442  0.00620807
-0.782741  0.60911    -0.440854  0.0131469 
-0.782741  0.60911    -0.440854  0.00875821
-0.784906  0.60199    -0.44223   0.0103093 
-0.775138  0.559261   -0.434205  0.012038  
-0.827476  0.545722   -0.406515  0.0104923 
-0.874489  0.571202   -0.41875   0.013832  
-0.874489  0.571202   -0.41875   0.00583907
-0.776368  0.60967    -0.446985  0.00693966
-0.788181  0.646009   -0.445531  0.0113239 
-0.779747  0.641668   -0.423341  0.00998452
-0.802244  0.663831   -0.429705  0.0140785 
-0.802244  0.663831   -0.429705  0.0288022 
-0.802244  0.663831   -0.429705  0.0108004 
-0.802244  0.663831   -0.429705  0.00671474
-0.785407  0.631142   -0.441637  0.0138393 
-0.785407  0.631142   -0.441637  0.00796478
-0.8243    0.601766   -0.444056  0.00931356
-0.8243    0.601766   -0.444056  0.0109256 
-0.8243    0.601766   -0.444056  0.0132188 
-0.8243    0.601766   -0.444056  0.00872317
-0.814826  0.658834   -0.437166  0.0146414 
-0.814826  0.658834   -0.437166  0.0151561 
-0.814826  0.658834   -0.437166  0.0160139 
-0.814826  0.658834   -0.437166  0.00807312
-0.737057  0.681247   -0.420501  0.0234469 
-0.737057  0.681247   -0.420501  0.0153859 
-0.737057  0.681247   -0.420501  0.0126588 
-0.737057  0.681247   -0.420501  0.0186    
-0.737057  0.681247   -0.420501  0.00784668
-0.733055  0.584402   -0.426564  0.0198141 
-0.733055  0.584402   -0.426564  0.0143988 
-0.733055  0.584402   -0.426564  0.00722755
-0.808497  0.597907   -0.439916  0.00764455
-0.808497  0.597907   -0.439916  0.0142286 
-0.808497  0.597907   -0.439916  0.00659571
-0.808497  0.597907   -0.439916  0.00700609
-0.808497  0.597907   -0.439916  0.00735084
-0.807256  0.592367   -0.437068  0.00698484
-0.807256  0.592367   -0.437068  0.00811331
-0.806759  0.579203   -0.437444  0.0160532 
-0.814692  0.520109   -0.353263  0.0203136 
-0.814692  0.520109   -0.353263  0.0227622 
-0.814692  0.520109   -0.353263  0.0262541 
-0.814692  0.520109   -0.353263  0.00731329
-0.770357  0.606568   -0.435448  0.0117612 
-0.770357  0.606568   -0.435448  0.00634183
-0.715334  0.637713   -0.426316  0.01134   
-0.715334  0.637713   -0.426316  0.0136247 
-0.715334  0.637713   -0.426316  0.0130822 
-0.8062    0.540272   -0.414334  0.0306572 
-0.8062    0.540272   -0.414334  0.0164681 
-0.8062    0.540272   -0.414334  0.0303135 
-0.8062    0.540272   -0.414334  0.0292526 
-0.8062    0.540272   -0.414334  0.0167994 
-0.8062    0.540272   -0.414334  0.00968095
-0.774874  0.565483   -0.415141  0.022112  
-0.774874  0.565483   -0.415141  0.00950194
-0.802452  0.660834   -0.441526  0.00747751
-0.833788  0.623767   -0.432772  0.00734736
-0.849902  0.613111   -0.44093   0.0111704 
-0.888315  0.555745   -0.383559  0.0111701 
-0.891222  0.559155   -0.386481  0.013177  
-0.943821  0.633986   -0.369726  0.0261016 
-0.943821  0.633986   -0.369726  0.0224294 
-0.943821  0.633986   -0.369726  0.0109723 
-0.84981   0.55131    -0.381197  0.0073585 
-0.828104  0.604196   -0.452154  0.0124185 
-0.828104  0.604196   -0.452154  0.007088  
-0.82172   0.600916   -0.450235  0.0146195 
-0.82172   0.600916   -0.450235  0.0124423 
-0.82172   0.600916   -0.450235  0.0150571 
-0.82172   0.600916   -0.450235  0.018393  
-0.82172   0.600916   -0.450235  0.00839088
-0.878948  0.588804   -0.4226    0.00862818
-0.78632   0.57429    -0.421667  0.0191239 
-0.78632   0.57429    -0.421667  0.024322  
-0.78632   0.57429    -0.421667  0.00885865
-0.808616  0.581509   -0.439882  0.0183995 
-0.808616  0.581509   -0.439882  0.0137087 
-0.808616  0.581509   -0.439882  0.00939184
-0.808616  0.581509   -0.439882  0.00836998
-0.840981  0.622023   -0.442789  0.0109282 
-0.809417  0.666157   -0.428176  0.0120653 
-0.772604  0.706289   -0.409203  0.0129498 
-0.772604  0.706289   -0.409203  0.0212032 
-0.772604  0.706289   -0.409203  0.00795868
-0.713599  0.683155   -0.413227  0.00860525
-0.713599  0.683155   -0.413227  0.00712522
-0.743514  0.592287   -0.43257   0.00874487
-0.675212  0.58225    -0.380425  0.0134343 
-0.675212  0.58225    -0.380425  0.0133702 
-0.675212  0.58225    -0.380425  0.0116767 
-0.675212  0.58225    -0.380425  0.0095942 
-0.667631  0.571393   -0.354848  0.00952448
-0.626111  0.626316   -0.367071  0.0105329 
-0.686845  0.553865   -0.376131  0.0165593 
-0.697361  0.510374   -0.355583  0.00746345
-0.693848  0.60072    -0.404531  0.00634599
-0.731356  0.600233   -0.419752  0.00635454
-0.819712  0.629047   -0.448891  0.011221  
-0.819712  0.629047   -0.448891  0.0128441 
-0.852046  0.546027   -0.390467  0.00653071
-0.773041  0.603233   -0.446951  0.0111154 
-0.773041  0.603233   -0.446951  0.0104102 
-0.773041  0.603233   -0.446951  0.00786104
-0.785333  0.641904   -0.44281   0.0126104 
-0.785333  0.641904   -0.44281   0.00810128
-0.785333  0.641904   -0.44281   0.00670284
-0.754736  0.601238   -0.441153  0.00638998
-0.751717  0.613898   -0.434343  0.0090325 
-0.751717  0.613898   -0.434343  0.00948596
-0.751717  0.613898   -0.434343  0.0150799 
-0.751717  0.613898   -0.434343  0.0102282 
-0.66815   0.55615    -0.365201  0.0112964 
-0.728209  0.545078   -0.388312  0.0096231 
-0.824258  0.571285   -0.434549  0.0162996 
-0.824258  0.571285   -0.434549  0.0215857 
-0.824258  0.571285   -0.434549  0.00856896
-0.862462  0.640422   -0.430525  0.0111929 
-0.862462  0.640422   -0.430525  0.0161706 
-0.862462  0.640422   -0.430525  0.0188246 
-0.862462  0.640422   -0.430525  0.00835058
-0.862462  0.640422   -0.430525  0.00967814
-0.828754  0.640625   -0.433421  0.00837236
-0.773057  0.610277   -0.450828  0.0101516 
-0.773057  0.610277   -0.450828  0.00843155
-0.845605  0.627482   -0.438856  0.0160313 
-0.845605  0.627482   -0.438856  0.0136148 
-0.845605  0.627482   -0.438856  0.0109238 
-0.845605  0.627482   -0.438856  0.00609008
-0.810641  0.633426   -0.450139  0.0114504 
-0.810641  0.633426   -0.450139  0.0116504 
-0.810641  0.633426   -0.450139  0.00735926
-0.810641  0.633426   -0.450139  0.016865  
-0.810641  0.633426   -0.450139  0.0127614 
-0.810641  0.633426   -0.450139  0.00613114
-0.783449  0.603276   -0.450655  0.00921784
-0.808374  0.656851   -0.44331   0.0102329 
-0.808374  0.656851   -0.44331   0.00961486
-0.877597  0.618449   -0.413927  0.00952816
-0.877597  0.618449   -0.413927  0.00719113
-0.813254  0.64392    -0.448309  0.0176735 
-0.813254  0.64392    -0.448309  0.00931498
-0.813254  0.64392    -0.448309  0.0223338 
-0.813254  0.64392    -0.448309  0.0107382 
-0.758192  0.555051   -0.438865  0.0157332 
-0.758192  0.555051   -0.438865  0.0127899 
-0.758192  0.555051   -0.438865  0.0255354 
-0.758192  0.555051   -0.438865  0.00900928
-0.774414  0.569755   -0.418176  0.0079304 
-0.76352   0.640122   -0.435609  0.00713745
-0.76352   0.640122   -0.435609  0.00778594
-0.731441  0.585961   -0.443047  0.021405  
-0.731441  0.585961   -0.443047  0.0168587 
-0.731441  0.585961   -0.443047  0.0175667 
-0.731441  0.585961   -0.443047  0.00838614
-0.802111  0.57608    -0.435391  0.00981404
-0.801394  0.560533   -0.437417  0.00827407
-0.801394  0.560533   -0.437417  0.0176067 
-0.801394  0.560533   -0.437417  0.011407  
-0.801394  0.560533   -0.437417  0.0063245 
-0.746696  0.626444   -0.446276  0.0070405 
-0.721406  0.624534   -0.426881  0.00920163
-0.721406  0.624534   -0.426881  0.0080039 
-0.759747  0.57992    -0.433945  0.00957863
-0.818324  0.645454   -0.434979  0.00774466
-0.870216  0.60052    -0.434889  0.0124883 
-0.870216  0.60052    -0.434889  0.0157985 
-0.870216  0.60052    -0.434889  0.0108023 
-0.870216  0.60052    -0.434889  0.0111986 
-0.870216  0.60052    -0.434889  0.010247  
-0.870216  0.60052    -0.434889  0.0128193 
-0.868305  0.633815   -0.416858  0.0116885 
-0.868305  0.633815   -0.416858  0.0104737 
-0.814009  0.665088   -0.427149  0.0273152 
-0.814009  0.665088   -0.427149  0.0127082 
-0.807848  0.710772   -0.414486  0.0257217 
-0.807848  0.710772   -0.414486  0.0173569 
-0.807848  0.710772   -0.414486  0.00868852
-0.720749  0.6512     -0.414763  0.00823308
-0.720749  0.6512     -0.414763  0.0092596 
-0.720749  0.6512     -0.414763  0.0105786 
-0.788817  0.690469   -0.426066  0.0168396 
-0.788817  0.690469   -0.426066  0.0077462 
-0.693565  0.63091    -0.414092  0.00736872
-0.79318   0.622663   -0.439352  0.00738638
-0.730828  0.638473   -0.4192    0.0111453 
-0.752145  0.673507   -0.413709  0.0155352 
-0.752145  0.673507   -0.413709  0.0166847 
-0.752145  0.673507   -0.413709  0.0103753 
-0.850254  0.654304   -0.421401  0.00844321
-0.786814  0.575174   -0.439421  0.006688  
-0.786814  0.575174   -0.439421  0.0100935 
-0.806845  0.564448   -0.433625  0.0107092 
-0.806845  0.564448   -0.433625  0.0217068 
-0.806845  0.564448   -0.433625  0.0161974 
-0.806845  0.564448   -0.433625  0.00889213
-0.83415   0.655633   -0.441831  0.016358  
-0.83415   0.655633   -0.441831  0.0113856 
-0.843467  0.658349   -0.419221  0.0100063 
-0.833031  0.561964   -0.412444  0.0141979 
-0.833031  0.561964   -0.412444  0.0114872 
-0.833031  0.561964   -0.412444  0.0121419 
-0.856755  0.637402   -0.420232  0.00955528
-0.829373  0.654662   -0.434804  0.00887763
-0.819978  0.573531   -0.433745  0.0194143 
-0.819978  0.573531   -0.433745  0.024792  
-0.819978  0.573531   -0.433745  0.0124247 
-0.836378  0.541776   -0.370015  0.00901394
-0.797459  0.570085   -0.421139  0.0101291 
-0.834222  0.579982   -0.419596  0.0143685 
-0.829427  0.644638   -0.418404  0.0215361 
-0.829427  0.644638   -0.418404  0.0246742 
-0.829427  0.644638   -0.418404  0.00695038
-0.730088  0.679679   -0.426669  0.0218221 
-0.730088  0.679679   -0.426669  0.0107646 
-0.730088  0.679679   -0.426669  0.013771  
-0.736355  0.709275   -0.399624  0.00831169
-0.782164  0.634671   -0.432981  0.00751917
-0.843976  0.633237   -0.447621  0.012503  
-0.843976  0.633237   -0.447621  0.00697861
-0.801919  0.630554   -0.44281   0.011844  
-0.801919  0.630554   -0.44281   0.00812166
-0.865134  0.585061   -0.420906  0.0107459 
-0.797668  0.676211   -0.425894  0.00979421
-0.797668  0.676211   -0.425894  0.0180408 
-0.797668  0.676211   -0.425894  0.0103223 
-0.728171  0.685416   -0.406848  0.0120762 
-0.728171  0.685416   -0.406848  0.00593869
-0.76223   0.605138   -0.431313  0.0132004 
-0.76223   0.605138   -0.431313  0.00591219
-0.773316  0.615889   -0.444848  0.01275   
-0.764485  0.658661   -0.415905  0.00648932
-0.705549  0.627533   -0.423843  0.00982612
-0.705549  0.627533   -0.423843  0.00688987
-0.71261   0.657593   -0.41719   0.00806954
-0.658232  0.617098   -0.360846  0.00852065
-0.651701  0.632231   -0.363746  0.0133051 
-0.7458    0.535063   -0.367317  0.0119722 
-0.773295  0.544594   -0.416805  0.0118924 
-0.705179  0.538318   -0.366487  0.0109259 
-0.7177    0.550331   -0.374784  0.0272112 
-0.7177    0.550331   -0.374784  0.00806411
-0.69672   0.586382   -0.395953  0.0135155 
-0.69672   0.586382   -0.395953  0.00897778
-0.778824  0.678537   -0.423247  0.00970118
-0.728143  0.681318   -0.399609  0.012611  
-0.728143  0.681318   -0.399609  0.00894213
-0.728143  0.681318   -0.399609  0.00786738
-0.749278  0.676695   -0.430546  0.0120151 
-0.821386  0.694633   -0.41629   0.0212925 
-0.821386  0.694633   -0.41629   0.0066113 
-0.731701  0.600396   -0.437456  0.00820324
-0.77028   0.605335   -0.440668  0.00634795
-0.77028   0.605335   -0.440668  0.00857055
-0.693357  0.686997   -0.407466  0.0111952 
-0.674796  0.689301   -0.39483   0.00882188
-0.674796  0.689301   -0.39483   0.0133294 
