#MU        SIGMA      ENERGY     ERROR     
0.344893   1.31364    0.253414   0.100462  
0.344893   1.31364    0.253414   0.102109  
0.424796   1.28617    0.476632   0.108168  
0.366126   1.31499    0.43544    0.086328  
0.429499   1.2745     0.354102   0.0444469 
0.470769   1.1843     -0.0490844 0.0777951 
0.470769   1.1843     -0.0490844 0.0624321 
0.470769   1.1843     -0.0490844 0.112791  
0.470769   1.1843     -0.0490844 0.12491   
0.563542   1.15541    0.380803   0.0830407 
0.47477    1.19778    0.220223   0.139775  
0.449574   1.26776    0.602136   0.0957938 
0.535448   1.30303    0.499041   0.238129  
0.535448   1.30303    0.499041   0.190521  
0.535448   1.30303    0.499041   0.0791551 
0.553075   1.28314    0.359254   0.132095  
0.553075   1.28314    0.359254   0.095281  
0.548385   1.21228    0.323658   0.0695282 
0.526541   1.25298    0.313871   0.0729072 
0.58759    1.17922    0.213215   0.0946024 
0.647858   1.11275    0.294222   0.0965052 
0.647858   1.11275    0.294222   0.0776037 
0.59966    1.18489    0.260002   0.056817  
0.514833   1.1414     0.0720537  0.0910197 
0.533279   1.13503    0.16378    0.0344681 
0.512754   1.09699    -0.15202   0.0330574 
0.475333   1.04373    -0.157153  0.0432896 
0.522447   0.961034   -0.178776  0.0185685 
0.545501   0.897118   -0.290271  0.0272882 
0.637663   0.939009   -0.231504  0.0498143 
0.552958   1.01702    -0.167917  0.0398776 
0.498826   1.10659    -0.0841239 0.0507539 
0.448177   1.08345    -0.12162   0.0516341 
0.448177   1.08345    -0.12162   0.0649405 
0.490674   1.00012    -0.160721  0.0249695 
0.455193   1.02233    -0.248533  0.0200076 
0.478168   0.990573   -0.281946  0.0305503 
0.460729   0.964048   -0.226486  0.0203988 
0.375229   0.8982     -0.211309  0.0222314 
0.427464   0.953991   -0.255125  0.027004  
0.333309   1.0293     -0.253872  0.0322583 
0.431633   1.09686    -0.195523  0.0485225 
0.431633   1.09686    -0.195523  0.033919  
0.410311   1.10398    -0.14382   0.0257872 
0.464977   1.00864    -0.250898  0.0459664 
0.471111   1.05463    -0.130315  0.024834  
0.38283    0.977877   -0.266066  0.0179262 
0.410586   0.979362   -0.314528  0.0284213 
0.382589   1.05086    -0.18668   0.0262085 
0.305303   1.00337    -0.238582  0.0171094 
0.3922     0.910614   -0.261811  0.0162426 
0.447991   0.826536   -0.270425  0.0214365 
0.419568   0.909915   -0.287843  0.0156306 
0.357954   0.809977   -0.175167  0.0197855 
0.355711   0.862114   -0.207758  0.0188048 
0.267971   0.763445   -0.110212  0.0172232 
0.352123   0.827907   -0.19711   0.0231228 
0.319399   0.918324   -0.241656  0.0167792 
0.35767    0.932378   -0.266034  0.0189965 
0.289125   0.926392   -0.23511   0.0305264 
0.369228   1.02595    -0.240685  0.0368335 
0.283647   1.06373    -0.189772  0.026507  
0.28828    1.03171    -0.226247  0.038199  
0.312539   1.09413    -0.193494  0.0394778 
0.377371   1.02493    -0.210277  0.049137  
0.425597   1.11828    -0.115931  0.0421771 
0.466732   1.08712    -0.119129  0.0472477 
0.382358   1.14786    -0.112814  0.052373  
0.42538    1.15833    -0.0320517 0.0508364 
0.340711   1.08616    -0.145976  0.0290806 
0.261747   1.05309    -0.239403  0.0207397 
0.312744   0.972498   -0.278695  0.0191824 
0.33317    0.924103   -0.254904  0.0148921 
0.260214   0.925875   -0.253664  0.0185793 
0.236004   0.984271   -0.244521  0.0184914 
0.236004   0.984271   -0.244521  0.0170704 
0.170041   0.989605   -0.294896  0.0234788 
0.127987   1.05077    -0.233381  0.0149883 
0.0505314  0.961992   -0.261836  0.0145037 
0.111669   0.954788   -0.253601  0.0162713 
0.0455394  0.898017   -0.207156  0.0169133 
0.0796962  0.946439   -0.233662  0.0183859 
0.119087   0.939651   -0.279087  0.0160409 
0.180017   0.924678   -0.251391  0.0201293 
0.166408   0.903097   -0.23434   0.0190832 
0.155807   0.931096   -0.205707  0.017     
0.244956   0.914566   -0.255251  0.0338514 
0.156559   1.01024    -0.189266  0.0381875 
0.135379   1.10657    -0.183251  0.0215922 
0.035716   1.09581    -0.266563  0.0214752 
0.0136727  1.10096    -0.227767  0.048016  
-0.0783066 1.16868    -0.0463053 0.0612909 
-0.111151  1.25989    0.033402   0.0384043 
-0.03203   1.16352    -0.124483  0.0660295 
-0.101344  1.24586    0.0238718  0.0745576 
-0.0120651 1.22164    -0.0194976 0.0586063 
-0.0120651 1.22164    -0.0194976 0.0606885 
-0.0120651 1.22164    -0.0194976 0.0509599 
-0.0707487 1.21127    -0.0504111 0.0619534 
0.0199848  1.25531    0.0499682  0.0706304 
0.00499619 1.17432    0.00786994 0.0423901 
-0.0407146 1.20946    -0.152713  0.0291332 
0.0355736  1.11106    -0.224343  0.0231949 
-0.00452891 1.07928    -0.232188  0.025421  
-0.0178799 1.04529    -0.239581  0.0169387 
-0.0140281 0.970054   -0.237641  0.016572  
-0.0838209 0.884093   -0.209649  0.0162879 
-0.0478894 0.890638   -0.209734  0.0166857 
-0.1449    0.840432   -0.150021  0.0208294 
-0.1041    0.752865   -0.0558211 0.0222893 
-0.197013  0.687847   0.0320129  0.0277451 
-0.197013  0.687847   0.0320129  0.0187651 
-0.266419  0.744635   -0.102368  0.0186523 
-0.235633  0.75591    -0.12095   0.0172287 
-0.264075  0.801945   -0.167104  0.016478  
-0.287538  0.853383   -0.246752  0.0159811 
-0.308718  0.891114   -0.237102  0.0172166 
-0.358359  0.877924   -0.230174  0.0198645 
-0.436504  0.890292   -0.275042  0.0152295 
-0.467457  0.824496   -0.245169  0.0174099 
-0.3765    0.891161   -0.220187  0.0192056 
-0.318156  0.955137   -0.264112  0.0294739 
-0.405881  1.00461    -0.206279  0.0182031 
-0.467449  0.976199   -0.219192  0.0175332 
-0.373253  0.887447   -0.26245   0.0178688 
-0.37795   0.95414    -0.30628   0.0337102 
-0.354548  1.05186    -0.184242  0.0266073 
-0.292477  1.05426    -0.237259  0.0260058 
-0.354488  1.02619    -0.265178  0.0296672 
-0.343215  1.0667     -0.192766  0.105934  
-0.279579  1.11891    0.044921   0.0493294 
-0.324752  1.15773    -0.153934  0.0634478 
-0.364306  1.15282    -0.000760688 0.0928155 
-0.348051  1.22745    0.11047    0.0568467 
-0.249022  1.19508    -0.0280839 0.067579  
-0.312523  1.18849    -0.0618074 0.0605947 
-0.258494  1.12492    -0.0699015 0.0556989 
-0.316418  1.21262    0.000349601 0.0596058 
-0.258685  1.22211    0.102573   0.0604267 
-0.349954  1.15458    -0.0369515 0.155833  
-0.349954  1.15458    -0.0369515 0.0605682 
-0.376194  1.24603    0.0820194  0.0723666 
-0.334758  1.28546    0.135077   0.0928597 
-0.423312  1.25203    0.347901   0.110326  
-0.439167  1.3497     0.563612   0.0920103 
-0.47918   1.26241    0.444838   0.131844  
-0.485045  1.33016    0.832563   0.150827  
-0.485045  1.33016    0.832563   0.117921  
-0.466614  1.37402    0.717723   0.109851  
-0.483064  1.31673    0.469506   0.119932  
-0.566077  1.34735    0.864885   0.132525  
-0.550096  1.29966    0.673137   0.118335  
-0.613816  1.27146    0.724473   0.163696  
-0.613816  1.27146    0.724473   0.0901849 
-0.554494  1.24986    0.449344   0.136709  
-0.546568  1.32505    0.739168   0.10865   
-0.525881  1.35153    0.756117   0.229257  
-0.525881  1.35153    0.756117   0.0859902 
-0.589572  1.25868    0.355742   0.107457  
-0.589572  1.25868    0.355742   0.182209  
-0.589572  1.25868    0.355742   0.0677116 
-0.562192  1.31075    0.36072    0.0554845 
-0.469045  1.22818    0.0938991  0.0608945 
-0.476496  1.13807    0.00898122 0.0348634 
-0.475466  1.10563    -0.113891  0.0410166 
-0.440792  1.07498    -0.175454  0.0199212 
-0.423052  0.990473   -0.291237  0.0334557 
-0.423052  0.990473   -0.291237  0.0420288 
-0.508091  0.947484   -0.181185  0.0442464 
-0.423359  1.01837    -0.138912  0.0279363 
-0.367379  0.954112   -0.228878  0.0222577 
-0.370243  1.04145    -0.256937  0.0262637 
-0.295073  0.959242   -0.24397   0.0209479 
-0.333056  0.905911   -0.23843   0.0157228 
-0.275867  0.900141   -0.241911  0.0255223 
-0.335852  0.993836   -0.258857  0.0335627 
-0.430313  1.01422    -0.251432  0.0386019 
-0.398265  1.06485    -0.1292    0.0494414 
-0.381383  1.16202    -0.0329674 0.0817976 
-0.41219   1.2046     0.159625   0.0700134 
-0.43815   1.16994    0.0379017  0.0751404 
-0.493678  1.23784    0.26307    0.054755  
-0.565171  1.16141    0.0119475  0.0676588 
-0.597871  1.12445    0.105554   0.116722  
-0.597871  1.12445    0.105554   0.0537346 
-0.615482  1.12714    0.0257698  0.0550684 
-0.677947  1.08189    -0.00228922 0.0765022 
-0.716304  1.08515    0.15167    0.101754  
-0.716304  1.08515    0.15167    0.0606251 
-0.693116  1.07277    0.115699   0.0872882 
-0.756576  1.06936    0.385534   0.0410705 
-0.698493  1.04493    -0.078514  0.111725  
-0.746734  1.09605    0.397004   0.0575681 
-0.742622  1.05867    0.0769768  0.0729842 
-0.774209  1.03168    0.00800042 0.0811044 
-0.776214  1.07495    0.305869   0.0927761 
-0.830149  1.00372    0.230034   0.100904  
-0.830149  1.00372    0.230034   0.054317  
-0.899588  0.987798   0.102656   0.034449  
-0.816453  0.89992    -0.116464  0.0445656 
-0.911249  0.913623   0.050325   0.0795013 
-0.988904  0.931261   0.47258    0.0909349 
-0.985929  0.953952   0.545073   0.0990302 
-1.05106   0.961759   0.779557   0.112058  
-0.968203  0.981233   0.685318   0.110215  
-1.0111    0.997365   0.792818   0.115468  
-1.05228   0.912276   0.847181   0.070027  
-1.02669   0.93742    0.454782   0.0912481 
-0.964576  0.933215   0.374145   0.0991674 
-1.00119   0.986098   0.640041   0.0678642 
-0.94872   0.942288   0.23738    0.117374  
-0.997688  1.03857    0.832014   0.105463  
-0.96299   1.09432    0.80389    0.0890263 
-0.864283  1.13129    0.505834   0.0703711 
-0.858769  1.0385     0.281296   0.0699785 
-0.765329  0.999883   0.0723083  0.0697841 
-0.771397  0.907381   -0.0435582 0.0500824 
-0.708939  0.99839    -0.0859762 0.0277579 
-0.700683  0.914667   -0.205373  0.0546875 
-0.700683  0.914667   -0.205373  0.0345657 
-0.665149  0.971498   -0.16474   0.0476397 
-0.60238   1.04932    -0.039232  0.0511394 
-0.60283   1.00985    -0.155845  0.0493807 
-0.681925  1.07648    -0.019259  0.0539118 
-0.625192  1.11654    0.0477579  0.0629033 
-0.597551  1.07658    -0.0111633 0.0641929 
-0.597551  1.07658    -0.0111633 0.0553378 
-0.593957  1.03803    -0.0654069 0.0703408 
-0.646937  1.08489    0.110849   0.0537783 
-0.741137  0.990348   -0.0534687 0.0696025 
-0.741137  0.990348   -0.0534687 0.0451485 
-0.703695  0.956878   -0.129188  0.0326211 
-0.707158  0.858485   -0.209076  0.0372648 
-0.719799  0.931185   -0.122485  0.0491114 
-0.780237  0.895886   -0.131145  0.0267797 
-0.69324   0.889012   -0.25223   0.0373918 
-0.69324   0.889012   -0.25223   0.0339732 
-0.77458   0.828975   -0.202597  0.0124886 
-0.728845  0.751914   -0.36605   0.0116105 
-0.651916  0.745669   -0.362418  0.0124725 
-0.564931  0.65565    -0.308746  0.0149309 
-0.518614  0.591348   -0.210853  0.013862  
-0.518529  0.551403   -0.156719  0.0152246 
-0.557872  0.537224   -0.231435  0.0108437 
-0.610007  0.566638   -0.307234  0.0146899 
-0.519682  0.619763   -0.250948  0.0146665 
-0.510451  0.574094   -0.164647  0.0177344 
-0.453973  0.569619   -0.0990432 0.0181817 
-0.454816  0.56193    -0.05237   0.0199191 
-0.420483  0.592811   -0.0745168 0.0159905 
-0.472502  0.626055   -0.154849  0.0131725 
-0.529455  0.642323   -0.228725  0.0131545 
-0.536712  0.594903   -0.208855  0.0190354 
-0.453563  0.499766   -0.00108456 0.0246647 
-0.54505   0.45636    -0.113748  0.0446923 
-0.471684  0.363001   0.335679   0.113907  
-0.471684  0.363001   0.335679   0.0900832 
-0.471684  0.363001   0.335679   0.0324413 
-0.401562  0.387723   0.340181   0.0269767 
-0.401562  0.387723   0.340181   0.022936  
-0.412256  0.442434   0.170906   0.0237663 
-0.451229  0.412784   0.18675    0.0285491 
-0.529346  0.422913   0.0241726  0.0272205 
-0.579155  0.434729   -0.0323955 0.0218646 
-0.597542  0.478468   -0.19457   0.0149954 
-0.572452  0.503867   -0.18187   0.0218298 
-0.590948  0.464088   -0.112148  0.0586534 
-0.590948  0.464088   -0.112148  0.0122204 
-0.643399  0.546439   -0.330167  0.0164699 
-0.565591  0.498984   -0.156669  0.014704  
-0.526565  0.543905   -0.183071  0.010061  
-0.623993  0.591212   -0.325192  0.0116161 
-0.693287  0.605931   -0.396     0.0155945 
-0.747847  0.522628   -0.349155  0.017127  
-0.839189  0.514382   -0.326236  0.0104376 
-0.913183  0.578584   -0.382533  0.0198172 
-0.913183  0.578584   -0.382533  0.0123155 
-0.951302  0.582604   -0.346768  0.020752  
-0.866637  0.492261   -0.229531  0.0190961 
-0.856351  0.497776   -0.267223  0.0189428 
-0.813284  0.505852   -0.306572  0.0364249 
-0.764545  0.427736   -0.0417107 0.041454  
-0.814237  0.407812   0.21265    0.0204149 
-0.880182  0.494714   -0.200795  0.0279308 
-0.880182  0.494714   -0.200795  0.0125522 
-0.956333  0.593501   -0.33163   0.0386318 
-0.956333  0.593501   -0.33163   0.0151969 
-0.956333  0.593501   -0.33163   0.00906176
-0.886724  0.631835   -0.421243  0.0114989 
-0.838465  0.654529   -0.416292  0.0175472 
-0.880152  0.735329   -0.360736  0.0385866 
-0.880152  0.735329   -0.360736  0.00875135
-0.84893   0.650793   -0.43932   0.0093953 
-0.781217  0.649945   -0.433343  0.0130935 
-0.781217  0.649945   -0.433343  0.0160094 
-0.76655   0.745886   -0.378924  0.0193658 
-0.715549  0.757304   -0.349345  0.0133526 
-0.674299  0.714791   -0.35811   0.00936743
-0.713038  0.680247   -0.390091  0.0148759 
-0.768923  0.686336   -0.3948    0.0160407 
-0.735709  0.746217   -0.339887  0.0113355 
-0.733686  0.700593   -0.385355  0.0102568 
-0.820789  0.651442   -0.442047  0.00906185
-0.755435  0.632665   -0.442014  0.0101366 
-0.700352  0.562148   -0.390591  0.0121252 
-0.679834  0.54484    -0.369656  0.0218657 
-0.759974  0.485297   -0.29401   0.026644  
-0.759974  0.485297   -0.29401   0.0271621 
-0.797043  0.462359   -0.181741  0.0410079 
-0.797043  0.462359   -0.181741  0.0113733 
-0.810078  0.556534   -0.408505  0.00990081
-0.845323  0.585484   -0.429244  0.0118688 
-0.883377  0.661064   -0.412358  0.0167824 
-0.876609  0.730263   -0.368952  0.0236734 
-0.819049  0.751326   -0.342693  0.0231751 
-0.887094  0.737745   -0.312793  0.0188571 
-0.821303  0.736933   -0.351938  0.0296089 
-0.915006  0.708497   -0.272813  0.0161678 
-0.850171  0.701313   -0.382292  0.0147811 
-0.922926  0.639775   -0.365585  0.0261688 
-0.884659  0.724155   -0.321479  0.0338974 
-0.948036  0.744431   -0.202965  0.0239826 
-0.896367  0.7185     -0.326239  0.0686075 
-0.975844  0.719233   -0.138648  0.0461983 
-1.01575   0.783769   0.0374466  0.0933758 
-1.01575   0.783769   0.0374466  0.0377211 
-0.941129  0.787796   -0.136015  0.0322181 
-0.892319  0.780305   -0.21699   0.0267565 
-0.929912  0.7265     -0.265946  0.0352722 
-0.903884  0.822172   -0.14351   0.0571691 
-0.904409  0.884273   0.0742517  0.0724265 
-0.904409  0.884273   0.0742517  0.0500685 
-1.00273   0.824721   0.0768701  0.038295  
-0.941115  0.788346   -0.100265  0.020989  
-0.91033   0.719747   -0.312203  0.0489573 
-0.91033   0.719747   -0.312203  0.0279552 
-0.941112  0.714769   -0.237893  0.0249829 
-0.965143  0.726892   -0.272955  0.00875778
-0.874418  0.630917   -0.42278   0.0122145 
-0.828698  0.546528   -0.3917    0.0227612 
-0.892754  0.48245    -0.16478   0.0361327 
-0.904495  0.40812    0.300012   0.0377945 
-0.842028  0.406539   0.299007   0.0505435 
-0.827953  0.380483   0.396989   0.0488837 
-0.749551  0.377873   0.481906   0.0316161 
-0.652306  0.441362   -0.125581  0.0595557 
-0.652306  0.441362   -0.125581  0.0360555 
-0.60932   0.416082   0.0551585  0.0775875 
-0.60932   0.416082   0.0551585  0.0415789 
-0.633246  0.399575   0.18996    0.0371402 
-0.555847  0.402377   0.129587   0.0785983 
-0.555847  0.402377   0.129587   0.0445627 
-0.603153  0.389649   0.249503   0.06322   
-0.599867  0.353993   0.557639   0.0821642 
-0.61875   0.311367   1.40452    0.168169  
-0.61875   0.311367   1.40452    0.0737187 
-0.653132  0.339621   0.886045   0.0566258 
-0.575265  0.359132   0.54905    0.111366  
-0.575265  0.359132   0.54905    0.0724909 
-0.544737  0.341428   0.486276   0.0277784 
-0.542649  0.424786   0.053475   0.0187199 
-0.587907  0.493615   -0.211341  0.0274032 
-0.587907  0.493615   -0.211341  0.0185308 
-0.655595  0.493272   -0.242852  0.0419927 
-0.66014   0.407847   0.0638226  0.0571799 
-0.66014   0.407847   0.0638226  0.0760618 
-0.66014   0.407847   0.0638226  0.0769576 
-0.66014   0.407847   0.0638226  0.0487732 
-0.752433  0.386349   0.377452   0.0310836 
-0.715537  0.438545   -0.0221255 0.0425769 
-0.619549  0.394109   0.212446   0.0182919 
-0.592668  0.486008   -0.198007  0.0141132 
-0.592315  0.521004   -0.25272   0.0311291 
-0.670008  0.433157   -0.0128751 0.0172402 
-0.58559   0.498028   -0.218565  0.0207093 
-0.556501  0.457263   -0.0592852 0.0542347 
-0.572631  0.364414   0.471119   0.0774042 
-0.661973  0.329859   1.07853    0.0696439 
-0.66462   0.334521   1.00958    0.0424915 
-0.643262  0.400387   0.142919   0.0368587 
-0.574437  0.404482   0.185545   0.0178383 
-0.627708  0.493766   -0.229237  0.0136838 
-0.529771  0.561074   -0.173714  0.0105678 
-0.589896  0.63951    -0.29896   0.00986674
-0.660584  0.71462    -0.376878  0.0123803 
-0.760385  0.698687   -0.409796  0.0240712 
-0.821556  0.789805   -0.306171  0.0244492 
-0.729017  0.848265   -0.263911  0.0375929 
-0.79867   0.867296   -0.157673  0.0327382 
-0.804371  0.870971   -0.244114  0.0627623 
-0.804371  0.870971   -0.244114  0.0281671 
-0.8073    0.77293    -0.314665  0.0194555 
-0.868842  0.74992    -0.332568  0.0101624 
-0.803798  0.719824   -0.417369  0.0357362 
-0.892467  0.808537   -0.159259  0.0345454 
-0.799481  0.809855   -0.245433  0.0288761 
-0.753914  0.881048   -0.22112   0.0429015 
-0.661797  0.913563   -0.190406  0.028113  
-0.713725  0.833391   -0.263819  0.0106005 
-0.657576  0.735477   -0.381315  0.0110198 
-0.606533  0.665682   -0.321275  0.0122048 
-0.554838  0.616391   -0.260273  0.0146064 
-0.544737  0.690453   -0.294655  0.00925166
-0.629012  0.656514   -0.35379   0.00842701
-0.659232  0.663059   -0.373545  0.0153437 
-0.659232  0.663059   -0.373545  0.0084107 
-0.715832  0.622456   -0.417125  0.00715715
-0.702139  0.643965   -0.411603  0.00953874
-0.688829  0.564381   -0.381173  0.0101847 
-0.759185  0.559417   -0.402879  0.0111951 
-0.800729  0.552824   -0.40154   0.0202867 
-0.771747  0.49505    -0.277707  0.0102605 
-0.75359   0.55608    -0.414241  0.0153749 
-0.708445  0.519902   -0.355931  0.00932355
-0.705118  0.566645   -0.397603  0.00929044
-0.639911  0.620339   -0.353304  0.0107851 
-0.633456  0.702139   -0.353048  0.0122965 
-0.544589  0.622763   -0.226361  0.0137644 
-0.519501  0.65368    -0.22931   0.0152706 
-0.511746  0.718554   -0.257281  0.0156935 
-0.474329  0.625658   -0.16572   0.0190564 
-0.383747  0.66182    -0.0942656 0.0195162 
-0.329043  0.651965   0.0234212  0.0167073 
-0.420568  0.711922   -0.198298  0.0155815 
-0.452696  0.738513   -0.224267  0.0161803 
-0.442     0.761013   -0.232326  0.0173949 
-0.416006  0.677048   -0.142736  0.0157573 
-0.464049  0.668309   -0.164974  0.0145145 
-0.51177   0.588075   -0.199981  0.0149473 
-0.47387   0.684491   -0.220066  0.0123212 
-0.562639  0.63964    -0.279026  0.0117951 
-0.588057  0.711344   -0.316327  0.0140757 
-0.49986   0.703139   -0.275828  0.0120306 
-0.578646  0.6457     -0.294483  0.0115472 
-0.609704  0.684772   -0.336177  0.0312853 
-0.703501  0.780681   -0.292321  0.0131549 
-0.79728   0.685916   -0.404819  0.0143921 
-0.749607  0.71473    -0.38619   0.0070956 
-0.757178  0.6465     -0.433074  0.00651248
-0.831864  0.636392   -0.449488  0.00597575
-0.819775  0.623447   -0.451363  0.0114776 
-0.819775  0.623447   -0.451363  0.00848343
-0.867096  0.661867   -0.440841  0.0187618 
-0.882842  0.672677   -0.375753  0.00734922
-0.828107  0.605307   -0.443647  0.017136  
-0.828107  0.605307   -0.443647  0.0102237 
-0.855092  0.618204   -0.432483  0.010351  
-0.880268  0.563238   -0.394485  0.0106239 
-0.977214  0.569333   -0.326408  0.0164042 
-1.06943   0.58539    -0.124211  0.0313268 
-1.09459   0.664717   -0.0312426 0.0223918 
-1.0431    0.647163   -0.19033   0.0181401 
-1.04767   0.616001   -0.211698  0.0467903 
-1.13693   0.66152    0.182713   0.0699479 
-1.22904   0.729705   0.715698   0.05509   
-1.15398   0.74934    0.459829   0.0284311 
-1.10138   0.654605   -0.0332096 0.0375108 
-1.00948   0.706763   -0.131296  0.0316888 
-1.07757   0.670144   -0.0439064 0.0276838 
-1.14588   0.619838   0.0919227  0.0164966 
-1.11284   0.558828   -0.0278556 0.0150888 
-1.10014   0.495999   0.00076687 0.0228136 
-1.04917   0.44404    0.164198   0.0352555 
-1.00052   0.405248   0.288199   0.0476874 
-1.00052   0.405248   0.288199   0.0409695 
-1.04605   0.396198   0.28281    0.0161155 
-1.13483   0.485665   0.0773679  0.01961   
-1.1551    0.452318   0.209571   0.0181919 
-1.17657   0.472041   0.206745   0.0329724 
-1.25763   0.547203   0.511378   0.036079  
-1.21087   0.612435   0.323244   0.0286718 
-1.25144   0.540076   0.397398   0.0208861 
-1.25638   0.485295   0.466363   0.02336   
-1.25638   0.485295   0.466363   0.0258924 
-1.17691   0.416383   0.384573   0.0281735 
-1.077     0.418183   0.301087   0.0238014 
-1.10686   0.437883   0.230133   0.0178358 
-1.12419   0.46988    0.116097   0.0146701 
-1.10295   0.546907   -0.0472847 0.0148339 
-1.10295   0.546907   -0.0472847 0.0163249 
-1.08345   0.569112   -0.125761  0.0185419 
-1.01701   0.625931   -0.24803   0.0134594 
-0.953076  0.527549   -0.247845  0.0100295 
-0.863465  0.567395   -0.417913  0.00796624
-0.782932  0.578992   -0.436065  0.00833945
-0.686437  0.58536    -0.394371  0.00667461
-0.751567  0.614036   -0.441651  0.00841951
-0.802554  0.66354    -0.437113  0.0172949 
-0.751555  0.753013   -0.350815  0.0157207 
-0.78935   0.715331   -0.39121   0.0223289 
-0.887626  0.763477   -0.329255  0.0288221 
-0.936326  0.758544   -0.240148  0.0164987 
-0.898702  0.710592   -0.362508  0.0240616 
-0.898702  0.710592   -0.362508  0.0134557 
-0.915909  0.630016   -0.374027  0.00682701
-0.818049  0.631169   -0.453345  0.00928799
-0.904959  0.609884   -0.394391  0.0216966 
-0.954004  0.693146   -0.299525  0.0147502 
-0.954498  0.639402   -0.337302  0.0249138 
-0.954498  0.639402   -0.337302  0.0172862 
-0.91642   0.700208   -0.355967  0.0130268 
-0.884266  0.659769   -0.397874  0.0150717 
-0.845936  0.674903   -0.389488  0.00585457
-0.747729  0.615919   -0.442621  0.00867787
-0.649951  0.592797   -0.358569  0.011646  
-0.649951  0.592797   -0.358569  0.00632042
-0.749745  0.655007   -0.429545  0.00927547
-0.739772  0.564255   -0.394423  0.00703852
-0.768754  0.591881   -0.446518  0.0153996 
-0.696266  0.515723   -0.320862  0.025483  
-0.762368  0.472738   -0.207577  0.0223915 
-0.780722  0.487017   -0.268751  0.0143573 
-0.700028  0.528987   -0.363252  0.0197057 
-0.734115  0.500981   -0.329664  0.0405342 
-0.739077  0.406613   0.175205   0.0211724 
-0.795133  0.495194   -0.279912  0.0093207 
-0.799457  0.570355   -0.418512  0.00889689
-0.730471  0.66327    -0.418212  0.010528  
-0.771674  0.667052   -0.410854  0.0102903 
-0.6917    0.707765   -0.381486  0.0179998 
-0.651845  0.798102   -0.341486  0.0199036 
-0.639897  0.813073   -0.302448  0.0125984 
-0.591357  0.728019   -0.322899  0.00863491
-0.668312  0.648908   -0.396984  0.00865247
-0.737903  0.577333   -0.435003  0.00688054
-0.7094    0.60231    -0.419665  0.00627223
-0.782844  0.597374   -0.445002  0.00864904
-0.711911  0.577282   -0.402507  0.00912725
-0.636835  0.617812   -0.357553  0.00958456
-0.627368  0.699452   -0.334203  0.00840442
-0.706275  0.698915   -0.414471  0.014998  
-0.706275  0.698915   -0.414471  0.0174847 
-0.706275  0.698915   -0.414471  0.0253425 
-0.781706  0.717073   -0.380451  0.0214257 
-0.856714  0.753709   -0.315919  0.0253392 
-0.933629  0.709053   -0.274136  0.0253017 
-0.913607  0.773955   -0.244103  0.0235024 
-0.875484  0.72937    -0.307882  0.02205   
-0.897833  0.73551    -0.336101  0.0356383 
-0.81217   0.809494   -0.215193  0.0265837 
-0.742174  0.865962   -0.208402  0.0289719 
-0.749024  0.856162   -0.295722  0.0509201 
-0.738818  0.939734   -0.0430335 0.029714  
-0.736416  0.879331   -0.26327   0.0200367 
-0.715111  0.807919   -0.339302  0.0596917 
-0.669153  0.894145   -0.140934  0.045164  
-0.705898  0.979826   -0.0871503 0.054826  
-0.794114  0.920008   -0.0549159 0.0324965 
-0.84704   0.829738   -0.207231  0.0381645 
-0.84704   0.829738   -0.207231  0.0246432 
-0.80576   0.764959   -0.330203  0.0214292 
-0.770988  0.856664   -0.280085  0.0302449 
-0.74206   0.843181   -0.242489  0.012596  
-0.713768  0.759183   -0.359767  0.0145628 
-0.708585  0.760977   -0.386569  0.0195163 
-0.770793  0.735685   -0.358268  0.0137209 
-0.730887  0.747981   -0.38803   0.00889319
-0.808251  0.668262   -0.440508  0.0252698 
-0.832779  0.724581   -0.344116  0.00948407
-0.820024  0.638438   -0.422611  0.00873251
-0.820168  0.601104   -0.448541  0.0144302 
-0.756635  0.529355   -0.343255  0.00851666
-0.688264  0.588415   -0.406184  0.00898293
-0.63603   0.623115   -0.36441   0.0101628 
-0.624623  0.564567   -0.311677  0.021304  
-0.592517  0.474673   -0.169092  0.0452055 
-0.538213  0.376133   0.296032   0.022132  
-0.446643  0.4344     0.147169   0.0209649 
-0.485291  0.486125   -0.0577466 0.0281925 
-0.554209  0.421429   0.0380087  0.0619375 
-0.554209  0.421429   0.0380087  0.0310243 
-0.6137    0.430127   -0.0193994 0.0276147 
-0.669936  0.447751   -0.0881426 0.0135573 
-0.69641   0.530193   -0.325759  0.00922777
-0.687505  0.575719   -0.398865  0.0121727 
-0.649046  0.541946   -0.327845  0.0183022 
-0.73587   0.503859   -0.334146  0.0145031 
-0.777134  0.531176   -0.400496  0.0249552 
-0.875701  0.461702   -0.0754894 0.0240951 
-0.951257  0.457295   0.0603701  0.0176602 
-1.01341   0.487762   -0.0870047 0.0158504 
-1.10653   0.554424   -0.0601023 0.0124393 
-1.00794   0.564979   -0.227201  0.0146694 
-0.926785  0.525034   -0.306545  0.0082828 
-0.859111  0.583683   -0.416565  0.0201329 
-0.927304  0.488895   -0.1842    0.0331095 
-0.927304  0.488895   -0.1842    0.0110807 
-0.987687  0.568191   -0.305385  0.0112033 
-0.987687  0.568191   -0.305385  0.0300682 
-1.07929   0.655545   -0.0622215 0.026046  
-1.0096    0.685485   -0.21509   0.0152429 
-0.964209  0.620279   -0.337536  0.0126324 
-1.03005   0.592622   -0.23323   0.0216383 
-1.03005   0.592622   -0.23323   0.0289156 
-1.03105   0.662598   -0.173983  0.0161769 
-1.03266   0.60445    -0.229907  0.0238337 
-0.970414  0.682947   -0.25581   0.0316874 
-0.945488  0.753222   -0.193653  0.015075  
-0.963382  0.656944   -0.352787  0.0126857 
-0.885399  0.667125   -0.398483  0.0283125 
-0.836434  0.766683   -0.287021  0.0410986 
-0.861449  0.862559   -0.117852  0.0377422 
-0.856418  0.813456   -0.241901  0.0380583 
-0.932     0.778667   -0.176583  0.0319999 
-0.873638  0.755723   -0.285062  0.0173395 
-0.812759  0.755895   -0.363201  0.0134362 
-0.7135    0.730043   -0.374905  0.0126372 
-0.692315  0.734664   -0.378439  0.00820707
-0.757354  0.689977   -0.415557  0.0208466 
-0.788297  0.778498   -0.327536  0.0329064 
-0.883157  0.773904   -0.245749  0.0265    
-0.93828   0.740642   -0.275764  0.0193598 
-0.859452  0.68926    -0.366354  0.0266739 
-0.890682  0.786596   -0.260958  0.0476509 
-0.818102  0.875142   -0.106272  0.0407105 
-0.782506  0.856651   -0.137166  0.0279872 
-0.838347  0.781989   -0.266095  0.0358963 
-0.848733  0.833025   -0.181159  0.0549293 
-0.787318  0.883209   -0.159926  0.0432312 
-0.787318  0.883209   -0.159926  0.0365321 
-0.876326  0.792081   -0.214876  0.0226302 
-0.845881  0.76367    -0.306715  0.0290106 
-0.77124   0.780616   -0.315114  0.0269702 
-0.80808   0.77511    -0.323314  0.0248295 
-0.813449  0.795669   -0.280729  0.0550524 
-0.848959  0.844989   -0.0805228 0.038333  
-0.873202  0.83615    -0.123362  0.051439  
-0.802766  0.926511   -0.0235152 0.0740219 
-0.856652  0.975841   0.0978245  0.0853916 
-0.86205   1.06751    0.428733   0.0724513 
-0.916308  1.02232    0.495365   0.0759203 
-0.937997  0.944181   0.354354   0.0522519 
-0.880296  0.896349   0.0463623  0.0621849 
-0.817774  0.961027   0.106581   0.0809616 
-0.85982   1.03339    0.386301   0.0818354 
-0.85982   1.03339    0.386301   0.0942427 
-0.798176  1.05847    0.467462   0.0775714 
-0.821003  1.13327    0.429646   0.126957  
-0.804301  1.19983    0.753267   0.104201  
-0.709774  1.13128    0.249889   0.0711186 
-0.725857  1.15537    0.27141    0.103864  
-0.744657  1.20089    0.450641   0.0911489 
-0.70731   1.13903    0.30266    0.105674  
-0.70731   1.13903    0.30266    0.100706  
-0.790694  1.11822    0.549193   0.099183  
-0.755986  1.17369    0.534092   0.0825706 
-0.699795  1.08726    0.268111   0.0747237 
-0.624596  1.14346    0.181681   0.0461128 
-0.548431  1.12418    0.00142154 0.0618009 
-0.643336  1.07413    0.00992321 0.0922146 
-0.688845  1.12132    0.355409   0.0601468 
-0.671191  1.05169    0.0251763  0.04056   
-0.634859  0.962358   -0.139705  0.0206872 
-0.547966  0.896723   -0.278036  0.0212641 
-0.583993  0.957277   -0.266053  0.0508885 
-0.542187  0.943762   -0.181057  0.04958   
-0.616423  0.995053   -0.109218  0.0385353 
-0.573767  1.01624    -0.141742  0.0484537 
-0.587745  1.05495    -0.0425539 0.0343183 
-0.592032  1.01349    -0.152046  0.0332038 
-0.528378  0.990824   -0.195633  0.0395805 
-0.528378  0.990824   -0.195633  0.0274447 
-0.5364    0.958156   -0.212519  0.0496679 
-0.5364    0.958156   -0.212519  0.0205714 
-0.514171  0.95638    -0.278316  0.0154869 
-0.455461  0.867629   -0.276877  0.0158935 
-0.395206  0.782269   -0.200929  0.0164322 
-0.346172  0.827812   -0.225656  0.0187609 
-0.303234  0.900505   -0.255189  0.0210833 
-0.226285  0.933334   -0.233745  0.0220265 
-0.203108  0.981534   -0.245269  0.0160773 
-0.196924  0.92649    -0.251055  0.0154608 
-0.267024  0.931959   -0.265373  0.0279567 
-0.274732  0.960068   -0.257369  0.019105  
-0.361944  0.979334   -0.289487  0.0203447 
-0.283725  1.0129     -0.247507  0.0229207 
-0.304983  1.03809    -0.251137  0.035406  
-0.351913  1.09289    -0.172599  0.0294146 
-0.378136  1.01199    -0.184725  0.0176251 
-0.464525  0.91402    -0.266012  0.0172089 
-0.470052  0.847628   -0.260758  0.020605  
-0.485885  0.878154   -0.263544  0.0200782 
-0.575142  0.944137   -0.284582  0.109883  
-0.575142  0.944137   -0.284582  0.052257  
-0.599949  0.984959   -0.133679  0.047238  
-0.687001  1.06611    -0.0410213 0.0651524 
-0.687001  1.06611    -0.0410213 0.0734198 
-0.62533   1.15111    0.197072   0.08872   
-0.625377  1.17337    0.334295   0.0991206 
-0.689683  1.10283    0.300902   0.0881123 
-0.648669  1.19589    0.293489   0.061517  
-0.588029  1.1513     0.0289249  0.0719376 
-0.575017  1.09602    0.121587   0.091942  
-0.553139  1.17913    0.365875   0.0519034 
-0.593532  1.10726    0.0124328  0.0667107 
-0.503018  1.1628     0.0732246  0.0528131 
-0.561585  1.099      0.0022727  0.0570833 
-0.481136  1.07755    -0.102728  0.0354642 
-0.468889  1.10173    -0.157268  0.0571498 
-0.468889  1.10173    -0.157268  0.0383664 
-0.409002  1.07627    -0.136222  0.0336567 
-0.402241  1.01505    -0.189401  0.0513175 
-0.330078  0.989388   -0.169026  0.0211864 
-0.317239  1.0269     -0.270951  0.02695   
-0.405695  0.957029   -0.254396  0.0235491 
-0.433436  1.00355    -0.258051  0.0368474 
-0.371425  1.06985    -0.161179  0.0606637 
-0.370746  1.1626     -0.0175946 0.0367882 
-0.434668  1.10103    -0.122959  0.026903  
-0.410007  1.05411    -0.213884  0.0489994 
-0.393983  1.07435    -0.120882  0.0265045 
-0.452944  1.04968    -0.218416  0.0559216 
-0.452944  1.04968    -0.218416  0.0488322 
-0.474829  1.11196    -0.0423155 0.0528348 
-0.384853  1.20832    0.019454   0.0796075 
-0.366416  1.23171    0.137774   0.0906549 
-0.395661  1.30407    0.499552   0.107909  
-0.329528  1.3734     0.693564   0.176358  
-0.329528  1.3734     0.693564   0.112007  
-0.38455   1.2745     0.458825   0.204319  
-0.38455   1.2745     0.458825   0.0891639 
-0.372906  1.28387    0.342345   0.109941  
-0.418234  1.3541     0.608107   0.147356  
-0.418234  1.3541     0.608107   0.0972833 
-0.432427  1.27071    0.337391   0.101036  
-0.432427  1.27071    0.337391   0.139684  
-0.515686  1.33108    0.805403   0.149119  
-0.515686  1.33108    0.805403   0.11353   
-0.540702  1.37192    0.811709   0.216136  
-0.588068  1.39102    1.4495     0.106863  
-0.612366  1.3222     0.699014   0.127168  
-0.612366  1.3222     0.699014   0.115609  
-0.612366  1.3222     0.699014   0.139288  
-0.612366  1.3222     0.699014   0.172741  
-0.633978  1.29287    0.803962   0.117584  
-0.534514  1.27823    0.598773   0.0539358 
-0.459886  1.22354    0.0827331  0.140651  
-0.489562  1.19604    0.299968   0.0536405 
-0.414449  1.09802    -0.126717  0.0532091 
-0.395756  1.18115    -0.0320548 0.0769572 
-0.413346  1.23805    0.225739   0.0732114 
-0.467993  1.15149    0.0245421  0.0485168 
-0.438403  1.14684    -0.0596758 0.0763922 
-0.510092  1.20537    0.273665   0.135257  
-0.510092  1.20537    0.273665   0.156467  
-0.507104  1.27443    0.618464   0.139569  
-0.536234  1.28833    0.724794   0.159592  
-0.515546  1.34273    1.03331    0.155322  
-0.477299  1.42381    1.14129    0.286233  
-0.477299  1.42381    1.14129    0.140997  
-0.404398  1.34027    0.736522   0.13928   
-0.397236  1.39631    0.824125   0.236746  
-0.397236  1.39631    0.824125   0.336278  
-0.397236  1.39631    0.824125   0.141672  
-0.395     1.45346    0.938485   0.171748  
-0.395     1.45346    0.938485   0.096705  
-0.314692  1.39517    0.481091   0.268905  
-0.314692  1.39517    0.481091   0.181025  
-0.261901  1.46979    0.999228   0.254556  
-0.212374  1.50535    1.61841    0.149313  
-0.28028   1.53653    1.23724    0.288357  
-0.28028   1.53653    1.23724    0.252801  
-0.359173  1.56863    2.12578    0.283707  
-0.425386  1.53227    1.82947    0.425958  
-0.521113  1.43317    1.89573    0.135584  
-0.450787  1.39148    0.833512   0.0911036 
-0.458554  1.30447    0.377746   0.119778  
-0.545875  1.35996    0.748686   0.149352  
-0.593247  1.44949    1.36347    0.230634  
-0.545165  1.42448    1.34849    0.208645  
-0.619993  1.46113    1.6944     0.195581  
-0.635103  1.38277    1.52502    0.107663  
-0.6039    1.30144    0.636779   0.199293  
-0.6039    1.30144    0.636779   0.289616  
-0.542469  1.35811    1.32081    0.101548  
-0.447466  1.27338    0.438367   0.0843763 
-0.447138  1.22378    0.198215   0.11062   
-0.447138  1.22378    0.198215   0.0710676 
-0.509064  1.16833    0.151699   0.0662123 
-0.519469  1.12247    0.0832176  0.0949065 
-0.434697  1.18236    0.111225   0.114975  
-0.516874  1.24579    0.529994   0.0544982 
-0.44803   1.17352    0.0479134  0.0723677 
-0.425769  1.14527    0.0147243  0.105948  
-0.419158  1.18506    0.21627    0.0534474 
-0.488306  1.09842    -0.0309353 0.0685325 
-0.429785  1.10944    -0.0382135 0.0981794 
-0.51641   1.17802    0.188455   0.0778503 
-0.58462   1.2075     0.223879   0.0777775 
-0.572842  1.16703    0.126704   0.0463133 
-0.547707  1.07615    -0.086054  0.0569776 
-0.618989  1.04633    0.0127635  0.0404689 
-0.566523  0.98651    -0.0950028 0.0479149 
-0.505987  1.01378    -0.192186  0.0536663 
-0.50139   1.10018    -0.0595567 0.0507779 
-0.522883  1.13849    -0.00758018 0.0606861 
-0.552098  1.16932    0.0757671  0.149952  
-0.552098  1.16932    0.0757671  0.0963249 
-0.552098  1.16932    0.0757671  0.0884877 
-0.54392   1.19913    0.230096   0.0370536 
-0.454456  1.11786    -0.161003  0.0421807 
-0.415329  1.12848    -0.114658  0.0528279 
-0.343978  1.1531     0.0160503  0.0360493 
-0.354408  1.05465    -0.21522   0.0253655 
-0.424853  1.00707    -0.231642  0.0254244 
-0.415213  0.982422   -0.226092  0.0218404 
-0.357401  0.992527   -0.263988  0.0261234 
-0.41577   1.00494    -0.215159  0.0287152 
-0.506511  1.03614    -0.218762  0.0522135 
-0.420653  1.1247     -0.0281769 0.0406512 
-0.421656  1.06798    -0.198471  0.0218713 
-0.410739  0.976722   -0.26737   0.0172462 
-0.414441  0.936414   -0.267705  0.0178815 
-0.482649  0.865824   -0.275861  0.0187086 
-0.508381  0.822491   -0.286467  0.0239013 
-0.606011  0.901016   -0.271629  0.0382519 
-0.605213  0.939096   -0.175654  0.0225331 
-0.557989  0.854146   -0.262056  0.0223083 
-0.542121  0.876937   -0.227425  0.0469394 
-0.51212   0.92093    -0.203792  0.0172276 
-0.452035  0.824865   -0.24656   0.0148842 
-0.509784  0.746559   -0.260593  0.0159609 
-0.549312  0.705545   -0.267892  0.0157082 
-0.453279  0.805251   -0.242119  0.0156466 
-0.373861  0.79107    -0.210189  0.0154755 
-0.310919  0.829431   -0.222208  0.0173229 
-0.336327  0.756587   -0.148447  0.0211313 
-0.308059  0.660154   -0.00739861 0.0228838 
-0.308059  0.660154   -0.00739861 0.0189875 
-0.270493  0.723184   -0.053576  0.0219411 
-0.268715  0.663602   0.017514   0.0237094 
-0.256502  0.610005   0.158491   0.0225761 
-0.352081  0.594168   0.058185   0.0198966 
-0.416831  0.562908   -0.00113118 0.0152832 
-0.475123  0.647595   -0.171521  0.0170304 
-0.443366  0.706963   -0.200276  0.0193375 
-0.443366  0.706963   -0.200276  0.0138117 
-0.51742   0.704352   -0.265239  0.0108397 
-0.599419  0.708312   -0.336385  0.0118138 
-0.553516  0.617805   -0.230552  0.0093099 
-0.631885  0.669832   -0.374424  0.0082871 
-0.685656  0.577467   -0.391079  0.0101441 
-0.655383  0.56432    -0.364092  0.00943422
-0.628939  0.632028   -0.349355  0.0135664 
-0.537086  0.588824   -0.23381   0.0173452 
-0.451895  0.619138   -0.137676  0.0129444 
-0.53413   0.632881   -0.242366  0.0131057 
-0.542968  0.672858   -0.259219  0.0160883 
-0.468097  0.580361   -0.0838409 0.0129786 
-0.552976  0.664197   -0.290003  0.0157721 
-0.471183  0.608804   -0.117234  0.0205802 
-0.471183  0.608804   -0.117234  0.0133622 
-0.536875  0.64277    -0.247969  0.0138112 
-0.496157  0.723389   -0.25169   0.0123559 
-0.58529   0.717962   -0.324324  0.0128787 
-0.669217  0.722762   -0.37258   0.0133432 
-0.644007  0.766611   -0.342152  0.00884264
-0.646665  0.681302   -0.354882  0.0104257 
-0.638554  0.667195   -0.371234  0.00948665
-0.639257  0.675813   -0.356605  0.00775353
-0.668587  0.602981   -0.36496   0.0101768 
-0.674872  0.558403   -0.369239  0.0112552 
-0.763131  0.549604   -0.40685   0.0161476 
-0.763131  0.549604   -0.40685   0.0178071 
-0.763858  0.511292   -0.329657  0.00871407
-0.664667  0.582545   -0.365989  0.00942254
-0.668992  0.56718    -0.366718  0.0071606 
-0.739666  0.601044   -0.440229  0.0145357 
-0.804148  0.683409   -0.410085  0.0419496 
-0.821159  0.73633    -0.297871  0.0286307 
-0.918493  0.803171   -0.208498  0.0194815 
-0.895465  0.718353   -0.305091  0.0318882 
-0.937675  0.737078   -0.204471  0.0242331 
-0.920669  0.711248   -0.296852  0.0455368 
-0.966742  0.791877   -0.0799398 0.0366269 
-0.966742  0.791877   -0.0799398 0.0455976 
-0.966742  0.791877   -0.0799398 0.0266992 
-0.886664  0.78094    -0.260999  0.0213928 
-0.938265  0.701855   -0.323504  0.0267888 
-0.966798  0.696908   -0.246321  0.0419058 
-1.03379   0.708709   -0.0514271 0.0648169 
-1.03379   0.708709   -0.0514271 0.0381904 
-1.07747   0.690124   -0.0102277 0.0392051 
-1.05372   0.711369   -0.0255809 0.0297421 
-1.09893   0.651614   0.0141347  0.0262842 
-1.00321   0.67523    -0.230533  0.0289891 
-1.03873   0.644066   -0.195513  0.0508603 
-1.1186    0.700294   0.195781   0.0212986 
-1.09005   0.62237    -0.0987014 0.0180308 
-1.04002   0.58475    -0.192216  0.0211767 
-1.06325   0.616122   -0.120304  0.0176102 
-0.964291  0.661826   -0.314644  0.0141643 
-0.964291  0.661826   -0.314644  0.0121945 
-1.0475    0.589707   -0.219323  0.033993  
-1.10805   0.64177    0.034322   0.0176357 
-1.13698   0.549505   0.0381608  0.0319715 
-1.2294    0.582217   0.398616   0.0317027 
-1.32544   0.509297   0.746492   0.0344095 
-1.3592    0.49915    0.903312   0.0276822 
-1.29103   0.516517   0.586824   0.0300248 
-1.29103   0.516517   0.586824   0.0315468 
-1.19477   0.607164   0.273002   0.0437638 
-1.19784   0.641705   0.385621   0.0398417 
-1.14773   0.652755   0.256012   0.0477492 
-1.13238   0.72215    0.268113   0.06552   
-1.13238   0.72215    0.268113   0.0652562 
-1.08916   0.801535   0.481718   0.0850579 
-1.05585   0.8627     0.448834   0.119437  
-1.084     0.92869    0.88489    0.104316  
-0.999056  0.929416   0.499795   0.0751637 
-0.942855  0.921458   0.442499   0.0704824 
-0.955941  0.938779   0.358262   0.0400654 
-0.866779  0.856332   -0.114393  0.0293517 
-0.794943  0.778274   -0.299697  0.0280133 
-0.705963  0.824854   -0.29922   0.012283  
-0.651854  0.746579   -0.355145  0.0201103 
-0.699689  0.725255   -0.359884  0.0128337 
-0.777616  0.699014   -0.387525  0.0066519 
-0.766643  0.612794   -0.436139  0.00740359
-0.779048  0.609994   -0.436562  0.0144714 
-0.874768  0.646179   -0.397703  0.0108479 
-0.914942  0.558437   -0.365134  0.020528  
-0.914942  0.558437   -0.365134  0.0188951 
-0.904469  0.497675   -0.252446  0.00910165
-0.85651   0.580344   -0.431852  0.0216782 
-0.763622  0.488071   -0.262295  0.0175988 
-0.669964  0.499192   -0.27757   0.0140775 
-0.688527  0.52105    -0.309642  0.02753   
-0.602327  0.437729   -0.0404857 0.0194431 
-0.603605  0.479061   -0.160247  0.0143734 
-0.521805  0.555037   -0.169909  0.0150148 
-0.531325  0.554235   -0.205127  0.0172299 
-0.468586  0.604198   -0.165854  0.0175258 
-0.453642  0.56015    -0.0371899 0.0176649 
-0.425472  0.626186   -0.0716582 0.0147073 
-0.470912  0.668633   -0.174707  0.0145759 
-0.480925  0.694669   -0.213698  0.0125675 
-0.560116  0.624732   -0.274492  0.0107834 
-0.601937  0.647007   -0.348919  0.0134067 
-0.683021  0.677454   -0.367632  0.00982498
-0.695087  0.71421    -0.386981  0.0224247 
-0.66423   0.812324   -0.289128  0.0127165 
-0.566876  0.764709   -0.317768  0.0129187 
-0.589237  0.756136   -0.333061  0.0144219 
-0.684619  0.783583   -0.368668  0.0153578 
-0.693156  0.804157   -0.357034  0.0278776 
-0.677598  0.885726   -0.244382  0.0315216 
-0.711258  0.881544   -0.233631  0.0258403 
-0.707557  0.881969   -0.273966  0.0304569 
-0.643925  0.951125   -0.191316  0.0272157 
-0.682285  0.877106   -0.229246  0.0506094 
-0.682285  0.877106   -0.229246  0.0416228 
-0.697007  0.964268   -0.0706375 0.0544683 
-0.78693   0.953059   -0.0214987 0.0382457 
-0.70411   0.928368   -0.147321  0.0287626 
-0.637391  0.905514   -0.230342  0.0221547 
-0.543468  0.922686   -0.293195  0.0185869 
-0.511601  0.895404   -0.258532  0.0147689 
-0.54803   0.800195   -0.31565   0.0107018 
-0.615147  0.72011    -0.344274  0.0156949 
-0.666219  0.675214   -0.378211  0.00829169
-0.664986  0.654378   -0.397026  0.0106436 
-0.59726   0.659997   -0.319886  0.0131003 
-0.575266  0.561298   -0.261831  0.0186902 
-0.640475  0.486807   -0.212738  0.0297637 
-0.714923  0.446849   -0.055711  0.0423418 
-0.776518  0.395364   0.376512   0.0527389 
-0.709887  0.371967   0.464959   0.0343081 
-0.621475  0.419696   0.0637218  0.0312481 
-0.524388  0.409586   0.109453   0.0423246 
-0.613561  0.391387   0.306415   0.0221629 
-0.628709  0.477723   -0.202718  0.0376746 
-0.698709  0.420732   0.0705606  0.0381913 
-0.789502  0.417824   0.150987   0.0165344 
-0.76544   0.514983   -0.341529  0.0365556 
-0.76544   0.514983   -0.341529  0.0240671 
-0.797649  0.480089   -0.28011   0.019411  
-0.838523  0.502722   -0.299598  0.0305371 
-0.838523  0.502722   -0.299598  0.0423195 
-0.852154  0.409484   0.131157   0.0205345 
-0.8854    0.497983   -0.279037  0.0237343 
-0.937721  0.469918   -0.111664  0.0171156 
-0.913545  0.511064   -0.27715   0.0122617 
-1.00589   0.558026   -0.240538  0.0172702 
-0.949386  0.498273   -0.207454  0.0211953 
-0.952067  0.581985   -0.319394  0.0147034 
-0.90596   0.525896   -0.314029  0.00891455
-0.892878  0.610284   -0.410835  0.0152004 
-0.837406  0.699449   -0.39271   0.0138776 
-0.796574  0.710645   -0.417614  0.0147231 
-0.870433  0.681518   -0.388844  0.00948022
-0.851493  0.623437   -0.426517  0.0175195 
-0.90909   0.670625   -0.36761   0.0130794 
-0.892237  0.654944   -0.383526  0.023765  
-0.964647  0.724099   -0.290519  0.0336234 
-1.02623   0.730161   -0.153527  0.024202  
-0.933989  0.691947   -0.300366  0.0335663 
-0.926991  0.770698   -0.196237  0.0338303 
-0.915498  0.762192   -0.179161  0.0410996 
-0.87954   0.790101   -0.203911  0.0266336 
-0.846005  0.775486   -0.327817  0.019534  
-0.888503  0.71084    -0.336079  0.0316853 
-0.928414  0.737713   -0.236153  0.0272876 
-0.952069  0.789835   -0.216712  0.0496614 
-1.00535   0.81941    0.0833015  0.0243542 
-0.934391  0.740973   -0.260704  0.0560228 
-0.915284  0.830132   -0.0152565 0.0396806 
-0.974617  0.798256   -0.0598548 0.0231884 
-0.95844   0.709732   -0.258322  0.0172139 
-0.87059   0.677742   -0.381329  0.0301233 
-0.867842  0.711753   -0.353664  0.0132421 
-0.817432  0.700971   -0.399681  0.0154789 
-0.887983  0.671866   -0.386661  0.00898641
-0.797151  0.67876    -0.435974  0.0110348 
-0.764989  0.676522   -0.409803  0.0156259 
-0.775937  0.762297   -0.379496  0.00905937
-0.79465   0.667771   -0.42063   0.0104934 
-0.718215  0.702089   -0.400463  0.0125476 
-0.782067  0.717738   -0.394817  0.0205313 
-0.822695  0.7564     -0.333371  0.0140576 
-0.791662  0.749756   -0.389093  0.0219993 
-0.692465  0.811673   -0.334226  0.0371425 
-0.73454   0.852371   -0.24457   0.0177362 
-0.666595  0.845158   -0.322486  0.0229995 
-0.602452  0.882141   -0.265106  0.0240737 
-0.618341  0.934499   -0.253649  0.0900621 
-0.618341  0.934499   -0.253649  0.0381062 
-0.547496  1.01082    -0.139952  0.0363225 
-0.595471  0.997397   -0.172903  0.0402801 
-0.658129  0.978452   -0.175723  0.0355991 
-0.603212  0.888425   -0.254914  0.0244062 
-0.591015  0.93881    -0.281136  0.0229087 
-0.529199  0.976865   -0.250569  0.0306496 
-0.622531  0.935799   -0.190345  0.0428299 
-0.586143  1.03571    -0.16289   0.0281549 
-0.498739  0.988227   -0.21138   0.0244313 
-0.442863  0.917413   -0.284879  0.0269534 
-0.515357  0.925556   -0.241755  0.0309295 
-0.580257  0.920991   -0.26533   0.0164712 
-0.586261  0.845063   -0.305113  0.0315377 
-0.585759  0.937839   -0.220798  0.0298778 
-0.641685  0.955877   -0.170966  0.0391978 
-0.729643  0.904898   -0.178183  0.0273328 
-0.724725  0.845271   -0.287146  0.0143253 
-0.746183  0.755581   -0.383302  0.0279661 
-0.789655  0.785434   -0.312813  0.0293304 
-0.760412  0.875214   -0.249303  0.0278055 
-0.757688  0.884331   -0.216788  0.0365807 
-0.737961  0.904086   -0.179575  0.0382508 
-0.755559  0.910562   -0.139727  0.047445  
-0.828881  0.930759   -0.0745301 0.0684817 
-0.908082  0.959074   0.279986   0.145883  
-0.908082  0.959074   0.279986   0.0543951 
-0.872773  0.892647   0.00656796 0.0777136 
-0.82108   0.962997   0.199693   0.0680125 
-0.918132  0.866937   0.0860413  0.0357442 
-0.895342  0.81907    -0.158845  0.0518719 
-0.848504  0.877642   -0.0490604 0.0563806 
-0.828827  0.968968   0.0827678  0.0363016 
-0.778598  0.936521   -0.100882  0.0619175 
-0.783492  0.934962   -0.0690031 0.0961174 
-0.831459  1.02221    0.310973   0.114279  
-0.831459  1.02221    0.310973   0.0826766 
-0.841747  1.01955    0.230159   0.0533833 
-0.928944  0.930357   0.11577    0.146796  
-0.928944  0.930357   0.11577    0.0577467 
-0.833015  0.938379   0.0157055  0.0594168 
-0.861684  1.00602    0.169076   0.0637761 
-0.892813  0.921889   0.146006   0.043461  
-0.839741  1.01241    -0.0302953 0.056142  
-0.801332  0.975456   0.0409294  0.0782948 
-0.846829  0.98724    0.199356   0.0446208 
-0.755773  1.00726    -0.0850139 0.0516424 
-0.847704  0.943007   0.0199627  0.0510125 
-0.903869  0.959794   0.101595   0.0671101 
-0.958243  0.863022   0.146075   0.0513792 
-0.87378   0.933432   0.0697607  0.0654654 
-0.809713  0.959119   0.0544102  0.035977  
-0.901744  0.867504   -0.0774929 0.0653909 
-0.96989   0.876118   0.221665   0.0377082 
-0.930521  0.806661   -0.10782   0.0453955 
-1.00193   0.788961   -0.00372777 0.0628873 
-1.09644   0.841742   0.475345   0.0859948 
-1.14842   0.794159   0.69995    0.0724021 
-1.20759   0.756851   0.701514   0.045711  
-1.20295   0.660843   0.439885   0.0430418 
-1.16526   0.671778   0.253159   0.0231225 
-1.14955   0.583884   0.107783   0.0371835 
-1.10902   0.678045   0.0697365  0.0281426 
-1.15615   0.61864    0.0855288  0.0390125 
-1.15933   0.65207    0.222175   0.0252652 
-1.16836   0.584346   0.155352   0.0394652 
-1.23329   0.630585   0.455711   0.0405779 
-1.17954   0.687432   0.283666   0.0580368 
-1.10487   0.770755   0.333918   0.0814377 
-1.10487   0.770755   0.333918   0.0731467 
-1.09401   0.84491    0.389343   0.0703409 
-0.994354  0.854392   0.17571    0.046772  
-0.989676  0.782634   -0.0438381 0.0471294 
-0.949386  0.811849   0.0178026  0.0325047 
-0.866981  0.796716   -0.189171  0.0271224 
-0.778297  0.860231   -0.219126  0.017277  
-0.72052   0.794087   -0.351623  0.0115641 
-0.647895  0.713715   -0.370732  0.0186665 
-0.621678  0.793793   -0.312954  0.0124992 
-0.560769  0.714616   -0.304518  0.0121287 
-0.656057  0.771466   -0.355375  0.012499  
-0.560434  0.713536   -0.278581  0.00860953
-0.656883  0.672209   -0.382644  0.00928031
-0.70766   0.708255   -0.392118  0.0254333 
-0.804311  0.68107    -0.379673  0.0273284 
-0.862829  0.734206   -0.326923  0.0167645 
-0.844825  0.71525    -0.3746    0.00667132
-0.763206  0.667772   -0.44249   0.00799328
-0.814941  0.579217   -0.425958  0.00664662
-0.768695  0.642255   -0.44189   0.00835058
-0.707393  0.596602   -0.408797  0.0100657 
-0.637866  0.69564    -0.357386  0.0123737 
-0.628249  0.713561   -0.336109  0.0147504 
-0.673515  0.768869   -0.340881  0.0127859 
-0.575766  0.749199   -0.296651  0.0150439 
-0.575766  0.749199   -0.296651  0.0113395 
-0.617706  0.755565   -0.343519  0.0181353 
-0.704195  0.772161   -0.344703  0.0301106 
-0.800208  0.857437   -0.244708  0.0192808 
-0.826425  0.763555   -0.33499   0.0184843 
-0.74024   0.75457    -0.361785  0.016023  
-0.774097  0.757122   -0.37493   0.00809934
-0.735017  0.682189   -0.427807  0.00853552
-0.811047  0.602495   -0.433252  0.0120251 
-0.859035  0.629323   -0.424497  0.00727678
-0.80509   0.588223   -0.454898  0.0117343 
-0.767737  0.547403   -0.398975  0.00849817
-0.720041  0.574212   -0.406383  0.00866684
-0.782401  0.572624   -0.419511  0.0130003 
-0.877552  0.539315   -0.353787  0.0125556 
-0.874391  0.617653   -0.419772  0.0108923 
-0.876383  0.616882   -0.418659  0.0176633 
-0.895221  0.697191   -0.36045   0.0108189 
-0.872709  0.607333   -0.414671  0.0109259 
-0.775234  0.553105   -0.400991  0.00886241
-0.798819  0.569879   -0.432177  0.00935523
-0.857747  0.620124   -0.442285  0.00987331
-0.849384  0.661547   -0.428048  0.0169404 
-0.849384  0.661547   -0.428048  0.0167094 
-0.936568  0.675101   -0.366974  0.00991882
-0.914527  0.623477   -0.409888  0.00968282
-0.831133  0.573188   -0.42028   0.0100239 
-0.795105  0.667415   -0.438358  0.00661686
-0.714617  0.618609   -0.426448  0.00622692
-0.759352  0.618149   -0.440529  0.0153092 
-0.759352  0.618149   -0.440529  0.0107167 
-0.739585  0.555213   -0.411919  0.00800969
-0.6554    0.627953   -0.364502  0.0119574 
-0.749805  0.721197   -0.401713  0.00904167
-0.743762  0.670175   -0.412826  0.00879145
-0.68836   0.680142   -0.380015  0.0100235 
-0.603377  0.635509   -0.308881  0.00941517
-0.618482  0.60513    -0.324456  0.011555  
-0.642067  0.546505   -0.339183  0.00718608
-0.736686  0.596021   -0.423634  0.00711211
-0.785815  0.617096   -0.43396   0.00659703
-0.791742  0.609719   -0.450901  0.00700835
-0.794586  0.6586     -0.445955  0.00957032
-0.749755  0.681203   -0.410748  0.014874  
-0.726872  0.689574   -0.404959  0.00967715
-0.630758  0.678447   -0.356377  0.0140617 
-0.6829    0.778008   -0.356993  0.0133579 
-0.772139  0.710893   -0.3972    0.0124062 
-0.802917  0.678438   -0.412124  0.00684253
-0.768815  0.636386   -0.441922  0.0115369 
-0.774195  0.545876   -0.392617  0.00687878
-0.804351  0.607424   -0.457259  0.0120192 
-0.801918  0.632414   -0.427446  0.00664475
-0.761486  0.597154   -0.434509  0.0156486 
-0.746625  0.519053   -0.34468   0.00726923
-0.769749  0.594074   -0.430515  0.0105503 
-0.843574  0.563302   -0.40823   0.0189317 
-0.925135  0.498608   -0.208524  0.00968456
-0.837805  0.564684   -0.40316   0.0102779 
-0.881733  0.567856   -0.396216  0.0184402 
-0.822638  0.505679   -0.302353  0.0381442 
-0.822638  0.505679   -0.302353  0.0350356 
-0.822638  0.505679   -0.302353  0.0300412 
-0.816746  0.450612   -0.0913388 0.0495761 
-0.831509  0.369505   0.58433    0.0258914 
-0.850789  0.464453   -0.153164  0.0449746 
-0.925563  0.385636   0.436447   0.0271864 
-0.941004  0.448717   0.0118061  0.028533  
-0.874721  0.454576   -0.0647951 0.0220294 
-0.936837  0.480848   -0.177861  0.0318276 
-0.88835   0.436265   0.0166336  0.0316306 
-0.88835   0.436265   0.0166336  0.024075  
-0.873543  0.471779   -0.131832  0.0176863 
-0.946743  0.556264   -0.31994   0.013436  
-0.9       0.540853   -0.345103  0.00923691
-0.92056   0.620228   -0.391818  0.0169763 
-0.825464  0.687803   -0.396499  0.00799944
-0.837784  0.598808   -0.428216  0.0178537 
-0.837784  0.598808   -0.428216  0.0146572 
-0.93311   0.519086   -0.246428  0.0151817 
-0.987601  0.611054   -0.321361  0.0253572 
-1.01452   0.663485   -0.204442  0.0108434 
-0.938245  0.606488   -0.365311  0.0139944 
-0.918245  0.67401    -0.378033  0.00792132
-0.826501  0.609901   -0.435355  0.0144456 
-0.854574  0.705156   -0.388964  0.0190404 
-0.947643  0.684822   -0.320816  0.0270355 
-0.867709  0.757333   -0.278933  0.0459143 
-0.904784  0.794568   -0.212513  0.0264024 
-0.888258  0.737528   -0.287493  0.0435261 
-0.956103  0.736246   -0.192547  0.0269003 
-0.908297  0.760987   -0.262246  0.0181987 
-0.825889  0.760117   -0.356594  0.0222826 
-0.819767  0.707385   -0.360939  0.0214602 
-0.811165  0.798944   -0.314999  0.0259657 
-0.810589  0.734138   -0.347637  0.0154932 
-0.746176  0.715081   -0.378118  0.00690393
-0.843333  0.634435   -0.448775  0.0287495 
-0.90732   0.695843   -0.335785  0.0226719 
-0.941545  0.717385   -0.296214  0.030856  
-0.941545  0.717385   -0.296214  0.0347021 
-0.966286  0.760284   -0.167413  0.0321502 
-1.05348   0.701087   -0.0703895 0.0472779 
-1.0035    0.795368   -0.00275585 0.0374311 
-0.910057  0.801548   -0.166288  0.0381468 
-0.821405  0.894312   -0.116371  0.042311  
-0.794103  0.903954   -0.0820571 0.0400812 
-0.754395  0.844318   -0.191693  0.022767  
-0.710915  0.822316   -0.30756   0.0240409 
-0.740358  0.837553   -0.279312  0.0309061 
-0.683129  0.884963   -0.221478  0.0858539 
-0.758519  0.957839   0.0265932  0.0337303 
-0.746362  0.919856   -0.190244  0.035249  
-0.736188  0.934401   -0.136459  0.0321563 
-0.774043  0.893039   -0.196143  0.0406411 
-0.760036  0.899026   -0.191514  0.0540922 
-0.760036  0.899026   -0.191514  0.0337887 
-0.790482  0.861749   -0.194242  0.0549554 
-0.874338  0.952444   0.0839031  0.076797  
-0.835756  1.05156    0.337746   0.099108  
-0.753114  1.1118     0.352578   0.074561  
-0.677736  1.14638    0.267249   0.0844479 
-0.677736  1.14638    0.267249   0.153968  
-0.735794  1.24606    1.08271    0.128297  
-0.666818  1.28186    0.747532   0.0856257 
-0.567909  1.25801    0.461785   0.0737994 
-0.525814  1.26082    0.250447   0.140027  
-0.619037  1.19872    0.507907   0.0682226 
-0.619423  1.16007    0.16203    0.170748  
-0.631195  1.19469    0.385121   0.0536348 
-0.540682  1.19429    0.0876418  0.0810078 
-0.533658  1.15309    0.165909   0.087207  
-0.600335  1.14302    0.159899   0.0521518 
-0.545555  1.12586    -0.00496073 0.0468577 
-0.487588  1.18767    -0.0401959 0.0405086 
-0.433781  1.1042     -0.0895386 0.105815  
-0.381721  1.18712    0.0727055  0.0674096 
-0.288705  1.20198    0.0976458  0.0777111 
-0.332608  1.23494    0.036264   0.0531179 
-0.356898  1.17076    -0.0460831 0.0673698 
-0.299643  1.26067    0.158366   0.0331822 
-0.220886  1.16745    -0.193177  0.0415968 
-0.298793  1.07198    -0.141855  0.0210223 
-0.345002  0.999701   -0.251013  0.0275588 
-0.256429  1.09861    -0.216795  0.0224903 
-0.262866  1.04214    -0.239098  0.0472686 
-0.312231  1.12797    -0.106156  0.0496684 
-0.312231  1.12797    -0.106156  0.05143   
-0.303063  1.19335    -0.042422  0.0496751 
-0.20527   1.09952    -0.159287  0.0253909 
-0.159481  1.04272    -0.255028  0.0406166 
-0.208774  0.952477   -0.198043  0.0165081 
-0.187844  0.974173   -0.249424  0.0175652 
-0.131499  0.947671   -0.242513  0.0158716 
-0.218254  0.879884   -0.20487   0.0168096 
-0.208506  0.846843   -0.165968  0.0155036 
-0.142109  0.933209   -0.246336  0.0181293 
-0.142109  0.933209   -0.246336  0.0174104 
-0.0802969 0.854309   -0.14175   0.0162416 
-0.038773  0.93588    -0.250186  0.0194465 
-0.0160611 1.00489    -0.241915  0.0241052 
-0.0676423 0.991413   -0.215288  0.0173477 
-0.0217223 0.91638    -0.230673  0.0164404 
-0.100016  0.900116   -0.202156  0.0173563 
-0.0901953 0.839084   -0.193045  0.0168777 
-0.00901336 0.925575   -0.246985  0.0178198 
0.0148551  1.00644    -0.263113  0.0259525 
0.039131   1.05865    -0.240444  0.0160106 
0.10365    0.974703   -0.245489  0.0358752 
0.193958   1.01953    -0.223421  0.0225712 
0.270961   0.997573   -0.253933  0.0176071 
0.354844   0.952307   -0.256837  0.0201263 
0.403897   0.924728   -0.23841   0.0364366 
0.50273    1.01955    -0.170783  0.0398622 
0.464199   1.06512    -0.11944   0.0432208 
0.484808   1.09212    -0.0786574 0.0240734 
0.459433   1.01078    -0.247608  0.0210958 
0.480241   0.922211   -0.25364   0.0302692 
0.480241   0.922211   -0.25364   0.0325498 
0.55788    1.00606    -0.22506   0.0352554 
0.521981   0.997434   -0.209413  0.062365  
0.595245   1.04538    0.00640902 0.0420136 
0.616278   1.07158    -0.0727067 0.0845502 
0.616278   1.07158    -0.0727067 0.0851808 
0.639936   1.13791    0.286127   0.0585262 
0.614915   1.0827     -0.00796071 0.0776727 
0.667305   1.0638     0.163856   0.0690357 
0.633759   1.15518    0.187448   0.0979551 
0.674201   1.13933    0.380145   0.0662403 
0.769783   1.04968    0.19404    0.0608313 
0.863102   1.02002    0.185559   0.0892908 
0.896753   1.06445    0.542909   0.0958021 
0.800933   1.04904    0.286372   0.0734016 
0.869287   1.02893    0.337483   0.0684172 
0.790804   0.964595   0.112256   0.0536662 
0.808394   0.920798   0.00192289 0.0644559 
0.736295   1.00265    0.00634741 0.086697  
0.816485   1.05872    0.388817   0.0902423 
0.87536    1.01436    0.459161   0.0659062 
0.886897   0.939837   0.203424   0.0504212 
0.797673   0.993976   0.000474135 0.0997672 
0.757425   1.07104    0.378806   0.0650908 
0.740947   1.04555    0.108274   0.053715  
0.709972   0.956188   -0.147308  0.0663522 
0.709972   0.956188   -0.147308  0.0282805 
0.661284   0.936937   -0.198322  0.0158794 
0.63863    0.844556   -0.313172  0.0216516 
0.581081   0.814596   -0.281777  0.0177807 
0.504645   0.864398   -0.280327  0.0168903 
0.436449   0.915969   -0.27317   0.0259371 
0.4981     0.979844   -0.252516  0.0182732 
0.590566   0.905142   -0.282825  0.0172643 
0.618061   0.881424   -0.303981  0.0259824 
0.559154   0.829359   -0.281046  0.0188678 
0.462289   0.814617   -0.256888  0.0134342 
0.552891   0.812966   -0.316327  0.0176757 
0.610657   0.838308   -0.288543  0.0202035 
0.593328   0.92928    -0.287155  0.0318814 
0.527532   1.00459    -0.197858  0.0201389 
0.469379   0.922341   -0.268253  0.0281634 
0.435118   1.01638    -0.234512  0.0173295 
0.375294   0.92604    -0.256878  0.0156298 
0.375294   0.92604    -0.256878  0.0175889 
0.339021   0.883239   -0.263782  0.0223919 
0.30331    0.963974   -0.218999  0.0156561 
0.267479   0.887997   -0.273542  0.0303725 
0.262203   0.968698   -0.199157  0.0211897 
0.265166   0.947723   -0.2362    0.0161494 
0.234452   0.865592   -0.219926  0.0182067 
0.161666   0.894955   -0.245771  0.0183949 
0.102754   0.798411   -0.13711   0.0161584 
0.0258622  0.856038   -0.158416  0.0188413 
-0.0231649 0.802625   -0.123215  0.02108   
0.00769328 0.726641   0.0297908  0.0228298 
0.0385393  0.718407   0.0121702  0.0202648 
0.112021   0.752526   -0.0428266 0.0238932 
0.0373391  0.683544   0.122183   0.01948   
0.0141525  0.769009   -0.0363931 0.0167921 
0.0262321  0.865786   -0.188443  0.0175762 
0.0379557  0.882697   -0.210974  0.0171409 
-0.020548  0.88857    -0.201691  0.0172743 
0.0608722  0.8996     -0.242044  0.0160202 
-0.0319538 0.998957   -0.265238  0.0156264 
-0.128125  0.936429   -0.238141  0.0182301 
-0.0918351 1.01288    -0.26415   0.0314126 
-0.0858867 0.95981    -0.188495  0.0175803 
-0.118149  0.905257   -0.229582  0.0177295 
-0.20376   0.876946   -0.222214  0.0159629 
-0.205127  0.923202   -0.250042  0.0193781 
-0.127164  0.984972   -0.261721  0.0317166 
-0.151637  1.06022    -0.194263  0.0367038 
-0.133588  1.11178    -0.177824  0.0224595 
-0.115562  1.04064    -0.242828  0.0297301 
-0.0486054 1.02805    -0.208403  0.0191815 
-0.0198304 0.991022   -0.245788  0.0152541 
-0.0736522 0.948466   -0.236887  0.0204292 
-0.16279   1.04525    -0.258143  0.020012  
-0.242112  0.987543   -0.241048  0.033208  
-0.205888  1.08151    -0.167792  0.0462974 
-0.205888  1.08151    -0.167792  0.0182761 
-0.114212  0.993838   -0.266595  0.016205  
-0.0834724 0.936457   -0.235797  0.018092  
-0.119824  0.869235   -0.191962  0.0165072 
-0.0845246 0.90991    -0.226284  0.0168115 
-0.108447  0.86073    -0.179438  0.0157187 
-0.173869  0.908752   -0.239761  0.0186415 
-0.136866  0.823569   -0.162777  0.0183633 
-0.163348  0.81538    -0.154947  0.0206854 
-0.0692599 0.750269   -0.00480077 0.0240588 
-0.142401  0.666035   0.0968229  0.0306719 
-0.142401  0.666035   0.0968229  0.0225604 
-0.118332  0.70958    -0.0122384 0.020485  
-0.104915  0.72211    0.0401432  0.0225638 
-0.113078  0.689324   0.0798268  0.021025  
-0.0915259 0.723139   0.0462975  0.0180869 
-0.113816  0.805596   -0.10169   0.0185714 
-0.104134  0.79608    -0.0950102 0.0178105 
-0.0863611 0.795053   -0.0845392 0.018667  
-0.0391555 0.796493   -0.0732696 0.0219403 
0.0173633  0.713322   0.0239008  0.0253933 
0.0113601  0.640819   0.231303   0.0291551 
0.058914   0.618772   0.219302   0.028341  
-0.0135891 0.591968   0.348728   0.0317023 
-0.0135891 0.591968   0.348728   0.0264668 
0.0543661  0.637431   0.174079   0.032192  
0.0543661  0.637431   0.174079   0.0223385 
-0.0112723 0.714884   0.0711872  0.0225742 
-0.0576858 0.710395   0.037567   0.0193042 
-0.154092  0.778696   -0.125733  0.0217343 
-0.145536  0.724372   -0.0309288 0.0207568 
-0.0613975 0.744916   -0.0294352 0.0203842 
-0.026356  0.735206   0.0642192  0.0184071 
0.0278434  0.816553   -0.13452   0.0158616 
-0.00176141 0.898993   -0.204398  0.0166251 
0.0823649  0.94094    -0.234553  0.0156476 
0.179168   0.953311   -0.286141  0.015548  
0.114266   0.897503   -0.204407  0.01679   
0.0984204  0.904642   -0.217182  0.0195043 
0.17147    0.96703    -0.241065  0.0174569 
0.214357   0.998978   -0.262794  0.0170967 
0.261459   0.906098   -0.23566   0.0182583 
0.320827   0.975866   -0.262858  0.0315642 
0.239742   1.02146    -0.195713  0.0283875 
0.288501   1.0699     -0.219698  0.0370777 
0.344316   1.05929    -0.19164   0.0350662 
0.428879   1.06777    -0.155174  0.0357045 
0.418971   1.04464    -0.191177  0.0191582 
0.352619   0.950071   -0.273116  0.0332743 
0.377978   1.03383    -0.210894  0.0310581 
0.390178   1.02668    -0.195344  0.0542466 
0.32722    1.10153    -0.168524  0.0312833 
0.26082    1.06675    -0.226443  0.0264767 
0.265273   1.02437    -0.236067  0.031989  
0.302261   1.03359    -0.230198  0.0317995 
0.387539   0.991093   -0.23548   0.0284045 
0.447588   1.02852    -0.23386   0.0566755 
0.524062   1.04899    -0.0508654 0.0300756 
0.498258   1.01447    -0.204333  0.106939  
0.498258   1.01447    -0.204333  0.0627644 
0.498258   1.01447    -0.204333  0.0199647 
0.543189   0.925663   -0.288832  0.0355822 
0.524386   0.996133   -0.192403  0.0274112 
0.581666   0.931228   -0.26826   0.0521509 
0.581666   0.931228   -0.26826   0.0324379 
0.67609    0.937531   -0.177527  0.0586159 
0.76581    0.964301   0.0104722  0.0673879 
0.76581    0.964301   0.0104722  0.0564917 
0.790301   0.99714    0.0586704  0.0334478 
0.729157   0.937714   -0.193975  0.0540106 
0.729157   0.937714   -0.193975  0.0370758 
0.671486   0.884853   -0.240528  0.0326446 
0.755058   0.841354   -0.26164   0.0446651 
0.823953   0.874217   -0.137326  0.0307864 
0.762794   0.855617   -0.247117  0.0349813 
0.703888   0.857813   -0.210673  0.0200434 
0.645168   0.868759   -0.294239  0.0353436 
0.641      0.955255   -0.181697  0.0608805 
0.73314    1.03412    0.0294005  0.0692929 
0.695702   1.10815    0.171802   0.0678579 
0.731743   1.12783    0.29001    0.059085  
0.679034   1.07061    0.0840263  0.064866  
0.684694   1.03317    0.0979738  0.0521777 
0.751049   0.971861   -0.0162838 0.0584053 
0.838932   0.956439   0.0655922  0.0715199 
0.759438   1.0157     0.209253   0.0348213 
0.710473   0.981884   -0.166574  0.0619886 
0.797324   1.00075    0.113441   0.0303444 
0.729751   0.903226   -0.224471  0.0183463 
0.721505   0.808975   -0.327902  0.0167207 
0.709502   0.772899   -0.33459   0.0283541 
0.736037   0.857098   -0.248316  0.0391017 
0.736037   0.857098   -0.248316  0.058463  
0.833557   0.917704   0.0639068  0.0643137 
0.784822   0.897672   -0.111961  0.0381653 
0.792276   0.850215   -0.153044  0.019434  
0.802934   0.771732   -0.327077  0.0481562 
0.75987    0.849662   -0.173982  0.0287095 
0.80348    0.824598   -0.294022  0.0158282 
0.819393   0.729778   -0.407435  0.0105139 
0.810782   0.692537   -0.419602  0.00648677
0.751098   0.604171   -0.438577  0.00648428
0.729289   0.619371   -0.434055  0.0121673 
0.678086   0.697464   -0.377038  0.0102453 
0.601817   0.61734    -0.327519  0.0102593 
0.682096   0.559965   -0.384285  0.0244598 
0.623324   0.463923   -0.171375  0.023862  
0.641084   0.463815   -0.1738    0.0559491 
0.641084   0.463815   -0.1738    0.0264128 
0.618075   0.439418   0.0116115  0.014414  
0.567616   0.526166   -0.22332   0.0122649 
0.567638   0.614607   -0.295547  0.0127176 
0.570264   0.682796   -0.326484  0.0129654 
0.575356   0.74191    -0.292028  0.0137851 
0.520528   0.728808   -0.278765  0.0132309 
0.552919   0.737936   -0.295683  0.0322096 
0.549253   0.820801   -0.247399  0.0198502 
0.605433   0.858528   -0.311119  0.0170101 
0.68919    0.764866   -0.347388  0.0208397 
0.590059   0.863776   -0.295212  0.0160837 
