#MU        SIGMA      ENERGY     ERROR     
-0.860468  0.602464   -0.424907  0.00646348
-0.840548  0.622115   -0.446173  0.0110915 
-0.840548  0.622115   -0.446173  0.00941135
-0.840548  0.622115   -0.446173  0.0065132 
-0.775531  0.640898   -0.441048  0.0132777 
-0.775531  0.640898   -0.441048  0.014787  
-0.775531  0.640898   -0.441048  0.00663526
-0.81708   0.619403   -0.442581  0.00777216
-0.773167  0.591203   -0.432845  0.014864  
-0.858592  0.527414   -0.35547   0.0307373 
-0.858592  0.527414   -0.35547   0.00650611
-0.763085  0.603933   -0.420191  0.0126713 
-0.763085  0.603933   -0.420191  0.00839129
-0.775174  0.596214   -0.427146  0.00755337
-0.71437   0.67024    -0.424094  0.0226775 
-0.71437   0.67024    -0.424094  0.0106995 
-0.71437   0.67024    -0.424094  0.00975262
-0.677877  0.682113   -0.382314  0.00944164
-0.634551  0.6351     -0.368038  0.0118506 
-0.579374  0.731573   -0.318868  0.0147103 
-0.579374  0.731573   -0.318868  0.0136053 
-0.65754   0.777435   -0.367187  0.011223  
-0.737179  0.720912   -0.395022  0.0235565 
-0.737179  0.720912   -0.395022  0.00775867
-0.669114  0.640854   -0.384801  0.00680683
-0.699582  0.64384    -0.426103  0.0097773 
-0.699582  0.64384    -0.426103  0.0116779 
-0.703579  0.544993   -0.387013  0.00639201
-0.718604  0.614492   -0.420057  0.0091229 
-0.744134  0.572083   -0.428045  0.00862167
-0.744134  0.572083   -0.428045  0.00849578
-0.744134  0.572083   -0.428045  0.0143872 
-0.744134  0.572083   -0.428045  0.0124087 
-0.744134  0.572083   -0.428045  0.00772961
-0.7029    0.653036   -0.418738  0.0209008 
-0.7029    0.653036   -0.418738  0.00815481
-0.759669  0.580065   -0.433025  0.00680601
-0.770583  0.634109   -0.434748  0.0153299 
-0.770583  0.634109   -0.434748  0.00916858
-0.770583  0.634109   -0.434748  0.00746179
-0.78556   0.589148   -0.441645  0.00785497
-0.814549  0.601782   -0.439081  0.0131214 
-0.814549  0.601782   -0.439081  0.0186599 
-0.814549  0.601782   -0.439081  0.00953179
-0.870005  0.642864   -0.4324    0.0195307 
-0.870005  0.642864   -0.4324    0.0131884 
-0.870005  0.642864   -0.4324    0.0106238 
-0.870005  0.642864   -0.4324    0.00846936
-0.844884  0.635157   -0.428847  0.0101769 
-0.844884  0.635157   -0.428847  0.00988846
-0.797969  0.558959   -0.423531  0.0137398 
-0.797969  0.558959   -0.423531  0.011711  
-0.797969  0.558959   -0.423531  0.0137479 
-0.797969  0.558959   -0.423531  0.0215781 
-0.797969  0.558959   -0.423531  0.0172433 
-0.797969  0.558959   -0.423531  0.00711999
-0.729309  0.628917   -0.413711  0.00920591
-0.729309  0.628917   -0.413711  0.0105244 
-0.82247   0.556897   -0.4081    0.0164118 
-0.82247   0.556897   -0.4081    0.00610541
-0.74758   0.602538   -0.433093  0.0081042 
-0.811404  0.642433   -0.441864  0.0165518 
-0.811404  0.642433   -0.441864  0.0112683 
-0.811404  0.642433   -0.441864  0.00896725
-0.811404  0.642433   -0.441864  0.019721  
-0.811404  0.642433   -0.441864  0.0160952 
-0.811404  0.642433   -0.441864  0.00716892
-0.833637  0.59375    -0.454919  0.0163405 
-0.833637  0.59375    -0.454919  0.00861869
-0.833637  0.59375    -0.454919  0.00696903
-0.833637  0.59375    -0.454919  0.00897692
-0.760662  0.569332   -0.411807  0.00788378
-0.760662  0.569332   -0.411807  0.01847   
-0.760662  0.569332   -0.411807  0.0183448 
-0.760662  0.569332   -0.411807  0.00788404
-0.760662  0.569332   -0.411807  0.0098051 
-0.857005  0.624345   -0.431364  0.0125273 
-0.857005  0.624345   -0.431364  0.0105233 
-0.857005  0.624345   -0.431364  0.0135398 
-0.857005  0.624345   -0.431364  0.0125321 
-0.857005  0.624345   -0.431364  0.0151698 
-0.857005  0.624345   -0.431364  0.0104518 
-0.786552  0.555577   -0.422576  0.0091995 
-0.818222  0.629835   -0.429763  0.0169912 
-0.818222  0.629835   -0.429763  0.0128897 
-0.818222  0.629835   -0.429763  0.0184995 
-0.818222  0.629835   -0.429763  0.013413  
-0.772554  0.718007   -0.394501  0.0228596 
-0.772554  0.718007   -0.394501  0.0150534 
-0.821765  0.69746    -0.404139  0.0314384 
-0.821765  0.69746    -0.404139  0.0121789 
-0.821765  0.69746    -0.404139  0.0182966 
-0.821765  0.69746    -0.404139  0.0157896 
-0.821765  0.69746    -0.404139  0.0311577 
-0.821765  0.69746    -0.404139  0.011731  
-0.873885  0.636961   -0.421684  0.0118419 
-0.814189  0.5504     -0.406474  0.0193425 
-0.814189  0.5504     -0.406474  0.0167961 
-0.814189  0.5504     -0.406474  0.0174767 
-0.814189  0.5504     -0.406474  0.0194785 
-0.814189  0.5504     -0.406474  0.0145074 
-0.814189  0.5504     -0.406474  0.0105997 
-0.814189  0.5504     -0.406474  0.0187148 
-0.814189  0.5504     -0.406474  0.0135224 
-0.800186  0.540115   -0.418265  0.0180478 
-0.800186  0.540115   -0.418265  0.00696462
-0.76275   0.589329   -0.443287  0.0200106 
-0.76275   0.589329   -0.443287  0.0116026 
-0.76275   0.589329   -0.443287  0.00638145
-0.776789  0.660733   -0.446104  0.0171866 
-0.776789  0.660733   -0.446104  0.0111385 
-0.769574  0.698061   -0.413533  0.00773488
-0.721064  0.662441   -0.42055   0.0116485 
-0.768028  0.713353   -0.416685  0.0153747 
-0.768028  0.713353   -0.416685  0.011857  
-0.687945  0.673791   -0.385971  0.0129268 
-0.687945  0.673791   -0.385971  0.00793399
-0.759955  0.591775   -0.429328  0.0074045 
-0.730974  0.591305   -0.403149  0.00954014
-0.730974  0.591305   -0.403149  0.00795514
-0.819016  0.588542   -0.427524  0.0134488 
-0.819016  0.588542   -0.427524  0.0156878 
-0.819016  0.588542   -0.427524  0.00939403
-0.819016  0.588542   -0.427524  0.00895552
-0.756295  0.569579   -0.421918  0.0146759 
-0.756295  0.569579   -0.421918  0.00896792
-0.780188  0.565291   -0.420363  0.0123975 
-0.780188  0.565291   -0.420363  0.0193049 
-0.780188  0.565291   -0.420363  0.00704738
-0.738712  0.599101   -0.431754  0.0197251 
-0.738712  0.599101   -0.431754  0.0189342 
-0.738712  0.599101   -0.431754  0.00841261
-0.738712  0.599101   -0.431754  0.00702646
-0.687152  0.636786   -0.404049  0.0128344 
-0.742197  0.53959    -0.395139  0.00808028
-0.799668  0.621084   -0.437951  0.0125978 
-0.799668  0.621084   -0.437951  0.00951911
-0.799668  0.621084   -0.437951  0.00699898
-0.77977   0.594122   -0.424353  0.00722935
-0.77977   0.594122   -0.424353  0.0130313 
-0.77977   0.594122   -0.424353  0.012637  
-0.77977   0.594122   -0.424353  0.0131617 
-0.77977   0.594122   -0.424353  0.0154576 
-0.77977   0.594122   -0.424353  0.0113515 
-0.77977   0.594122   -0.424353  0.00760271
-0.803138  0.616319   -0.437432  0.0100298 
-0.803138  0.616319   -0.437432  0.0151101 
-0.803138  0.616319   -0.437432  0.013444  
-0.803138  0.616319   -0.437432  0.0109628 
-0.803138  0.616319   -0.437432  0.0134358 
-0.803138  0.616319   -0.437432  0.0100671 
-0.803138  0.616319   -0.437432  0.00846475
-0.803138  0.616319   -0.437432  0.0144542 
-0.803138  0.616319   -0.437432  0.00827731
-0.793947  0.636128   -0.434495  0.00748895
-0.791964  0.599289   -0.446687  0.00739553
-0.723753  0.67756    -0.427157  0.0102487 
-0.680779  0.701458   -0.383667  0.0191772 
-0.680779  0.701458   -0.383667  0.0201462 
-0.680779  0.701458   -0.383667  0.0099575 
-0.680779  0.701458   -0.383667  0.0091312 
-0.667283  0.671156   -0.397493  0.00783954
-0.708001  0.702175   -0.40597   0.0125009 
-0.708001  0.702175   -0.40597   0.00731723
-0.706145  0.604226   -0.417876  0.0151727 
-0.706145  0.604226   -0.417876  0.0123122 
-0.706145  0.604226   -0.417876  0.00963427
-0.706145  0.604226   -0.417876  0.0087868 
-0.634604  0.612439   -0.34689   0.0117072 
-0.634604  0.612439   -0.34689   0.0141888 
-0.634604  0.612439   -0.34689   0.00889603
-0.649053  0.628967   -0.36471   0.00788242
-0.676185  0.599385   -0.373049  0.00841758
-0.678178  0.663631   -0.397863  0.0135006 
-0.678178  0.663631   -0.397863  0.00718489
-0.777424  0.60371    -0.436629  0.0156971 
-0.777424  0.60371    -0.436629  0.00726851
-0.777424  0.60371    -0.436629  0.0078123 
-0.751392  0.580327   -0.434007  0.00919658
-0.6626    0.585665   -0.381782  0.0194914 
-0.6626    0.585665   -0.381782  0.0116067 
-0.712774  0.548233   -0.411872  0.00693029
-0.701314  0.633029   -0.415521  0.00999243
-0.701314  0.633029   -0.415521  0.013671  
-0.701314  0.633029   -0.415521  0.00616646
-0.784768  0.609997   -0.45762   0.00567994
-0.815462  0.622562   -0.4477    0.00716888
-0.784572  0.614397   -0.433695  0.00599635
-0.762931  0.62011    -0.438599  0.0155743 
-0.762931  0.62011    -0.438599  0.0189625 
-0.799386  0.718798   -0.397073  0.0122004 
-0.742494  0.684611   -0.403768  0.00896218
-0.742494  0.684611   -0.403768  0.00665049
-0.834703  0.613639   -0.442308  0.00753459
-0.740035  0.582753   -0.428499  0.00951053
-0.740035  0.582753   -0.428499  0.0201284 
-0.740035  0.582753   -0.428499  0.0163358 
-0.740035  0.582753   -0.428499  0.00777722
-0.816028  0.609685   -0.436487  0.010554  
-0.816028  0.609685   -0.436487  0.00987125
-0.848478  0.654443   -0.422465  0.0112086 
-0.860748  0.564056   -0.397269  0.0132489 
-0.903936  0.662512   -0.381793  0.00905614
-0.927414  0.598714   -0.394792  0.0114086 
-0.927414  0.598714   -0.394792  0.0178281 
-0.927414  0.598714   -0.394792  0.0163712 
-0.927414  0.598714   -0.394792  0.0268672 
-0.927414  0.598714   -0.394792  0.0109288 
-0.927414  0.598714   -0.394792  0.0184732 
-0.927414  0.598714   -0.394792  0.0155578 
-0.927414  0.598714   -0.394792  0.0121223 
-0.927414  0.598714   -0.394792  0.0117369 
-0.927414  0.598714   -0.394792  0.0169918 
-0.927414  0.598714   -0.394792  0.00980618
-0.842427  0.625322   -0.438168  0.0137024 
-0.842427  0.625322   -0.438168  0.0200854 
-0.842427  0.625322   -0.438168  0.0120502 
-0.842427  0.625322   -0.438168  0.0123293 
-0.842427  0.625322   -0.438168  0.0107055 
-0.842427  0.625322   -0.438168  0.00829419
-0.746042  0.674525   -0.427115  0.00701338
-0.809364  0.643233   -0.44733   0.0109072 
-0.809364  0.643233   -0.44733   0.0114943 
-0.809364  0.643233   -0.44733   0.00986307
-0.809364  0.643233   -0.44733   0.00848685
-0.809364  0.643233   -0.44733   0.0182541 
-0.809364  0.643233   -0.44733   0.0166021 
-0.809364  0.643233   -0.44733   0.0143606 
-0.809364  0.643233   -0.44733   0.0305098 
-0.809364  0.643233   -0.44733   0.0132847 
-0.809364  0.643233   -0.44733   0.00916048
-0.769184  0.638135   -0.432408  0.0137082 
-0.769184  0.638135   -0.432408  0.00789796
-0.792797  0.627512   -0.447658  0.00813104
-0.790484  0.647307   -0.434544  0.0114285 
-0.805186  0.677158   -0.426146  0.00992279
-0.805186  0.677158   -0.426146  0.0304545 
-0.805186  0.677158   -0.426146  0.00652881
-0.727605  0.611342   -0.43958   0.00862549
-0.727605  0.611342   -0.43958   0.00787531
-0.727605  0.611342   -0.43958   0.0102618 
-0.727605  0.611342   -0.43958   0.010081  
-0.727605  0.611342   -0.43958   0.00891638
-0.727605  0.611342   -0.43958   0.00709741
-0.779332  0.615766   -0.430827  0.0072827 
-0.861032  0.622147   -0.43795   0.010149  
-0.861032  0.622147   -0.43795   0.00966736
-0.861032  0.622147   -0.43795   0.0140367 
-0.861032  0.622147   -0.43795   0.0108182 
-0.861032  0.622147   -0.43795   0.00986969
-0.861032  0.622147   -0.43795   0.0106449 
-0.861032  0.622147   -0.43795   0.0116034 
-0.833127  0.547529   -0.3986    0.0148577 
-0.833127  0.547529   -0.3986    0.0215983 
-0.833127  0.547529   -0.3986    0.00696046
-0.766477  0.640829   -0.437563  0.00960918
-0.766477  0.640829   -0.437563  0.011217  
-0.766477  0.640829   -0.437563  0.0137186 
-0.766477  0.640829   -0.437563  0.011612  
-0.766477  0.640829   -0.437563  0.0192666 
-0.766477  0.640829   -0.437563  0.0176706 
-0.766477  0.640829   -0.437563  0.00933571
-0.821675  0.656468   -0.434519  0.0161848 
-0.821675  0.656468   -0.434519  0.012288  
-0.821675  0.656468   -0.434519  0.014724  
-0.821675  0.656468   -0.434519  0.00932101
-0.884376  0.596244   -0.398426  0.00898077
-0.787202  0.641205   -0.431164  0.0131189 
-0.699436  0.711827   -0.379005  0.0145324 
-0.683661  0.763567   -0.35265   0.0135057 
-0.683661  0.763567   -0.35265   0.0218233 
-0.683661  0.763567   -0.35265   0.025029  
-0.683661  0.763567   -0.35265   0.0226907 
-0.683661  0.763567   -0.35265   0.0235382 
-0.683661  0.763567   -0.35265   0.014573  
-0.737053  0.72979    -0.384904  0.0131628 
-0.737053  0.72979    -0.384904  0.00662163
-0.783544  0.65898    -0.445243  0.00622157
-0.783544  0.65898    -0.445243  0.00941175
-0.774536  0.656278   -0.436321  0.0228716 
-0.774536  0.656278   -0.436321  0.0101352 
-0.774536  0.656278   -0.436321  0.0086871 
-0.688046  0.575626   -0.392517  0.0178317 
-0.688046  0.575626   -0.392517  0.0242408 
-0.688046  0.575626   -0.392517  0.018135  
-0.688046  0.575626   -0.392517  0.014983  
-0.688046  0.575626   -0.392517  0.00961287
-0.688046  0.575626   -0.392517  0.0129994 
-0.78544   0.604656   -0.431856  0.0104267 
-0.78544   0.604656   -0.431856  0.017317  
-0.78544   0.604656   -0.431856  0.0140485 
-0.78544   0.604656   -0.431856  0.0090961 
-0.790034  0.643995   -0.42855   0.00929488
-0.841728  0.57412    -0.428774  0.0121117 
-0.800532  0.659563   -0.420309  0.012045  
-0.73922   0.70093    -0.38956   0.00923929
-0.818643  0.636647   -0.435808  0.00837899
-0.818643  0.636647   -0.435808  0.0134956 
-0.818643  0.636647   -0.435808  0.00803885
-0.808147  0.584698   -0.438684  0.0134034 
-0.860301  0.536804   -0.373779  0.0107964 
-0.83288   0.559518   -0.400557  0.00845649
-0.739073  0.574726   -0.428875  0.00940016
-0.789763  0.566851   -0.434578  0.0101637 
-0.789763  0.566851   -0.434578  0.00649683
-0.798975  0.616334   -0.440166  0.016848  
-0.798975  0.616334   -0.440166  0.0130418 
-0.798975  0.616334   -0.440166  0.0122465 
-0.798975  0.616334   -0.440166  0.012243  
-0.798975  0.616334   -0.440166  0.0133378 
-0.798975  0.616334   -0.440166  0.00656928
-0.798975  0.616334   -0.440166  0.00982634
-0.890464  0.570764   -0.414042  0.0118712 
-0.890464  0.570764   -0.414042  0.0101441 
-0.890464  0.570764   -0.414042  0.0204865 
-0.890464  0.570764   -0.414042  0.0114852 
-0.801759  0.621762   -0.433889  0.00883837
-0.761592  0.572654   -0.436794  0.0119084 
-0.761592  0.572654   -0.436794  0.0192548 
-0.761592  0.572654   -0.436794  0.00914397
-0.829516  0.634445   -0.43318   0.0105093 
-0.806098  0.662448   -0.426515  0.0090438 
-0.806098  0.662448   -0.426515  0.0123511 
-0.885516  0.662653   -0.415016  0.00811518
-0.822676  0.613749   -0.439041  0.0161571 
-0.822676  0.613749   -0.439041  0.0194713 
-0.822676  0.613749   -0.439041  0.0192218 
-0.822676  0.613749   -0.439041  0.00786531
-0.792048  0.577659   -0.436384  0.0198537 
-0.792048  0.577659   -0.436384  0.0164516 
-0.792048  0.577659   -0.436384  0.0103631 
-0.792048  0.577659   -0.436384  0.00678442
-0.740675  0.633555   -0.435401  0.0135963 
-0.740675  0.633555   -0.435401  0.00802398
-0.77527   0.697154   -0.442247  0.0154059 
-0.812599  0.666792   -0.396249  0.0337792 
-0.812599  0.666792   -0.396249  0.020569  
-0.864969  0.688273   -0.365894  0.0129273 
-0.78494   0.688501   -0.407235  0.00729381
-0.713253  0.669345   -0.424281  0.0107092 
-0.713253  0.669345   -0.424281  0.0131138 
-0.713253  0.669345   -0.424281  0.00829684
-0.684093  0.620218   -0.403912  0.0134765 
-0.684093  0.620218   -0.403912  0.0100282 
-0.684093  0.620218   -0.403912  0.00911914
-0.63872   0.641391   -0.367736  0.00697035
-0.730447  0.596593   -0.419986  0.0103939 
-0.805665  0.558966   -0.419377  0.0106429 
-0.858465  0.571622   -0.425113  0.0210088 
-0.858465  0.571622   -0.425113  0.0163652 
-0.858465  0.571622   -0.425113  0.0210251 
-0.858465  0.571622   -0.425113  0.0226738 
-0.858465  0.571622   -0.425113  0.0218935 
-0.858465  0.571622   -0.425113  0.00737265
-0.789893  0.653164   -0.433806  0.0135019 
-0.789893  0.653164   -0.433806  0.0273521 
-0.789893  0.653164   -0.433806  0.0116461 
-0.849559  0.638137   -0.419197  0.0341574 
-0.849559  0.638137   -0.419197  0.0278266 
-0.849559  0.638137   -0.419197  0.0151145 
-0.849559  0.638137   -0.419197  0.0174965 
-0.849559  0.638137   -0.419197  0.0171753 
-0.849559  0.638137   -0.419197  0.0125661 
-0.849559  0.638137   -0.419197  0.0173823 
-0.849559  0.638137   -0.419197  0.0121516 
-0.849559  0.638137   -0.419197  0.0244507 
-0.849559  0.638137   -0.419197  0.00729998
-0.822896  0.63218    -0.44922   0.0131438 
-0.822896  0.63218    -0.44922   0.0112178 
-0.822896  0.63218    -0.44922   0.0116233 
-0.909163  0.635796   -0.412802  0.0152459 
-0.909163  0.635796   -0.412802  0.0205993 
-0.909163  0.635796   -0.412802  0.0154052 
-0.909163  0.635796   -0.412802  0.0102015 
-0.909163  0.635796   -0.412802  0.0363889 
-0.909163  0.635796   -0.412802  0.012857  
-0.909163  0.635796   -0.412802  0.0194822 
-0.909163  0.635796   -0.412802  0.0199289 
-0.909163  0.635796   -0.412802  0.0109174 
-0.909163  0.635796   -0.412802  0.0124877 
-0.909163  0.635796   -0.412802  0.0123238 
-0.909163  0.635796   -0.412802  0.00783214
-0.883952  0.591869   -0.436273  0.0100469 
-0.883952  0.591869   -0.436273  0.00974592
-0.805278  0.631839   -0.43455   0.0114735 
-0.862459  0.664883   -0.42832   0.0133808 
-0.862459  0.664883   -0.42832   0.0128232 
-0.862459  0.664883   -0.42832   0.0281957 
-0.862459  0.664883   -0.42832   0.00806066
-0.787878  0.64314    -0.439977  0.0147842 
-0.841213  0.686724   -0.40375   0.00614724
-0.758741  0.641286   -0.449794  0.0073474 
-0.758741  0.641286   -0.449794  0.00913591
-0.758741  0.641286   -0.449794  0.015084  
-0.758741  0.641286   -0.449794  0.0162994 
-0.758741  0.641286   -0.449794  0.0105414 
-0.758741  0.641286   -0.449794  0.00831499
-0.758741  0.641286   -0.449794  0.0142304 
-0.758741  0.641286   -0.449794  0.00689619
-0.758741  0.641286   -0.449794  0.0123483 
-0.758741  0.641286   -0.449794  0.0158624 
-0.739875  0.712569   -0.385546  0.00716679
-0.713275  0.65539    -0.405476  0.0111545 
-0.713275  0.65539    -0.405476  0.00850373
-0.666791  0.596707   -0.381628  0.00909612
-0.638865  0.612179   -0.35797   0.00917479
-0.635073  0.619469   -0.358929  0.00827896
-0.724314  0.672648   -0.408461  0.0227448 
-0.724314  0.672648   -0.408461  0.010224  
-0.724314  0.672648   -0.408461  0.0179593 
-0.724314  0.672648   -0.408461  0.0131995 
-0.724314  0.672648   -0.408461  0.00803034
-0.68925   0.628663   -0.39288   0.0127583 
-0.68925   0.628663   -0.39288   0.0104224 
-0.68925   0.628663   -0.39288   0.0169243 
-0.68925   0.628663   -0.39288   0.0083099 
-0.686199  0.638361   -0.401075  0.00616198
-0.758072  0.638618   -0.438608  0.0115847 
-0.819458  0.657872   -0.421045  0.00797451
-0.769274  0.578038   -0.438341  0.011517  
-0.769274  0.578038   -0.438341  0.00897066
-0.769274  0.578038   -0.438341  0.0217538 
-0.769274  0.578038   -0.438341  0.0118255 
-0.769274  0.578038   -0.438341  0.00722695
-0.802643  0.587222   -0.444299  0.00698903
-0.733762  0.601921   -0.433577  0.00746922
-0.783604  0.584175   -0.434878  0.0101254 
-0.783604  0.584175   -0.434878  0.0071365 
-0.731536  0.622031   -0.428337  0.0105522 
-0.731536  0.622031   -0.428337  0.00808458
-0.786754  0.637955   -0.432833  0.00725644
-0.707543  0.612936   -0.410159  0.0160841 
-0.707543  0.612936   -0.410159  0.00793815
-0.707543  0.612936   -0.410159  0.00897999
-0.707543  0.612936   -0.410159  0.00942648
-0.76618   0.677361   -0.437634  0.0132777 
-0.76618   0.677361   -0.437634  0.0226287 
-0.76618   0.677361   -0.437634  0.00714008
-0.76618   0.677361   -0.437634  0.0202705 
-0.76618   0.677361   -0.437634  0.0114962 
-0.76618   0.677361   -0.437634  0.0186885 
-0.76618   0.677361   -0.437634  0.00931286
-0.76618   0.677361   -0.437634  0.00984644
-0.843448  0.578434   -0.416231  0.00950954
-0.782179  0.617726   -0.441965  0.00811352
-0.782179  0.617726   -0.441965  0.013719  
-0.782179  0.617726   -0.441965  0.0135024 
-0.782179  0.617726   -0.441965  0.0135936 
-0.782179  0.617726   -0.441965  0.0168745 
-0.782179  0.617726   -0.441965  0.00824038
-0.782179  0.617726   -0.441965  0.00905184
-0.782179  0.617726   -0.441965  0.00955567
-0.782179  0.617726   -0.441965  0.0117192 
-0.782179  0.617726   -0.441965  0.00737089
-0.797889  0.582281   -0.417622  0.0206601 
-0.797889  0.582281   -0.417622  0.0212112 
-0.797889  0.582281   -0.417622  0.0230612 
-0.797889  0.582281   -0.417622  0.00765768
-0.800005  0.583966   -0.435159  0.00686872
-0.730673  0.652541   -0.430999  0.00848368
-0.758457  0.640505   -0.42767   0.0106625 
-0.680022  0.558309   -0.38618   0.00918052
-0.680022  0.558309   -0.38618   0.00955014
-0.680022  0.558309   -0.38618   0.0153913 
-0.706226  0.518473   -0.346393  0.00957712
-0.650873  0.579638   -0.363852  0.0109496 
-0.680716  0.66138    -0.369413  0.00869677
-0.648643  0.606445   -0.366122  0.00913638
-0.648784  0.589727   -0.363615  0.0131864 
-0.648784  0.589727   -0.363615  0.0101738 
-0.648784  0.589727   -0.363615  0.0102526 
-0.648784  0.589727   -0.363615  0.00801446
-0.679664  0.629306   -0.386697  0.00948306
-0.657897  0.662871   -0.374222  0.00846548
-0.693469  0.583085   -0.398668  0.0177351 
-0.693469  0.583085   -0.398668  0.0100077 
-0.685748  0.557383   -0.388782  0.02133   
-0.685748  0.557383   -0.388782  0.00669663
-0.704554  0.641136   -0.430404  0.0104846 
-0.704554  0.641136   -0.430404  0.00697117
-0.76879   0.639753   -0.437611  0.0157792 
-0.76879   0.639753   -0.437611  0.00627102
-0.731004  0.619073   -0.433958  0.00878087
-0.739741  0.572631   -0.437735  0.00682177
-0.804373  0.667512   -0.455916  0.00972937
-0.804373  0.667512   -0.455916  0.00879452
-0.867374  0.605691   -0.433581  0.00664008
-0.809293  0.675114   -0.458706  0.0115089 
-0.809293  0.675114   -0.458706  0.00945079
-0.809293  0.675114   -0.458706  0.0219827 
-0.809293  0.675114   -0.458706  0.00708503
-0.809293  0.675114   -0.458706  0.0170573 
-0.809293  0.675114   -0.458706  0.0106438 
-0.809293  0.675114   -0.458706  0.0228989 
-0.809293  0.675114   -0.458706  0.00791867
-0.809293  0.675114   -0.458706  0.0072679 
-0.777692  0.58944    -0.444243  0.0145388 
-0.777692  0.58944    -0.444243  0.0129724 
-0.841822  0.682386   -0.416531  0.0147388 
-0.773133  0.708175   -0.408039  0.00642185
-0.739828  0.614561   -0.429954  0.00667779
-0.720734  0.643852   -0.426659  0.0118587 
-0.797241  0.658005   -0.408188  0.00969738
-0.806843  0.561629   -0.417789  0.00700889
-0.784665  0.591258   -0.428615  0.012459  
-0.784665  0.591258   -0.428615  0.0102004 
-0.784665  0.591258   -0.428615  0.0202474 
-0.784665  0.591258   -0.428615  0.0166713 
-0.784665  0.591258   -0.428615  0.00581806
-0.780176  0.611281   -0.44628   0.0136028 
-0.780176  0.611281   -0.44628   0.00787009
-0.780176  0.611281   -0.44628   0.0131704 
-0.832993  0.623633   -0.4289    0.0106757 
-0.851235  0.672333   -0.415164  0.0250592 
-0.851235  0.672333   -0.415164  0.0067786 
-0.803205  0.640752   -0.443195  0.00737995
-0.803205  0.640752   -0.443195  0.00784286
-0.845836  0.586666   -0.442332  0.0186864 
-0.845836  0.586666   -0.442332  0.0118014 
-0.845836  0.586666   -0.442332  0.00970259
-0.845836  0.586666   -0.442332  0.00905573
-0.845836  0.586666   -0.442332  0.012784  
-0.845836  0.586666   -0.442332  0.00826979
-0.862967  0.592442   -0.430177  0.018343  
-0.862967  0.592442   -0.430177  0.00599694
-0.787167  0.619359   -0.444992  0.0086998 
-0.796786  0.571062   -0.436446  0.0134489 
-0.893447  0.640784   -0.384788  0.00957526
-0.920727  0.585527   -0.400751  0.0130655 
-0.890171  0.534423   -0.321128  0.00849373
-0.855031  0.594559   -0.426459  0.00779368
-0.78468   0.581898   -0.43882   0.0222657 
-0.78468   0.581898   -0.43882   0.0133313 
-0.78468   0.581898   -0.43882   0.00918824
-0.78468   0.581898   -0.43882   0.00944992
-0.78468   0.581898   -0.43882   0.00873878
-0.78468   0.581898   -0.43882   0.015955  
-0.78468   0.581898   -0.43882   0.0207012 
-0.78468   0.581898   -0.43882   0.021726  
-0.78468   0.581898   -0.43882   0.0165328 
-0.78468   0.581898   -0.43882   0.00573097
-0.80611   0.610269   -0.460495  0.0132891 
-0.80611   0.610269   -0.460495  0.00708935
-0.80611   0.610269   -0.460495  0.0127993 
-0.80611   0.610269   -0.460495  0.00667495
-0.80611   0.610269   -0.460495  0.0185588 
-0.80611   0.610269   -0.460495  0.0142901 
-0.80611   0.610269   -0.460495  0.00976091
-0.80611   0.610269   -0.460495  0.0124546 
-0.80611   0.610269   -0.460495  0.00776992
-0.779103  0.636027   -0.444259  0.0187056 
-0.779103  0.636027   -0.444259  0.00954145
-0.779103  0.636027   -0.444259  0.00789341
-0.779103  0.636027   -0.444259  0.0133713 
-0.779103  0.636027   -0.444259  0.00788322
-0.796435  0.644763   -0.431895  0.00883731
-0.731753  0.687647   -0.413636  0.00998083
-0.731753  0.687647   -0.413636  0.0289675 
-0.731753  0.687647   -0.413636  0.0191105 
-0.731753  0.687647   -0.413636  0.00935723
-0.731753  0.687647   -0.413636  0.0141336 
-0.731753  0.687647   -0.413636  0.0140819 
-0.797179  0.64245    -0.426638  0.00641413
-0.780428  0.639589   -0.453806  0.01333   
-0.780428  0.639589   -0.453806  0.0231569 
-0.780428  0.639589   -0.453806  0.0100125 
-0.780428  0.639589   -0.453806  0.0131782 
-0.780428  0.639589   -0.453806  0.00605793
-0.780428  0.639589   -0.453806  0.0217156 
-0.780428  0.639589   -0.453806  0.0110676 
-0.780428  0.639589   -0.453806  0.00811693
-0.780428  0.639589   -0.453806  0.00847139
-0.780428  0.639589   -0.453806  0.0102819 
-0.780428  0.639589   -0.453806  0.0151618 
-0.780428  0.639589   -0.453806  0.00807101
-0.780428  0.639589   -0.453806  0.0078315 
-0.780428  0.639589   -0.453806  0.0118249 
-0.780428  0.639589   -0.453806  0.0112798 
-0.780428  0.639589   -0.453806  0.0101332 
-0.778157  0.688143   -0.438246  0.0208066 
-0.778157  0.688143   -0.438246  0.0124027 
-0.778157  0.688143   -0.438246  0.00871086
-0.778157  0.688143   -0.438246  0.0063337 
-0.729549  0.627441   -0.426702  0.00833635
-0.783329  0.637165   -0.431123  0.0104877 
-0.783329  0.637165   -0.431123  0.00720374
-0.695669  0.610321   -0.390973  0.00703272
-0.73798   0.600394   -0.425263  0.0108081 
-0.805465  0.627939   -0.441637  0.0111648 
-0.805465  0.627939   -0.441637  0.0120172 
-0.805465  0.627939   -0.441637  0.00764384
-0.805465  0.627939   -0.441637  0.00924083
-0.773441  0.567144   -0.424291  0.0150499 
-0.773441  0.567144   -0.424291  0.016824  
-0.773441  0.567144   -0.424291  0.0100751 
-0.773441  0.567144   -0.424291  0.00962147
-0.773441  0.567144   -0.424291  0.00787217
-0.773441  0.567144   -0.424291  0.0181929 
-0.773441  0.567144   -0.424291  0.0237718 
-0.773441  0.567144   -0.424291  0.00626627
-0.733286  0.611761   -0.429837  0.00766708
-0.733286  0.611761   -0.429837  0.0098882 
-0.733286  0.611761   -0.429837  0.0119914 
-0.733286  0.611761   -0.429837  0.00766049
-0.772109  0.577591   -0.432115  0.0121222 
-0.772109  0.577591   -0.432115  0.0177116 
-0.772109  0.577591   -0.432115  0.0165269 
-0.772109  0.577591   -0.432115  0.00912549
-0.83756   0.573574   -0.435022  0.0147112 
-0.784253  0.667262   -0.414659  0.00635859
-0.803174  0.612554   -0.440757  0.00890849
-0.803174  0.612554   -0.440757  0.0114194 
-0.803174  0.612554   -0.440757  0.0122911 
-0.803174  0.612554   -0.440757  0.0119786 
-0.803174  0.612554   -0.440757  0.00836084
-0.741326  0.579626   -0.42225   0.00845038
-0.741326  0.579626   -0.42225   0.0115431 
-0.741326  0.579626   -0.42225   0.00847444
-0.741326  0.579626   -0.42225   0.0152289 
-0.741326  0.579626   -0.42225   0.0110743 
-0.741326  0.579626   -0.42225   0.00759456
-0.741326  0.579626   -0.42225   0.00619152
-0.793116  0.620321   -0.451428  0.009813  
-0.793116  0.620321   -0.451428  0.0113606 
-0.793116  0.620321   -0.451428  0.00662302
-0.793116  0.620321   -0.451428  0.00685697
-0.793116  0.620321   -0.451428  0.00967237
-0.793116  0.620321   -0.451428  0.00821586
-0.793116  0.620321   -0.451428  0.00993756
-0.793116  0.620321   -0.451428  0.00822907
-0.793116  0.620321   -0.451428  0.00605835
-0.810904  0.646389   -0.456359  0.00751939
-0.810904  0.646389   -0.456359  0.00869561
-0.810904  0.646389   -0.456359  0.0219878 
-0.810904  0.646389   -0.456359  0.013491  
-0.810904  0.646389   -0.456359  0.0120178 
-0.810904  0.646389   -0.456359  0.00632016
-0.810904  0.646389   -0.456359  0.00760261
-0.786897  0.614524   -0.440324  0.0177789 
-0.786897  0.614524   -0.440324  0.0101244 
-0.835711  0.631635   -0.439355  0.00620636
-0.778611  0.625175   -0.440146  0.00700427
-0.704941  0.617658   -0.414127  0.0107532 
-0.696245  0.692536   -0.385112  0.0076634 
-0.696245  0.692536   -0.385112  0.0240595 
-0.696245  0.692536   -0.385112  0.00694974
-0.768229  0.64706    -0.435939  0.00975199
-0.768229  0.64706    -0.435939  0.0115852 
-0.826197  0.679557   -0.417904  0.00691486
-0.817033  0.597178   -0.445441  0.00890153
-0.817033  0.597178   -0.445441  0.00709773
-0.780421  0.594237   -0.437734  0.00773109
-0.773431  0.625425   -0.445793  0.00826137
-0.726869  0.660466   -0.41919   0.00684845
-0.726869  0.660466   -0.41919   0.0078934 
-0.726869  0.660466   -0.41919   0.00958214
-0.726869  0.660466   -0.41919   0.00660755
-0.708363  0.618757   -0.415548  0.0117175 
-0.708363  0.618757   -0.415548  0.0106048 
-0.708363  0.618757   -0.415548  0.0115559 
-0.708363  0.618757   -0.415548  0.00947689
-0.708363  0.618757   -0.415548  0.0107535 
-0.708363  0.618757   -0.415548  0.0107403 
-0.690007  0.68528    -0.392024  0.00891625
-0.697915  0.701077   -0.407014  0.0195084 
-0.697915  0.701077   -0.407014  0.00774921
-0.79105   0.615997   -0.439577  0.0166094 
-0.79105   0.615997   -0.439577  0.0183016 
-0.79105   0.615997   -0.439577  0.00824023
-0.738982  0.611884   -0.429142  0.0069947 
-0.738982  0.611884   -0.429142  0.0145505 
-0.738982  0.611884   -0.429142  0.013161  
-0.746202  0.536261   -0.365297  0.00738084
-0.81371   0.593053   -0.448735  0.00680401
-0.851304  0.650437   -0.461965  0.0297708 
-0.851304  0.650437   -0.461965  0.0191691 
-0.851304  0.650437   -0.461965  0.0105936 
-0.851304  0.650437   -0.461965  0.0110319 
-0.851304  0.650437   -0.461965  0.0111251 
-0.851304  0.650437   -0.461965  0.0101295 
-0.851304  0.650437   -0.461965  0.0110477 
-0.851304  0.650437   -0.461965  0.0153296 
-0.851304  0.650437   -0.461965  0.0278007 
-0.851304  0.650437   -0.461965  0.00818611
-0.851304  0.650437   -0.461965  0.0112459 
-0.851304  0.650437   -0.461965  0.0128044 
-0.851304  0.650437   -0.461965  0.0134251 
-0.851304  0.650437   -0.461965  0.00808428
-0.851304  0.650437   -0.461965  0.0101473 
-0.784201  0.581493   -0.421319  0.0146539 
-0.784201  0.581493   -0.421319  0.0187225 
-0.804657  0.640582   -0.437936  0.0105314 
-0.804657  0.640582   -0.437936  0.00742616
-0.847302  0.588755   -0.438366  0.01097   
-0.763236  0.674493   -0.421075  0.0241415 
-0.763236  0.674493   -0.421075  0.0228734 
-0.763236  0.674493   -0.421075  0.00970421
-0.787251  0.673562   -0.430719  0.0185016 
-0.787251  0.673562   -0.430719  0.0166676 
-0.787251  0.673562   -0.430719  0.0158604 
-0.787251  0.673562   -0.430719  0.00806064
-0.787251  0.673562   -0.430719  0.00799904
-0.787251  0.673562   -0.430719  0.0168577 
-0.787251  0.673562   -0.430719  0.0107372 
-0.787251  0.673562   -0.430719  0.021211  
-0.787251  0.673562   -0.430719  0.0140062 
-0.84026   0.674532   -0.41526   0.0310857 
-0.84026   0.674532   -0.41526   0.00732924
-0.821537  0.584318   -0.443007  0.00669682
-0.748958  0.61907    -0.427061  0.0104196 
-0.748958  0.61907    -0.427061  0.00722891
-0.806949  0.658299   -0.447197  0.0112411 
-0.806949  0.658299   -0.447197  0.00855355
-0.779047  0.57536    -0.435614  0.00693104
-0.703205  0.626529   -0.409289  0.00624931
-0.719632  0.623439   -0.424035  0.00982688
-0.80822   0.561811   -0.419765  0.0103552 
-0.80822   0.561811   -0.419765  0.00727365
-0.728112  0.635868   -0.417349  0.0104534 
-0.75716   0.678834   -0.415383  0.00992202
-0.75716   0.678834   -0.415383  0.00830652
-0.75716   0.678834   -0.415383  0.0184239 
-0.66772   0.752286   -0.368607  0.0105472 
-0.637233  0.690981   -0.363799  0.0133392 
-0.637233  0.690981   -0.363799  0.0146983 
-0.637233  0.690981   -0.363799  0.00678051
-0.69421   0.61713    -0.402603  0.0119045 
-0.69421   0.61713    -0.402603  0.00576826
-0.762601  0.620507   -0.447034  0.00782032
-0.762601  0.620507   -0.447034  0.0193121 
-0.762601  0.620507   -0.447034  0.0120807 
-0.762601  0.620507   -0.447034  0.0123074 
-0.762601  0.620507   -0.447034  0.0149888 
-0.762601  0.620507   -0.447034  0.0155723 
-0.762601  0.620507   -0.447034  0.0113879 
-0.762601  0.620507   -0.447034  0.0137192 
-0.762601  0.620507   -0.447034  0.0118252 
-0.762601  0.620507   -0.447034  0.0121516 
-0.762601  0.620507   -0.447034  0.00907086
-0.762601  0.620507   -0.447034  0.0104313 
-0.762601  0.620507   -0.447034  0.0142008 
-0.762601  0.620507   -0.447034  0.00719697
-0.762601  0.620507   -0.447034  0.0146159 
-0.762601  0.620507   -0.447034  0.00734811
-0.762601  0.620507   -0.447034  0.00803434
-0.810622  0.586115   -0.437112  0.01291   
-0.810622  0.586115   -0.437112  0.0113309 
-0.881835  0.649153   -0.426102  0.00873785
-0.861439  0.578839   -0.420213  0.0110993 
-0.83394   0.559615   -0.408595  0.0138024 
-0.83394   0.559615   -0.408595  0.00945173
-0.772939  0.564964   -0.40784   0.0190642 
-0.772939  0.564964   -0.40784   0.00981709
-0.837499  0.649321   -0.438567  0.011105  
-0.837499  0.649321   -0.438567  0.00872528
-0.804277  0.570527   -0.424737  0.0137028 
-0.804277  0.570527   -0.424737  0.0133276 
-0.845048  0.539908   -0.376462  0.00754814
-0.848816  0.589371   -0.424989  0.0109443 
-0.848816  0.589371   -0.424989  0.0147746 
-0.848816  0.589371   -0.424989  0.00662141
-0.762923  0.652562   -0.431336  0.0114176 
-0.732236  0.687806   -0.402903  0.0104734 
-0.730862  0.716625   -0.40988   0.00907069
-0.787891  0.62337    -0.434585  0.00742553
-0.808613  0.582849   -0.439869  0.0182718 
-0.908212  0.613297   -0.360701  0.00999872
-0.919357  0.601704   -0.389308  0.0137614 
-0.919357  0.601704   -0.389308  0.0153116 
-0.919357  0.601704   -0.389308  0.0169688 
-0.919357  0.601704   -0.389308  0.0169116 
-0.919357  0.601704   -0.389308  0.0141962 
-0.910895  0.667995   -0.380814  0.0145795 
-0.910895  0.667995   -0.380814  0.00654154
-0.830603  0.601255   -0.450525  0.00971322
-0.830603  0.601255   -0.450525  0.00679473
-0.830603  0.601255   -0.450525  0.00725971
-0.830603  0.601255   -0.450525  0.008425  
-0.830603  0.601255   -0.450525  0.0107038 
-0.830603  0.601255   -0.450525  0.0120874 
-0.830603  0.601255   -0.450525  0.0138155 
-0.830603  0.601255   -0.450525  0.00814981
-0.830603  0.601255   -0.450525  0.0101074 
-0.830603  0.601255   -0.450525  0.00908333
-0.830603  0.601255   -0.450525  0.0184335 
-0.830603  0.601255   -0.450525  0.00813566
-0.816944  0.574469   -0.418989  0.00686588
-0.826671  0.606123   -0.443149  0.0158798 
-0.826671  0.606123   -0.443149  0.015617  
-0.826671  0.606123   -0.443149  0.00875353
-0.826671  0.606123   -0.443149  0.00571109
-0.746571  0.638733   -0.442806  0.0115983 
-0.746571  0.638733   -0.442806  0.00717922
-0.746571  0.638733   -0.442806  0.00830349
-0.746571  0.638733   -0.442806  0.00796629
-0.746571  0.638733   -0.442806  0.00982746
-0.746571  0.638733   -0.442806  0.00861062
-0.746571  0.638733   -0.442806  0.00836993
-0.746571  0.638733   -0.442806  0.00797363
-0.807348  0.654176   -0.43998   0.00929643
-0.807348  0.654176   -0.43998   0.0105834 
-0.735277  0.680928   -0.41184   0.00970272
-0.714157  0.677402   -0.408098  0.00806199
-0.737349  0.663626   -0.417383  0.014529  
-0.737349  0.663626   -0.417383  0.0116405 
-0.737349  0.663626   -0.417383  0.00719529
-0.737349  0.663626   -0.417383  0.00625922
-0.726981  0.649779   -0.426328  0.016077  
-0.740888  0.747827   -0.351184  0.0442305 
-0.740888  0.747827   -0.351184  0.0202349 
-0.740888  0.747827   -0.351184  0.0229317 
-0.740888  0.747827   -0.351184  0.0240404 
-0.740888  0.747827   -0.351184  0.0221747 
-0.740888  0.747827   -0.351184  0.0159355 
-0.815458  0.700942   -0.402203  0.0190071 
-0.815458  0.700942   -0.402203  0.0154113 
-0.876209  0.699588   -0.37937   0.0289976 
-0.876209  0.699588   -0.37937   0.0167767 
-0.876209  0.699588   -0.37937   0.0300536 
-0.876209  0.699588   -0.37937   0.0228927 
-0.872001  0.696985   -0.34954   0.00640623
-0.774248  0.62999    -0.443243  0.0102105 
-0.774248  0.62999    -0.443243  0.00757946
-0.774248  0.62999    -0.443243  0.0141882 
-0.774248  0.62999    -0.443243  0.0124395 
-0.774248  0.62999    -0.443243  0.00681107
-0.789952  0.619853   -0.434229  0.0110872 
-0.789952  0.619853   -0.434229  0.0145613 
-0.789952  0.619853   -0.434229  0.00951533
-0.789952  0.619853   -0.434229  0.00695046
-0.789952  0.619853   -0.434229  0.0102293 
-0.789952  0.619853   -0.434229  0.0066906 
-0.784388  0.595349   -0.440735  0.0127249 
-0.784388  0.595349   -0.440735  0.00840433
-0.784388  0.595349   -0.440735  0.00654899
-0.784388  0.595349   -0.440735  0.0185603 
-0.784388  0.595349   -0.440735  0.0136741 
-0.784388  0.595349   -0.440735  0.00724089
-0.846121  0.606233   -0.441529  0.0128125 
-0.846121  0.606233   -0.441529  0.0113586 
-0.846121  0.606233   -0.441529  0.0117398 
-0.846121  0.606233   -0.441529  0.0170069 
-0.846121  0.606233   -0.441529  0.0118573 
-0.846121  0.606233   -0.441529  0.0156127 
-0.846121  0.606233   -0.441529  0.01724   
-0.846121  0.606233   -0.441529  0.00634554
-0.776231  0.615126   -0.444247  0.0145352 
-0.776231  0.615126   -0.444247  0.0190731 
-0.776231  0.615126   -0.444247  0.0116679 
-0.687455  0.543764   -0.36254   0.0243367 
-0.687455  0.543764   -0.36254   0.0150513 
-0.687455  0.543764   -0.36254   0.0135551 
-0.687455  0.543764   -0.36254   0.0197534 
-0.687455  0.543764   -0.36254   0.00934912
-0.755337  0.565404   -0.431288  0.00842204
-0.657678  0.619664   -0.379352  0.00852447
-0.657678  0.619664   -0.379352  0.0105393 
-0.657678  0.619664   -0.379352  0.00717888
-0.7092    0.627449   -0.416277  0.00601847
-0.72303   0.614177   -0.430238  0.00879839
-0.72303   0.614177   -0.430238  0.00812783
-0.796171  0.658334   -0.442104  0.00801025
-0.78034   0.629854   -0.439532  0.010912  
-0.784492  0.681722   -0.414816  0.017289  
-0.784492  0.681722   -0.414816  0.0119538 
-0.784222  0.699042   -0.405506  0.0238803 
-0.784222  0.699042   -0.405506  0.00709546
-0.772732  0.611925   -0.44498   0.0123812 
-0.772732  0.611925   -0.44498   0.0131864 
-0.772732  0.611925   -0.44498   0.010703  
-0.772732  0.611925   -0.44498   0.0165379 
-0.772732  0.611925   -0.44498   0.00813328
-0.772732  0.611925   -0.44498   0.0101127 
-0.789166  0.556155   -0.406495  0.0200377 
-0.789166  0.556155   -0.406495  0.0135719 
-0.811841  0.536428   -0.383486  0.0145192 
-0.811841  0.536428   -0.383486  0.0286553 
-0.811841  0.536428   -0.383486  0.0249228 
-0.811841  0.536428   -0.383486  0.0303741 
-0.811841  0.536428   -0.383486  0.0234089 
-0.811841  0.536428   -0.383486  0.00668042
-0.77642   0.617739   -0.449259  0.00959508
-0.870493  0.567658   -0.414385  0.021176  
-0.870493  0.567658   -0.414385  0.0096677 
-0.849223  0.618718   -0.41832   0.0138688 
-0.849223  0.618718   -0.41832   0.00899622
-0.897696  0.620727   -0.419245  0.00715402
-0.800045  0.613704   -0.447873  0.00657984
-0.826319  0.627321   -0.440427  0.0106914 
-0.826319  0.627321   -0.440427  0.0106907 
-0.920235  0.601949   -0.395868  0.016899  
-0.920235  0.601949   -0.395868  0.0182793 
-0.920235  0.601949   -0.395868  0.0157258 
-0.920235  0.601949   -0.395868  0.0106344 
-0.894819  0.629301   -0.41215   0.00857052
-0.834469  0.660729   -0.443733  0.00972873
-0.834469  0.660729   -0.443733  0.0100735 
-0.922535  0.615149   -0.396796  0.0219995 
-0.922535  0.615149   -0.396796  0.0263321 
-0.922535  0.615149   -0.396796  0.0258334 
-0.922535  0.615149   -0.396796  0.0113024 
-0.922535  0.615149   -0.396796  0.0116933 
-0.922535  0.615149   -0.396796  0.0134663 
-0.922535  0.615149   -0.396796  0.00668442
-0.835255  0.593794   -0.449218  0.0122661 
-0.835255  0.593794   -0.449218  0.0160743 
-0.835255  0.593794   -0.449218  0.0148955 
-0.835255  0.593794   -0.449218  0.0102225 
-0.835255  0.593794   -0.449218  0.0157122 
-0.835255  0.593794   -0.449218  0.00669605
-0.835255  0.593794   -0.449218  0.0150266 
-0.835255  0.593794   -0.449218  0.00693472
-0.738365  0.646353   -0.430875  0.00874553
-0.738365  0.646353   -0.430875  0.0113747 
-0.738365  0.646353   -0.430875  0.0148062 
-0.738365  0.646353   -0.430875  0.0153082 
-0.771678  0.720114   -0.389578  0.00994478
-0.810171  0.6494     -0.439257  0.00792368
-0.875014  0.602005   -0.429749  0.00706226
-0.788485  0.595533   -0.447787  0.0107399 
-0.788485  0.595533   -0.447787  0.0177939 
-0.788485  0.595533   -0.447787  0.0140264 
-0.788485  0.595533   -0.447787  0.0137767 
-0.788485  0.595533   -0.447787  0.00689692
-0.843417  0.626927   -0.449982  0.0217995 
-0.843417  0.626927   -0.449982  0.00742987
-0.802142  0.619353   -0.445816  0.0140603 
-0.802142  0.619353   -0.445816  0.00734351
-0.802142  0.619353   -0.445816  0.00728436
-0.76156   0.587376   -0.421487  0.0196618 
-0.76156   0.587376   -0.421487  0.00833125
-0.842977  0.628434   -0.438069  0.011476  
-0.842977  0.628434   -0.438069  0.00780782
-0.745184  0.679735   -0.436454  0.00739354
-0.783003  0.677937   -0.430223  0.00747063
-0.863468  0.61759    -0.449999  0.019867  
-0.863468  0.61759    -0.449999  0.012088  
-0.863468  0.61759    -0.449999  0.012876  
-0.863468  0.61759    -0.449999  0.0187563 
-0.863468  0.61759    -0.449999  0.0329675 
-0.863468  0.61759    -0.449999  0.0255476 
-0.863468  0.61759    -0.449999  0.00961683
-0.922244  0.594362   -0.384854  0.0258424 
-0.922244  0.594362   -0.384854  0.0099438 
-0.844733  0.561392   -0.408428  0.00565322
-0.773647  0.6268     -0.443943  0.00646484
-0.773647  0.6268     -0.443943  0.00765493
-0.773647  0.6268     -0.443943  0.0116235 
-0.773647  0.6268     -0.443943  0.00887783
-0.773647  0.6268     -0.443943  0.0175754 
-0.773647  0.6268     -0.443943  0.00698685
-0.773647  0.6268     -0.443943  0.00714878
-0.756865  0.614813   -0.433003  0.0109864 
-0.836108  0.554823   -0.401296  0.00887122
-0.820579  0.624212   -0.432902  0.0109239 
-0.820579  0.624212   -0.432902  0.00882365
-0.885491  0.636121   -0.426523  0.019135  
-0.885491  0.636121   -0.426523  0.0358628 
-0.885491  0.636121   -0.426523  0.0274093 
-0.885491  0.636121   -0.426523  0.00624183
-0.790794  0.608418   -0.444239  0.0111515 
-0.790794  0.608418   -0.444239  0.013561  
-0.790794  0.608418   -0.444239  0.00810888
-0.696609  0.67827    -0.400388  0.012514  
-0.696609  0.67827    -0.400388  0.0136238 
-0.696609  0.67827    -0.400388  0.0100571 
-0.696609  0.67827    -0.400388  0.00599746
-0.775378  0.608707   -0.440096  0.0133479 
-0.775378  0.608707   -0.440096  0.0135514 
-0.775378  0.608707   -0.440096  0.00609272
-0.748504  0.632778   -0.440087  0.0125872 
-0.744415  0.724902   -0.394695  0.0223814 
-0.744415  0.724902   -0.394695  0.0444098 
-0.744415  0.724902   -0.394695  0.00716129
-0.722836  0.634808   -0.432631  0.0113179 
-0.722836  0.634808   -0.432631  0.00765396
-0.695832  0.600955   -0.408032  0.0103969 
-0.695832  0.600955   -0.408032  0.0100503 
-0.695832  0.600955   -0.408032  0.0135941 
-0.768108  0.689247   -0.418578  0.0155291 
-0.768108  0.689247   -0.418578  0.00956704
-0.768108  0.689247   -0.418578  0.0240343 
-0.768108  0.689247   -0.418578  0.0190537 
-0.768108  0.689247   -0.418578  0.0110185 
-0.768108  0.689247   -0.418578  0.00758838
-0.729751  0.617061   -0.425379  0.00827457
-0.729751  0.617061   -0.425379  0.00852648
-0.729751  0.617061   -0.425379  0.0112923 
-0.729751  0.617061   -0.425379  0.00949267
-0.726835  0.564012   -0.404967  0.0217223 
-0.726835  0.564012   -0.404967  0.0169351 
-0.726835  0.564012   -0.404967  0.00841852
-0.825671  0.618214   -0.449442  0.00857092
-0.882005  0.617363   -0.4313    0.0181291 
-0.882005  0.617363   -0.4313    0.0130813 
-0.797026  0.697513   -0.41091   0.0145946 
-0.797026  0.697513   -0.41091   0.0251804 
-0.797026  0.697513   -0.41091   0.00812825
-0.73005   0.675441   -0.420123  0.00898312
-0.73005   0.675441   -0.420123  0.00827552
-0.73005   0.675441   -0.420123  0.0253066 
-0.73005   0.675441   -0.420123  0.00901379
-0.73005   0.675441   -0.420123  0.00919567
-0.73005   0.675441   -0.420123  0.0169078 
-0.73005   0.675441   -0.420123  0.00673495
-0.777827  0.618478   -0.443875  0.00893105
-0.777827  0.618478   -0.443875  0.0176462 
-0.777827  0.618478   -0.443875  0.00814951
-0.777827  0.618478   -0.443875  0.01181   
-0.777827  0.618478   -0.443875  0.0105833 
-0.777827  0.618478   -0.443875  0.00744462
-0.777827  0.618478   -0.443875  0.00665075
-0.815015  0.60944    -0.445099  0.0163727 
-0.815015  0.60944    -0.445099  0.00799678
-0.815015  0.60944    -0.445099  0.0213301 
-0.815015  0.60944    -0.445099  0.00791439
-0.815015  0.60944    -0.445099  0.0105527 
-0.815015  0.60944    -0.445099  0.0165208 
-0.815015  0.60944    -0.445099  0.0138868 
-0.815015  0.60944    -0.445099  0.0112102 
-0.815015  0.60944    -0.445099  0.0112266 
-0.815015  0.60944    -0.445099  0.00920867
-0.84852   0.623836   -0.434997  0.00982396
-0.84852   0.623836   -0.434997  0.0296089 
-0.84852   0.623836   -0.434997  0.00817951
-0.84852   0.623836   -0.434997  0.0120826 
-0.84852   0.623836   -0.434997  0.0101977 
-0.8408    0.561206   -0.412848  0.0109737 
-0.847475  0.560471   -0.417187  0.0159378 
-0.847475  0.560471   -0.417187  0.0261822 
-0.847475  0.560471   -0.417187  0.0260809 
-0.847475  0.560471   -0.417187  0.0200459 
-0.847475  0.560471   -0.417187  0.0188961 
-0.847475  0.560471   -0.417187  0.0125049 
-0.915766  0.547067   -0.337775  0.0108675 
-0.833322  0.55791    -0.431506  0.0224073 
-0.833322  0.55791    -0.431506  0.0167466 
-0.833322  0.55791    -0.431506  0.0223889 
-0.833322  0.55791    -0.431506  0.0185289 
-0.833322  0.55791    -0.431506  0.0270321 
-0.833322  0.55791    -0.431506  0.0154227 
-0.833322  0.55791    -0.431506  0.0127387 
-0.902228  0.636513   -0.398504  0.0117364 
-0.902228  0.636513   -0.398504  0.0123355 
-0.946885  0.619778   -0.373856  0.0139913 
-0.946885  0.619778   -0.373856  0.0204741 
-0.946885  0.619778   -0.373856  0.0110136 
-0.884358  0.628824   -0.411782  0.0148194 
-0.884358  0.628824   -0.411782  0.024615  
-0.884358  0.628824   -0.411782  0.0131169 
-0.877679  0.62324    -0.419395  0.0133651 
-0.877679  0.62324    -0.419395  0.0261051 
-0.877679  0.62324    -0.419395  0.0266173 
-0.877679  0.62324    -0.419395  0.0136033 
-0.841072  0.610279   -0.444214  0.0140068 
-0.841072  0.610279   -0.444214  0.0174045 
-0.841072  0.610279   -0.444214  0.00869478
-0.841072  0.610279   -0.444214  0.0223693 
-0.925063  0.69813    -0.32121   0.0156794 
-0.894703  0.668061   -0.3808    0.0211016 
-0.894703  0.668061   -0.3808    0.00971832
-0.895566  0.594437   -0.38786   0.0133136 
-0.895566  0.594437   -0.38786   0.0110817 
-0.824419  0.635343   -0.428531  0.0118311 
-0.824419  0.635343   -0.428531  0.0126347 
-0.824419  0.635343   -0.428531  0.00751603
-0.849693  0.596987   -0.437938  0.00949292
-0.878327  0.571074   -0.413854  0.0114506 
-0.878327  0.571074   -0.413854  0.00959952
-0.824573  0.562756   -0.408787  0.00925492
-0.908111  0.580186   -0.393803  0.011164  
-0.908111  0.580186   -0.393803  0.00900032
-0.895283  0.591207   -0.396015  0.0131545 
-0.895283  0.591207   -0.396015  0.00704627
-0.812289  0.590065   -0.435288  0.0092119 
-0.798341  0.572968   -0.418258  0.00910216
-0.798341  0.572968   -0.418258  0.0218136 
-0.798341  0.572968   -0.418258  0.0159433 
-0.798341  0.572968   -0.418258  0.0248634 
-0.798341  0.572968   -0.418258  0.00911538
-0.896001  0.597866   -0.406254  0.0137679 
-0.896001  0.597866   -0.406254  0.0174885 
-0.882309  0.672334   -0.384081  0.0118714 
-0.882309  0.672334   -0.384081  0.0398675 
-0.882309  0.672334   -0.384081  0.012717  
-0.823223  0.647012   -0.418782  0.0183903 
-0.823223  0.647012   -0.418782  0.012147  
-0.861167  0.683299   -0.420135  0.0249128 
-0.861167  0.683299   -0.420135  0.0169737 
-0.904309  0.687473   -0.361575  0.0236904 
-0.904309  0.687473   -0.361575  0.0135086 
-0.954956  0.642369   -0.36257   0.00931722
-0.891837  0.573124   -0.40475   0.0104107 
-0.88345   0.624352   -0.419775  0.00819049
-0.790932  0.636261   -0.446028  0.00698149
-0.778455  0.652398   -0.44826   0.0127385 
-0.778455  0.652398   -0.44826   0.010092  
-0.778455  0.652398   -0.44826   0.00950506
-0.7583    0.56262    -0.419004  0.0118193 
-0.7583    0.56262    -0.419004  0.00843968
-0.830709  0.585135   -0.425341  0.013447  
-0.830709  0.585135   -0.425341  0.0151704 
-0.830709  0.585135   -0.425341  0.0150504 
-0.761515  0.681631   -0.419326  0.0247971 
-0.761515  0.681631   -0.419326  0.0191261 
-0.761515  0.681631   -0.419326  0.00774872
-0.725479  0.584647   -0.412108  0.00803703
-0.725479  0.584647   -0.412108  0.0204524 
-0.725479  0.584647   -0.412108  0.00732125
-0.715016  0.603862   -0.441452  0.00878341
-0.715016  0.603862   -0.441452  0.00860283
-0.715016  0.603862   -0.441452  0.0123309 
-0.715016  0.603862   -0.441452  0.00840568
-0.671959  0.587191   -0.384137  0.00702508
-0.709643  0.633909   -0.410051  0.0155305 
-0.709643  0.633909   -0.410051  0.0065972 
-0.737808  0.616674   -0.435827  0.00937109
-0.737808  0.616674   -0.435827  0.00640224
-0.759876  0.6158     -0.437303  0.0136131 
-0.759876  0.6158     -0.437303  0.00859312
-0.668708  0.599702   -0.39587   0.00765317
-0.668708  0.599702   -0.39587   0.0134528 
-0.668708  0.599702   -0.39587   0.00838963
-0.668708  0.599702   -0.39587   0.00900728
-0.761847  0.635337   -0.434893  0.0104699 
-0.761847  0.635337   -0.434893  0.0107807 
-0.761847  0.635337   -0.434893  0.0149993 
-0.761847  0.635337   -0.434893  0.0127427 
-0.761847  0.635337   -0.434893  0.0109076 
-0.696616  0.679124   -0.403483  0.012144  
-0.713282  0.713415   -0.38619   0.0137632 
-0.734634  0.700682   -0.391512  0.00859215
-0.734634  0.700682   -0.391512  0.00744708
-0.797986  0.614042   -0.443745  0.00710324
-0.797986  0.614042   -0.443745  0.0123253 
-0.797986  0.614042   -0.443745  0.018764  
-0.797986  0.614042   -0.443745  0.00973206
-0.789566  0.56495    -0.426963  0.00682355
-0.711987  0.607063   -0.421726  0.0116245 
-0.711987  0.607063   -0.421726  0.0106588 
-0.711987  0.607063   -0.421726  0.0154124 
-0.799918  0.70055    -0.40082   0.00878818
-0.776322  0.616545   -0.443059  0.00765736
-0.776322  0.616545   -0.443059  0.00972485
-0.765248  0.564156   -0.422467  0.0123334 
-0.765248  0.564156   -0.422467  0.00768746
-0.765248  0.564156   -0.422467  0.00762418
-0.775696  0.585792   -0.438806  0.00841056
-0.775696  0.585792   -0.438806  0.0156097 
-0.775696  0.585792   -0.438806  0.0139761 
-0.775696  0.585792   -0.438806  0.0119388 
-0.775696  0.585792   -0.438806  0.0140839 
-0.775696  0.585792   -0.438806  0.0111489 
-0.77474   0.682391   -0.418397  0.00854166
-0.710219  0.661762   -0.409941  0.0183264 
-0.710219  0.661762   -0.409941  0.0115328 
-0.805503  0.652228   -0.429495  0.00856913
-0.805503  0.652228   -0.429495  0.0105518 
-0.805503  0.652228   -0.429495  0.0107381 
-0.861115  0.558032   -0.421441  0.0160887 
-0.861115  0.558032   -0.421441  0.00983455
-0.861115  0.558032   -0.421441  0.0155511 
-0.861115  0.558032   -0.421441  0.00819714
-0.804365  0.575153   -0.427589  0.016359  
-0.804365  0.575153   -0.427589  0.0132576 
-0.804365  0.575153   -0.427589  0.0136127 
-0.804365  0.575153   -0.427589  0.0129755 
-0.870346  0.66199    -0.407453  0.0222907 
-0.870346  0.66199    -0.407453  0.00881331
-0.871726  0.613668   -0.421457  0.0232578 
-0.871726  0.613668   -0.421457  0.0159433 
-0.871726  0.613668   -0.421457  0.0244748 
-0.871726  0.613668   -0.421457  0.00916806
-0.871726  0.613668   -0.421457  0.0132788 
-0.871726  0.613668   -0.421457  0.0182536 
-0.907472  0.652282   -0.365435  0.00702503
-0.819712  0.595945   -0.444504  0.0112637 
-0.819712  0.595945   -0.444504  0.0156039 
-0.819712  0.595945   -0.444504  0.0122345 
-0.819712  0.595945   -0.444504  0.00892247
-0.835008  0.589241   -0.42909   0.0118409 
-0.835008  0.589241   -0.42909   0.00652622
-0.864286  0.609003   -0.444018  0.00634763
-0.779227  0.628257   -0.445634  0.0163576 
-0.779227  0.628257   -0.445634  0.00879281
-0.779227  0.628257   -0.445634  0.00757293
-0.779227  0.628257   -0.445634  0.00730129
-0.779227  0.628257   -0.445634  0.0106469 
-0.779227  0.628257   -0.445634  0.00703751
-0.733185  0.600036   -0.437793  0.00896951
-0.801787  0.580599   -0.42262   0.0155146 
-0.801787  0.580599   -0.42262   0.00853754
-0.899128  0.593594   -0.415985  0.0176572 
-0.848575  0.644744   -0.39265   0.0125739 
-0.766812  0.726092   -0.384254  0.0268753 
-0.766812  0.726092   -0.384254  0.00882928
-0.759004  0.635819   -0.434225  0.0112219 
-0.759004  0.635819   -0.434225  0.00618825
-0.720031  0.645935   -0.427442  0.00879739
-0.720031  0.645935   -0.427442  0.00946572
-0.720031  0.645935   -0.427442  0.00925393
-0.720031  0.645935   -0.427442  0.0110413 
-0.758378  0.652268   -0.420291  0.0126849 
-0.758378  0.652268   -0.420291  0.00783546
-0.708502  0.680737   -0.411168  0.00969489
-0.691591  0.720498   -0.389207  0.0214437 
-0.691591  0.720498   -0.389207  0.0137682 
-0.691591  0.720498   -0.389207  0.0143831 
-0.781535  0.729      -0.384637  0.0228056 
-0.781535  0.729      -0.384637  0.0346766 
-0.781535  0.729      -0.384637  0.00855075
-0.843662  0.659177   -0.433708  0.0097983 
-0.843662  0.659177   -0.433708  0.00782048
-0.818826  0.5853     -0.438323  0.0123681 
-0.818826  0.5853     -0.438323  0.0141464 
-0.818826  0.5853     -0.438323  0.0140246 
-0.818826  0.5853     -0.438323  0.0126949 
-0.811882  0.541851   -0.392943  0.0060872 
-0.808471  0.632946   -0.449515  0.012146  
-0.808471  0.632946   -0.449515  0.00677897
-0.741246  0.593938   -0.414002  0.00735087
-0.799096  0.590726   -0.445771  0.0147064 
-0.799096  0.590726   -0.445771  0.0161874 
-0.799096  0.590726   -0.445771  0.0118191 
-0.799096  0.590726   -0.445771  0.0103192 
-0.799096  0.590726   -0.445771  0.00842113
-0.851386  0.601169   -0.432913  0.0129081 
-0.851386  0.601169   -0.432913  0.0141463 
-0.851386  0.601169   -0.432913  0.0135044 
-0.851386  0.601169   -0.432913  0.0178948 
-0.894597  0.682153   -0.375245  0.0402426 
-0.894597  0.682153   -0.375245  0.018386  
-0.894597  0.682153   -0.375245  0.0243067 
-0.894597  0.682153   -0.375245  0.0290321 
-0.894597  0.682153   -0.375245  0.018662  
-0.823453  0.737391   -0.365692  0.0274576 
-0.823453  0.737391   -0.365692  0.0488598 
-0.823453  0.737391   -0.365692  0.0307933 
-0.823453  0.737391   -0.365692  0.0151404 
-0.83494   0.701709   -0.382994  0.0229137 
-0.83494   0.701709   -0.382994  0.0163902 
-0.767383  0.782588   -0.360975  0.0295234 
-0.767383  0.782588   -0.360975  0.0106869 
-0.733174  0.692721   -0.401521  0.0100108 
-0.733174  0.692721   -0.401521  0.0077541 
-0.793586  0.639563   -0.444776  0.00862648
-0.696998  0.578101   -0.405126  0.0102784 
-0.696998  0.578101   -0.405126  0.0106977 
-0.696998  0.578101   -0.405126  0.0107022 
-0.776388  0.552124   -0.405912  0.00868503
-0.760731  0.647742   -0.42342   0.00953354
-0.756264  0.56444    -0.43406   0.0217781 
-0.756264  0.56444    -0.43406   0.0117157 
-0.756264  0.56444    -0.43406   0.009024  
-0.816618  0.597622   -0.438227  0.00669209
-0.727589  0.598684   -0.428879  0.0159162 
-0.727589  0.598684   -0.428879  0.0148218 
-0.727589  0.598684   -0.428879  0.0113258 
-0.737158  0.550469   -0.415918  0.00821037
-0.69041   0.587494   -0.409188  0.00854577
-0.69041   0.587494   -0.409188  0.008902  
-0.706827  0.64301    -0.397351  0.00792483
-0.681441  0.660537   -0.405115  0.0104339 
-0.681441  0.660537   -0.405115  0.00853537
-0.681441  0.660537   -0.405115  0.00673445
-0.727334  0.649856   -0.423316  0.00905666
-0.727334  0.649856   -0.423316  0.0225672 
-0.727334  0.649856   -0.423316  0.00723845
-0.719633  0.642852   -0.429587  0.00852264
-0.719633  0.642852   -0.429587  0.00965809
-0.719633  0.642852   -0.429587  0.0122639 
-0.807457  0.712784   -0.422017  0.0122174 
-0.874019  0.621169   -0.419216  0.00809912
-0.858731  0.586892   -0.417101  0.0109906 
-0.903336  0.63943    -0.420603  0.010473  
-0.903336  0.63943    -0.420603  0.011682  
-0.830056  0.551438   -0.396076  0.00878011
-0.879831  0.641168   -0.429882  0.0261132 
-0.879831  0.641168   -0.429882  0.0088155 
-0.879831  0.641168   -0.429882  0.0275699 
-0.879831  0.641168   -0.429882  0.0092585 
-0.879831  0.641168   -0.429882  0.0108339 
-0.879831  0.641168   -0.429882  0.018709  
-0.879831  0.641168   -0.429882  0.0144115 
-0.879831  0.641168   -0.429882  0.00797367
-0.787496  0.617342   -0.433058  0.0112487 
-0.764279  0.550765   -0.398912  0.0170918 
-0.764279  0.550765   -0.398912  0.00835987
-0.830094  0.631511   -0.443481  0.0141041 
-0.830094  0.631511   -0.443481  0.0066228 
-0.811911  0.61464    -0.458482  0.00701877
-0.811911  0.61464    -0.458482  0.0111864 
-0.811911  0.61464    -0.458482  0.0100103 
-0.783977  0.561527   -0.422046  0.0169343 
-0.783977  0.561527   -0.422046  0.0104836 
-0.838874  0.656711   -0.425888  0.00883176
-0.764164  0.698063   -0.430782  0.0127456 
-0.853484  0.672912   -0.40816   0.0188278 
-0.918101  0.682931   -0.351516  0.039135  
-0.918101  0.682931   -0.351516  0.00997898
-0.897129  0.607915   -0.405767  0.00591167
-0.807116  0.622531   -0.459382  0.00854473
-0.807116  0.622531   -0.459382  0.00853873
-0.807116  0.622531   -0.459382  0.00775805
-0.807116  0.622531   -0.459382  0.0197709 
-0.807116  0.622531   -0.459382  0.00794612
-0.807116  0.622531   -0.459382  0.0219596 
-0.807116  0.622531   -0.459382  0.012407  
-0.807116  0.622531   -0.459382  0.0191402 
-0.807116  0.622531   -0.459382  0.00893659
-0.807116  0.622531   -0.459382  0.0113492 
-0.807116  0.622531   -0.459382  0.0153325 
-0.807116  0.622531   -0.459382  0.0129073 
-0.807116  0.622531   -0.459382  0.0111465 
-0.807116  0.622531   -0.459382  0.00923333
-0.829732  0.570216   -0.419214  0.0209923 
-0.829732  0.570216   -0.419214  0.0139678 
-0.829732  0.570216   -0.419214  0.0141117 
-0.829732  0.570216   -0.419214  0.0140595 
-0.829732  0.570216   -0.419214  0.00999866
-0.829732  0.570216   -0.419214  0.00686507
-0.779018  0.595698   -0.440496  0.00737393
-0.83086   0.649113   -0.448484  0.0181249 
-0.83086   0.649113   -0.448484  0.00904862
-0.83086   0.649113   -0.448484  0.00861781
-0.83086   0.649113   -0.448484  0.0174648 
-0.83086   0.649113   -0.448484  0.0105378 
-0.83086   0.649113   -0.448484  0.00628172
-0.83086   0.649113   -0.448484  0.0132604 
-0.83086   0.649113   -0.448484  0.0111885 
-0.901405  0.655453   -0.408818  0.027043  
-0.901405  0.655453   -0.408818  0.0168729 
-0.901405  0.655453   -0.408818  0.0140546 
-0.901405  0.655453   -0.408818  0.0201818 
-0.901405  0.655453   -0.408818  0.0106045 
-0.818827  0.66712    -0.432601  0.00653629
-0.818827  0.66712    -0.432601  0.00800277
-0.800965  0.621396   -0.442059  0.01893   
-0.800965  0.621396   -0.442059  0.0194148 
-0.800965  0.621396   -0.442059  0.0161783 
-0.848091  0.71355    -0.381728  0.0147646 
-0.814455  0.6746     -0.431402  0.0230257 
-0.814455  0.6746     -0.431402  0.0259021 
-0.814455  0.6746     -0.431402  0.0261187 
-0.814455  0.6746     -0.431402  0.0315688 
-0.814455  0.6746     -0.431402  0.0110064 
-0.814455  0.6746     -0.431402  0.0148761 
-0.814455  0.6746     -0.431402  0.0075824 
-0.761338  0.591863   -0.430524  0.0104862 
-0.761338  0.591863   -0.430524  0.019164  
-0.761338  0.591863   -0.430524  0.00852323
-0.761338  0.591863   -0.430524  0.00745577
-0.837549  0.597965   -0.447969  0.0136203 
-0.837549  0.597965   -0.447969  0.0105955 
-0.837549  0.597965   -0.447969  0.0128557 
-0.837549  0.597965   -0.447969  0.00815157
-0.837549  0.597965   -0.447969  0.0179731 
-0.837549  0.597965   -0.447969  0.0165099 
-0.837549  0.597965   -0.447969  0.00974893
-0.837549  0.597965   -0.447969  0.0100998 
-0.837549  0.597965   -0.447969  0.0108706 
-0.837549  0.597965   -0.447969  0.00564414
-0.759068  0.616092   -0.444619  0.0098213 
-0.759068  0.616092   -0.444619  0.00727053
-0.751355  0.665311   -0.430768  0.0148249 
-0.82614   0.67905    -0.410916  0.0222532 
-0.82614   0.67905    -0.410916  0.0149064 
-0.82614   0.67905    -0.410916  0.0188743 
-0.82614   0.67905    -0.410916  0.0151133 
-0.82614   0.67905    -0.410916  0.0117141 
-0.842671  0.678778   -0.426433  0.0262207 
-0.842671  0.678778   -0.426433  0.00895734
-0.847787  0.651096   -0.444419  0.0120667 
-0.847787  0.651096   -0.444419  0.0103305 
-0.823422  0.559067   -0.419803  0.0222993 
-0.823422  0.559067   -0.419803  0.0270461 
-0.823422  0.559067   -0.419803  0.00665659
-0.747382  0.600577   -0.4293    0.0109485 
-0.78464   0.65521    -0.425976  0.00852313
-0.806117  0.572275   -0.421406  0.0242736 
-0.806117  0.572275   -0.421406  0.00947111
-0.793639  0.565626   -0.429419  0.0120116 
-0.793639  0.565626   -0.429419  0.019724  
-0.793639  0.565626   -0.429419  0.0152973 
-0.793639  0.565626   -0.429419  0.0139974 
-0.851616  0.662843   -0.410875  0.0176057 
-0.851616  0.662843   -0.410875  0.0161539 
-0.859033  0.63752    -0.421168  0.00725158
-0.799071  0.635196   -0.440733  0.0080037 
-0.799071  0.635196   -0.440733  0.0175211 
-0.799071  0.635196   -0.440733  0.00844886
-0.799071  0.635196   -0.440733  0.0170555 
-0.799071  0.635196   -0.440733  0.0103444 
-0.799071  0.635196   -0.440733  0.0246797 
-0.799071  0.635196   -0.440733  0.0146154 
-0.799071  0.635196   -0.440733  0.0113206 
-0.799071  0.635196   -0.440733  0.0126898 
-0.799071  0.635196   -0.440733  0.0132721 
-0.840692  0.591308   -0.422064  0.0148574 
-0.886606  0.659382   -0.401078  0.030451  
-0.886606  0.659382   -0.401078  0.0109529 
-0.886606  0.659382   -0.401078  0.00917289
-0.809062  0.649913   -0.429042  0.00735331
-0.764351  0.651579   -0.440077  0.010288  
-0.764351  0.651579   -0.440077  0.0327346 
-0.764351  0.651579   -0.440077  0.00831317
-0.764351  0.651579   -0.440077  0.00709349
-0.829978  0.591806   -0.440941  0.00911429
-0.878392  0.624179   -0.423089  0.0127956 
-0.878392  0.624179   -0.423089  0.00827028
-0.783046  0.576948   -0.435253  0.0150672 
-0.783046  0.576948   -0.435253  0.0102219 
-0.783046  0.576948   -0.435253  0.00866195
-0.767037  0.658531   -0.432191  0.0158104 
-0.767037  0.658531   -0.432191  0.0116954 
-0.820122  0.72611    -0.412107  0.0151954 
-0.820122  0.72611    -0.412107  0.00882969
-0.827994  0.669758   -0.428261  0.0122516 
-0.855565  0.664482   -0.423989  0.0171679 
-0.855565  0.664482   -0.423989  0.0117512 
-0.879993  0.630888   -0.419858  0.014333  
-0.879993  0.630888   -0.419858  0.0228825 
-0.879993  0.630888   -0.419858  0.00930894
-0.866837  0.576513   -0.409525  0.0101653 
-0.866837  0.576513   -0.409525  0.0227342 
-0.866837  0.576513   -0.409525  0.0140324 
-0.866837  0.576513   -0.409525  0.0131741 
-0.866837  0.576513   -0.409525  0.00988686
-0.784576  0.56257    -0.405873  0.0247799 
-0.784576  0.56257    -0.405873  0.00891061
-0.756923  0.643774   -0.428782  0.00775581
-0.756025  0.644895   -0.432009  0.00772246
-0.756025  0.644895   -0.432009  0.00821637
-0.756025  0.644895   -0.432009  0.0100517 
-0.794428  0.561628   -0.413015  0.0132539 
-0.732106  0.657008   -0.422065  0.00660952
-0.732106  0.657008   -0.422065  0.00895411
-0.661797  0.673798   -0.376652  0.0111192 
-0.654346  0.712179   -0.387866  0.0127893 
-0.654346  0.712179   -0.387866  0.0163301 
-0.654346  0.712179   -0.387866  0.00838989
-0.750349  0.640615   -0.419183  0.0177679 
-0.750349  0.640615   -0.419183  0.0103627 
-0.750349  0.640615   -0.419183  0.0114388 
-0.819941  0.683111   -0.412965  0.0266036 
-0.819941  0.683111   -0.412965  0.0229756 
-0.819941  0.683111   -0.412965  0.0400543 
-0.819941  0.683111   -0.412965  0.00565047
-0.784624  0.635318   -0.452204  0.0151975 
-0.784624  0.635318   -0.452204  0.00852998
-0.753899  0.666494   -0.422598  0.00758882
-0.753899  0.666494   -0.422598  0.00904457
-0.815494  0.572486   -0.433658  0.00676656
-0.731396  0.599234   -0.436717  0.0107776 
-0.731396  0.599234   -0.436717  0.0100787 
-0.731396  0.599234   -0.436717  0.010391  
-0.731396  0.599234   -0.436717  0.00853508
-0.80719   0.652478   -0.439268  0.0103324 
-0.80719   0.652478   -0.439268  0.0101193 
-0.80719   0.652478   -0.439268  0.0141304 
-0.80719   0.652478   -0.439268  0.0139988 
-0.80719   0.652478   -0.439268  0.0117844 
-0.80719   0.652478   -0.439268  0.00849693
-0.751148  0.5737     -0.411518  0.00779023
-0.800677  0.662472   -0.45107   0.00657689
-0.824396  0.602844   -0.443774  0.0121722 
-0.824396  0.602844   -0.443774  0.00948797
-0.897508  0.615527   -0.422579  0.0198752 
-0.897508  0.615527   -0.422579  0.00894567
-0.897508  0.615527   -0.422579  0.0132692 
-0.897508  0.615527   -0.422579  0.00740681
-0.819055  0.59154    -0.445781  0.0123774 
-0.819055  0.59154    -0.445781  0.00798047
-0.769401  0.586743   -0.426595  0.01694   
-0.769401  0.586743   -0.426595  0.00691659
-0.747118  0.645887   -0.432478  0.00870491
-0.747118  0.645887   -0.432478  0.0111702 
-0.747118  0.645887   -0.432478  0.0142031 
-0.747118  0.645887   -0.432478  0.0114516 
-0.747118  0.645887   -0.432478  0.0119827 
-0.747118  0.645887   -0.432478  0.0126491 
-0.774146  0.704125   -0.408971  0.0119205 
-0.778518  0.717356   -0.399729  0.0136434 
-0.841977  0.652567   -0.409905  0.0112925 
-0.841977  0.652567   -0.409905  0.0256394 
-0.841977  0.652567   -0.409905  0.00887228
-0.861345  0.63348    -0.438207  0.00896893
-0.861345  0.63348    -0.438207  0.0272017 
-0.861345  0.63348    -0.438207  0.0110262 
-0.873321  0.588887   -0.425935  0.0168054 
-0.873321  0.588887   -0.425935  0.00952522
-0.873321  0.588887   -0.425935  0.00982152
-0.873321  0.588887   -0.425935  0.0106567 
-0.873321  0.588887   -0.425935  0.0157581 
-0.889236  0.608149   -0.381365  0.010851  
-0.866004  0.658356   -0.418943  0.0134484 
-0.855297  0.703398   -0.400752  0.0107742 
-0.853434  0.666134   -0.411653  0.00936173
-0.852391  0.651355   -0.4303    0.0104059 
-0.899003  0.588709   -0.402447  0.00837316
