#MU        SIGMA      ENERGY     ERROR     
-1.0869    0.428499   0.282538   0.0324277 
-1.0869    0.428499   0.282538   0.0148359 
-1.12962   0.506466   0.0795258  0.0183079 
-1.19697   0.537252   0.203954   0.0180932 
-1.19697   0.537252   0.203954   0.0156724 
-1.1524    0.513261   0.107428   0.0160421 
-1.08698   0.575527   -0.120988  0.0164434 
-1.03586   0.610783   -0.229841  0.0366259 
-1.06636   0.702768   -0.0672455 0.0594495 
-1.06636   0.702768   -0.0672455 0.0449126 
-1.06636   0.702768   -0.0672455 0.0351129 
-0.97896   0.721019   -0.145271  0.0282942 
-0.90384   0.754087   -0.230667  0.0466666 
-0.90384   0.754087   -0.230667  0.0419086 
-0.895102  0.77858    -0.182733  0.0398445 
-0.805225  0.865774   -0.156821  0.0358919 
-0.852356  0.798657   -0.207536  0.0262172 
-0.77105   0.809538   -0.280699  0.0167521 
-0.673689  0.826682   -0.35565   0.0182073 
-0.673689  0.826682   -0.35565   0.0192448 
-0.673689  0.826682   -0.35565   0.0430635 
-0.757223  0.91737    -0.131393  0.037212  
-0.706765  0.855221   -0.195077  0.0198038 
-0.753649  0.780236   -0.34488   0.0185632 
-0.760953  0.75489    -0.36528   0.0250193 
-0.760953  0.75489    -0.36528   0.0150789 
-0.738065  0.724517   -0.384016  0.0138476 
-0.742448  0.715729   -0.374371  0.028847  
-0.742448  0.715729   -0.374371  0.0127155 
-0.663401  0.746493   -0.350757  0.0170112 
-0.663401  0.746493   -0.350757  0.0127571 
-0.598223  0.791499   -0.348994  0.0121451 
-0.613253  0.726263   -0.331566  0.0149601 
-0.613253  0.726263   -0.331566  0.0121387 
-0.579906  0.63363    -0.307692  0.0106706 
-0.672018  0.561182   -0.388388  0.0232725 
-0.672018  0.561182   -0.388388  0.00746168
-0.688833  0.614619   -0.401907  0.00843067
-0.647001  0.658861   -0.378258  0.00701119
-0.694123  0.625963   -0.407356  0.0072125 
-0.778995  0.64352    -0.442124  0.0162836 
-0.865565  0.732871   -0.351429  0.0246268 
-0.865565  0.732871   -0.351429  0.0166745 
-0.864206  0.723089   -0.380213  0.0360748 
-0.864206  0.723089   -0.380213  0.0232065 
-0.817218  0.784362   -0.314954  0.0294066 
-0.817218  0.784362   -0.314954  0.0192918 
-0.848592  0.750486   -0.335348  0.0159499 
-0.833381  0.662177   -0.403679  0.0063234 
-0.761592  0.622586   -0.440965  0.0149415 
-0.804635  0.526735   -0.352477  0.010712  
-0.87539   0.561767   -0.41901   0.0250628 
-0.8585    0.462743   -0.108521  0.0531769 
-0.8585    0.462743   -0.108521  0.0246448 
-0.889042  0.468222   -0.107275  0.0195123 
-0.848272  0.501076   -0.277435  0.0137273 
-0.898453  0.534085   -0.366385  0.0226871 
-0.898453  0.534085   -0.366385  0.0233813 
-0.898453  0.534085   -0.366385  0.0113075 
-0.937461  0.562195   -0.345366  0.0138308 
-0.937461  0.562195   -0.345366  0.0140972 
-1.03466   0.579849   -0.233038  0.0277669 
-1.03466   0.579849   -0.233038  0.0165274 
-1.10943   0.547342   -0.0183018 0.0194512 
-1.05709   0.477877   -0.00955648 0.0207948 
-1.05709   0.477877   -0.00955648 0.0271972 
-1.05709   0.477877   -0.00955648 0.0256077 
-1.05709   0.477877   -0.00955648 0.0231061 
-0.988147  0.461444   0.00902007 0.04222   
-0.988147  0.461444   0.00902007 0.0204242 
-0.954116  0.491766   -0.208761  0.0210597 
-0.954116  0.491766   -0.208761  0.0193549 
-0.870021  0.499922   -0.283648  0.0400394 
-0.870021  0.499922   -0.283648  0.0304933 
-0.870021  0.499922   -0.283648  0.0422886 
-0.870021  0.499922   -0.283648  0.00846229
-0.786945  0.577853   -0.421723  0.0113421 
-0.767163  0.548256   -0.39752   0.0087116 
-0.824358  0.634176   -0.438182  0.0119191 
-0.824358  0.634176   -0.438182  0.0137451 
-0.896642  0.645881   -0.392537  0.0074506 
-0.849379  0.595336   -0.4512    0.0093173 
-0.849379  0.595336   -0.4512    0.0110897 
-0.842867  0.66301    -0.419662  0.0164901 
-0.842867  0.66301    -0.419662  0.0321279 
-0.842867  0.66301    -0.419662  0.00951778
-0.827897  0.565619   -0.405754  0.025591  
-0.827897  0.565619   -0.405754  0.00670006
-0.775657  0.656633   -0.44693   0.00996183
-0.843494  0.568869   -0.410941  0.00710556
-0.779879  0.586344   -0.44509   0.00895986
-0.863041  0.570766   -0.401912  0.0115304 
-0.869663  0.587483   -0.394307  0.0191741 
-0.869663  0.587483   -0.394307  0.013072  
-0.863014  0.537772   -0.3399    0.0249873 
-0.863014  0.537772   -0.3399    0.0122528 
-0.961921  0.606494   -0.349368  0.00910476
-0.888711  0.596772   -0.429218  0.00815603
-0.797585  0.625547   -0.445183  0.0143117 
-0.797585  0.625547   -0.445183  0.00903097
-0.874221  0.574821   -0.405558  0.0159876 
-0.931561  0.650492   -0.393825  0.00995817
-0.862892  0.566839   -0.404473  0.0109911 
-0.862892  0.566839   -0.404473  0.0100439 
-0.907617  0.599237   -0.393008  0.0172394 
-0.956088  0.654513   -0.312346  0.0126247 
-0.921809  0.626536   -0.377456  0.0129837 
-0.97915   0.538481   -0.254851  0.0250599 
-0.942228  0.468469   -0.115377  0.0121983 
-0.862302  0.54771    -0.388344  0.00965506
-0.791978  0.623127   -0.429361  0.0106431 
-0.83929   0.67972    -0.412152  0.00944357
-0.926525  0.593548   -0.392498  0.00834578
-0.877883  0.599051   -0.421312  0.0112233 
-0.878153  0.552139   -0.370533  0.0109919 
-0.84296   0.557106   -0.39523   0.0191754 
-0.812479  0.502041   -0.278699  0.0272862 
-0.812479  0.502041   -0.278699  0.0310592 
-0.812479  0.502041   -0.278699  0.0238412 
-0.812479  0.502041   -0.278699  0.0343997 
-0.812479  0.502041   -0.278699  0.0214482 
-0.846577  0.488437   -0.240933  0.0269351 
-0.829503  0.460149   -0.0502419 0.0186367 
-0.851665  0.501741   -0.236921  0.0357941 
-0.851665  0.501741   -0.236921  0.00940392
-0.857987  0.575943   -0.416022  0.0135893 
-0.790675  0.531595   -0.369573  0.0254972 
-0.740174  0.46906    -0.154573  0.021683  
-0.834665  0.494013   -0.281149  0.045318  
-0.834665  0.494013   -0.281149  0.0314253 
-0.834665  0.494013   -0.281149  0.0208302 
-0.914233  0.479207   -0.134596  0.0273084 
-0.976975  0.440864   0.0859352  0.0140187 
-0.881106  0.527278   -0.319274  0.0131266 
-0.967099  0.608716   -0.334149  0.0115099 
-0.963038  0.571291   -0.333587  0.0168583 
-1.02305   0.584527   -0.22218   0.0145508 
-1.02305   0.584527   -0.22218   0.0160057 
-1.02305   0.584527   -0.22218   0.0130617 
-0.973056  0.536141   -0.266501  0.0150312 
-1.01774   0.585883   -0.245261  0.0179607 
-0.966954  0.500166   -0.217172  0.0175071 
-1.0034    0.500021   -0.168279  0.0119666 
-0.979849  0.55988    -0.287291  0.0211835 
-1.04008   0.629218   -0.170839  0.0137099 
-0.982596  0.541059   -0.274117  0.0150105 
-0.971894  0.518884   -0.23374   0.013205  
-0.996399  0.526819   -0.223507  0.00965481
-0.920641  0.574826   -0.367826  0.0223446 
-0.832107  0.486048   -0.250343  0.0270499 
-0.86144   0.456389   -0.073414  0.0504214 
-0.86144   0.456389   -0.073414  0.0443031 
-0.86144   0.456389   -0.073414  0.0113951 
-0.882956  0.555618   -0.38539   0.011741  
-0.8475    0.550608   -0.393488  0.0114315 
-0.868323  0.548767   -0.368546  0.0270967 
-0.868323  0.548767   -0.368546  0.0112202 
-0.806139  0.551525   -0.388453  0.0163305 
-0.776369  0.520544   -0.364673  0.0275972 
-0.776369  0.520544   -0.364673  0.00901251
-0.850861  0.599693   -0.432196  0.0113193 
-0.827639  0.691484   -0.426699  0.00869746
-0.730791  0.694234   -0.422834  0.0175989 
-0.730791  0.694234   -0.422834  0.0247437 
-0.815251  0.741842   -0.332484  0.00890171
-0.787798  0.653223   -0.429455  0.0182284 
-0.754002  0.737476   -0.379441  0.0268633 
-0.79916   0.74381    -0.3275    0.0406041 
-0.79916   0.74381    -0.3275    0.0248774 
-0.70395   0.817127   -0.262628  0.0156796 
-0.616128  0.752819   -0.334601  0.0128812 
-0.550668  0.674765   -0.278129  0.0135339 
-0.550668  0.674765   -0.278129  0.010563  
-0.603941  0.657238   -0.332406  0.010345  
-0.600583  0.626054   -0.314237  0.00908669
-0.634312  0.653644   -0.355947  0.0145771 
-0.634312  0.653644   -0.355947  0.0120507 
-0.552313  0.658859   -0.287154  0.0142092 
-0.616114  0.695157   -0.334342  0.0117879 
-0.712506  0.726572   -0.375686  0.00897358
-0.728029  0.668291   -0.416768  0.00782095
-0.667896  0.664677   -0.372469  0.0117938 
-0.573016  0.62239    -0.292419  0.00911472
-0.635556  0.627353   -0.35105   0.0100139 
-0.635556  0.627353   -0.35105   0.013017  
-0.635556  0.627353   -0.35105   0.0130862 
-0.540658  0.693777   -0.307695  0.0116911 
-0.635052  0.72631    -0.357501  0.0168779 
-0.718788  0.769177   -0.319824  0.0179477 
-0.817608  0.768908   -0.351011  0.0239506 
-0.817608  0.768908   -0.351011  0.0164652 
-0.757555  0.745024   -0.34893   0.0184639 
-0.723273  0.773295   -0.343782  0.0128396 
-0.747052  0.726624   -0.378832  0.0261669 
-0.747052  0.726624   -0.378832  0.0126748 
-0.727252  0.766049   -0.390051  0.0156555 
-0.821395  0.714916   -0.41059   0.0154719 
-0.789671  0.739461   -0.377121  0.00925055
-0.768804  0.662763   -0.426355  0.00667735
-0.73277   0.612321   -0.425477  0.0172267 
-0.832073  0.691618   -0.379822  0.00945056
-0.752871  0.644777   -0.427065  0.00892679
-0.655864  0.630445   -0.369382  0.00641918
-0.734156  0.624089   -0.431066  0.00916515
-0.734156  0.624089   -0.431066  0.00650019
-0.803355  0.611094   -0.456174  0.00865246
-0.862494  0.619482   -0.433158  0.00773713
-0.783402  0.580796   -0.444855  0.0112292 
-0.769629  0.551698   -0.407636  0.00691328
-0.825042  0.604853   -0.449675  0.00737779
-0.758755  0.589735   -0.435624  0.0186492 
-0.68869   0.495728   -0.297126  0.015743  
-0.68869   0.495728   -0.297126  0.0113194 
-0.594566  0.563668   -0.278412  0.0128215 
-0.603744  0.542422   -0.275709  0.015497  
-0.504637  0.589531   -0.16425   0.0143529 
-0.530883  0.569452   -0.199602  0.0107693 
-0.601753  0.644009   -0.340035  0.00996176
-0.602771  0.640111   -0.319354  0.0144604 
-0.602771  0.640111   -0.319354  0.0115514 
-0.564471  0.633818   -0.265348  0.0168399 
-0.478671  0.709218   -0.236806  0.0150709 
-0.43693   0.749834   -0.202337  0.0141659 
-0.51027   0.805914   -0.282937  0.0142452 
-0.51027   0.805914   -0.282937  0.0130892 
-0.525213  0.750206   -0.269674  0.0116533 
-0.595886  0.704781   -0.350464  0.0166607 
-0.526315  0.792623   -0.301788  0.0124411 
-0.626076  0.715087   -0.335887  0.0176771 
-0.594958  0.790221   -0.331164  0.0340182 
-0.684563  0.851537   -0.285782  0.0242611 
-0.684563  0.851537   -0.285782  0.0195288 
-0.598163  0.85824    -0.295414  0.0273767 
-0.598163  0.85824    -0.295414  0.0274628 
-0.573627  0.885538   -0.260345  0.0304534 
-0.558972  0.985471   -0.182651  0.0483121 
-0.522198  1.02089    -0.113928  0.0322519 
-0.473214  0.968712   -0.231096  0.0479315 
-0.473214  0.968712   -0.231096  0.0297276 
-0.519546  0.923061   -0.198231  0.0297089 
-0.527606  0.997515   -0.210898  0.0430394 
-0.556616  1.00851    -0.113774  0.0674344 
-0.556616  1.00851    -0.113774  0.0203869 
-0.484445  0.945612   -0.249179  0.0182625 
-0.556939  0.859695   -0.259007  0.0283439 
-0.562065  0.952231   -0.245592  0.0159335 
-0.572034  0.864395   -0.304673  0.0322661 
-0.599789  0.934849   -0.180881  0.0486067 
-0.538958  1.00771    -0.0976456 0.0340468 
-0.508644  1.05199    -0.182267  0.0240943 
-0.455896  0.96181    -0.220528  0.0248887 
-0.512496  0.956548   -0.234626  0.0353135 
-0.450628  0.978911   -0.234107  0.0516188 
-0.450628  0.978911   -0.234107  0.0275164 
-0.450628  0.978911   -0.234107  0.0278253 
-0.462758  1.02326    -0.219493  0.0374607 
-0.449449  1.07011    -0.202326  0.0263077 
-0.458722  0.975629   -0.238161  0.0266638 
-0.510705  0.970261   -0.240043  0.0209389 
-0.511486  0.901377   -0.28069   0.0270319 
-0.432552  0.994119   -0.248077  0.0206559 
-0.383447  0.899498   -0.240813  0.0153495 
-0.410587  0.9132     -0.276128  0.0150898 
-0.4754    0.841129   -0.277911  0.0214049 
-0.542429  0.897186   -0.283737  0.0493221 
-0.542429  0.897186   -0.283737  0.0161285 
-0.544848  0.80571    -0.312616  0.0192072 
-0.627118  0.798022   -0.307326  0.0132251 
-0.551918  0.726316   -0.279008  0.0130934 
-0.610944  0.753127   -0.327692  0.00875113
-0.705047  0.683256   -0.40307   0.00805433
-0.68747   0.612653   -0.398189  0.0124561 
-0.739083  0.540809   -0.384767  0.00669102
-0.758124  0.599398   -0.439833  0.0181067 
-0.758124  0.599398   -0.439833  0.00563692
-0.817642  0.620705   -0.455926  0.0115113 
-0.745701  0.697393   -0.415305  0.0142818 
-0.731498  0.756621   -0.38526   0.0215732 
-0.733287  0.73917    -0.360082  0.00901512
-0.720521  0.682081   -0.412329  0.016091  
-0.782815  0.727709   -0.380293  0.0330806 
-0.782815  0.727709   -0.380293  0.00858861
-0.691426  0.650582   -0.396656  0.00609076
-0.760863  0.635003   -0.439181  0.00722748
-0.807223  0.608405   -0.442587  0.00845406
-0.796918  0.63364    -0.436403  0.00626717
-0.76067   0.60717    -0.434564  0.00673569
-0.72297   0.601824   -0.436366  0.0108253 
-0.72297   0.601824   -0.436366  0.00956048
-0.698796  0.564908   -0.3859    0.00836325
-0.665782  0.612896   -0.396012  0.0101391 
-0.605837  0.587336   -0.304053  0.0122957 
-0.609407  0.542262   -0.28299   0.0213    
-0.599739  0.465236   -0.131804  0.0552305 
-0.599739  0.465236   -0.131804  0.0142831 
-0.54165   0.525779   -0.173168  0.0168777 
-0.54165   0.525779   -0.173168  0.0172105 
-0.521607  0.509481   -0.13311   0.0163518 
-0.488275  0.571561   -0.137771  0.0136903 
-0.528134  0.635047   -0.280643  0.013712  
-0.527721  0.643735   -0.263335  0.0115924 
-0.600158  0.701376   -0.355653  0.0143833 
-0.59742   0.613449   -0.310039  0.0138979 
-0.531483  0.531758   -0.143368  0.0187924 
-0.464615  0.515276   -0.0479784 0.0222727 
-0.464615  0.515276   -0.0479784 0.0258198 
-0.375458  0.430244   0.2832     0.0190338 
-0.436099  0.510069   0.0292351  0.0206227 
-0.413983  0.565057   0.00557899 0.0204377 
-0.424844  0.519311   0.0280322  0.019317  
-0.492129  0.489273   -0.075598  0.0200248 
-0.443397  0.480792   0.0446214  0.0179407 
-0.480456  0.466983   0.0460391  0.0176287 
-0.428357  0.516614   0.0804283  0.0221595 
-0.364713  0.519517   0.196843   0.0248294 
-0.363737  0.491016   0.203804   0.021773  
-0.39045   0.438247   0.273755   0.0261259 
-0.39045   0.438247   0.273755   0.0312419 
-0.39045   0.438247   0.273755   0.0351318 
-0.353541  0.363832   0.595512   0.049385  
-0.353541  0.363832   0.595512   0.0339917 
-0.329226  0.373393   0.55126    0.0352431 
-0.329226  0.373393   0.55126    0.0330925 
-0.236927  0.46922    0.596074   0.0292075 
-0.327263  0.499488   0.275323   0.0268982 
-0.327263  0.499488   0.275323   0.0268031 
-0.336692  0.465092   0.31095    0.0320736 
-0.336692  0.465092   0.31095    0.0317103 
-0.336692  0.465092   0.31095    0.0349435 
-0.336692  0.465092   0.31095    0.0211961 
-0.411978  0.502968   0.0902512  0.0300021 
-0.411978  0.502968   0.0902512  0.0252417 
-0.411978  0.502968   0.0902512  0.0243854 
-0.411978  0.502968   0.0902512  0.0173127 
-0.423775  0.580745   0.0208189  0.0161204 
-0.441706  0.664796   -0.14687   0.0137684 
-0.541547  0.672506   -0.279482  0.0122533 
-0.585814  0.715519   -0.331041  0.0135492 
-0.575012  0.771536   -0.334789  0.0175216 
-0.575012  0.771536   -0.334789  0.0248803 
-0.650993  0.858759   -0.299218  0.0227436 
-0.744755  0.849287   -0.29448   0.0538361 
-0.744755  0.849287   -0.29448   0.0204205 
-0.790202  0.777982   -0.353874  0.027517  
-0.790202  0.777982   -0.353874  0.0355415 
-0.790202  0.777982   -0.353874  0.0247104 
-0.820338  0.799806   -0.297848  0.0229642 
-0.754953  0.826841   -0.308162  0.0235298 
-0.677859  0.902005   -0.282043  0.028598  
-0.596532  0.989879   -0.241012  0.0555524 
-0.596532  0.989879   -0.241012  0.038314  
-0.596532  0.989879   -0.241012  0.0487671 
-0.596532  0.989879   -0.241012  0.0375436 
-0.596532  0.989879   -0.241012  0.0211436 
-0.497667  0.923887   -0.228366  0.0286567 
-0.524836  1.00426    -0.221586  0.0471622 
-0.524836  1.00426    -0.221586  0.0501934 
-0.524836  1.00426    -0.221586  0.101937  
-0.524836  1.00426    -0.221586  0.0385888 
-0.590782  0.99422    -0.167902  0.0670934 
-0.590782  0.99422    -0.167902  0.0221683 
-0.559959  0.915772   -0.243684  0.0225474 
-0.579138  0.840218   -0.262652  0.0148423 
-0.502244  0.867259   -0.312552  0.018663  
-0.544752  0.912566   -0.28582   0.0181204 
-0.511448  0.893169   -0.264126  0.0282028 
-0.574005  0.934895   -0.247866  0.034027  
-0.574005  0.934895   -0.247866  0.0435515 
-0.631794  0.952307   -0.147373  0.0205763 
-0.663627  0.860385   -0.29009   0.0324529 
-0.683332  0.915078   -0.228112  0.042717  
-0.726314  0.864055   -0.179596  0.0333216 
-0.628805  0.906103   -0.217877  0.0413117 
-0.536339  0.997904   -0.216525  0.0654918 
-0.536339  0.997904   -0.216525  0.0605777 
-0.536339  0.997904   -0.216525  0.0443125 
-0.630516  0.989513   -0.145709  0.0406043 
-0.629855  0.996462   -0.148005  0.0574148 
-0.629855  0.996462   -0.148005  0.042015  
-0.626049  0.986054   -0.15538   0.0398623 
-0.712313  0.982094   -0.156575  0.0236081 
-0.684051  0.911573   -0.253719  0.0270811 
-0.618648  0.902105   -0.260869  0.0464148 
-0.628221  0.880595   -0.20568   0.0358223 
-0.704666  0.861159   -0.217875  0.0366141 
-0.76534   0.878337   -0.20325   0.048018  
-0.682305  0.934781   -0.0892332 0.0477562 
-0.607518  1.00647    -0.131232  0.042715  
-0.579585  1.0338     -0.168952  0.0366819 
-0.552572  1.04512    -0.139006  0.0681794 
-0.552572  1.04512    -0.139006  0.0319169 
-0.475     1.04517    -0.190311  0.0271778 
-0.400577  1.0482     -0.26167   0.0310898 
-0.323413  1.05681    -0.216001  0.0312157 
-0.323413  1.05681    -0.216001  0.0264638 
-0.323413  1.05681    -0.216001  0.0229631 
-0.236581  1.03995    -0.258167  0.0208184 
-0.178914  0.973521   -0.259404  0.0303867 
-0.178914  0.973521   -0.259404  0.0152239 
-0.139521  0.954049   -0.262408  0.0181413 
-0.0720159 0.893272   -0.216372  0.0182826 
-0.120283  0.843856   -0.175693  0.0160864 
-0.218345  0.891787   -0.254051  0.0160369 
-0.14298   0.958938   -0.239986  0.0186599 
-0.0979916 0.986515   -0.247555  0.018727  
-0.0653504 1.01803    -0.266057  0.0182575 
-0.00437759 0.97855    -0.274568  0.0322893 
0.0192881  1.02675    -0.220739  0.036613  
-0.0367387 1.06993    -0.23978   0.0327592 
0.0573823  1.04078    -0.225136  0.0153086 
0.0123207  0.961043   -0.273327  0.0261871 
0.0553492  1.05936    -0.222703  0.0245461 
0.0676104  1.09378    -0.217455  0.0229519 
0.115727   1.03658    -0.222808  0.0287315 
0.0231004  1.05683    -0.177818  0.0220633 
-0.0198688 0.9922     -0.247973  0.0287291 
0.0394615  1.08383    -0.220461  0.0262366 
0.0394615  1.08383    -0.220461  0.043971  
0.0846573  1.1836     -0.104385  0.0629176 
0.0846573  1.1836     -0.104385  0.0313186 
0.0882753  1.1234     -0.202808  0.071252  
0.0882753  1.1234     -0.202808  0.0206349 
0.152285   1.03693    -0.253839  0.0214977 
0.106483   1.10142    -0.275489  0.0256199 
0.201544   1.02812    -0.236338  0.0168726 
0.136887   0.95487    -0.242342  0.0199108 
0.166567   0.984164   -0.250845  0.0162822 
0.0916127  0.945038   -0.245824  0.0299848 
0.0916127  0.945038   -0.245824  0.0174908 
0.0893376  0.897643   -0.203084  0.0158823 
0.0832379  0.912452   -0.234256  0.0234587 
0.00435342 0.993479   -0.241766  0.0164902 
0.0419239  0.990125   -0.254109  0.0166958 
0.0531587  1.00272    -0.257328  0.0152624 
-0.0206921 0.967588   -0.277266  0.0200594 
-0.0977472 1.02958    -0.2851    0.0205168 
-0.195471  1.08157    -0.25942   0.0340884 
-0.182029  1.10792    -0.191573  0.0416982 
-0.100121  1.15456    -0.165495  0.058032  
-0.118086  1.16378    -0.115779  0.0386668 
-0.179629  1.17291    -0.0949204 0.0414735 
-0.225614  1.07924    -0.204425  0.0392927 
-0.324752  1.05831    -0.150198  0.0360528 
-0.226579  1.15156    -0.13625   0.0692629 
-0.226579  1.15156    -0.13625   0.0629935 
-0.226579  1.15156    -0.13625   0.0333505 
-0.310061  1.11541    -0.231763  0.0486358 
-0.310061  1.11541    -0.231763  0.0335362 
-0.276205  1.09875    -0.206018  0.0378276 
-0.276205  1.09875    -0.206018  0.0720123 
-0.276205  1.09875    -0.206018  0.0439326 
-0.276205  1.09875    -0.206018  0.0525179 
-0.308128  1.11691    -0.102598  0.0603059 
-0.269928  1.2023     0.00967071 0.0736169 
-0.269928  1.2023     0.00967071 0.0727867 
-0.269928  1.2023     0.00967071 0.0512811 
-0.218193  1.22457    -0.0672021 0.0786333 
-0.218193  1.22457    -0.0672021 0.048026  
-0.167398  1.18224    -0.025169  0.0362607 
-0.160831  1.11244    -0.17662   0.0240782 
-0.124484  1.07534    -0.241461  0.0464677 
-0.0545814 1.11787    -0.1782    0.0356479 
-0.0172387 1.0954     -0.203418  0.0192885 
-0.10079   1.03252    -0.226975  0.0218721 
-0.0260813 1.05613    -0.235819  0.0238084 
-0.00365936 1.11049    -0.224575  0.0476402 
-0.00365936 1.11049    -0.224575  0.0253543 
-0.0700909 1.09217    -0.246567  0.0216363 
-0.138431  1.02787    -0.256288  0.0181425 
-0.144458  1.01231    -0.290145  0.0418324 
-0.0635552 1.11208    -0.0952167 0.0244151 
-0.0413432 1.02611    -0.235197  0.0337548 
-0.0892259 0.933823   -0.200466  0.0162587 
-0.0403056 1.0257     -0.298671  0.0172671 
0.033544   0.98832    -0.239267  0.0174857 
0.111872   0.971056   -0.250868  0.0161442 
0.0980545  0.941564   -0.239155  0.0169798 
0.00730906 0.860769   -0.165867  0.0185987 
-0.025229  0.80262    -0.0864976 0.0163101 
-0.00730763 0.901605   -0.215759  0.0174329 
-0.0385359 0.864513   -0.187838  0.0193905 
-0.0385359 0.864513   -0.187838  0.0194208 
0.0600054  0.78184    -0.107117  0.017391  
0.0207909  0.844241   -0.172805  0.0160388 
0.0110114  0.889782   -0.226484  0.0169873 
-0.0749549 0.853847   -0.19468   0.0167624 
-0.111835  0.943539   -0.206671  0.0165688 
-0.121133  0.859066   -0.183345  0.0187685 
-0.042183  0.852815   -0.17623   0.0154907 
-0.00946803 0.915887   -0.220952  0.0192648 
-0.0524634 0.999236   -0.285092  0.0300027 
-0.122497  1.04932    -0.201449  0.0249491 
-0.126775  1.10783    -0.220953  0.0383683 
-0.126775  1.10783    -0.220953  0.0512989 
-0.0605672 1.20774    -0.0382426 0.0574168 
-0.0836512 1.28104    0.0468685  0.0676378 
-0.180752  1.18563    -0.0392208 0.0366278 
-0.247143  1.13447    -0.147635  0.0478289 
-0.247143  1.13447    -0.147635  0.0320366 
-0.273683  1.09533    -0.213146  0.0590312 
-0.273683  1.09533    -0.213146  0.0414494 
-0.273683  1.09533    -0.213146  0.0431699 
-0.178723  1.11567    -0.142746  0.0360995 
-0.248454  1.03803    -0.205917  0.0206584 
-0.18919   0.998957   -0.219378  0.0199406 
-0.229494  0.992822   -0.240351  0.0348005 
-0.211995  1.05291    -0.226349  0.0445577 
-0.211995  1.05291    -0.226349  0.0293697 
-0.308055  1.02436    -0.242217  0.0179309 
-0.258265  1.00901    -0.277066  0.0312451 
-0.173631  1.08622    -0.192854  0.019964  
-0.160239  1.01285    -0.263936  0.0206637 
-0.0896951 1.05593    -0.271148  0.015627  
-0.114604  0.959899   -0.266975  0.0190551 
-0.0816136 0.942787   -0.2328    0.0193369 
-0.154462  0.993944   -0.288004  0.0191818 
-0.157849  0.938724   -0.273871  0.0250567 
-0.157849  0.938724   -0.273871  0.0161223 
-0.187137  0.893006   -0.219419  0.0151449 
-0.202898  0.887606   -0.18449   0.0171799 
-0.173047  0.829259   -0.146579  0.0179392 
-0.19634   0.83707    -0.16715   0.018003  
-0.137816  0.863962   -0.196128  0.0160187 
-0.0496628 0.951631   -0.257712  0.0176847 
-0.0496628 0.951631   -0.257712  0.015507  
-0.0496628 0.951631   -0.257712  0.0164935 
-0.060512  1.03534    -0.266479  0.0253028 
-0.0239559 1.09823    -0.209287  0.0278669 
0.0319351  1.03948    -0.257734  0.0363347 
0.000799208 0.995386   -0.233228  0.0234857 
-0.0314043 1.06134    -0.216253  0.0241071 
-0.0911606 1.13577    -0.241621  0.0665702 
-0.0911606 1.13577    -0.241621  0.0408183 
-0.129015  1.08827    -0.182196  0.0160171 
-0.062614  1.01297    -0.244871  0.0272151 
-0.0585819 1.08583    -0.205968  0.018908  
0.0307251  1.08493    -0.280342  0.0186588 
-0.0549667 1.0143     -0.245844  0.0297837 
-0.0549667 1.0143     -0.245844  0.0319223 
-0.0549667 1.0143     -0.245844  0.0204795 
0.0346062  0.977971   -0.25433   0.0168832 
-0.00703797 0.879854   -0.171011  0.018229  
-0.105793  0.80533    -0.0736678 0.0215702 
-0.155117  0.718586   0.0291637  0.0229012 
-0.157965  0.665721   0.140531   0.0257534 
-0.148311  0.590724   0.36239    0.0265966 
-0.173795  0.583252   0.357082   0.0316191 
-0.233019  0.530068   0.306066   0.023691  
-0.138029  0.624512   0.293243   0.0297655 
-0.099334  0.580205   0.342199   0.037662  
-0.099334  0.580205   0.342199   0.0278885 
-0.0540196 0.60196    0.307146   0.0345564 
-0.0540196 0.60196    0.307146   0.036459  
-0.0540196 0.60196    0.307146   0.0329335 
-0.0540196 0.60196    0.307146   0.0257172 
-0.0916794 0.655538   0.155098   0.026543  
-0.0916794 0.655538   0.155098   0.0237373 
-0.0353911 0.664002   0.166407   0.0262153 
-0.0461646 0.622731   0.302422   0.031649  
0.00986226 0.568017   0.430045   0.0378988 
0.00986226 0.568017   0.430045   0.0254894 
-0.0573803 0.644257   0.188537   0.0232667 
0.0113233  0.678034   0.103901   0.0298288 
0.0113233  0.678034   0.103901   0.0284432 
0.0113233  0.678034   0.103901   0.021758  
0.0484579  0.713814   0.0515486  0.0188948 
-0.0336943 0.780998   -0.0567705 0.0172749 
-0.0329935 0.835543   -0.17022   0.0163714 
-0.0454007 0.877576   -0.213876  0.0172991 
0.0288148  0.836341   -0.166476  0.0160308 
0.0833486  0.895648   -0.230976  0.0177256 
0.0833486  0.895648   -0.230976  0.0177043 
0.103537   0.823403   -0.149451  0.0204925 
0.137382   0.758302   -0.0603149 0.0191569 
0.185325   0.777433   -0.0876972 0.0191842 
0.238125   0.767476   -0.133075  0.0199761 
0.230086   0.707774   -0.0154235 0.0219861 
0.318576   0.622137   0.0882023  0.0192949 
0.263019   0.680838   0.0526508  0.017758  
0.280447   0.768057   -0.102965  0.0165153 
0.320423   0.764548   -0.13227   0.0177046 
0.392382   0.715655   -0.172833  0.0182273 
0.392382   0.715655   -0.172833  0.0177336 
0.319198   0.802872   -0.187175  0.0151346 
0.408253   0.83758    -0.252226  0.0202832 
0.440118   0.898528   -0.23937   0.0166568 
0.387213   0.881351   -0.261608  0.0161053 
0.464107   0.810862   -0.240866  0.0235644 
0.531466   0.84219    -0.28294   0.0154085 
0.523582   0.829905   -0.293564  0.0207302 
0.525972   0.888998   -0.270931  0.0309045 
0.581744   0.874426   -0.270568  0.0345235 
0.620748   0.934581   -0.182339  0.0457567 
0.63742    1.01949    -0.0217755 0.0778588 
0.63742    1.01949    -0.0217755 0.0689164 
0.631757   1.06832    0.0637476  0.0546459 
0.628803   0.981312   -0.11002   0.0277819 
0.642429   0.88952    -0.217839  0.0351171 
0.649333   0.915682   -0.171634  0.0365638 
0.572863   0.986363   -0.184418  0.0344616 
0.572863   0.986363   -0.184418  0.036125  
0.545188   0.994349   -0.218295  0.0170417 
0.461013   0.954656   -0.303583  0.0269738 
0.376922   1.02211    -0.219908  0.0208208 
0.393983   0.954069   -0.240417  0.0176227 
0.323755   0.891125   -0.229378  0.0172433 
0.39492    0.817055   -0.235921  0.0175013 
0.39492    0.817055   -0.235921  0.0227817 
0.379703   0.904944   -0.230638  0.0167356 
0.371133   0.872059   -0.236716  0.0167838 
0.329808   0.885854   -0.242302  0.0160354 
0.418082   0.89601    -0.285859  0.0306474 
0.459053   0.991481   -0.240001  0.0340484 
0.459053   0.991481   -0.240001  0.032726  
0.413077   1.05255    -0.184141  0.042653  
0.336255   1.1019     -0.188776  0.0460508 
0.336255   1.1019     -0.188776  0.0485401 
0.251854   1.08922    -0.148827  0.0332665 
0.289549   1.08227    -0.184126  0.0272956 
0.307791   1.04533    -0.211267  0.0413001 
0.341911   1.11983    -0.162619  0.0338272 
0.295094   1.14769    -0.147171  0.0423643 
0.320786   1.16136    -0.0780116 0.038215  
0.259035   1.13682    -0.161463  0.0215058 
0.357976   1.04039    -0.266103  0.0363447 
0.357976   1.04039    -0.266103  0.0394382 
0.300507   1.07932    -0.177498  0.0422149 
0.300507   1.07932    -0.177498  0.0246953 
0.377516   1.05587    -0.247125  0.0261421 
0.378603   1.02864    -0.226243  0.0187363 
0.339115   0.982877   -0.285227  0.0271176 
0.386691   0.977518   -0.225499  0.0289006 
0.421897   1.06858    -0.194347  0.0352842 
0.324404   1.08902    -0.159536  0.0808695 
0.313823   1.18065    0.0226245  0.0416927 
0.325771   1.11616    -0.145836  0.0602045 
0.30469    1.13746    -0.0636249 0.0438546 
0.375233   1.04262    -0.133682  0.0276849 
0.456399   1.06396    -0.211023  0.0455627 
0.515668   1.03093    -0.104673  0.0399729 
0.575801   0.970849   -0.166683  0.0361111 
0.648315   1.01086    -0.170043  0.0311279 
0.613696   0.977977   -0.20115   0.0340642 
0.586767   1.0203     -0.142487  0.0341245 
0.499017   0.96959    -0.237534  0.0194293 
0.490874   0.875758   -0.259313  0.0184296 
0.590585   0.879465   -0.276992  0.019812  
0.681239   0.84118    -0.320291  0.0263463 
0.773025   0.768001   -0.343628  0.0249558 
0.839735   0.735813   -0.351269  0.0173365 
0.780962   0.709616   -0.384985  0.00722452
0.698803   0.639316   -0.39802   0.00842453
0.781813   0.649814   -0.42691   0.0161473 
0.781813   0.649814   -0.42691   0.00708212
0.836962   0.600334   -0.445478  0.0213114 
0.936186   0.678881   -0.320459  0.0241172 
0.965996   0.723118   -0.233275  0.047151  
0.965996   0.723118   -0.233275  0.0273886 
0.966505   0.751402   -0.232228  0.0301467 
0.966505   0.751402   -0.232228  0.0611139 
0.966505   0.751402   -0.232228  0.0208601 
0.929143   0.713127   -0.315729  0.0444063 
0.929143   0.713127   -0.315729  0.0278892 
0.913644   0.731197   -0.290693  0.0193552 
0.856601   0.717032   -0.351241  0.0151144 
0.917268   0.655714   -0.36201   0.0178651 
0.934397   0.672741   -0.331055  0.0173931 
0.882166   0.700037   -0.365813  0.0138451 
0.789586   0.708256   -0.402439  0.00863084
0.833879   0.646511   -0.438897  0.00665667
0.763625   0.621525   -0.444104  0.00679391
0.75323    0.614614   -0.427871  0.0189657 
0.84589    0.656895   -0.401133  0.0205878 
0.84589    0.656895   -0.401133  0.0114513 
0.84589    0.656895   -0.401133  0.0103693 
0.813331   0.562371   -0.428046  0.0172148 
0.778555   0.513891   -0.384769  0.0085538 
0.806788   0.58012    -0.432138  0.00918116
0.780321   0.567717   -0.411898  0.0148398 
0.786979   0.659965   -0.421589  0.006803  
0.766374   0.637046   -0.447247  0.0243435 
0.822201   0.679288   -0.38298   0.0171001 
0.904794   0.652511   -0.376508  0.0112185 
0.90401    0.614511   -0.405956  0.0135233 
0.936087   0.639207   -0.360121  0.0159228 
0.891759   0.668291   -0.390644  0.0109705 
0.945079   0.583698   -0.349455  0.0129411 
0.973197   0.598616   -0.335667  0.0134919 
0.960373   0.598058   -0.341219  0.011971  
0.960373   0.598058   -0.341219  0.0118426 
0.997426   0.553099   -0.284663  0.0128236 
0.915232   0.639646   -0.382789  0.00880637
0.833917   0.573011   -0.42483   0.012748  
0.805479   0.540679   -0.396307  0.0211907 
0.805479   0.540679   -0.396307  0.0137851 
0.791925   0.531882   -0.389448  0.00854352
0.869687   0.592759   -0.427581  0.017802  
0.869687   0.592759   -0.427581  0.0112434 
0.869687   0.592759   -0.427581  0.0106513 
0.798711   0.555176   -0.41715   0.0161194 
0.823525   0.520082   -0.353427  0.0153051 
0.895808   0.521148   -0.287491  0.0267499 
0.813465   0.472501   -0.217758  0.0110547 
0.800938   0.555847   -0.407209  0.0064897 
0.750708   0.630374   -0.43475   0.0130813 
0.750708   0.630374   -0.43475   0.0126791 
0.750708   0.630374   -0.43475   0.00898366
0.794909   0.570094   -0.419182  0.00987633
0.837816   0.575416   -0.436552  0.0127669 
0.908138   0.541171   -0.337923  0.0235539 
0.908138   0.541171   -0.337923  0.0211357 
0.908138   0.541171   -0.337923  0.00821469
0.837264   0.632126   -0.434402  0.0107081 
0.837264   0.632126   -0.434402  0.0113747 
0.794085   0.724272   -0.423029  0.0137425 
0.783139   0.670243   -0.42155   0.00636849
0.721503   0.654123   -0.422533  0.0069271 
0.756979   0.593913   -0.439178  0.0178812 
0.756979   0.593913   -0.439178  0.00804815
0.854413   0.583968   -0.430279  0.0126899 
0.850283   0.545418   -0.396479  0.0145956 
0.853581   0.527661   -0.346998  0.0100221 
0.844262   0.565132   -0.415968  0.016443  
0.844262   0.565132   -0.415968  0.0167264 
0.844262   0.565132   -0.415968  0.0186521 
0.844262   0.565132   -0.415968  0.0180348 
0.915345   0.504533   -0.266308  0.0122184 
1.00431    0.559901   -0.274297  0.0125276 
1.00431    0.559901   -0.274297  0.0129845 
1.06644    0.515684   -0.0573862 0.0160276 
1.06191    0.508762   -0.0853126 0.0169667 
0.968512   0.496073   -0.125091  0.0153791 
1.05231    0.513105   -0.116932  0.0139326 
1.00717    0.605275   -0.274204  0.0149861 
1.03887    0.529385   -0.150824  0.0155835 
1.04683    0.528072   -0.129781  0.0134033 
1.04683    0.528072   -0.129781  0.0171153 
1.04683    0.528072   -0.129781  0.0176439 
1.04683    0.528072   -0.129781  0.0180698 
1.04683    0.528072   -0.129781  0.0152039 
1.04683    0.528072   -0.129781  0.0206365 
1.04683    0.528072   -0.129781  0.0277196 
1.04683    0.528072   -0.129781  0.0124201 
0.976003   0.540401   -0.272042  0.0234529 
0.976003   0.540401   -0.272042  0.0153942 
1.00325    0.626939   -0.280112  0.0109197 
0.928985   0.60122    -0.384485  0.0170887 
0.928985   0.60122    -0.384485  0.0156576 
0.85784    0.657058   -0.402915  0.0205913 
0.85784    0.657058   -0.402915  0.0102755 
0.909761   0.567521   -0.388513  0.0136669 
0.850989   0.532626   -0.355496  0.00731344
0.779385   0.582739   -0.446212  0.0123772 
0.71453    0.536311   -0.351591  0.0258652 
0.71453    0.536311   -0.351591  0.0280669 
0.71453    0.536311   -0.351591  0.0144063 
0.783768   0.525516   -0.40356   0.0184037 
0.684196   0.497081   -0.264592  0.00731556
0.688566   0.594373   -0.375428  0.00986832
0.781563   0.562058   -0.422314  0.0113694 
0.807858   0.551402   -0.401136  0.0128894 
0.806865   0.536987   -0.388769  0.0118269 
0.867588   0.547322   -0.380757  0.0198635 
0.826386   0.494735   -0.287925  0.0128717 
0.895941   0.533892   -0.316469  0.0111584 
0.989899   0.55072    -0.267068  0.0261416 
0.989899   0.55072    -0.267068  0.0165961 
0.930253   0.507458   -0.233175  0.032005  
0.930253   0.507458   -0.233175  0.00903793
0.902578   0.602079   -0.401963  0.0158433 
0.916171   0.516511   -0.278847  0.0116913 
0.944718   0.550622   -0.330304  0.0227922 
0.849256   0.482992   -0.216888  0.0395599 
0.849256   0.482992   -0.216888  0.0272004 
0.84323    0.45643    -0.0161766 0.0142837 
0.920459   0.529891   -0.299641  0.0124944 
0.987744   0.573236   -0.294548  0.013674  
0.971706   0.535924   -0.294323  0.0137664 
0.971706   0.535924   -0.294323  0.0147026 
1.00339    0.564735   -0.231069  0.0187256 
0.926991   0.495251   -0.19907   0.0218009 
0.926991   0.495251   -0.19907   0.0224341 
0.860859   0.479501   -0.15175   0.0114224 
0.883512   0.548966   -0.366471  0.0131107 
0.834036   0.640994   -0.42605   0.0148958 
0.834036   0.640994   -0.42605   0.0115631 
0.90142    0.598819   -0.388651  0.0105604 
0.94957    0.598027   -0.358658  0.0140152 
1.01103    0.508961   -0.13245   0.01591   
1.0092     0.510292   -0.193233  0.0119653 
0.967072   0.550783   -0.298115  0.0237596 
0.967072   0.550783   -0.298115  0.0210445 
0.891706   0.489266   -0.235912  0.0281367 
0.891706   0.489266   -0.235912  0.0294316 
0.853727   0.452652   -0.0532005 0.047451  
0.853727   0.452652   -0.0532005 0.0172069 
0.947696   0.50432    -0.21464   0.024907  
0.939928   0.468832   -0.109927  0.0111615 
0.885975   0.555591   -0.371103  0.00694007
0.831177   0.596069   -0.45094   0.00809007
0.801631   0.583406   -0.423183  0.0096943 
0.706385   0.669987   -0.411311  0.00893609
0.76929    0.572568   -0.426477  0.0212958 
0.76929    0.572568   -0.426477  0.0148545 
0.702578   0.519213   -0.333856  0.00817227
0.668746   0.603455   -0.390177  0.00946991
0.691516   0.564106   -0.382055  0.00962142
0.640536   0.643804   -0.371381  0.0106142 
0.681539   0.680161   -0.400216  0.015214  
0.753711   0.776255   -0.362162  0.0441187 
0.845433   0.858245   -0.143082  0.0487593 
0.895823   0.833216   -0.0127489 0.0728311 
0.895823   0.833216   -0.0127489 0.0690885 
0.859962   0.901816   0.0826323  0.0377455 
0.950467   0.810605   -0.138964  0.0366778 
0.950467   0.810605   -0.138964  0.0406098 
0.950467   0.810605   -0.138964  0.0625811 
0.950467   0.810605   -0.138964  0.039432  
0.988102   0.720687   -0.168261  0.0596853 
0.988102   0.720687   -0.168261  0.0263739 
0.889121   0.73967    -0.265035  0.0178859 
0.886939   0.696275   -0.374997  0.0158211 
0.845649   0.704019   -0.415614  0.0163727 
0.847521   0.741703   -0.357406  0.0301483 
0.847521   0.741703   -0.357406  0.0196378 
0.92182    0.704655   -0.337596  0.0261345 
0.92182    0.704655   -0.337596  0.0224449 
1.00082    0.657825   -0.230074  0.0141287 
1.00082    0.657825   -0.230074  0.043655  
1.00082    0.657825   -0.230074  0.0506278 
1.00082    0.657825   -0.230074  0.039293  
1.00082    0.657825   -0.230074  0.00952536
0.910365   0.57429    -0.392205  0.0148018 
0.989866   0.52358    -0.242399  0.0254224 
1.062      0.59747    -0.138558  0.0143996 
1.05103    0.580639   -0.182336  0.0192878 
0.991614   0.483907   -0.103741  0.0134098 
0.983172   0.526587   -0.21485   0.0140767 
1.01311    0.507773   -0.111903  0.0176143 
0.998131   0.493744   -0.135907  0.0138346 
0.992212   0.53295    -0.245892  0.0131959 
0.921835   0.538467   -0.322445  0.0156208 
1.00388    0.506462   -0.179682  0.0290709 
0.983913   0.436909   0.0452669  0.0317609 
0.939499   0.433387   0.0521424  0.05466   
0.939499   0.433387   0.0521424  0.0142649 
1.00912    0.521741   -0.195142  0.0214834 
1.03431    0.617483   -0.197557  0.0221786 
0.971186   0.654156   -0.310451  0.0212902 
0.873601   0.685487   -0.346568  0.0246017 
0.77454    0.764899   -0.317367  0.0147917 
0.74404    0.761953   -0.384177  0.0147004 
0.726335   0.760605   -0.372908  0.012083  
0.627084   0.671909   -0.343171  0.0104264 
0.602202   0.628783   -0.320554  0.0136642 
0.602202   0.628783   -0.320554  0.0139902 
0.602202   0.628783   -0.320554  0.0108446 
0.600096   0.654848   -0.317089  0.0091017 
0.694885   0.69281    -0.384298  0.012613  
0.77221    0.667484   -0.411524  0.00757195
0.822752   0.618526   -0.441383  0.0152124 
0.822752   0.618526   -0.441383  0.0103676 
0.822752   0.618526   -0.441383  0.00832619
0.839415   0.609679   -0.441194  0.020052  
0.839415   0.609679   -0.441194  0.00983158
0.783065   0.561812   -0.431569  0.0153748 
0.747243   0.515076   -0.325378  0.0135713 
0.784041   0.531357   -0.350831  0.00789194
0.704963   0.597623   -0.406792  0.00702536
0.761627   0.614138   -0.440555  0.00852337
0.764451   0.571977   -0.426397  0.0223547 
0.787654   0.484879   -0.221475  0.0152659 
0.750996   0.519373   -0.342979  0.0120263 
0.79593    0.544928   -0.401164  0.0226286 
0.79593    0.544928   -0.401164  0.0213565 
0.79593    0.544928   -0.401164  0.0126981 
0.79593    0.544928   -0.401164  0.0106104 
0.842349   0.559363   -0.426232  0.00772501
0.856742   0.610711   -0.430268  0.00692174
0.82957    0.632288   -0.445846  0.0122868 
0.879513   0.542968   -0.371861  0.0126456 
0.817238   0.610971   -0.431334  0.0096383 
0.828041   0.671068   -0.433407  0.0176969 
0.899086   0.684748   -0.355369  0.0435477 
0.899086   0.684748   -0.355369  0.0127227 
0.81442    0.719107   -0.406497  0.00653673
0.802755   0.646554   -0.455576  0.00942232
0.808264   0.566728   -0.418367  0.00745492
0.799528   0.589445   -0.44032   0.0169379 
0.855967   0.648589   -0.400953  0.0136276 
0.906734   0.673175   -0.417256  0.0259129 
0.830458   0.770881   -0.32936   0.0185728 
0.809141   0.772963   -0.339338  0.0282502 
0.812516   0.835878   -0.288812  0.0418556 
0.812516   0.835878   -0.288812  0.0632843 
0.812516   0.835878   -0.288812  0.045933  
0.812516   0.835878   -0.288812  0.0212785 
0.856501   0.755699   -0.343024  0.0257234 
0.856501   0.755699   -0.343024  0.0200274 
0.856501   0.755699   -0.343024  0.027145  
0.856501   0.755699   -0.343024  0.028408  
0.880062   0.812478   -0.197229  0.062251  
0.880062   0.812478   -0.197229  0.0240074 
0.911889   0.723835   -0.317136  0.0373001 
0.911889   0.723835   -0.317136  0.0272919 
0.911889   0.723835   -0.317136  0.0304193 
0.911889   0.723835   -0.317136  0.0200436 
0.911889   0.723835   -0.317136  0.0202367 
0.854939   0.770652   -0.323873  0.0467109 
0.854939   0.770652   -0.323873  0.0238457 
0.893658   0.737912   -0.348346  0.0196636 
0.963364   0.642946   -0.304859  0.0106038 
0.875153   0.567709   -0.391524  0.019165  
0.875153   0.567709   -0.391524  0.0103184 
0.937716   0.565157   -0.358554  0.0161737 
0.984365   0.512423   -0.219862  0.0215747 
0.991751   0.473726   -0.0667352 0.0186244 
0.991751   0.473726   -0.0667352 0.0138619 
1.0359     0.541212   -0.173028  0.0220435 
1.0359     0.541212   -0.173028  0.0239186 
1.02791    0.458611   0.0179466  0.0113456 
0.956314   0.5574     -0.313209  0.0109056 
0.938338   0.555628   -0.334774  0.0169281 
0.946997   0.652184   -0.35141   0.0382985 
0.946997   0.652184   -0.35141   0.0133594 
0.881005   0.609766   -0.412748  0.00875117
0.813102   0.582914   -0.417295  0.00729098
0.76487    0.592308   -0.44066   0.0113381 
0.838437   0.664      -0.427351  0.00923969
0.838437   0.664      -0.427351  0.00905772
0.818996   0.604053   -0.441707  0.0128195 
0.843287   0.661055   -0.402051  0.0250717 
0.873229   0.74195    -0.32235   0.0131826 
0.89569    0.655263   -0.404426  0.0261044 
0.901212   0.732654   -0.305864  0.0135929 
0.882473   0.651813   -0.399238  0.00925401
0.862759   0.589269   -0.416692  0.0175969 
0.862759   0.589269   -0.416692  0.00913438
0.894582   0.609955   -0.423254  0.0114288 
0.875183   0.547215   -0.354931  0.0077539 
0.827568   0.584756   -0.42323   0.00771082
0.855867   0.603669   -0.426084  0.00889888
0.888195   0.581353   -0.401409  0.0141714 
0.942962   0.66344    -0.382471  0.00898468
0.932941   0.619827   -0.391387  0.01664   
0.932941   0.619827   -0.391387  0.00902604
0.883537   0.610719   -0.409597  0.016017  
0.89191    0.522692   -0.306074  0.0316911 
0.884956   0.438523   -0.0344951 0.0170799 
0.914206   0.512697   -0.254127  0.0253619 
0.914206   0.512697   -0.254127  0.0151291 
0.967167   0.567432   -0.296044  0.0123409 
0.967167   0.567432   -0.296044  0.0140288 
1.05146    0.518738   -0.125242  0.0239247 
1.05146    0.518738   -0.125242  0.0144119 
1.03993    0.507115   -0.102714  0.012224  
1.05345    0.540132   -0.121645  0.0194074 
1.05345    0.540132   -0.121645  0.0149415 
1.05345    0.540132   -0.121645  0.0129347 
1.09187    0.517229   -0.0308494 0.0230837 
1.09187    0.517229   -0.0308494 0.0176481 
1.01857    0.493937   -0.134698  0.0124095 
1.00582    0.560176   -0.264142  0.0167472 
1.02729    0.579842   -0.219078  0.0200415 
1.05768    0.609875   -0.120265  0.0226113 
0.966684   0.665523   -0.284263  0.0218756 
1.066      0.603432   -0.162726  0.0148684 
1.066      0.603432   -0.162726  0.0165155 
1.066      0.603432   -0.162726  0.0153733 
1.066      0.603432   -0.162726  0.014159  
1.0372     0.56219    -0.196703  0.0179762 
1.01467    0.623804   -0.264171  0.012653  
1.06655    0.541332   -0.140804  0.0199766 
1.09912    0.57456    -0.0354643 0.0161566 
1.09912    0.57456    -0.0354643 0.0162568 
1.17074    0.492963   0.161116   0.032361  
1.10058    0.415521   0.217215   0.0475572 
1.10058    0.415521   0.217215   0.02022   
1.13081    0.451649   0.184963   0.0172126 
1.19286    0.471717   0.266732   0.0344215 
1.19286    0.471717   0.266732   0.0245743 
1.19286    0.471717   0.266732   0.0177425 
1.14935    0.47083    0.141888   0.0166013 
1.10336    0.477193   0.0750764  0.0181591 
1.17677    0.541288   0.160519   0.0503905 
1.17677    0.541288   0.160519   0.032906  
1.17677    0.541288   0.160519   0.0266824 
1.09276    0.616941   -0.0728716 0.0263178 
1.11176    0.606542   -0.00404625 0.0231231 
1.01228    0.664113   -0.223105  0.0409146 
1.01228    0.664113   -0.223105  0.0120017 
0.96764    0.60672    -0.346217  0.0116164 
0.918062   0.555746   -0.394963  0.00761248
0.856474   0.603857   -0.41414   0.00848792
0.771753   0.67619    -0.428476  0.00790183
0.771753   0.67619    -0.428476  0.00761751
0.805271   0.581088   -0.444065  0.00847792
0.853367   0.629674   -0.442642  0.00957396
0.91201    0.579149   -0.393009  0.0112046 
0.911111   0.613751   -0.408139  0.00808614
0.816912   0.586606   -0.448829  0.0163566 
0.816912   0.586606   -0.448829  0.0105382 
0.816912   0.586606   -0.448829  0.00970827
0.823969   0.563384   -0.413328  0.0155317 
0.728533   0.518799   -0.330349  0.00801627
0.777572   0.580234   -0.438337  0.00812608
0.781151   0.573742   -0.431848  0.006978  
0.740654   0.590989   -0.418858  0.00773143
0.811037   0.635904   -0.449409  0.00657416
0.777576   0.637943   -0.447459  0.0117655 
0.761887   0.54428    -0.385552  0.0133128 
0.779098   0.537809   -0.371017  0.00744037
0.730678   0.629744   -0.422527  0.00709892
0.754391   0.651284   -0.432026  0.00917591
0.761289   0.617695   -0.430732  0.00716978
0.810017   0.634491   -0.449552  0.00666123
0.75245    0.614697   -0.444554  0.00888393
0.734324   0.684157   -0.416464  0.0126478 
0.729912   0.678908   -0.402688  0.01385   
0.729912   0.678908   -0.402688  0.0130229 
0.798495   0.711924   -0.401254  0.014808  
0.823041   0.703571   -0.394009  0.0257226 
0.769841   0.755558   -0.337374  0.0311403 
0.851133   0.788748   -0.254763  0.0172355 
0.80506    0.719978   -0.384106  0.00715086
0.753257   0.657782   -0.436504  0.0110671 
0.698767   0.712888   -0.38324   0.00873514
0.702163   0.693488   -0.409081  0.00816228
0.677082   0.605481   -0.39103   0.00843237
0.701426   0.687938   -0.41812   0.00938319
0.777118   0.67393    -0.428423  0.00565948
0.789368   0.627799   -0.444536  0.0101852 
0.874201   0.562022   -0.398642  0.011556  
0.809766   0.549926   -0.419662  0.0234689 
0.809766   0.549926   -0.419662  0.00678129
0.741475   0.635072   -0.436735  0.00715352
0.811807   0.602561   -0.430664  0.0135467 
0.882117   0.616776   -0.385491  0.0136757 
0.78308    0.535428   -0.358218  0.0177322 
0.716427   0.504991   -0.296161  0.0113105 
0.743782   0.54639    -0.367498  0.0158664 
0.792566   0.520526   -0.331146  0.0212763 
0.887082   0.492986   -0.250526  0.00835384
0.89817    0.585829   -0.394666  0.0109073 
0.896581   0.65699    -0.409296  0.025626  
0.896581   0.65699    -0.409296  0.0119312 
0.896581   0.65699    -0.409296  0.027259  
0.95835    0.664457   -0.285957  0.013843  
0.886595   0.63511    -0.395126  0.0249998 
0.979508   0.686345   -0.269221  0.0199291 
0.963647   0.662895   -0.303536  0.013725  
0.903878   0.66119    -0.38094   0.0155124 
0.846346   0.688602   -0.380744  0.00923075
0.755834   0.634827   -0.419988  0.0135633 
0.755834   0.634827   -0.419988  0.00867206
0.724851   0.664486   -0.409982  0.00814311
0.675816   0.590848   -0.37927   0.00981633
0.624155   0.661241   -0.353163  0.014049  
0.53168    0.645118   -0.237264  0.0129881 
0.563167   0.609583   -0.307041  0.00909888
0.648408   0.592877   -0.363225  0.0111908 
0.727416   0.650948   -0.407277  0.00966708
0.627729   0.656285   -0.343969  0.0101191 
0.600545   0.620792   -0.305489  0.0111379 
0.601205   0.650536   -0.332435  0.0108951 
0.658173   0.665947   -0.383987  0.0126303 
0.679819   0.741069   -0.381388  0.0112925 
0.746932   0.678133   -0.404838  0.00686758
0.705722   0.631027   -0.42513   0.00565028
0.741327   0.628225   -0.438957  0.0093772 
0.741327   0.628225   -0.438957  0.0133867 
0.794185   0.674473   -0.414222  0.011365  
0.73775    0.718944   -0.403007  0.020343  
0.749814   0.785447   -0.344266  0.0255302 
0.749814   0.785447   -0.344266  0.0207574 
0.796455   0.748435   -0.347909  0.0162099 
0.789839   0.737384   -0.370634  0.00854477
0.763792   0.65383    -0.442664  0.0115117 
0.763792   0.65383    -0.442664  0.0093745 
0.815374   0.686692   -0.422127  0.0100022 
0.744035   0.679709   -0.420282  0.0125964 
0.744035   0.679709   -0.420282  0.0102674 
0.652348   0.701233   -0.373293  0.0102736 
0.650016   0.689363   -0.367664  0.00713018
0.694058   0.614866   -0.413894  0.0119102 
0.749871   0.545688   -0.388025  0.00909533
0.662569   0.581644   -0.383475  0.0129405 
0.746636   0.536381   -0.385852  0.00941166
0.729663   0.567852   -0.413984  0.00837722
0.670219   0.660777   -0.379995  0.0091902 
0.753138   0.665154   -0.424565  0.00840353
0.753138   0.665154   -0.424565  0.0179403 
0.784011   0.73405    -0.371985  0.0339123 
0.857564   0.760398   -0.281905  0.00823514
0.762404   0.663832   -0.428038  0.00964753
0.768919   0.580441   -0.434576  0.00976355
0.768919   0.580441   -0.434576  0.0156088 
0.781593   0.520069   -0.330293  0.00978328
0.688171   0.561442   -0.385815  0.00900335
0.65032    0.59489    -0.352091  0.0144073 
0.724569   0.525313   -0.357379  0.00887435
0.656761   0.583331   -0.347113  0.0198111 
0.656761   0.583331   -0.347113  0.00603523
0.737453   0.615945   -0.43321   0.0120644 
0.743783   0.661854   -0.417767  0.013141  
0.71385    0.698376   -0.376626  0.0148708 
0.678341   0.758464   -0.361991  0.0154559 
0.723024   0.755075   -0.372166  0.0198825 
0.723024   0.755075   -0.372166  0.0146598 
0.723522   0.775454   -0.36511   0.0111218 
0.699543   0.727752   -0.377325  0.0130214 
0.721625   0.747027   -0.362584  0.0198841 
0.64281    0.834382   -0.292446  0.0211102 
0.551814   0.927122   -0.270256  0.0276903 
0.568665   0.968589   -0.201263  0.0584756 
0.502601   1.0062     -0.123521  0.031775  
0.518569   0.987317   -0.218608  0.0258727 
0.585033   0.959568   -0.236664  0.0222205 
0.530757   0.952846   -0.252906  0.0215887 
0.563161   0.856458   -0.26076   0.0286546 
0.495702   0.941728   -0.270869  0.0259017 
0.488799   0.990045   -0.239296  0.0272293 
0.402096   0.971727   -0.243813  0.0160202 
0.356575   0.939502   -0.278567  0.0194829 
0.353437   0.92071    -0.249246  0.0183713 
0.333177   0.903357   -0.255295  0.0155233 
0.361788   0.835733   -0.230478  0.017279  
0.354311   0.759263   -0.179726  0.0180088 
0.354311   0.759263   -0.179726  0.018857  
0.354311   0.759263   -0.179726  0.0183872 
0.427802   0.80093    -0.231786  0.0139568 
0.470596   0.79653    -0.250216  0.0154747 
0.423523   0.773383   -0.230206  0.0139474 
0.496902   0.811442   -0.277849  0.0157554 
0.496902   0.811442   -0.277849  0.0144556 
0.426586   0.816476   -0.247273  0.0166633 
0.45872    0.884625   -0.266856  0.019364  
0.52836    0.863669   -0.295079  0.0154177 
0.517128   0.805292   -0.256457  0.0164399 
0.527178   0.819669   -0.274949  0.019284  
0.587979   0.84739    -0.304556  0.0172447 
0.517456   0.859126   -0.304245  0.0162371 
0.592194   0.801294   -0.311115  0.0127514 
0.565594   0.797046   -0.302629  0.0144381 
0.598807   0.732478   -0.329745  0.0291159 
0.643522   0.823319   -0.308552  0.019568  
0.578913   0.818989   -0.279353  0.027875  
0.664899   0.883449   -0.270175  0.0363678 
0.664899   0.883449   -0.270175  0.0269642 
0.653026   0.827152   -0.316798  0.0271459 
0.727342   0.826267   -0.283432  0.023058  
0.804528   0.742941   -0.34353   0.017993  
0.870658   0.720716   -0.361596  0.0156196 
0.970053   0.649178   -0.318708  0.0310132 
0.970053   0.649178   -0.318708  0.0236967 
0.98354    0.630243   -0.251694  0.0117295 
0.895524   0.620962   -0.404541  0.0320291 
0.895524   0.620962   -0.404541  0.0285357 
0.897696   0.703578   -0.31225   0.0264932 
0.897696   0.703578   -0.31225   0.0189036 
0.798825   0.693805   -0.386938  0.00750298
0.718023   0.657242   -0.422304  0.00905583
0.718023   0.657242   -0.422304  0.0110927 
0.638121   0.559445   -0.345943  0.00919209
0.630446   0.626296   -0.360457  0.0120642 
0.630446   0.626296   -0.360457  0.011288  
0.587652   0.68307    -0.322318  0.0124972 
0.686793   0.732846   -0.370345  0.0142051 
0.686793   0.732846   -0.370345  0.011734  
0.612027   0.72718    -0.34332   0.00823896
0.685573   0.680301   -0.389902  0.0145656 
0.597413   0.742825   -0.325243  0.0251014 
0.633159   0.828716   -0.302717  0.0146046 
0.562993   0.729294   -0.280952  0.0126461 
0.55179    0.666694   -0.280977  0.0128463 
0.55179    0.666694   -0.280977  0.0111791 
0.581213   0.663223   -0.298743  0.0122934 
0.576082   0.696014   -0.304837  0.0122336 
0.602496   0.754469   -0.328722  0.0114006 
0.618845   0.691967   -0.328637  0.0136324 
0.598716   0.76412    -0.334769  0.0139063 
0.527786   0.76265    -0.283883  0.0166005 
0.537965   0.830058   -0.275625  0.0192175 
0.482544   0.924512   -0.291963  0.0250854 
0.42759    0.911001   -0.266344  0.0218281 
0.465876   0.918039   -0.243954  0.0244078 
0.552145   0.91283    -0.268443  0.0160021 
0.49863    0.841394   -0.289653  0.0145344 
0.514657   0.814719   -0.294461  0.0174637 
0.506803   0.826417   -0.255747  0.0199229 
0.557978   0.855639   -0.282123  0.0213349 
0.474165   0.931579   -0.239139  0.0267465 
0.528603   0.977195   -0.253187  0.025001  
0.517281   0.899688   -0.254351  0.0218477 
0.571711   0.931216   -0.269644  0.02353   
0.571711   0.931216   -0.269644  0.035183  
0.571711   0.931216   -0.269644  0.0283082 
0.648566   0.864609   -0.27648   0.0214624 
0.665748   0.811207   -0.301119  0.0134541 
0.56594    0.735239   -0.297857  0.0131453 
0.528814   0.667374   -0.269674  0.0157569 
0.483706   0.6031     -0.144032  0.0188287 
0.411468   0.628739   -0.086637  0.0160621 
0.489181   0.55633    -0.105146  0.023748  
0.537558   0.457976   -0.0551222 0.0223908 
0.534835   0.449453   -0.0441037 0.0176897 
0.447912   0.484372   0.0746977  0.0227405 
0.425898   0.464205   0.126103   0.0187115 
0.442252   0.484015   0.0451753  0.0233664 
0.442252   0.484015   0.0451753  0.0267265 
0.442252   0.484015   0.0451753  0.0198591 
0.434453   0.473406   0.0886329  0.015537  
0.52358    0.52916    -0.148216  0.0182886 
0.477112   0.537867   -0.150415  0.0131708 
0.547137   0.566003   -0.206616  0.0165567 
0.547137   0.566003   -0.206616  0.0180234 
0.547137   0.566003   -0.206616  0.0149209 
0.582928   0.517993   -0.235151  0.0162256 
0.582928   0.517993   -0.235151  0.0111685 
0.600282   0.559913   -0.273426  0.0205512 
0.600282   0.559913   -0.273426  0.0203232 
0.576452   0.471808   -0.174667  0.015107  
0.656413   0.513997   -0.307032  0.0102247 
0.7387     0.557704   -0.389068  0.00674609
0.809918   0.605541   -0.439158  0.0072534 
0.824982   0.625359   -0.438911  0.00661564
0.81682    0.609169   -0.445416  0.0107226 
0.747327   0.551906   -0.382194  0.00969571
0.818645   0.567947   -0.42755   0.006848  
0.788388   0.599492   -0.448803  0.0145677 
0.885196   0.528366   -0.352266  0.0127145 
0.955404   0.587488   -0.326747  0.0287465 
1.00455    0.673577   -0.20359   0.030704  
1.00455    0.673577   -0.20359   0.0157463 
0.989811   0.603538   -0.302746  0.00964977
0.892058   0.571882   -0.397703  0.0230386 
0.892058   0.571882   -0.397703  0.0114776 
0.954401   0.616117   -0.348286  0.00858832
0.859718   0.646878   -0.428216  0.00936663
0.875882   0.575301   -0.398126  0.0174639 
0.840049   0.508548   -0.287967  0.0133692 
0.854524   0.53725    -0.3694    0.0114875 
0.757095   0.548169   -0.392924  0.011982  
0.785589   0.544807   -0.403994  0.00894646
0.866394   0.574112   -0.417884  0.00962297
0.866394   0.574112   -0.417884  0.0189846 
0.954063   0.641029   -0.308275  0.021767  
0.979392   0.672865   -0.258178  0.0333868 
0.979392   0.672865   -0.258178  0.0130455 
1.00784    0.590569   -0.270248  0.0200793 
1.06649    0.61369    -0.160756  0.0140232 
1.00784    0.611107   -0.28832   0.0124216 
0.911852   0.544448   -0.344595  0.0208413 
0.911852   0.544448   -0.344595  0.00866904
0.846673   0.605266   -0.443532  0.0211561 
0.890121   0.681124   -0.382612  0.0111258 
0.927414   0.582353   -0.365566  0.0129547 
0.88977    0.537214   -0.327368  0.00899395
0.836412   0.574109   -0.441003  0.0196388 
0.916092   0.668688   -0.343004  0.024687  
0.916092   0.668688   -0.343004  0.024426  
0.87644    0.719635   -0.317119  0.018803  
0.930267   0.685612   -0.346046  0.0107709 
0.906547   0.591506   -0.393218  0.0191572 
0.807282   0.505411   -0.324495  0.015036  
0.760781   0.524544   -0.357923  0.00987053
0.66968    0.594856   -0.382105  0.0063874 
0.739049   0.659736   -0.427329  0.0142852 
0.694643   0.750856   -0.386666  0.016121  
0.619677   0.840165   -0.325605  0.0142157 
0.533905   0.791642   -0.278453  0.0214097 
0.513811   0.847894   -0.251124  0.0164683 
0.559414   0.757008   -0.307371  0.0148063 
0.559414   0.757008   -0.307371  0.0154787 
0.461472   0.836173   -0.274503  0.0272841 
0.556606   0.862895   -0.275894  0.0323185 
0.518669   0.958233   -0.209326  0.0249326 
0.510853   0.997952   -0.240222  0.0385571 
0.510853   0.997952   -0.240222  0.0187262 
0.416228   0.916111   -0.258459  0.014302  
0.502308   0.817236   -0.255935  0.0156446 
0.430554   0.834113   -0.268947  0.0167334 
0.369276   0.899004   -0.262683  0.0226874 
0.369276   0.899004   -0.262683  0.0167296 
0.387916   0.836399   -0.224826  0.015835  
0.387916   0.836399   -0.224826  0.0187342 
0.334876   0.768552   -0.199983  0.0192121 
0.241408   0.744913   -0.102935  0.0180226 
0.19589    0.810802   -0.161035  0.016549  
0.149534   0.850028   -0.194436  0.0161429 
0.248023   0.815176   -0.12459   0.019943  
0.170057   0.886181   -0.181875  0.0172633 
0.211348   0.834145   -0.177296  0.0155434 
0.153064   0.876129   -0.195267  0.0186816 
0.0899638  0.837842   -0.15924   0.0172752 
0.0977206  0.860155   -0.175527  0.0169094 
0.099094   0.85142    -0.130306  0.01586   
0.121482   0.928969   -0.260799  0.0178633 
0.220768   0.946102   -0.240459  0.0306643 
0.309607   1.03103    -0.265912  0.0333585 
0.243562   1.12704    -0.186236  0.0664182 
0.243562   1.12704    -0.186236  0.0516048 
0.230859   1.17665    -0.0380037 0.0485559 
0.209628   1.17352    -0.0401684 0.0889576 
0.209628   1.17352    -0.0401684 0.0564388 
0.209628   1.17352    -0.0401684 0.0895098 
0.209628   1.17352    -0.0401684 0.0377087 
0.297878   1.12597    -0.141532  0.0641213 
0.297878   1.12597    -0.141532  0.059606  
0.334064   1.13539    -0.0126013 0.0401466 
0.431601   1.07083    -0.143248  0.0329747 
0.4081     1.01864    -0.216086  0.0251683 
0.487239   0.972476   -0.236171  0.0293618 
0.487239   0.972476   -0.236171  0.0445106 
0.409262   1.05877    -0.174197  0.0222928 
0.416723   1.03528    -0.254241  0.019292  
0.330162   0.958698   -0.253565  0.0317219 
0.330162   0.958698   -0.253565  0.0244821 
0.285302   0.972188   -0.301784  0.0154058 
0.374753   0.879672   -0.290034  0.0157111 
0.305089   0.842672   -0.202632  0.016044  
0.299303   0.854578   -0.230529  0.0173278 
0.284703   0.793626   -0.163963  0.0174861 
0.34043    0.737804   -0.144156  0.0175935 
0.404621   0.829998   -0.217408  0.016469  
0.404621   0.829998   -0.217408  0.0147281 
0.351535   0.891079   -0.277864  0.0161369 
0.351535   0.891079   -0.277864  0.0187437 
0.334351   0.901511   -0.252584  0.0205175 
0.382506   0.84948    -0.278084  0.0185978 
0.390794   0.828396   -0.24656   0.0171866 
0.337592   0.895724   -0.262461  0.0306393 
0.337592   0.895724   -0.262461  0.0166486 
0.337592   0.895724   -0.262461  0.0215414 
0.337592   0.895724   -0.262461  0.018155  
0.380901   0.903899   -0.255307  0.0171788 
0.448121   0.891507   -0.250043  0.0183012 
0.535534   0.869196   -0.280885  0.015483  
0.508268   0.837368   -0.276443  0.016056  
0.473765   0.870863   -0.276696  0.0248294 
0.516255   0.855825   -0.289112  0.017759  
0.464321   0.797772   -0.245785  0.0148778 
0.431735   0.765782   -0.204559  0.0140633 
0.516204   0.688271   -0.277149  0.0139388 
0.527812   0.637092   -0.261216  0.0143716 
0.502447   0.583984   -0.141861  0.015237  
0.490301   0.655164   -0.196372  0.0145927 
0.487681   0.711244   -0.241569  0.0119752 
0.556569   0.620182   -0.261552  0.0121806 
0.566949   0.61251    -0.279646  0.0128089 
0.574957   0.551447   -0.25341   0.0127787 
0.575778   0.596406   -0.285736  0.00807709
0.660841   0.653145   -0.376483  0.0101637 
0.607056   0.637326   -0.327232  0.0143284 
0.546555   0.544907   -0.198978  0.0129144 
0.603685   0.521482   -0.232311  0.0131097 
0.584538   0.536725   -0.269565  0.00928242
0.656379   0.575111   -0.366769  0.012411  
0.684373   0.539219   -0.351636  0.0181766 
0.684373   0.539219   -0.351636  0.00817317
0.764204   0.576747   -0.43027   0.00980455
0.8257     0.629513   -0.440365  0.0126127 
0.882858   0.642624   -0.405434  0.0115334 
0.882858   0.642624   -0.405434  0.0288818 
0.882858   0.642624   -0.405434  0.00639769
0.794638   0.640422   -0.441022  0.00862394
0.708955   0.579906   -0.415647  0.00560969
0.75821    0.628603   -0.438569  0.0118565 
0.75821    0.628603   -0.438569  0.00908631
0.709358   0.569893   -0.418302  0.0157417 
0.709358   0.569893   -0.418302  0.0129912 
0.754795   0.534987   -0.384428  0.0210381 
0.707742   0.490648   -0.266248  0.0131537 
0.775329   0.534062   -0.394774  0.0203852 
0.857735   0.496027   -0.292691  0.00979728
0.901055   0.575579   -0.390741  0.0130806 
0.995232   0.611673   -0.310464  0.0147734 
0.995232   0.611673   -0.310464  0.018047  
0.903482   0.684134   -0.370766  0.012596  
0.818761   0.725223   -0.393961  0.0195627 
0.818761   0.725223   -0.393961  0.0288354 
0.818761   0.725223   -0.393961  0.0110331 
0.764881   0.67526    -0.404212  0.0122315 
0.823555   0.700596   -0.423968  0.0146839 
0.823555   0.700596   -0.423968  0.00618377
0.77845    0.614824   -0.445687  0.0161361 
0.75588    0.684507   -0.420189  0.00590698
0.793112   0.612813   -0.453983  0.00651273
0.777343   0.63841    -0.438489  0.0122699 
0.777343   0.63841    -0.438489  0.0164397 
0.777343   0.63841    -0.438489  0.00752883
0.79652    0.63474    -0.435496  0.0210185 
0.79652    0.63474    -0.435496  0.0096567 
0.842032   0.561416   -0.400231  0.0130742 
0.801413   0.5375     -0.364726  0.00748504
0.807819   0.588843   -0.454038  0.0106608 
0.87578    0.648869   -0.422664  0.0087279 
0.829577   0.580731   -0.425471  0.00772723
0.772507   0.603102   -0.441267  0.0119557 
0.853267   0.54912    -0.390495  0.0215963 
0.853267   0.54912    -0.390495  0.010358  
0.900134   0.568004   -0.390931  0.00818738
0.806783   0.604536   -0.434414  0.00788865
0.877762   0.598511   -0.431864  0.0224009 
0.952709   0.663255   -0.322399  0.0208953 
0.952709   0.663255   -0.322399  0.0194365 
0.952709   0.663255   -0.322399  0.0133722 
1.01732    0.565496   -0.224839  0.024501  
1.10379    0.61578    -0.0195103 0.0280729 
1.04795    0.676598   -0.136281  0.0241278 
1.04795    0.676598   -0.136281  0.0266806 
1.07933    0.641856   -0.0649606 0.0126903 
1.0285     0.559542   -0.212531  0.0108857 
0.953763   0.562124   -0.33049   0.0130992 
1.0174     0.552595   -0.235198  0.0151894 
1.06564    0.538111   -0.103191  0.0226756 
1.00272    0.471161   -0.0525033 0.0205024 
0.929115   0.482553   -0.142485  0.0159325 
0.874574   0.51731    -0.339269  0.0291057 
0.874574   0.51731    -0.339269  0.0333774 
0.874574   0.51731    -0.339269  0.0277461 
0.874574   0.51731    -0.339269  0.0259078 
0.874574   0.51731    -0.339269  0.0270738 
0.89204    0.458543   -0.0648066 0.0134394 
0.866843   0.537521   -0.365348  0.0270853 
0.866843   0.537521   -0.365348  0.0116451 
0.915044   0.549667   -0.338008  0.0137562 
0.929112   0.627859   -0.381348  0.0324749 
0.929112   0.627859   -0.381348  0.0160125 
0.93595    0.665904   -0.363071  0.0115203 
0.994381   0.570242   -0.276391  0.0191312 
1.02709    0.627656   -0.213195  0.0188548 
1.02795    0.613055   -0.204033  0.019778  
1.03283    0.62091    -0.214127  0.0246161 
0.976719   0.694846   -0.282171  0.0148821 
0.976719   0.694846   -0.282171  0.0295961 
0.987509   0.706687   -0.183824  0.0458864 
0.987509   0.706687   -0.183824  0.0225778 
0.907804   0.73012    -0.288016  0.0304131 
0.907804   0.73012    -0.288016  0.032387  
0.907804   0.73012    -0.288016  0.0129881 
0.847264   0.659559   -0.401763  0.0201171 
0.817552   0.746697   -0.35368   0.0189514 
0.822513   0.707666   -0.374658  0.00646218
0.752918   0.629137   -0.443872  0.00772423
0.813648   0.615164   -0.443239  0.00951025
0.863392   0.579962   -0.427311  0.00909985
0.882147   0.574445   -0.405231  0.00850236
0.823118   0.642304   -0.434137  0.0199341 
0.880239   0.712471   -0.355055  0.0238595 
0.799509   0.784711   -0.310315  0.0173899 
0.836988   0.717259   -0.375432  0.0145677 
0.794496   0.680275   -0.411407  0.0117969 
0.810598   0.668395   -0.422964  0.00839345
0.740285   0.673397   -0.425205  0.00759509
0.735447   0.644319   -0.420302  0.00794665
0.828123   0.626672   -0.442935  0.0119528 
0.831268   0.621711   -0.432249  0.00786071
0.840099   0.603352   -0.436234  0.0175832 
0.811889   0.508493   -0.277753  0.0249735 
0.811889   0.508493   -0.277753  0.0251867 
0.811889   0.508493   -0.277753  0.0287061 
0.811889   0.508493   -0.277753  0.0136434 
0.863957   0.531172   -0.350019  0.0166992 
0.959164   0.511131   -0.237544  0.0116241 
0.901438   0.604979   -0.386771  0.0175599 
0.837258   0.700648   -0.38483   0.0253058 
0.818578   0.754292   -0.314079  0.0320448 
0.882124   0.793291   -0.271002  0.0349196 
0.962904   0.765964   -0.147582  0.0796145 
0.962904   0.765964   -0.147582  0.0360776 
0.890243   0.829632   -0.154981  0.03143   
0.928522   0.769263   -0.223073  0.0431702 
0.957821   0.766323   -0.089766  0.0318241 
0.952532   0.763707   -0.187317  0.054575  
0.952532   0.763707   -0.187317  0.0430872 
0.989383   0.72078    -0.100889  0.0274766 
0.924153   0.778893   -0.255394  0.034943  
0.933845   0.740168   -0.246543  0.0388761 
0.853269   0.817382   -0.166091  0.0449565 
0.824369   0.820879   -0.241408  0.0186232 
0.838999   0.754732   -0.343548  0.0316278 
0.838999   0.754732   -0.343548  0.0364804 
0.896251   0.854594   -0.156057  0.0472751 
0.813507   0.945975   -0.0125977 0.0702333 
0.872584   0.943728   0.130361   0.0480212 
0.821139   0.938759   0.0144704  0.0449647 
0.727195   1.0266     -0.0292179 0.0629643 
0.727195   1.0266     -0.0292179 0.0531301 
0.727195   1.0266     -0.0292179 0.131868  
0.727195   1.0266     -0.0292179 0.0928592 
0.727195   1.0266     -0.0292179 0.065183  
0.727195   1.0266     -0.0292179 0.0765113 
0.727195   1.0266     -0.0292179 0.0684333 
0.727195   1.0266     -0.0292179 0.0786398 
0.727195   1.0266     -0.0292179 0.12096   
0.727195   1.0266     -0.0292179 0.0454391 
0.671789   1.03087    -0.0896506 0.0719541 
0.671789   1.03087    -0.0896506 0.0289044 
0.613297   0.949941   -0.206372  0.0211516 
