#MU        SIGMA      ENERGY     ERROR     
-0.0122837 0.878766   -0.178217  0.0152823 
0.0559524  0.95512    -0.253208  0.0175012 
0.130727   0.936345   -0.261892  0.0203566 
0.048536   0.964457   -0.222614  0.0221665 
0.0133322  1.05958    -0.253668  0.0286795 
-0.00720196 1.04599    -0.204189  0.0226918 
-0.0574874 1.06231    -0.271615  0.0339356 
-0.0783713 1.04355    -0.208641  0.0181074 
0.0200042  0.998488   -0.236536  0.0158702 
0.102242   0.938215   -0.258369  0.0162137 
0.00703347 0.922379   -0.23505   0.0182801 
0.00703347 0.922379   -0.23505   0.0174882 
0.00703347 0.922379   -0.23505   0.0164848 
-0.0460141 0.985846   -0.278421  0.0158244 
-0.0799283 0.942507   -0.262591  0.0298318 
-0.0509089 1.02764    -0.222662  0.0245998 
-0.104352  1.08593    -0.231336  0.0338776 
-0.104352  1.08593    -0.231336  0.0217098 
-0.12808   1.05603    -0.26218   0.0187067 
-0.184265  0.967756   -0.248512  0.0154218 
-0.184714  0.916596   -0.259809  0.0157514 
-0.0978274 0.89132    -0.230293  0.0168919 
-0.0978274 0.89132    -0.230293  0.0165213 
-0.0978274 0.89132    -0.230293  0.0189439 
-0.0999058 0.796228   -0.124232  0.0172072 
-0.00328677 0.859974   -0.183861  0.0199691 
0.0746829  0.958023   -0.225851  0.0177241 
0.0951408  0.871969   -0.179573  0.0168065 
0.0548591  0.832952   -0.141844  0.0197447 
0.0548591  0.832952   -0.141844  0.0199227 
0.0548591  0.832952   -0.141844  0.01613   
0.0660473  0.931969   -0.238016  0.0160447 
0.127605   0.947064   -0.254257  0.0168941 
0.220357   0.86248    -0.186963  0.0183208 
0.277861   0.875335   -0.234887  0.016539  
0.204416   0.907047   -0.273774  0.0168121 
0.303677   0.841397   -0.197629  0.0146292 
0.393659   0.837842   -0.247352  0.0227564 
0.418269   0.855062   -0.277555  0.0165848 
0.344593   0.870777   -0.216279  0.0144661 
0.402989   0.833577   -0.250637  0.0180196 
0.446326   0.823775   -0.254042  0.0199322 
0.397888   0.909141   -0.255481  0.0193244 
0.309723   0.937224   -0.253155  0.0190632 
0.226415   0.950066   -0.253432  0.0152944 
0.286223   0.900593   -0.251889  0.0163634 
0.326453   0.861801   -0.23869   0.0173899 
0.377722   0.836024   -0.245815  0.0160871 
0.352908   0.85312    -0.225148  0.0173844 
0.364619   0.863902   -0.244876  0.0249001 
0.394996   0.954819   -0.262484  0.0326221 
0.394996   0.954819   -0.262484  0.0231263 
0.394996   0.954819   -0.262484  0.0159573 
0.412658   0.922496   -0.294206  0.0161683 
0.323193   0.885191   -0.2559    0.017779  
0.323193   0.885191   -0.2559    0.0181086 
0.329214   0.842608   -0.252141  0.0152765 
0.429097   0.91026    -0.291099  0.020691  
0.461809   0.866874   -0.266874  0.023916  
0.469917   0.911494   -0.247024  0.0295067 
0.510664   0.993917   -0.230299  0.0201448 
0.440331   0.895324   -0.24939   0.0155583 
0.406459   0.818034   -0.25184   0.0159496 
0.500771   0.786822   -0.262868  0.0162002 
0.444108   0.791499   -0.235232  0.0186208 
0.525842   0.846912   -0.282579  0.0142858 
0.485276   0.761518   -0.220902  0.0122936 
0.562643   0.67004    -0.296644  0.0158784 
0.562643   0.67004    -0.296644  0.0130273 
0.536313   0.6603     -0.24588   0.012408  
0.551582   0.616879   -0.251208  0.0144682 
0.498994   0.669541   -0.225428  0.0135603 
0.549183   0.571007   -0.211255  0.0157505 
0.511717   0.561735   -0.188962  0.0113701 
0.584729   0.629394   -0.309019  0.0134325 
0.550648   0.621307   -0.275183  0.0153731 
0.550648   0.621307   -0.275183  0.0110316 
0.583241   0.652898   -0.302495  0.0107565 
0.679642   0.694764   -0.367807  0.0111039 
0.636771   0.69598    -0.369277  0.0127415 
0.636771   0.69598    -0.369277  0.0101698 
0.629421   0.685908   -0.36766   0.0088495 
0.646509   0.690873   -0.36287   0.00890777
0.641858   0.607803   -0.349973  0.0150238 
0.698175   0.521522   -0.354134  0.0207366 
0.694484   0.488078   -0.251762  0.0156991 
0.726561   0.520633   -0.369744  0.0230779 
0.743145   0.477495   -0.241165  0.013469  
0.782506   0.533842   -0.363447  0.0123639 
0.705614   0.541149   -0.349057  0.0307824 
0.705614   0.541149   -0.349057  0.0276195 
0.70355    0.454055   -0.103032  0.0117346 
0.708191   0.544128   -0.364161  0.00820573
0.671202   0.628334   -0.399883  0.0136019 
0.571425   0.532901   -0.209703  0.0142576 
0.520155   0.578305   -0.187564  0.0172769 
0.596388   0.50305    -0.226673  0.0266634 
0.609303   0.448789   -0.13363   0.0142149 
0.633775   0.530068   -0.296666  0.0265547 
0.633775   0.530068   -0.296666  0.0295241 
0.65295    0.437599   -0.0154598 0.0635197 
0.65295    0.437599   -0.0154598 0.0142115 
0.677115   0.523234   -0.326919  0.0304088 
0.677115   0.523234   -0.326919  0.00790764
0.764247   0.576444   -0.43645   0.0110583 
0.847121   0.625715   -0.43163   0.0106433 
0.847121   0.625715   -0.43163   0.00917654
0.773056   0.566199   -0.406973  0.00720961
0.755022   0.608432   -0.436544  0.00926162
0.821502   0.669215   -0.426328  0.0203283 
0.777445   0.742087   -0.354951  0.0268464 
0.777445   0.742087   -0.354951  0.0229495 
0.807599   0.669306   -0.404769  0.00701783
0.765399   0.64219    -0.43729   0.0196689 
0.829266   0.679279   -0.397641  0.0182406 
0.76757    0.778804   -0.360112  0.0231996 
0.759452   0.690052   -0.370406  0.0196417 
0.820559   0.755468   -0.349311  0.024035  
0.820559   0.755468   -0.349311  0.0290247 
0.811663   0.754987   -0.3033    0.0152494 
0.728606   0.795586   -0.353227  0.0211046 
0.677497   0.793265   -0.346116  0.0346393 
0.759729   0.838998   -0.193484  0.0565103 
0.759729   0.838998   -0.193484  0.0414966 
0.798888   0.936003   -0.0864623 0.0575738 
0.798888   0.936003   -0.0864623 0.0320145 
0.7748     0.862281   -0.229135  0.0354925 
0.729937   0.944142   -0.157469  0.0369835 
0.723405   0.862256   -0.198542  0.0315445 
0.723624   0.782543   -0.326341  0.0243564 
0.672224   0.870074   -0.270655  0.0256244 
0.765731   0.830588   -0.283349  0.0292383 
0.765731   0.830588   -0.283349  0.024034  
0.807754   0.771537   -0.314575  0.0218493 
0.89987    0.70705    -0.331827  0.0200612 
0.937304   0.650338   -0.319329  0.0131051 
1.01115    0.579339   -0.264695  0.0141896 
0.969269   0.57267    -0.315691  0.0129407 
0.969269   0.57267    -0.315691  0.0117057 
0.939003   0.580756   -0.369678  0.0150895 
0.908521   0.576152   -0.379341  0.0154151 
0.864486   0.675297   -0.399282  0.0135845 
0.81461    0.652341   -0.429345  0.0230803 
0.913113   0.640639   -0.377821  0.00764627
0.839      0.596911   -0.444839  0.0144981 
0.758446   0.526272   -0.360584  0.0209692 
0.794835   0.497057   -0.332089  0.0126281 
0.850119   0.53807    -0.358307  0.0269312 
0.850119   0.53807    -0.358307  0.00841722
0.834468   0.615739   -0.429656  0.0110887 
0.78812    0.555329   -0.404341  0.0173918 
0.859574   0.51511    -0.339133  0.0368848 
0.859574   0.51511    -0.339133  0.0157514 
0.834151   0.518766   -0.303792  0.0171984 
0.821373   0.508877   -0.280745  0.0100418 
0.9025     0.563035   -0.371205  0.0143044 
0.9025     0.563035   -0.371205  0.012615  
0.9025     0.563035   -0.371205  0.00835507
0.82213    0.580396   -0.434801  0.0101321 
0.870442   0.563222   -0.399369  0.0108116 
0.810573   0.555353   -0.436152  0.0284125 
0.810573   0.555353   -0.436152  0.0128739 
0.810573   0.555353   -0.436152  0.0212542 
0.752644   0.481346   -0.186454  0.0275543 
0.829974   0.463997   -0.14062   0.0549911 
0.829974   0.463997   -0.14062   0.0272507 
0.841335   0.458139   -0.100908  0.0171823 
0.793595   0.515963   -0.337043  0.00857819
0.878413   0.584528   -0.420302  0.0124185 
0.783352   0.541391   -0.390118  0.0098744 
0.797319   0.562297   -0.411072  0.024237  
0.797319   0.562297   -0.411072  0.00861416
0.750749   0.643916   -0.446948  0.00981904
0.68421    0.694473   -0.384729  0.00957011
0.674845   0.650687   -0.376689  0.0093332 
0.726208   0.647248   -0.411821  0.00768404
0.700729   0.640638   -0.395104  0.00866046
0.658229   0.643932   -0.378455  0.00675982
0.703781   0.597754   -0.410385  0.00849192
0.732163   0.580014   -0.419341  0.0169991 
0.697843   0.506378   -0.32131   0.0333592 
0.697843   0.506378   -0.32131   0.0385599 
0.656071   0.409874   0.161329   0.0729898 
0.656071   0.409874   0.161329   0.0371888 
0.706728   0.42403    0.055297   0.0245317 
0.784479   0.478315   -0.239127  0.0432289 
0.784479   0.478315   -0.239127  0.0134271 
0.744054   0.535769   -0.392162  0.0116444 
0.833029   0.551302   -0.408738  0.019904  
0.800048   0.493493   -0.249294  0.0423995 
0.800048   0.493493   -0.249294  0.0317134 
0.800048   0.493493   -0.249294  0.0199679 
0.714721   0.494653   -0.315048  0.0274844 
0.714721   0.494653   -0.315048  0.00975511
0.665927   0.566994   -0.381691  0.0108456 
0.602521   0.606969   -0.305388  0.0103649 
0.622841   0.579729   -0.329483  0.00951144
0.676908   0.586817   -0.3774    0.00995224
0.770228   0.559054   -0.398326  0.0237966 
0.770228   0.559054   -0.398326  0.0199759 
0.770228   0.559054   -0.398326  0.013158  
0.701945   0.530919   -0.333569  0.0226145 
0.610639   0.460513   -0.125824  0.0563625 
0.610639   0.460513   -0.125824  0.0487174 
0.610639   0.460513   -0.125824  0.0246679 
0.610639   0.460513   -0.125824  0.0300856 
0.555408   0.421237   0.0372691  0.017629  
0.635285   0.496022   -0.234747  0.013491  
0.698023   0.532948   -0.354106  0.00983059
0.721684   0.557299   -0.39946   0.0141123 
0.755871   0.525239   -0.347046  0.0195555 
0.835215   0.497731   -0.288148  0.0199853 
0.826043   0.498186   -0.278625  0.0165715 
0.850408   0.51829    -0.329257  0.0164868 
0.804645   0.51872    -0.383548  0.0107202 
0.901865   0.606964   -0.404752  0.0103249 
0.907747   0.560806   -0.387017  0.0132959 
0.907747   0.560806   -0.387017  0.0128644 
0.840811   0.65988    -0.432348  0.0259046 
0.909704   0.73939    -0.273627  0.0313775 
0.816011   0.750306   -0.316235  0.0288421 
0.847694   0.812938   -0.300449  0.0331147 
0.82926    0.884568   -0.154834  0.0409577 
0.869836   0.81419    -0.203959  0.039747  
0.822422   0.894812   -0.113358  0.0284331 
0.864928   0.82728    -0.244186  0.0249574 
0.874998   0.734468   -0.325144  0.0474884 
0.874998   0.734468   -0.325144  0.0121397 
0.825996   0.645786   -0.42825   0.0235353 
0.825996   0.645786   -0.42825   0.0194642 
0.825996   0.645786   -0.42825   0.00834522
0.890046   0.586216   -0.412404  0.0123467 
0.833611   0.53921    -0.39058   0.017905  
0.777464   0.503865   -0.292829  0.0183455 
0.738247   0.503694   -0.318601  0.0330817 
0.738247   0.503694   -0.318601  0.0387293 
0.738247   0.503694   -0.318601  0.0174123 
0.738247   0.503694   -0.318601  0.0157217 
0.653542   0.501678   -0.226978  0.0083904 
0.652838   0.597653   -0.361475  0.00866769
0.662264   0.637799   -0.38014   0.00611095
0.734405   0.611936   -0.444009  0.0133576 
0.777859   0.674529   -0.407607  0.0155131 
0.819266   0.700554   -0.382655  0.0126071 
0.848735   0.70703    -0.398429  0.0236229 
0.873442   0.725771   -0.339641  0.0103842 
0.816057   0.67428    -0.430098  0.0250219 
0.816057   0.67428    -0.430098  0.0109345 
0.816057   0.67428    -0.430098  0.00672818
0.873015   0.619064   -0.436223  0.0155511 
0.833622   0.67657    -0.401963  0.0344344 
0.834362   0.741387   -0.282892  0.046804  
0.928571   0.81193    0.0128041  0.0361036 
0.867371   0.813121   -0.187457  0.0285754 
0.846955   0.784036   -0.238748  0.0319138 
0.879959   0.798829   -0.223579  0.0303217 
0.932222   0.731435   -0.2746    0.0253886 
0.833427   0.809372   -0.282859  0.0256705 
0.805014   0.821065   -0.28845   0.0327592 
0.788628   0.794466   -0.271929  0.0340417 
0.868301   0.814237   -0.221542  0.0526009 
0.843336   0.887286   -0.110663  0.057355  
0.843336   0.887286   -0.110663  0.0356295 
0.822971   0.840989   -0.200164  0.0239436 
0.810544   0.784503   -0.317648  0.0210083 
0.836219   0.741333   -0.357255  0.0292065 
0.87273    0.753312   -0.282397  0.0699901 
0.794459   0.80257    -0.211216  0.0182618 
0.798825   0.789252   -0.340189  0.024827  
0.865935   0.739444   -0.287466  0.042028  
0.890949   0.819531   -0.130033  0.0456451 
0.890949   0.819531   -0.130033  0.029645  
0.828581   0.817161   -0.26345   0.0301528 
0.745531   0.824233   -0.242228  0.0164086 
0.70445    0.777004   -0.324436  0.0282404 
0.674651   0.848181   -0.24844   0.0195996 
0.737211   0.802156   -0.348573  0.0120083 
0.648111   0.717471   -0.365927  0.0127111 
0.600254   0.760704   -0.3348    0.0130088 
0.55482    0.688151   -0.257889  0.0135852 
0.534243   0.729329   -0.296657  0.0150472 
0.484879   0.68672    -0.236626  0.0135473 
0.533561   0.765401   -0.28975   0.0149922 
0.594369   0.731092   -0.305694  0.0130222 
0.548945   0.788383   -0.297216  0.0139074 
0.512099   0.735036   -0.299243  0.016936  
0.512099   0.735036   -0.299243  0.0150047 
0.512099   0.735036   -0.299243  0.01485   
0.455162   0.698077   -0.168775  0.0159361 
0.439429   0.713442   -0.196132  0.0163372 
0.407953   0.733446   -0.186357  0.0162754 
0.427187   0.671325   -0.098128  0.017167  
0.442717   0.636399   -0.136268  0.0145039 
0.499466   0.646137   -0.219466  0.0114938 
0.571105   0.597715   -0.274669  0.0152802 
0.571105   0.597715   -0.274669  0.0140097 
0.521907   0.597892   -0.214369  0.0140092 
0.520803   0.668818   -0.262485  0.0150547 
0.477659   0.7071     -0.222974  0.0185114 
0.477659   0.7071     -0.222974  0.0171776 
0.402632   0.668194   -0.0921317 0.0178057 
0.330005   0.737499   -0.142396  0.0201908 
0.236011   0.747996   -0.170493  0.0168243 
0.203076   0.844627   -0.181609  0.0173762 
0.191782   0.827843   -0.210473  0.0166939 
0.207532   0.853812   -0.225973  0.0174097 
0.207532   0.853812   -0.225973  0.0229158 
0.301244   0.945179   -0.230082  0.0235215 
0.28225    0.985116   -0.242068  0.016787  
0.257305   0.892882   -0.228516  0.0170048 
0.330909   0.853061   -0.24959   0.0143985 
0.3352     0.913848   -0.249024  0.0249138 
0.263209   0.962238   -0.226177  0.0158604 
0.187222   0.883667   -0.260768  0.0189746 
0.10915    0.871192   -0.161535  0.0180648 
0.068953   0.821356   -0.148346  0.015948  
0.080052   0.894407   -0.201338  0.0169015 
0.155003   0.847845   -0.154119  0.0179723 
0.081588   0.820039   -0.157504  0.0174817 
0.144291   0.799336   -0.0998579 0.0170637 
0.239834   0.869765   -0.18602   0.0197855 
0.167945   0.96352    -0.250684  0.0326634 
0.20204    1.06216    -0.212461  0.0239078 
0.119032   1.03529    -0.250437  0.0233132 
0.0871179  0.94797    -0.223031  0.0150986 
0.0924272  0.97405    -0.22842   0.0234383 
0.128854   1.04123    -0.229713  0.0185542 
0.0928002  0.982835   -0.237043  0.0205875 
0.155351   0.944923   -0.232685  0.0164288 
0.212985   0.885675   -0.229854  0.0165312 
0.114767   0.869702   -0.188307  0.0162752 
0.0530481  0.900785   -0.227693  0.0168859 
-0.0235716 0.874108   -0.157182  0.0163319 
0.05301    0.873094   -0.18135   0.0205963 
0.146572   0.882882   -0.19379   0.0177543 
0.185446   0.893582   -0.204375  0.0175102 
0.164092   0.833095   -0.138667  0.0175267 
0.144358   0.845392   -0.185121  0.0164791 
0.0514225  0.888047   -0.188879  0.0158058 
-0.0472695 0.946455   -0.266811  0.0157906 
-0.12655   0.911505   -0.239555  0.0207153 
-0.102423  0.96779    -0.228985  0.0177936 
-0.153768  1.01456    -0.267123  0.0140033 
-0.21619   0.955834   -0.267596  0.0229617 
-0.293613  1.02444    -0.220391  0.0292821 
-0.275708  1.08894    -0.24036   0.0336175 
-0.298454  1.00681    -0.219138  0.0278327 
-0.204971  0.958885   -0.229522  0.0201522 
-0.212614  1.00927    -0.259747  0.0373898 
-0.244616  1.10008    -0.18266   0.0194269 
-0.195687  1.066      -0.2881    0.0151909 
-0.125563  0.990541   -0.260347  0.0529637 
-0.151669  1.07668    -0.135983  0.0285931 
-0.163282  1.10308    -0.210293  0.0486304 
-0.091027  1.13253    -0.146656  0.0220435 
-0.0438015 1.03305    -0.253247  0.0235166 
-0.0779702 0.989153   -0.235326  0.0202573 
-0.031179  1.03141    -0.281385  0.0280333 
-0.0226618 0.972669   -0.213892  0.0154676 
0.0760955  0.878184   -0.182674  0.0176237 
0.105605   0.908477   -0.222137  0.0164962 
0.185606   0.834895   -0.162098  0.0167707 
0.129819   0.877678   -0.18222   0.0165635 
0.082643   0.867937   -0.150027  0.0164922 
-0.0142811 0.961568   -0.265705  0.0156623 
-0.0156861 0.978656   -0.308257  0.0170991 
-0.0908795 0.959113   -0.25427   0.0166374 
-0.0908795 0.959113   -0.25427   0.0189051 
-0.0942657 0.978099   -0.222274  0.0162602 
-0.081007  0.889225   -0.211011  0.0167182 
-0.117725  0.966442   -0.245404  0.0239306 
-0.1459    1.02442    -0.229975  0.017644  
-0.231051  0.950961   -0.238446  0.0203726 
-0.14052   1.01201    -0.237142  0.0162441 
-0.227166  0.915094   -0.235411  0.0173884 
-0.233636  0.823731   -0.18555   0.0182805 
-0.145353  0.803782   -0.135861  0.0205053 
-0.145353  0.803782   -0.135861  0.0169583 
-0.137712  0.903508   -0.22171   0.017722  
-0.125947  0.866857   -0.197829  0.0221683 
-0.0438495 0.937614   -0.190815  0.0177427 
-0.0543933 1.00938    -0.277881  0.0292151 
-0.072457  1.06346    -0.23441   0.0288662 
-0.169942  1.14289    -0.197582  0.0554819 
-0.169942  1.14289    -0.197582  0.0361716 
-0.154714  1.12108    -0.170651  0.0260202 
-0.147017  1.07777    -0.237727  0.0366457 
-0.223583  1.03036    -0.158159  0.0151381 
-0.131529  0.953367   -0.286995  0.0166502 
-0.111663  0.896776   -0.253646  0.0158383 
-0.111758  0.891085   -0.219769  0.0165107 
-0.0673487 0.943971   -0.25069   0.0202061 
-0.0076744 1.02274    -0.245931  0.017391  
0.00857233 0.956788   -0.250029  0.0183873 
-0.0777342 1.02249    -0.284455  0.0161164 
-0.0329868 0.987832   -0.260605  0.0200899 
-0.0724315 0.973087   -0.248882  0.027231  
-0.101349  1.00012    -0.253649  0.0213703 
-0.159347  1.01091    -0.235825  0.0173398 
-0.167348  0.993414   -0.259788  0.0307705 
-0.221698  1.07       -0.245993  0.0363399 
-0.149632  1.14076    -0.160979  0.0414443 
-0.126882  1.06185    -0.152439  0.030707  
-0.186161  1.06913    -0.209534  0.0349306 
-0.122958  1.15671    -0.157777  0.0433368 
-0.12865   1.12634    -0.11546   0.0493603 
-0.132253  1.17809    -0.0119578 0.0561623 
-0.128439  1.15938    -0.0642131 0.0474601 
-0.205325  1.22435    -0.0426926 0.0739361 
-0.205325  1.22435    -0.0426926 0.0755311 
-0.205325  1.22435    -0.0426926 0.0758914 
-0.205325  1.22435    -0.0426926 0.0621264 
-0.168622  1.23367    -0.0579852 0.0517659 
-0.197469  1.19531    -0.0139539 0.0440226 
-0.272763  1.21275    -0.109889  0.0487698 
-0.272763  1.21275    -0.109889  0.0629683 
-0.272763  1.21275    -0.109889  0.0323854 
-0.217689  1.1203     -0.177911  0.0806055 
-0.217689  1.1203     -0.177911  0.0236763 
-0.203727  1.03211    -0.220933  0.0232088 
-0.26587   0.990029   -0.227757  0.0234578 
-0.227116  0.966956   -0.229392  0.0162837 
-0.179772  0.99216    -0.270151  0.0174261 
-0.140019  1.01969    -0.274474  0.0347572 
-0.0615682 1.08667    -0.185909  0.0342883 
-0.108101  1.12686    -0.139527  0.0573197 
-0.108101  1.12686    -0.139527  0.0287815 
-0.183813  1.11658    -0.182695  0.0298723 
-0.222433  1.10405    -0.199261  0.0265177 
-0.299813  1.03527    -0.236073  0.0230872 
-0.299265  0.95306    -0.226006  0.015825  
-0.388142  0.875882   -0.278824  0.0165919 
-0.388142  0.875882   -0.278824  0.0192369 
-0.429439  0.912971   -0.265343  0.0160649 
-0.456075  0.839295   -0.27274   0.0192492 
-0.449786  0.804218   -0.232053  0.0163757 
-0.430932  0.727449   -0.185556  0.0146464 
-0.474072  0.741525   -0.262933  0.0246354 
-0.502036  0.838416   -0.253216  0.0178038 
-0.465463  0.864589   -0.255838  0.0179374 
-0.430374  0.91255    -0.271865  0.0228943 
-0.499453  0.964564   -0.246902  0.0310681 
-0.402824  1.0055     -0.235706  0.0404386 
-0.492164  1.02648    -0.153703  0.0244795 
-0.522315  0.932727   -0.247768  0.0183224 
-0.559863  0.899051   -0.315538  0.0160447 
-0.489629  0.838181   -0.267976  0.0257956 
-0.580245  0.931206   -0.257854  0.0334399 
-0.587444  0.910987   -0.200567  0.0316064 
-0.608391  0.874172   -0.22092   0.0186149 
-0.677795  0.794082   -0.309772  0.0213899 
-0.685051  0.735591   -0.353949  0.0173714 
-0.685051  0.735591   -0.353949  0.0122337 
-0.777315  0.714948   -0.409974  0.0105023 
-0.759705  0.704642   -0.408995  0.00702603
-0.766116  0.611504   -0.448338  0.0093    
-0.766116  0.611504   -0.448338  0.0132409 
-0.766116  0.611504   -0.448338  0.0144431 
-0.74128   0.522328   -0.370477  0.0133056 
-0.673031  0.542452   -0.385773  0.0119876 
-0.589605  0.567676   -0.27041   0.0157754 
-0.589605  0.567676   -0.27041   0.0147955 
-0.507941  0.59686    -0.185104  0.0182784 
-0.436653  0.538308   0.0206046  0.0154651 
-0.478615  0.613488   -0.138292  0.0157075 
-0.542096  0.516029   -0.168723  0.0234673 
-0.542096  0.516029   -0.168723  0.0119902 
-0.567165  0.548934   -0.227119  0.0112699 
-0.575224  0.591904   -0.266211  0.0157675 
-0.50898   0.569617   -0.182908  0.0186272 
-0.441297  0.541763   -0.018873  0.0127167 
-0.536903  0.637481   -0.250929  0.0125989 
-0.565268  0.57338    -0.271923  0.0101499 
-0.649508  0.556036   -0.321772  0.0113601 
-0.649508  0.556036   -0.321772  0.0152789 
-0.618799  0.518682   -0.288064  0.0103142 
-0.614451  0.583372   -0.312667  0.0182213 
-0.549761  0.483649   -0.134139  0.0202695 
-0.454332  0.464765   0.0711027  0.0346622 
-0.498147  0.391838   0.23324    0.0210419 
-0.411466  0.489438   0.10736    0.0247358 
-0.473545  0.424776   0.0895618  0.0150979 
-0.536929  0.501222   -0.125915  0.0295676 
-0.507819  0.410289   0.114118   0.0673936 
-0.507819  0.410289   0.114118   0.0206331 
-0.420583  0.443334   0.223002   0.0278811 
-0.453135  0.41127    0.17485    0.019568  
-0.453459  0.45879    0.0931676  0.0329473 
-0.441044  0.373081   0.379656   0.0222142 
-0.45339   0.458547   0.0789359  0.0178774 
-0.456151  0.502364   0.0191327  0.0143644 
-0.530328  0.553905   -0.1738    0.0160237 
-0.603005  0.49924    -0.195603  0.0266905 
-0.603005  0.49924    -0.195603  0.0157267 
-0.593249  0.503708   -0.208845  0.0142595 
-0.509285  0.576973   -0.161235  0.0120557 
-0.555413  0.571131   -0.217406  0.0162907 
-0.481985  0.580973   -0.143094  0.0140467 
-0.506791  0.645105   -0.221783  0.0153921 
-0.461291  0.695995   -0.200609  0.0182978 
-0.461291  0.695995   -0.200609  0.0163937 
-0.467259  0.787606   -0.271989  0.0187828 
-0.541059  0.865328   -0.285757  0.0139577 
-0.604713  0.797391   -0.344297  0.0211292 
-0.663553  0.856777   -0.292373  0.0184719 
-0.64642   0.819667   -0.328301  0.0191514 
-0.616784  0.796543   -0.304781  0.0156825 
-0.540907  0.880691   -0.337711  0.030233  
-0.540907  0.880691   -0.337711  0.0304618 
-0.57373   0.814831   -0.260669  0.0188329 
-0.517894  0.914655   -0.283586  0.0284043 
-0.517894  0.914655   -0.283586  0.0332423 
-0.597897  1.00794    -0.158861  0.0250469 
-0.554325  0.969852   -0.247388  0.0423207 
-0.554325  0.969852   -0.247388  0.0277672 
-0.637668  0.971018   -0.249677  0.0533042 
-0.637668  0.971018   -0.249677  0.0286958 
-0.626213  0.923466   -0.240307  0.0220902 
-0.568005  0.84457    -0.275886  0.019736  
-0.552214  0.842682   -0.267374  0.0259155 
-0.551232  0.897404   -0.25363   0.0137096 
-0.553917  0.812425   -0.321061  0.0249605 
-0.560611  0.912033   -0.289699  0.0463524 
-0.547136  0.986365   -0.127195  0.0595713 
-0.553058  1.06561    -0.0400178 0.062716  
-0.6095    1.15712    0.162782   0.0755895 
-0.53502   1.25215    0.204731   0.0646483 
-0.504044  1.16256    0.0567171  0.111593  
-0.481575  1.25599    0.277501   0.138665  
-0.481575  1.25599    0.277501   0.0789937 
-0.412431  1.19457    0.117742   0.108772  
-0.412431  1.19457    0.117742   0.0314313 
-0.353051  1.11038    -0.181922  0.0512356 
-0.353051  1.11038    -0.181922  0.035067  
-0.330167  1.01692    -0.200524  0.0227999 
-0.316098  1.05534    -0.292051  0.0235489 
-0.289285  0.971127   -0.235247  0.0242741 
-0.274786  0.979498   -0.250195  0.017371  
-0.374241  0.892735   -0.230068  0.0160858 
-0.353619  0.921184   -0.29082   0.0171224 
-0.257914  0.887987   -0.261541  0.0211441 
-0.273157  0.910061   -0.224269  0.0182726 
-0.188123  0.810837   -0.138475  0.0192757 
-0.213666  0.807188   -0.168576  0.0188632 
-0.213666  0.807188   -0.168576  0.0160876 
-0.13656   0.896346   -0.221772  0.0175004 
-0.14408   0.829749   -0.170474  0.0163696 
-0.1029    0.861082   -0.167467  0.0187671 
-0.177876  0.880048   -0.195254  0.0162833 
-0.220304  0.88019    -0.202998  0.0157352 
-0.19513   0.917238   -0.229866  0.0155538 
-0.288274  0.996443   -0.284409  0.0217963 
-0.385834  1.03007    -0.237891  0.0189925 
-0.287142  0.935597   -0.261305  0.0155833 
-0.36751   0.884546   -0.241054  0.0169831 
-0.268615  0.958086   -0.253559  0.0198064 
-0.338728  0.990411   -0.278603  0.0161966 
-0.337836  0.899493   -0.255661  0.0174527 
-0.38035   0.942831   -0.251993  0.0191298 
-0.475446  0.860566   -0.252788  0.0246995 
-0.451977  0.895241   -0.262511  0.0304816 
-0.387688  0.972473   -0.235648  0.0450442 
-0.401127  1.01536    -0.194533  0.0456391 
-0.401127  1.01536    -0.194533  0.0276142 
-0.367009  1.04989    -0.23169   0.0380339 
-0.396249  1.06973    -0.186324  0.0435218 
-0.459121  1.02918    -0.105823  0.0166122 
-0.387176  0.946792   -0.257555  0.0257327 
-0.294756  0.960612   -0.250766  0.015537  
-0.369436  0.896105   -0.257647  0.0172236 
-0.369436  0.896105   -0.257647  0.0201482 
-0.390943  0.932276   -0.271834  0.0338765 
-0.339865  1.01686    -0.194182  0.0263585 
-0.342934  1.02564    -0.226984  0.0291732 
-0.244211  1.05795    -0.211506  0.0239539 
-0.165137  1.00559    -0.239346  0.026589  
-0.260352  1.03162    -0.255463  0.0316959 
-0.236893  1.11873    -0.212781  0.108744  
-0.236893  1.11873    -0.212781  0.0490525 
-0.236893  1.11873    -0.212781  0.0338842 
-0.151439  1.20447    -0.16026   0.0631238 
-0.151439  1.20447    -0.16026   0.0763494 
-0.151439  1.20447    -0.16026   0.0575839 
-0.0993031 1.23494    -0.0605215 0.0960401 
-0.0993031 1.23494    -0.0605215 0.0467032 
-0.185849  1.15064    -0.102927  0.0262173 
-0.241026  1.08192    -0.274314  0.0360825 
-0.167022  1.15231    -0.191544  0.0584392 
-0.228887  1.2521     0.0712338  0.0576095 
-0.277542  1.21795    0.0346984  0.0661978 
-0.313695  1.23913    0.15544    0.0562476 
-0.250162  1.20473    -0.0541832 0.0457792 
-0.189572  1.12543    -0.142856  0.0578353 
-0.251785  1.19847    -0.0308773 0.0374261 
-0.228949  1.11939    -0.163974  0.0372153 
-0.320098  1.14555    -0.141509  0.0316952 
-0.305131  1.09514    -0.207263  0.0391662 
-0.251124  1.11405    -0.177377  0.0495576 
-0.172341  1.06348    -0.138767  0.0398446 
-0.111036  1.14136    -0.13976   0.0274101 
-0.130409  1.06108    -0.249631  0.0191518 
-0.164548  0.99764    -0.242757  0.0328442 
-0.221317  1.04206    -0.210649  0.0283628 
-0.226641  1.07523    -0.24171   0.0536881 
-0.147804  1.16908    -0.0674986 0.0458561 
-0.0592643 1.18528    -0.0700719 0.0434559 
-0.155755  1.10365    -0.218476  0.0510689 
-0.168626  1.13978    -0.154801  0.0262255 
-0.117801  1.05626    -0.234718  0.01793   
-0.0852028 0.975945   -0.259817  0.0330233 
-0.0518976 1.0619     -0.187059  0.0277084 
-0.0655413 1.04642    -0.231523  0.0191619 
-0.154887  1.06469    -0.277916  0.0337462 
-0.154887  1.06469    -0.277916  0.0313402 
-0.0576411 1.1042     -0.235944  0.0209346 
-0.141162  1.02924    -0.228313  0.0173645 
-0.125106  0.949963   -0.269134  0.0180628 
-0.128925  0.969495   -0.232109  0.020562  
-0.0579471 0.991973   -0.240002  0.0167317 
-0.140918  0.997903   -0.251161  0.0157602 
-0.182338  0.907008   -0.247421  0.0150521 
-0.266975  0.969653   -0.267734  0.0255593 
-0.266975  0.969653   -0.267734  0.0281067 
-0.168603  1.04935    -0.224133  0.0351327 
-0.150951  1.09838    -0.17579   0.0464781 
-0.169092  1.17071    -0.0981807 0.0353933 
-0.185055  1.15693    -0.175564  0.0505545 
-0.121111  1.21103    -0.0682226 0.0334329 
-0.165217  1.17109    -0.157017  0.043108  
-0.14629   1.20956    -0.121767  0.0841516 
-0.14629   1.20956    -0.121767  0.046214  
-0.167568  1.21532    -0.0621706 0.0367935 
-0.164356  1.12025    -0.194201  0.0451422 
-0.0757978 1.17991    -0.121421  0.0339496 
-0.053184  1.17573    -0.176013  0.0577382 
-0.053184  1.17573    -0.176013  0.0508157 
0.0234971  1.08659    -0.160188  0.0171099 
0.115518   0.996505   -0.27291   0.0257667 
0.0258769  1.02681    -0.2501    0.0321845 
0.0864002  1.03639    -0.209517  0.0183497 
0.0338824  0.985126   -0.264124  0.0267677 
0.0338824  0.985126   -0.264124  0.0247761 
-0.0337864 0.906296   -0.17654   0.017309  
-0.0359313 0.833261   -0.126178  0.0195952 
0.0386692  0.758535   -0.00549272 0.0238676 
0.0794913  0.68634    0.095826   0.023322  
0.0794913  0.68634    0.095826   0.027092  
0.0651352  0.637367   0.183505   0.0207008 
-0.0343404 0.73088    0.0144218  0.0235007 
0.000681047 0.694364   0.0710764  0.0265401 
0.0355155  0.611003   0.325402   0.0231304 
-0.0208462 0.677969   0.167409   0.0195206 
-0.00711278 0.766987   -0.032965  0.0185873 
-0.0994153 0.811446   -0.15306   0.0185636 
-0.093932  0.813523   -0.182148  0.0174479 
-0.176695  0.821643   -0.147971  0.0165722 
-0.139912  0.838691   -0.160307  0.0163587 
-0.074613  0.877425   -0.180945  0.018725  
0.0146337  0.965907   -0.252929  0.0308041 
0.00279901 1.01199    -0.23478   0.0347094 
0.00279901 1.01199    -0.23478   0.0198034 
0.0150145  0.94644    -0.213019  0.0173107 
-0.00804923 0.84901    -0.16689   0.0212454 
-0.0496942 0.755234   -0.0821869 0.0202395 
-0.126098  0.750668   -0.0667347 0.0214056 
-0.0301511 0.743912   -0.0571304 0.0180824 
-0.0677962 0.800811   -0.107654  0.0173723 
-0.148204  0.846269   -0.184773  0.0180518 
-0.0747571 0.806387   -0.100091  0.0167521 
-0.0435473 0.851633   -0.166881  0.0241102 
0.00921008 0.949446   -0.208157  0.0170794 
-0.0292651 0.865092   -0.18138   0.0181033 
-0.0691501 0.90791    -0.215835  0.0177694 
-0.0517951 0.825105   -0.146302  0.0211422 
0.0253544  0.754569   -0.0276351 0.0248104 
0.0253544  0.754569   -0.0276351 0.017964  
0.0273098  0.804517   -0.110996  0.0190551 
0.0428218  0.803891   -0.102925  0.0172702 
-0.0330521 0.861881   -0.169726  0.0198744 
0.0326148  0.922113   -0.231905  0.016052  
-0.00986942 0.904671   -0.240141  0.0180648 
-0.0809748 0.933076   -0.2208    0.0157553 
-0.142346  0.955031   -0.259017  0.0262601 
-0.195209  1.00908    -0.239392  0.0203181 
-0.27279   0.9742     -0.251756  0.0241776 
-0.365801  0.985663   -0.239646  0.0371162 
-0.365801  0.985663   -0.239646  0.0238527 
-0.324907  0.991346   -0.223869  0.0379155 
-0.386087  0.970026   -0.205449  0.0356908 
-0.40746   1.02681    -0.184782  0.050469  
-0.40746   1.02681    -0.184782  0.0177556 
-0.313799  1.0357     -0.292988  0.0272343 
-0.351962  1.04462    -0.197283  0.023901  
-0.403919  0.957427   -0.238272  0.0430924 
-0.403919  0.957427   -0.238272  0.0207449 
-0.375562  0.967448   -0.306988  0.0172648 
-0.344024  0.989979   -0.307999  0.0203005 
-0.412874  0.94531    -0.254818  0.017976  
-0.355531  0.958257   -0.258083  0.0197244 
-0.398906  0.875809   -0.26301   0.0178215 
-0.447648  0.834011   -0.259356  0.0160211 
-0.380927  0.926989   -0.270988  0.0294852 
-0.380927  0.926989   -0.270988  0.0165527 
-0.449481  0.846753   -0.275494  0.036995  
-0.440672  0.944765   -0.228982  0.0232409 
-0.499991  0.92071    -0.245936  0.0282713 
-0.51963   0.980175   -0.225577  0.028241  
-0.581914  0.89069    -0.225636  0.0157409 
-0.506145  0.832456   -0.258702  0.0148102 
-0.432001  0.804564   -0.252199  0.0143236 
-0.499838  0.762483   -0.273006  0.0197352 
-0.55353   0.846562   -0.264135  0.0321752 
-0.548942  0.886394   -0.256913  0.0284248 
-0.548942  0.886394   -0.256913  0.0182256 
-0.538319  0.857023   -0.284916  0.014987  
-0.51059   0.848789   -0.305235  0.0220011 
-0.53007   0.930747   -0.274052  0.0357794 
-0.603137  0.840324   -0.280391  0.0189218 
-0.504852  0.752975   -0.233059  0.013943  
-0.591091  0.788309   -0.335071  0.0218643 
-0.6052    0.840987   -0.310517  0.0178242 
-0.541945  0.759397   -0.286919  0.0151936 
-0.497057  0.690899   -0.236244  0.0137825 
-0.52791   0.618698   -0.237871  0.0126138 
-0.575608  0.561386   -0.259856  0.0169501 
-0.58976   0.495189   -0.192902  0.0132676 
-0.537728  0.581474   -0.223167  0.010363  
-0.606384  0.629618   -0.315104  0.0116014 
-0.69637   0.704907   -0.383026  0.0231459 
-0.751435  0.792385   -0.299455  0.0201721 
-0.83154   0.725856   -0.361434  0.0260187 
-0.83154   0.725856   -0.361434  0.0180757 
-0.796672  0.750055   -0.357696  0.0130537 
-0.853793  0.694914   -0.398975  0.0117947 
-0.821345  0.64369    -0.436129  0.0110082 
-0.837966  0.68387    -0.416154  0.023655  
-0.910908  0.735745   -0.30672   0.0245965 
-0.980375  0.7157     -0.263762  0.0297751 
-0.895833  0.783369   -0.22614   0.0304531 
-0.943741  0.716576   -0.232512  0.0209478 
-0.881371  0.721346   -0.328122  0.0289711 
-0.788855  0.817197   -0.237756  0.0328489 
-0.735483  0.904413   -0.22768   0.0194275 
-0.70693   0.821096   -0.306069  0.0169015 
-0.7989    0.735454   -0.375716  0.00949951
-0.868416  0.656135   -0.433602  0.0158062 
-0.773086  0.699002   -0.395528  0.0123075 
-0.862245  0.680125   -0.411147  0.00885147
-0.853325  0.631899   -0.429733  0.013387  
-0.76434   0.532678   -0.372942  0.00924022
-0.855922  0.572778   -0.406549  0.0101252 
-0.827241  0.559581   -0.395905  0.00890768
-0.841047  0.642019   -0.432626  0.0225639 
-0.841047  0.642019   -0.432626  0.00763697
-0.805892  0.590592   -0.44838   0.00788467
-0.729148  0.588863   -0.410138  0.019244  
-0.77563   0.498147   -0.300016  0.0111162 
-0.715932  0.54409    -0.366384  0.0120083 
-0.63607   0.547044   -0.33822   0.00921273
-0.627134  0.640573   -0.34452   0.0137644 
-0.627134  0.640573   -0.34452   0.00811597
-0.687808  0.593955   -0.399349  0.0153363 
-0.727986  0.522208   -0.366302  0.0312744 
-0.727986  0.522208   -0.366302  0.0326784 
-0.727986  0.522208   -0.366302  0.00744735
-0.791766  0.620931   -0.442551  0.0108108 
-0.713479  0.549177   -0.382549  0.0112876 
-0.704483  0.54937    -0.377155  0.0116395 
-0.641856  0.540231   -0.287712  0.00930069
-0.732229  0.568419   -0.396179  0.00859303
-0.663751  0.602648   -0.390743  0.0120681 
-0.663751  0.602648   -0.390743  0.00731718
-0.710309  0.625078   -0.408369  0.0127989 
-0.792742  0.536921   -0.359187  0.015877  
-0.817382  0.517323   -0.325877  0.0222885 
-0.901207  0.482468   -0.206961  0.0232943 
-0.901207  0.482468   -0.206961  0.0219664 
-0.844539  0.486852   -0.260983  0.0429481 
-0.844539  0.486852   -0.260983  0.00917663
-0.890035  0.581054   -0.404326  0.0119232 
-0.921409  0.610769   -0.374358  0.0154364 
-0.824758  0.523862   -0.366092  0.0309934 
-0.824758  0.523862   -0.366092  0.0326288 
-0.824758  0.523862   -0.366092  0.0248016 
-0.883803  0.471254   -0.142716  0.0114219 
-0.956401  0.55039    -0.299541  0.0103021 
-0.944825  0.587195   -0.353657  0.0171417 
-0.956945  0.637097   -0.332286  0.0135991 
-1.02063   0.581923   -0.239155  0.0185842 
-0.961428  0.631613   -0.293068  0.0217972 
-0.96118   0.682433   -0.317195  0.0248619 
-1.01084   0.652363   -0.223543  0.020492  
-0.987657  0.680559   -0.244537  0.0174402 
-0.999873  0.622755   -0.278473  0.0132119 
-0.905691  0.540181   -0.337471  0.0188947 
-0.905691  0.540181   -0.337471  0.0131169 
-0.905691  0.540181   -0.337471  0.0229826 
-0.905691  0.540181   -0.337471  0.011709  
-0.959808  0.59073    -0.334844  0.0110792 
-0.960395  0.588301   -0.340292  0.0157532 
-0.960395  0.588301   -0.340292  0.0100986 
-0.86971   0.570857   -0.400901  0.0163399 
-0.86971   0.570857   -0.400901  0.0123275 
-0.946876  0.633009   -0.376688  0.025585  
-0.921586  0.692088   -0.294542  0.016436  
-0.872505  0.698301   -0.380953  0.00733402
-0.789505  0.668566   -0.439591  0.0149121 
-0.818141  0.73558    -0.381804  0.0229471 
-0.852141  0.71209    -0.358805  0.0288803 
-0.852141  0.71209    -0.358805  0.0260333 
-0.852141  0.71209    -0.358805  0.0064205 
-0.806334  0.623038   -0.451672  0.0133351 
-0.806334  0.623038   -0.451672  0.00803221
-0.895011  0.593302   -0.421467  0.010176  
-0.833474  0.636012   -0.437877  0.0163859 
-0.788278  0.716209   -0.379789  0.0170604 
-0.754709  0.742163   -0.370951  0.0116535 
-0.776184  0.685576   -0.411685  0.0167162 
-0.776184  0.685576   -0.411685  0.00607567
-0.817934  0.648078   -0.45136   0.00940116
-0.813228  0.568806   -0.412169  0.006711  
-0.751214  0.659578   -0.439563  0.00936278
-0.783303  0.688213   -0.420248  0.0163969 
-0.77827   0.716191   -0.399031  0.0199237 
-0.695783  0.804955   -0.354294  0.0153522 
-0.663836  0.781471   -0.329474  0.0160909 
-0.577114  0.797087   -0.324598  0.022936  
-0.549255  0.827065   -0.28446   0.0143299 
-0.484274  0.747506   -0.280903  0.0153087 
-0.440696  0.750369   -0.229636  0.0131838 
-0.523049  0.718091   -0.282974  0.0140683 
-0.542941  0.709254   -0.269794  0.0150355 
-0.494272  0.648328   -0.219787  0.0126069 
-0.570704  0.569167   -0.274945  0.0166869 
-0.570704  0.569167   -0.274945  0.0134955 
-0.570704  0.569167   -0.274945  0.0164308 
-0.65541   0.507067   -0.310771  0.0164979 
-0.582461  0.500246   -0.226455  0.0122541 
-0.662514  0.535328   -0.327481  0.00950211
-0.628096  0.610269   -0.345366  0.0121307 
-0.598926  0.533208   -0.226874  0.0159174 
-0.552291  0.521192   -0.225309  0.0137295 
-0.552291  0.521192   -0.225309  0.0118998 
-0.565892  0.619353   -0.279175  0.0160053 
-0.565892  0.619353   -0.279175  0.0151377 
-0.565892  0.619353   -0.279175  0.0126013 
-0.631856  0.536998   -0.302614  0.012879  
-0.537481  0.58089    -0.206793  0.0109706 
-0.576533  0.590934   -0.258519  0.0156025 
-0.488119  0.628398   -0.185036  0.0179029 
-0.488119  0.628398   -0.185036  0.0160223 
-0.446269  0.70279    -0.193522  0.0145358 
-0.4403    0.787747   -0.261603  0.0151061 
-0.422456  0.770983   -0.216225  0.0151407 
-0.47484   0.758634   -0.254452  0.016047  
-0.415393  0.847068   -0.305113  0.0145656 
-0.474754  0.85865    -0.289285  0.0174744 
-0.419821  0.783725   -0.247154  0.0143433 
-0.502816  0.713867   -0.26769   0.0149419 
-0.493038  0.730347   -0.272052  0.0153806 
-0.431549  0.781235   -0.249308  0.0156367 
-0.501467  0.742421   -0.253509  0.0149434 
-0.495613  0.718275   -0.255566  0.0182865 
-0.495613  0.718275   -0.255566  0.013845  
-0.531147  0.701306   -0.286481  0.0142531 
-0.46218   0.745593   -0.217275  0.0173255 
-0.37007   0.711248   -0.13312   0.0176858 
-0.445368  0.630605   -0.141115  0.0132057 
-0.529823  0.726084   -0.287127  0.0154061 
-0.529823  0.726084   -0.287127  0.0132044 
-0.524986  0.760998   -0.307509  0.0109171 
-0.617491  0.669526   -0.33434   0.00932144
-0.630234  0.641059   -0.347962  0.00871399
-0.656739  0.623868   -0.372428  0.00775119
-0.690256  0.600009   -0.398628  0.00681155
-0.723186  0.630685   -0.417502  0.0105541 
-0.776833  0.662484   -0.419485  0.0169841 
-0.81415   0.691105   -0.403467  0.0233904 
-0.877622  0.724973   -0.346137  0.0137097 
-0.848881  0.655512   -0.421811  0.0158895 
-0.841848  0.726666   -0.393208  0.00706884
-0.821796  0.628699   -0.441619  0.00887291
-0.919894  0.589697   -0.383916  0.0112678 
-0.97584   0.572575   -0.296046  0.0169041 
-0.91799   0.652447   -0.380583  0.0220871 
-0.833893  0.714608   -0.354472  0.0272066 
-0.901177  0.752058   -0.277957  0.0306159 
-0.923392  0.70468    -0.329152  0.026829  
-0.946884  0.719925   -0.250711  0.0183409 
-0.915677  0.640031   -0.340251  0.0169845 
-0.93645   0.613319   -0.363393  0.0133288 
-1.00085   0.608471   -0.292786  0.0120942 
-0.943666  0.614465   -0.354636  0.0084998 
-0.856988  0.580144   -0.430059  0.0122213 
-0.95338   0.579563   -0.352554  0.0145255 
-0.959312  0.527307   -0.293674  0.0145491 
-1.03403   0.591025   -0.230566  0.0192888 
-1.03537   0.630944   -0.224285  0.0284521 
-0.947377  0.711197   -0.274199  0.040851  
-0.855488  0.801599   -0.267264  0.0248906 
-0.771811  0.814524   -0.286118  0.0166635 
-0.739443  0.763668   -0.360992  0.00986132
-0.73727   0.700625   -0.410087  0.0231871 
-0.734847  0.773979   -0.344562  0.0123774 
-0.788441  0.707981   -0.40301   0.0245948 
-0.875229  0.719351   -0.332989  0.0175    
-0.867855  0.719636   -0.370927  0.0385846 
-0.936475  0.774367   -0.15276   0.0450783 
-1.00081   0.748076   -0.111528  0.0517084 
-1.00081   0.748076   -0.111528  0.0743181 
-1.00081   0.748076   -0.111528  0.0286427 
-1.05385   0.693031   -0.0886145 0.0241472 
-0.995337  0.671025   -0.252157  0.02954   
-1.07524   0.623806   -0.0793491 0.01323   
-0.98571   0.618735   -0.313039  0.0119528 
-0.971935  0.555645   -0.290735  0.0123355 
-0.978938  0.592269   -0.324246  0.0112319 
-0.965905  0.558343   -0.287902  0.0110563 
-0.947528  0.599165   -0.372051  0.0215362 
-0.940674  0.679222   -0.308363  0.00969996
-0.941261  0.602566   -0.362373  0.00945594
-0.888253  0.581964   -0.405643  0.0226324 
-0.977531  0.670605   -0.277671  0.0368391 
-0.977531  0.670605   -0.277671  0.0148699 
-1.0062    0.596615   -0.286217  0.016457  
-0.973078  0.50747    -0.217116  0.0303886 
-1.03258   0.422146   0.231671   0.0217288 
-0.971263  0.476077   -0.123131  0.0110089 
-1.03146   0.55195    -0.223546  0.0218522 
-1.00913   0.649442   -0.252105  0.0165409 
-1.01193   0.595083   -0.239872  0.0153437 
-1.04727   0.618837   -0.214803  0.027884  
-1.04727   0.618837   -0.214803  0.0130081 
-1.05577   0.57018    -0.179422  0.0139332 
-1.00788   0.60014    -0.280136  0.0233518 
-1.00788   0.60014    -0.280136  0.0155434 
-1.08259   0.521166   -0.0535317 0.0128437 
-1.06466   0.541704   -0.124573  0.0171989 
-1.00229   0.494095   -0.120451  0.0197408 
-0.973925  0.487615   -0.148702  0.0326105 
-0.978272  0.424325   0.129634   0.0268557 
-0.905861  0.452524   0.0320096  0.0357796 
-0.905861  0.452524   0.0320096  0.012649  
-0.86583   0.544042   -0.372248  0.0171508 
-0.90312   0.509736   -0.276633  0.0288689 
-0.90312   0.509736   -0.276633  0.0133914 
-0.994638  0.545535   -0.238228  0.0158854 
-1.01996   0.567477   -0.20811   0.0133225 
-1.01996   0.567477   -0.20811   0.0143248 
-1.01996   0.567477   -0.20811   0.0157313 
-1.09046   0.565199   -0.104526  0.0222992 
-1.04549   0.598456   -0.189052  0.0204163 
-0.984164  0.62626    -0.296126  0.0115283 
-0.950825  0.559314   -0.323248  0.0117965 
-0.900679  0.650783   -0.389439  0.032914  
-0.973707  0.719628   -0.210841  0.0402927 
-0.973707  0.719628   -0.210841  0.0414335 
-0.928526  0.801247   -0.0998955 0.0306548 
-0.885595  0.813385   -0.199181  0.0296017 
-0.830497  0.849647   -0.217053  0.0326411 
-0.808359  0.859227   -0.199779  0.03384   
-0.867387  0.840408   -0.177061  0.0365886 
-0.858131  0.84328    -0.155693  0.0776404 
-0.775468  0.853584   -0.164307  0.0585854 
-0.808361  0.950656   0.024439   0.0648304 
-0.808361  0.950656   0.024439   0.0363179 
-0.778723  0.878362   -0.188356  0.0238111 
-0.789862  0.811804   -0.293887  0.0612949 
-0.789862  0.811804   -0.293887  0.0359347 
-0.799081  0.871427   -0.169756  0.0381793 
-0.889369  0.772979   -0.152648  0.0535302 
-0.93509   0.867915   0.0380537  0.0462242 
-0.926922  0.869293   0.00647234 0.0305942 
-0.852009  0.803243   -0.24393   0.0448716 
-0.853449  0.903061   -0.0232518 0.0373761 
-0.838937  0.816182   -0.20746   0.027599  
-0.811252  0.772743   -0.32092   0.0239894 
-0.863675  0.793417   -0.274367  0.0162647 
-0.796235  0.743433   -0.374185  0.0114224 
-0.800802  0.680397   -0.418242  0.0086284 
-0.895776  0.586885   -0.412468  0.0156629 
-0.969569  0.509343   -0.204116  0.0327752 
-0.969569  0.509343   -0.204116  0.0157414 
-0.994623  0.599081   -0.270826  0.012772  
-1.03339   0.552879   -0.205004  0.0154742 
-1.04786   0.607787   -0.208419  0.0157573 
-1.04786   0.607787   -0.208419  0.0325293 
-1.04786   0.607787   -0.208419  0.0129396 
-1.04263   0.548165   -0.178634  0.0224501 
-1.02855   0.644387   -0.196078  0.017805  
-0.929387  0.642477   -0.354321  0.0204395 
-0.929387  0.642477   -0.354321  0.0151432 
-0.841395  0.664306   -0.413754  0.00908421
-0.914628  0.620232   -0.408398  0.024519  
-0.914628  0.620232   -0.408398  0.0090902 
-0.884298  0.572804   -0.392438  0.00886933
-0.820846  0.573308   -0.419096  0.018217  
-0.890128  0.670186   -0.376442  0.0114968 
-0.868426  0.631737   -0.416676  0.00634587
-0.788813  0.613398   -0.434969  0.00839476
-0.788813  0.613398   -0.434969  0.0109319 
-0.860131  0.602541   -0.420445  0.0159553 
-0.925725  0.665553   -0.354816  0.0221724 
-0.942281  0.687051   -0.278956  0.0197828 
-0.959962  0.648813   -0.30654   0.0156835 
-1.04749   0.588417   -0.17677   0.011165  
-1.00362   0.546883   -0.214534  0.0182313 
-1.00362   0.546883   -0.214534  0.0229209 
-1.00362   0.546883   -0.214534  0.013566  
-1.04819   0.587969   -0.196654  0.0188368 
-0.975064  0.488482   -0.121888  0.0274962 
-0.875963  0.45221    -0.0117858 0.018665  
-0.913838  0.499503   -0.189134  0.0145029 
-0.918198  0.526019   -0.305601  0.0176178 
-0.891443  0.510849   -0.300367  0.0142681 
-0.830347  0.532057   -0.380982  0.0286544 
-0.788608  0.458258   -0.129643  0.028641  
-0.709293  0.456916   -0.211628  0.0519157 
-0.709293  0.456916   -0.211628  0.0347283 
-0.657239  0.423401   0.0435326  0.0615325 
-0.657239  0.423401   0.0435326  0.0620821 
-0.657239  0.423401   0.0435326  0.0586983 
-0.657239  0.423401   0.0435326  0.0288168 
-0.742311  0.454193   -0.130735  0.0365828 
-0.649298  0.413809   0.0931744  0.0475948 
-0.619628  0.382283   0.4641     0.083252  
-0.619628  0.382283   0.4641     0.0285238 
-0.62884   0.437309   0.00889384 0.0202745 
-0.597097  0.472741   -0.170192  0.0135487 
-0.577615  0.546756   -0.274839  0.015877  
-0.577615  0.546756   -0.274839  0.0163415 
-0.577615  0.546756   -0.274839  0.00916312
-0.628324  0.600089   -0.331038  0.0107719 
-0.586558  0.594389   -0.290059  0.0102246 
-0.600907  0.643092   -0.319769  0.0141914 
-0.512794  0.725564   -0.25259   0.0139641 
-0.505712  0.638695   -0.209335  0.0140674 
-0.499192  0.702309   -0.247893  0.0107975 
-0.597049  0.618268   -0.327812  0.0128675 
-0.54772   0.617901   -0.253802  0.0109559 
-0.576072  0.676373   -0.302752  0.00934729
-0.620543  0.642663   -0.329027  0.012903  
-0.531652  0.724731   -0.293364  0.0101229 
-0.620164  0.6529     -0.346854  0.00873016
-0.648087  0.58294    -0.352561  0.015167  
-0.648087  0.58294    -0.352561  0.00817331
-0.719847  0.586088   -0.424614  0.00677315
-0.709486  0.626022   -0.422751  0.00941755
-0.631703  0.663656   -0.342369  0.0131816 
-0.558119  0.702325   -0.310488  0.0153996 
-0.482355  0.797181   -0.245395  0.0169914 
-0.400675  0.875379   -0.273163  0.0179719 
-0.344247  0.972514   -0.263991  0.0251335 
-0.344247  0.972514   -0.263991  0.0167707 
-0.28598   0.894602   -0.238192  0.0174904 
-0.28598   0.894602   -0.238192  0.0183761 
-0.272614  0.829217   -0.178912  0.018308  
-0.362181  0.912333   -0.234605  0.0587798 
-0.39504   1.00068    -0.147576  0.0375134 
-0.456264  1.00726    -0.215177  0.02301   
-0.434968  0.959245   -0.238255  0.038275  
-0.434968  0.959245   -0.238255  0.0315997 
-0.475266  0.988757   -0.181209  0.029858  
-0.501325  1.07594    -0.185685  0.0339727 
-0.505977  1.10288    -0.17995   0.0373761 
-0.456651  1.006      -0.194714  0.029367  
-0.492718  1.03787    -0.222169  0.0314513 
-0.492718  1.03787    -0.222169  0.0426112 
-0.521606  1.10418    -0.0262577 0.0415422 
-0.42222   1.03048    -0.19726   0.0303102 
-0.432899  0.966212   -0.200826  0.0196999 
-0.526658  0.900313   -0.280145  0.0141912 
-0.464883  0.859111   -0.271697  0.0160279 
-0.394212  0.779259   -0.220699  0.0171138 
-0.321264  0.799937   -0.213423  0.0174834 
-0.372634  0.75393    -0.166258  0.0145636 
-0.462714  0.779396   -0.209226  0.016741  
-0.484394  0.847369   -0.277112  0.0180095 
-0.559836  0.789911   -0.273955  0.0149767 
-0.462384  0.702221   -0.19626   0.0185828 
-0.404769  0.620266   -0.0642008 0.0158931 
-0.479218  0.635734   -0.189203  0.0140578 
-0.51999   0.671068   -0.266815  0.00977865
-0.616769  0.618662   -0.343425  0.0104025 
-0.689743  0.693725   -0.381457  0.0117431 
-0.592111  0.712909   -0.323284  0.0144216 
-0.592111  0.712909   -0.323284  0.0138051 
-0.592111  0.712909   -0.323284  0.0129066 
-0.592111  0.712909   -0.323284  0.011044  
-0.591868  0.685006   -0.318663  0.014232  
-0.648984  0.774999   -0.337837  0.0162539 
-0.576348  0.830323   -0.287753  0.0315895 
-0.603473  0.86964    -0.252955  0.0251234 
-0.665938  0.896888   -0.255405  0.0514054 
-0.598307  0.990845   -0.0864221 0.0559687 
-0.639685  0.991433   -0.0457578 0.076203  
-0.555658  1.07851    0.0349055  0.0368642 
-0.503322  0.98782    -0.177809  0.035765  
-0.56552   1.01356    -0.166924  0.0345542 
-0.520098  0.979995   -0.175322  0.0245823 
-0.470351  0.968507   -0.247966  0.0484316 
-0.470351  0.968507   -0.247966  0.0165726 
-0.385148  0.903472   -0.247538  0.0233833 
-0.402586  0.984426   -0.250797  0.020831  
-0.472142  0.927747   -0.253358  0.0319875 
-0.47578   0.965439   -0.231695  0.0215298 
-0.479414  1.00244    -0.236442  0.0235025 
-0.436096  1.01092    -0.224323  0.0557617 
-0.443044  1.0782     0.0141215  0.0483443 
-0.473246  1.06683    -0.0983905 0.0486783 
-0.551137  1.032      -0.0661804 0.0370837 
-0.597062  1.0716     -0.120842  0.0570416 
-0.597062  1.0716     -0.120842  0.0814937 
-0.620468  1.05753    -0.0427224 0.0601979 
-0.620468  1.05753    -0.0427224 0.0559456 
-0.691783  1.05851    0.0372457  0.0743713 
-0.634132  1.15145    0.160926   0.0492708 
-0.5513    1.07609    -0.0992958 0.0798723 
-0.5513    1.07609    -0.0992958 0.0606035 
-0.589757  1.16326    0.0719029  0.0554583 
-0.603827  1.13856    0.0212636  0.0655113 
-0.516901  1.19929    0.129799   0.0689542 
-0.610696  1.13306    0.127581   0.0461105 
-0.525318  1.1084     -0.0404874 0.0374053 
-0.475491  1.10107    -0.141583  0.0470392 
-0.383346  1.10969    -0.0769728 0.0596908 
-0.32077   1.17336    -0.0262069 0.112395  
-0.32077   1.17336    -0.0262069 0.0545128 
-0.336001  1.18791    -0.0881692 0.081889  
-0.336001  1.18791    -0.0881692 0.0836081 
-0.34565   1.26416    0.14223    0.049559  
-0.287545  1.18551    -0.115576  0.0701562 
-0.328352  1.25638    0.158338   0.10593   
-0.332135  1.27561    0.234934   0.0996039 
-0.387571  1.26247    0.285544   0.0706008 
-0.384711  1.22398    0.00801728 0.0757378 
-0.31752   1.21039    0.209036   0.0856143 
-0.242217  1.27297    0.195946   0.0892154 
-0.242217  1.27297    0.195946   0.0757889 
-0.331534  1.31342    0.21452    0.302696  
-0.331534  1.31342    0.21452    0.103061  
-0.235421  1.37061    0.435831   0.170128  
-0.262454  1.31495    0.466981   0.0478478 
-0.240238  1.22084    -0.0845171 0.104718  
-0.241121  1.2416     0.226392   0.0512935 
-0.326511  1.21973    0.0246141  0.034236  
-0.361404  1.12908    -0.16616   0.053004  
-0.459916  1.1226     -0.0606974 0.0347998 
-0.532099  1.05845    -0.178632  0.0464053 
-0.62974   1.0055     -0.0822802 0.0527321 
-0.546332  1.08048    -0.109979  0.0398625 
-0.515384  1.03227    -0.158211  0.0714048 
-0.515384  1.03227    -0.158211  0.0253816 
-0.587691  0.959435   -0.257885  0.0174809 
-0.524462  0.893033   -0.310645  0.0151253 
-0.449669  0.818877   -0.250544  0.0159501 
-0.449669  0.818877   -0.250544  0.0153328 
-0.430423  0.916858   -0.289606  0.0145784 
-0.430423  0.916858   -0.289606  0.0165274 
-0.468998  0.842293   -0.287017  0.0163653 
-0.470501  0.838058   -0.250287  0.015324  
-0.542396  0.824795   -0.289809  0.0156525 
-0.547019  0.793649   -0.3079    0.0193501 
-0.617431  0.827723   -0.315634  0.0248403 
-0.639535  0.850085   -0.279746  0.0134387 
-0.733378  0.769772   -0.388659  0.0152372 
-0.720413  0.731826   -0.35984   0.0154179 
-0.678613  0.762083   -0.358886  0.0163733 
-0.669887  0.8191     -0.309153  0.0277343 
-0.571464  0.918318   -0.265131  0.0254926 
-0.496157  1.00609    -0.234434  0.0209996 
-0.443309  0.916518   -0.262618  0.0423287 
-0.4611    1.01499    -0.162646  0.0377204 
-0.467113  1.08399    -0.151324  0.0615084 
-0.467113  1.08399    -0.151324  0.049674  
-0.39563   1.17719    0.0248273  0.0627032 
-0.472721  1.21499    0.0940176  0.149239  
-0.472721  1.21499    0.0940176  0.071631  
-0.383024  1.16838    0.0143245  0.0699612 
-0.290913  1.22464    0.0943894  0.0626342 
-0.325742  1.25083    0.100294   0.100132  
-0.249953  1.22018    0.109581   0.0583755 
-0.296013  1.16354    -0.106547  0.0653318 
-0.296013  1.16354    -0.106547  0.0732606 
-0.351918  1.1803     0.0970813  0.0467226 
-0.263457  1.1372     -0.113509  0.0741438 
-0.274508  1.19912    0.148613   0.0664399 
-0.181871  1.20152    0.012586   0.0712717 
-0.128556  1.14854    -0.0390406 0.0769446 
-0.134333  1.14825    -0.0113516 0.0537946 
-0.192708  1.20847    0.0107471  0.0864307 
-0.192708  1.20847    0.0107471  0.0802889 
-0.206488  1.28135    0.133398   0.0898433 
-0.170679  1.32626    0.298228   0.160252  
-0.170679  1.32626    0.298228   0.202761  
-0.170679  1.32626    0.298228   0.0657934 
-0.23557   1.31667    0.175772   0.163507  
-0.23557   1.31667    0.175772   0.0748289 
-0.188324  1.32567    0.219567   0.0666322 
-0.142542  1.25979    0.127824   0.0641256 
-0.108201  1.26016    0.166203   0.0504513 
-0.0757265 1.17977    -0.133755  0.0363231 
-0.161326  1.18444    -0.178451  0.0280738 
-0.158684  1.09744    -0.237883  0.0284854 
-0.255275  1.02345    -0.215711  0.0250909 
-0.155427  1.0239     -0.232395  0.017372  
-0.0650592 0.978636   -0.266832  0.0197276 
-0.0845416 1.04241    -0.268988  0.0234986 
-0.162604  1.0059     -0.220563  0.0252003 
-0.216701  1.0642     -0.242227  0.0370557 
-0.25765   1.13986    -0.136733  0.073201  
-0.17481   1.22506    0.0806924  0.0662689 
-0.232177  1.25762    0.155349   0.0690129 
-0.232177  1.25762    0.155349   0.0714586 
-0.257738  1.27492    0.193679   0.0686457 
-0.296378  1.20842    0.0398784  0.0457341 
-0.340475  1.24889    -0.0448051 0.074789  
-0.340475  1.24889    -0.0448051 0.0593662 
-0.291393  1.21128    0.0234042  0.0682808 
-0.358513  1.29164    0.165044   0.0897642 
-0.358513  1.29164    0.165044   0.096752  
-0.358898  1.25181    0.221247   0.162034  
-0.389404  1.2333     0.436374   0.0686409 
-0.457632  1.1488     0.0989398  0.0900664 
-0.457632  1.1488     0.0989398  0.0621032 
-0.367794  1.20155    0.00506198 0.0399479 
-0.29149   1.16058    -0.0421727 0.0910628 
-0.245318  1.22408    0.105105   0.0577831 
-0.278679  1.1321     -0.0319951 0.0818542 
-0.230946  1.09289    -0.131797  0.0702018 
-0.190234  1.1664     -0.113138  0.0361097 
-0.221585  1.15531    -0.162707  0.0227756 
-0.218102  1.12656    -0.27331   0.069281  
-0.143896  1.1514     -0.0708946 0.0548931 
-0.0901714 1.19087    -0.0168855 0.072629  
-0.0901714 1.19087    -0.0168855 0.044886  
-0.174517  1.21063    -0.0932415 0.119863  
-0.174517  1.21063    -0.0932415 0.0755162 
-0.115065  1.2108     -0.0300465 0.0288776 
-0.132597  1.12043    -0.197868  0.0269444 
-0.140912  1.13341    -0.178655  0.0331184 
-0.0601581 1.05138    -0.22075   0.0520938 
-0.119358  1.12603    -0.136448  0.0587463 
-0.177811  1.1987     -0.0101167 0.0519374 
-0.135057  1.20388    -0.0678373 0.0473161 
-0.124184  1.15613    -0.0992492 0.0607071 
-0.124184  1.15613    -0.0992492 0.0469731 
-0.172311  1.16486    -0.138836  0.0544065 
-0.174881  1.17296    -0.0998222 0.0306466 
-0.0758162 1.16762    -0.197427  0.0524609 
-0.0758162 1.16762    -0.197427  0.0398746 
-0.116808  1.11816    -0.148861  0.0364907 
-0.0604375 1.08818    -0.162038  0.0196197 
-0.131751  1.02506    -0.250772  0.0233144 
-0.169632  1.04301    -0.236061  0.032812  
-0.212454  1.03913    -0.226085  0.017964  
-0.167444  1.0124     -0.265901  0.021169  
-0.100338  1.05139    -0.24384   0.0414708 
-0.0459782 1.13456    -0.136132  0.0694525 
0.00613293 1.22092    0.0192092  0.0886789 
0.00613293 1.22092    0.0192092  0.0374326 
0.022292   1.15348    -0.161478  0.0645482 
0.0752915  1.21078    -0.0990328 0.0602221 
-0.00324972 1.28373    0.0665314  0.0563079 
-0.0677137 1.30252    0.097182   0.125581  
-0.0677137 1.30252    0.097182   0.0727057 
-0.0807526 1.28245    0.199692   0.0700963 
-0.0350818 1.22645    -0.0300331 0.0728627 
-0.0721468 1.24109    0.180519   0.0691204 
-0.124084  1.27975    0.0547181  0.081463  
-0.124084  1.27975    0.0547181  0.0995802 
-0.124084  1.27975    0.0547181  0.0661096 
-0.161545  1.26889    0.0392083  0.0587396 
-0.21515   1.2543     0.080085   0.0693147 
-0.296526  1.25218    0.0647496  0.0624506 
-0.311971  1.23302    -0.0126273 0.0721064 
-0.322737  1.27083    0.172474   0.0629645 
-0.345482  1.17756    -0.00844715 0.0558794 
-0.276089  1.14634    -0.000827404 0.0426847 
-0.351912  1.17096    -0.0989764 0.0290225 
-0.364227  1.07707    -0.19085   0.0514733 
-0.314206  1.14335    -0.084391  0.0479949 
-0.336112  1.07803    -0.0823421 0.0233898 
-0.365719  1.02503    -0.259357  0.03629   
-0.419423  1.06043    -0.156719  0.038712  
-0.478847  1.05772    -0.155682  0.041074  
-0.509078  1.07654    -0.133491  0.0466311 
-0.458135  1.09597    -0.10668   0.0726608 
-0.471591  1.12777    0.0273021  0.0979722 
-0.471591  1.12777    0.0273021  0.0493936 
-0.422259  1.04236    -0.148197  0.0348941 
-0.408025  1.01877    -0.183148  0.0242206 
-0.374578  0.939308   -0.239503  0.0229086 
-0.461525  0.954133   -0.271747  0.0218885 
-0.516885  0.969671   -0.257985  0.0212271 
-0.580577  0.907625   -0.251012  0.0251318 
-0.6488    0.930526   -0.25352   0.0363995 
-0.620247  0.922066   -0.194249  0.0448624 
-0.620247  0.922066   -0.194249  0.0166244 
-0.521861  0.845721   -0.263547  0.0146589 
-0.544037  0.784691   -0.295405  0.0136876 
-0.599299  0.750241   -0.3129    0.0121938 
-0.606642  0.697493   -0.329925  0.0144306 
-0.606642  0.697493   -0.329925  0.00752418
-0.680591  0.660586   -0.408222  0.00728178
-0.702081  0.592481   -0.402297  0.0121606 
-0.702081  0.592481   -0.402297  0.0113822 
-0.773536  0.54994    -0.42665   0.00674908
-0.727887  0.606284   -0.432317  0.0107353 
-0.772334  0.655073   -0.429436  0.016245  
-0.869489  0.705374   -0.379469  0.0311113 
-0.89683   0.742196   -0.266328  0.0294045 
-0.867454  0.781404   -0.251444  0.0186663 
-0.87966   0.701597   -0.346553  0.0243044 
-0.835219  0.762144   -0.317652  0.0475089 
-0.927492  0.829204   -0.0393635 0.0715462 
-1.00206   0.896969   0.32006    0.0577539 
-1.03507   0.844265   0.286362   0.0838808 
-0.948412  0.918972   0.358188   0.0677641 
-0.99815   0.829832   0.19926    0.0605518 
-0.952633  0.897635   0.143636   0.0523316 
-0.922016  0.920387   0.137358   0.0336978 
-0.852041  0.850908   -0.176444  0.0395937 
-0.775649  0.920713   -0.151184  0.0284436 
-0.76017   0.826089   -0.297022  0.0328359 
-0.76017   0.826089   -0.297022  0.0303882 
-0.743869  0.819759   -0.291389  0.0184982 
-0.799639  0.756716   -0.346944  0.0134228 
-0.760114  0.738932   -0.375593  0.024393  
-0.816162  0.758807   -0.304616  0.0517581 
-0.860399  0.802544   -0.171007  0.031263  
-0.921848  0.730957   -0.25595   0.00912078
-0.872514  0.635166   -0.40875   0.0238385 
-0.951066  0.694571   -0.278164  0.0159409 
-0.8936    0.677165   -0.376199  0.0284409 
-0.8936    0.677165   -0.376199  0.0155394 
-0.940219  0.633417   -0.348269  0.0103565 
-0.898912  0.561028   -0.376573  0.0128871 
-0.983241  0.598038   -0.305742  0.0240982 
-0.951702  0.691739   -0.273253  0.0123451 
-0.870348  0.625644   -0.403877  0.0217637 
-0.893753  0.714916   -0.334723  0.0264748 
-0.861003  0.783579   -0.257838  0.0183306 
-0.763644  0.768817   -0.32533   0.0394992 
-0.794499  0.837984   -0.228862  0.0149917 
-0.75319   0.747824   -0.385489  0.0110017 
-0.811512  0.688234   -0.412665  0.00982237
-0.813994  0.671732   -0.426613  0.00779267
-0.783103  0.585367   -0.433523  0.00888651
-0.812638  0.574799   -0.422228  0.00990435
-0.825166  0.564701   -0.417371  0.0249272 
-0.727197  0.467626   -0.197427  0.0507794 
-0.727197  0.467626   -0.197427  0.0492845 
-0.727197  0.467626   -0.197427  0.0254843 
-0.727197  0.467626   -0.197427  0.027914  
-0.749531  0.45853    -0.159227  0.010173  
-0.702388  0.558382   -0.379893  0.0143964 
-0.71526   0.526065   -0.362922  0.035251  
-0.71526   0.526065   -0.362922  0.0197847 
-0.748113  0.495661   -0.281166  0.0109111 
-0.689636  0.549236   -0.353797  0.00606084
-0.722778  0.621867   -0.431551  0.0102916 
-0.79123   0.679048   -0.42692   0.0110949 
-0.81582   0.664022   -0.421562  0.0346977 
-0.81582   0.664022   -0.421562  0.00965959
-0.729521  0.649007   -0.41944   0.00893689
-0.718514  0.69137    -0.403887  0.00655303
-0.80086   0.63436    -0.445419  0.0156156 
-0.894929  0.658378   -0.362868  0.0079818 
-0.869099  0.587669   -0.434459  0.0181269 
-0.775383  0.506961   -0.316934  0.0350978 
-0.775383  0.506961   -0.316934  0.0313    
-0.775383  0.506961   -0.316934  0.0176292 
-0.853617  0.51045    -0.301001  0.00887625
-0.785734  0.56768    -0.433271  0.011772  
-0.707769  0.540608   -0.347349  0.0297617 
-0.707769  0.540608   -0.347349  0.00628907
-0.765842  0.611907   -0.440226  0.00787208
-0.759673  0.617843   -0.423063  0.011234  
-0.824032  0.566778   -0.430914  0.0226045 
-0.833787  0.485084   -0.228683  0.0195168 
-0.879579  0.495843   -0.240645  0.031199  
-0.879579  0.495843   -0.240645  0.011572  
-0.928275  0.557924   -0.361208  0.0174834 
-0.976856  0.624254   -0.292317  0.0350518 
-1.05442   0.707374   -0.0538339 0.0452148 
-1.09167   0.715532   0.112518   0.0408494 
-1.13973   0.664021   0.191597   0.0223996 
-1.15491   0.565521   0.0839245  0.0213978 
-1.17352   0.577255   0.13393    0.0227521 
-1.10219   0.612989   -0.0604343 0.0361949 
-1.10219   0.612989   -0.0604343 0.0116956 
-1.01296   0.556119   -0.242758  0.0100981 
-0.926865  0.589215   -0.373829  0.0195154 
-0.926865  0.589215   -0.373829  0.0171983 
-0.926865  0.589215   -0.373829  0.0237192 
-0.998922  0.682374   -0.254249  0.0244791 
-0.961614  0.691527   -0.250244  0.0250676 
-0.910814  0.727789   -0.283172  0.0239596 
-0.966913  0.644953   -0.298793  0.0173967 
-1.02875   0.585933   -0.239372  0.0193106 
-1.00393   0.658535   -0.233203  0.0162791 
-1.10051   0.577586   -0.0930209 0.0298343 
-1.07786   0.64738    -0.0433794 0.0302768 
-1.01517   0.718508   -0.130498  0.0368867 
-1.11242   0.728595   0.0795159  0.0465917 
-1.16164   0.66827    0.243463   0.0534527 
-1.09979   0.730311   0.171884   0.0677818 
-1.09979   0.730311   0.171884   0.0302495 
-1.05109   0.690907   -0.108779  0.0273657 
-0.981469  0.672158   -0.266541  0.0259447 
-0.981469  0.672158   -0.266541  0.0197782 
-0.97412   0.654099   -0.279835  0.0118116 
-0.97412   0.654099   -0.279835  0.0116985 
-0.93037   0.594507   -0.364815  0.0212684 
-0.875655  0.677263   -0.352739  0.0119607 
-0.966508  0.586363   -0.339255  0.0161466 
-1.031     0.564273   -0.176253  0.0211187 
-1.05755   0.601722   -0.134618  0.0482483 
-1.05755   0.601722   -0.134618  0.0127726 
-1.02067   0.535755   -0.191224  0.0166946 
-1.02067   0.535755   -0.191224  0.011219  
-0.945107  0.554233   -0.33144   0.00959478
-0.894823  0.612923   -0.409054  0.0139179 
-0.870828  0.661899   -0.394003  0.0139393 
-0.967562  0.593055   -0.300207  0.0141544 
-0.871247  0.532782   -0.364927  0.00915641
-0.911423  0.581274   -0.392925  0.00772809
-0.864792  0.616015   -0.434552  0.0181747 
-0.890219  0.674282   -0.361386  0.0195074 
-0.804858  0.732152   -0.378563  0.0238041 
-0.880058  0.713123   -0.30606   0.0249257 
-0.787458  0.800825   -0.326335  0.0171055 
-0.703318  0.770026   -0.342345  0.0086905 
-0.729547  0.706586   -0.412385  0.01265   
-0.680354  0.727584   -0.365627  0.0270625 
-0.770655  0.748441   -0.315448  0.0199974 
-0.827777  0.778087   -0.338426  0.0376557 
-0.839384  0.856453   -0.237858  0.0352763 
-0.773195  0.843458   -0.204079  0.0323107 
-0.824491  0.813759   -0.194427  0.0237794 
-0.824315  0.759443   -0.305325  0.0239455 
-0.885556  0.703475   -0.337706  0.01858   
-0.823522  0.711575   -0.405501  0.0129196 
-0.858168  0.703829   -0.408087  0.0402195 
-0.859674  0.800715   -0.186737  0.0323534 
-0.814571  0.850206   -0.215276  0.0189679 
-0.737828  0.798771   -0.319855  0.0168509 
-0.7919    0.712186   -0.390471  0.019515  
-0.765634  0.771299   -0.335259  0.00973886
-0.721658  0.710375   -0.415775  0.0178355 
-0.771793  0.712989   -0.373809  0.00878237
-0.682054  0.693394   -0.376465  0.0300986 
-0.743464  0.777518   -0.313599  0.0327039 
-0.743464  0.777518   -0.313599  0.0230519 
-0.810185  0.772228   -0.322422  0.0181364 
-0.830697  0.727576   -0.398365  0.0312952 
-0.830697  0.727576   -0.398365  0.0521574 
-0.838985  0.757426   -0.223374  0.0276982 
-0.838962  0.749633   -0.355126  0.016742  
-0.837818  0.717969   -0.362484  0.00845845
-0.87381   0.623252   -0.435059  0.0138823 
-0.936692  0.616845   -0.356982  0.0173096 
-0.907219  0.681235   -0.355644  0.0121684 
-0.920176  0.620292   -0.381522  0.0135092 
-0.989403  0.528773   -0.237482  0.0303179 
-0.989403  0.528773   -0.237482  0.0210591 
-1.07239   0.594421   -0.144983  0.0141919 
-1.07239   0.594421   -0.144983  0.0284323 
-1.07239   0.594421   -0.144983  0.010867  
-0.984977  0.556259   -0.286212  0.0124037 
-0.990835  0.541136   -0.257345  0.0137125 
-0.993946  0.530071   -0.217852  0.0193581 
-0.993946  0.530071   -0.217852  0.0116716 
-0.939258  0.580739   -0.360931  0.0150694 
-0.951456  0.517075   -0.243123  0.0114442 
-0.904539  0.550825   -0.342042  0.0164427 
-0.904539  0.550825   -0.342042  0.00827891
-0.826557  0.584142   -0.438989  0.00743519
-0.815599  0.644865   -0.446312  0.0167373 
-0.854092  0.678224   -0.393529  0.0129283 
-0.852722  0.674396   -0.39334   0.019169  
-0.877575  0.735779   -0.347736  0.0340168 
-0.877575  0.735779   -0.347736  0.0183966 
-0.876454  0.678227   -0.366899  0.0177007 
-0.858845  0.694855   -0.390235  0.00944164
-0.921582  0.605576   -0.397796  0.013559  
-0.962414  0.539792   -0.295267  0.00863703
-0.890395  0.618189   -0.42353   0.0124    
-0.821516  0.631418   -0.426222  0.0145155 
-0.831016  0.697868   -0.39741   0.0130932 
-0.757325  0.670998   -0.414171  0.0121248 
-0.675177  0.717419   -0.393982  0.0158789 
-0.622546  0.803958   -0.334163  0.0187299 
-0.622546  0.803958   -0.334163  0.0132531 
-0.570979  0.745848   -0.310784  0.0124225 
-0.577054  0.699989   -0.310639  0.0138811 
-0.499681  0.663994   -0.209716  0.0126142 
-0.57511   0.72176    -0.315364  0.00936737
-0.652416  0.678992   -0.378627  0.00813933
