#MU        SIGMA      ENERGY     ERROR     
-0.674796  0.689301   -0.39483   0.00814477
-0.668492  0.61492    -0.3813    0.0135563 
-0.668492  0.61492    -0.3813    0.00781111
-0.693808  0.632654   -0.397291  0.0063321 
-0.708503  0.632369   -0.42488   0.0123442 
-0.708503  0.632369   -0.42488   0.0117161 
-0.708503  0.632369   -0.42488   0.00774547
-0.708503  0.632369   -0.42488   0.0129166 
-0.789962  0.690287   -0.41406   0.0272421 
-0.789962  0.690287   -0.41406   0.00734963
-0.785145  0.624872   -0.432148  0.013779  
-0.785145  0.624872   -0.432148  0.00805937
-0.785145  0.624872   -0.432148  0.0183989 
-0.785145  0.624872   -0.432148  0.0135021 
-0.707802  0.723019   -0.372115  0.0313177 
-0.707802  0.723019   -0.372115  0.00841114
-0.738653  0.677992   -0.420829  0.0121186 
-0.738653  0.677992   -0.420829  0.00847865
-0.823261  0.647738   -0.435787  0.0110421 
-0.798261  0.55595    -0.418522  0.0121126 
-0.798261  0.55595    -0.418522  0.0116854 
-0.798261  0.55595    -0.418522  0.0232653 
-0.798261  0.55595    -0.418522  0.0092046 
-0.820197  0.644977   -0.438867  0.016706  
-0.820197  0.644977   -0.438867  0.0093103 
-0.832982  0.592403   -0.425242  0.0136637 
-0.832982  0.592403   -0.425242  0.0198666 
-0.832982  0.592403   -0.425242  0.0109543 
-0.927506  0.649242   -0.40367   0.0143301 
-0.927506  0.649242   -0.40367   0.0128573 
-0.927506  0.649242   -0.40367   0.0102033 
-0.927506  0.649242   -0.40367   0.0176495 
-0.927506  0.649242   -0.40367   0.0146857 
-0.927506  0.649242   -0.40367   0.0235447 
-0.927506  0.649242   -0.40367   0.0190739 
-0.927506  0.649242   -0.40367   0.0223947 
-0.842932  0.720026   -0.363495  0.0205653 
-0.879858  0.712664   -0.343331  0.0118935 
-0.86317   0.64939    -0.425086  0.020691  
-0.86317   0.64939    -0.425086  0.018866  
-0.86317   0.64939    -0.425086  0.0134165 
-0.900713  0.677738   -0.402355  0.022753  
-0.868182  0.722824   -0.351724  0.0329102 
-0.868182  0.722824   -0.351724  0.00741388
-0.838723  0.635491   -0.436531  0.0189094 
-0.838723  0.635491   -0.436531  0.0101361 
-0.794464  0.632914   -0.436931  0.0112038 
-0.794464  0.632914   -0.436931  0.0100993 
-0.794464  0.632914   -0.436931  0.00563257
-0.805427  0.630511   -0.449444  0.0198232 
-0.805427  0.630511   -0.449444  0.010831  
-0.893328  0.557639   -0.394379  0.00916871
-0.865813  0.620091   -0.435535  0.0207701 
-0.865813  0.620091   -0.435535  0.0125128 
-0.778129  0.705574   -0.410752  0.0172854 
-0.778129  0.705574   -0.410752  0.00912504
-0.806531  0.629425   -0.430975  0.00944248
-0.806531  0.629425   -0.430975  0.0068305 
-0.744954  0.601175   -0.430526  0.00832878
-0.741474  0.575224   -0.417509  0.0187757 
-0.741474  0.575224   -0.417509  0.0188897 
-0.741474  0.575224   -0.417509  0.0180554 
-0.741474  0.575224   -0.417509  0.0137719 
-0.829638  0.673102   -0.410613  0.0224687 
-0.829638  0.673102   -0.410613  0.0239227 
-0.829638  0.673102   -0.410613  0.00801155
-0.760305  0.673254   -0.433692  0.0084713 
-0.813878  0.659572   -0.4323    0.00821827
-0.807584  0.579333   -0.431208  0.0152578 
-0.807584  0.579333   -0.431208  0.00716419
-0.824405  0.608483   -0.43309   0.00919127
-0.824405  0.608483   -0.43309   0.00971771
-0.864361  0.637698   -0.431204  0.017998  
-0.864361  0.637698   -0.431204  0.014724  
-0.864361  0.637698   -0.431204  0.0163436 
-0.860257  0.68362    -0.382585  0.0263525 
-0.860257  0.68362    -0.382585  0.0106633 
-0.822771  0.640659   -0.429875  0.00707807
-0.77142   0.590702   -0.42684   0.0102985 
-0.820457  0.560995   -0.396766  0.0146955 
-0.820457  0.560995   -0.396766  0.0148883 
-0.791235  0.526669   -0.364125  0.00745666
-0.858201  0.603835   -0.427008  0.0144215 
-0.858201  0.603835   -0.427008  0.0121853 
-0.858201  0.603835   -0.427008  0.0111793 
-0.858201  0.603835   -0.427008  0.0204254 
-0.858201  0.603835   -0.427008  0.00781057
-0.762198  0.643732   -0.435866  0.00750754
-0.762198  0.643732   -0.435866  0.0189049 
-0.762198  0.643732   -0.435866  0.00807739
-0.778045  0.643996   -0.439466  0.00631108
-0.742196  0.620907   -0.432816  0.00666083
-0.801707  0.613085   -0.432399  0.0131483 
-0.801707  0.613085   -0.432399  0.00781788
-0.832329  0.624668   -0.444817  0.0171592 
-0.832329  0.624668   -0.444817  0.0104344 
-0.832329  0.624668   -0.444817  0.009678  
-0.828164  0.581592   -0.434976  0.00651193
-0.774838  0.63515    -0.441865  0.0108595 
-0.761297  0.550589   -0.396913  0.00734895
-0.686492  0.641286   -0.401618  0.00993081
-0.686492  0.641286   -0.401618  0.0110395 
-0.686492  0.641286   -0.401618  0.00812632
-0.707909  0.660113   -0.409822  0.00723971
-0.800807  0.607306   -0.439944  0.0139608 
-0.800807  0.607306   -0.439944  0.0123159 
-0.800807  0.607306   -0.439944  0.0110128 
-0.800807  0.607306   -0.439944  0.0109502 
-0.770642  0.707226   -0.424755  0.00820341
-0.812738  0.624346   -0.442451  0.0126039 
-0.812738  0.624346   -0.442451  0.0167507 
-0.812738  0.624346   -0.442451  0.0166034 
-0.812738  0.624346   -0.442451  0.0129688 
-0.812738  0.624346   -0.442451  0.00876317
-0.812738  0.624346   -0.442451  0.0140548 
-0.812738  0.624346   -0.442451  0.012831  
-0.812738  0.624346   -0.442451  0.0149776 
-0.812738  0.624346   -0.442451  0.00757201
-0.821899  0.621978   -0.442762  0.00776554
-0.730563  0.651219   -0.421704  0.00831714
-0.747418  0.57604    -0.409521  0.00868619
-0.747418  0.57604    -0.409521  0.00806397
-0.781056  0.576828   -0.43276   0.0159723 
-0.781056  0.576828   -0.43276   0.00753125
-0.781056  0.576828   -0.43276   0.006693  
-0.781056  0.576828   -0.43276   0.0154055 
-0.781056  0.576828   -0.43276   0.00978036
-0.742666  0.565756   -0.418184  0.00753108
-0.805678  0.586396   -0.432699  0.00942628
-0.728166  0.570747   -0.416302  0.00692907
-0.711501  0.646904   -0.409541  0.0150258 
-0.797032  0.728212   -0.390926  0.00731183
-0.710954  0.654818   -0.405202  0.0121849 
-0.777186  0.724536   -0.396377  0.0204281 
-0.777186  0.724536   -0.396377  0.00797395
-0.748204  0.661405   -0.434599  0.0193472 
-0.748204  0.661405   -0.434599  0.00988963
-0.748204  0.661405   -0.434599  0.00803365
-0.748204  0.661405   -0.434599  0.00985994
-0.748204  0.661405   -0.434599  0.00816739
-0.748204  0.661405   -0.434599  0.00786183
-0.748204  0.661405   -0.434599  0.0144956 
-0.796827  0.663193   -0.412496  0.00574532
-0.770429  0.642998   -0.450016  0.00695913
-0.770429  0.642998   -0.450016  0.00980647
-0.770429  0.642998   -0.450016  0.011683  
-0.770429  0.642998   -0.450016  0.0114565 
-0.770429  0.642998   -0.450016  0.0179846 
-0.770429  0.642998   -0.450016  0.0103448 
-0.770429  0.642998   -0.450016  0.00742644
-0.758915  0.589473   -0.42528   0.00842555
-0.742951  0.574954   -0.403756  0.00726349
-0.729874  0.595326   -0.42246   0.00815675
-0.715678  0.638035   -0.416708  0.0142741 
-0.715678  0.638035   -0.416708  0.00794941
-0.681682  0.612124   -0.379069  0.0128739 
-0.681682  0.612124   -0.379069  0.00917981
-0.681682  0.612124   -0.379069  0.0107915 
-0.681682  0.612124   -0.379069  0.0154656 
-0.681682  0.612124   -0.379069  0.0137055 
-0.730751  0.528825   -0.352204  0.00601981
-0.738491  0.607288   -0.431709  0.00855767
-0.778208  0.573363   -0.427016  0.00837724
-0.848159  0.599762   -0.419858  0.0122431 
-0.848159  0.599762   -0.419858  0.0153655 
-0.848159  0.599762   -0.419858  0.0107644 
-0.848159  0.599762   -0.419858  0.00992971
-0.848159  0.599762   -0.419858  0.0111558 
-0.778215  0.692854   -0.42318   0.00940067
-0.757673  0.664873   -0.430826  0.00697137
-0.77384   0.597984   -0.431707  0.0139351 
-0.772023  0.531118   -0.365761  0.0182386 
-0.772023  0.531118   -0.365761  0.021367  
-0.772023  0.531118   -0.365761  0.0141151 
-0.842058  0.533064   -0.365774  0.0128531 
-0.908659  0.605147   -0.386267  0.0105648 
-0.935958  0.55905    -0.34184   0.013108  
-0.904529  0.535785   -0.330608  0.0177323 
-0.904529  0.535785   -0.330608  0.0315705 
-0.904529  0.535785   -0.330608  0.0181897 
-0.904529  0.535785   -0.330608  0.0226445 
-0.904529  0.535785   -0.330608  0.0210577 
-0.904529  0.535785   -0.330608  0.0171802 
-0.904529  0.535785   -0.330608  0.0212418 
-0.904529  0.535785   -0.330608  0.0130696 
-0.904529  0.535785   -0.330608  0.0078739 
-0.860133  0.591976   -0.431381  0.0126302 
-0.860133  0.591976   -0.431381  0.0134717 
-0.774205  0.635335   -0.411176  0.00900891
-0.721747  0.666558   -0.407574  0.009352  
-0.721747  0.666558   -0.407574  0.012926  
-0.816091  0.696115   -0.399751  0.0084403 
-0.823142  0.657257   -0.431301  0.00849147
-0.724254  0.574133   -0.399182  0.0185351 
-0.724254  0.574133   -0.399182  0.00646336
-0.770824  0.605408   -0.439437  0.0136025 
-0.770824  0.605408   -0.439437  0.0116189 
-0.756858  0.642261   -0.426879  0.00688527
-0.750779  0.599042   -0.439138  0.0148546 
-0.750779  0.599042   -0.439138  0.00696196
-0.750779  0.599042   -0.439138  0.00862926
-0.750779  0.599042   -0.439138  0.0104447 
-0.750779  0.599042   -0.439138  0.0114113 
-0.750779  0.599042   -0.439138  0.00916657
-0.750779  0.599042   -0.439138  0.0102167 
-0.750779  0.599042   -0.439138  0.0112347 
-0.779592  0.685386   -0.422744  0.0162952 
-0.779592  0.685386   -0.422744  0.0119608 
-0.761209  0.731401   -0.393233  0.0170902 
-0.702616  0.726269   -0.374503  0.0192759 
-0.702616  0.726269   -0.374503  0.0214082 
-0.745796  0.8029     -0.299753  0.0236502 
-0.76266   0.82614    -0.310516  0.0309613 
-0.76266   0.82614    -0.310516  0.0593993 
-0.76266   0.82614    -0.310516  0.0239718 
-0.841987  0.794575   -0.297269  0.0234421 
-0.768446  0.771432   -0.341166  0.0177801 
-0.803516  0.728789   -0.376448  0.0191664 
-0.841801  0.724114   -0.381859  0.0140269 
-0.77241   0.704301   -0.392657  0.0180834 
-0.770296  0.763802   -0.343069  0.0233841 
-0.823441  0.694691   -0.386451  0.0194093 
-0.88645   0.667028   -0.373783  0.0275134 
-0.88645   0.667028   -0.373783  0.00697144
-0.815762  0.620024   -0.449777  0.0079924 
-0.815762  0.620024   -0.449777  0.0108458 
-0.815762  0.620024   -0.449777  0.00655808
-0.80894   0.607353   -0.439876  0.00756533
-0.80894   0.607353   -0.439876  0.0080374 
-0.833081  0.623569   -0.441284  0.0225103 
-0.833081  0.623569   -0.441284  0.0133445 
-0.833081  0.623569   -0.441284  0.0141566 
-0.833081  0.623569   -0.441284  0.0100797 
-0.757286  0.558963   -0.408338  0.0075911 
-0.672604  0.634254   -0.397536  0.0110607 
-0.770914  0.713545   -0.406323  0.00671444
-0.852901  0.631458   -0.446646  0.0101258 
-0.802829  0.694626   -0.440254  0.013951  
-0.771176  0.678647   -0.404791  0.0091643 
-0.771176  0.678647   -0.404791  0.00764469
-0.825447  0.61371    -0.446636  0.00836762
-0.825447  0.61371    -0.446636  0.0108864 
-0.825447  0.61371    -0.446636  0.00803335
-0.726041  0.695577   -0.429188  0.00872271
-0.726041  0.695577   -0.429188  0.0117402 
-0.726041  0.695577   -0.429188  0.00769908
-0.769126  0.607358   -0.450228  0.0118803 
-0.769126  0.607358   -0.450228  0.011826  
-0.819926  0.640682   -0.435218  0.00857684
-0.913864  0.599938   -0.401746  0.0213716 
-0.913864  0.599938   -0.401746  0.00903301
-0.946145  0.59274    -0.365034  0.0190637 
-0.946145  0.59274    -0.365034  0.0264494 
-0.946145  0.59274    -0.365034  0.0208547 
-0.946145  0.59274    -0.365034  0.0194187 
-0.946145  0.59274    -0.365034  0.0106858 
-0.946145  0.59274    -0.365034  0.0185818 
-0.946145  0.59274    -0.365034  0.0167841 
-0.934174  0.664061   -0.355224  0.00924198
-0.886845  0.575776   -0.400297  0.015099  
-0.886845  0.575776   -0.400297  0.0162174 
-0.886845  0.575776   -0.400297  0.0139268 
-0.886845  0.575776   -0.400297  0.00902581
-0.791972  0.644172   -0.438658  0.0196871 
-0.791972  0.644172   -0.438658  0.00656128
-0.758462  0.610578   -0.436132  0.0168939 
-0.758462  0.610578   -0.436132  0.00908532
-0.758462  0.610578   -0.436132  0.0104199 
-0.758462  0.610578   -0.436132  0.00835639
-0.849088  0.601576   -0.42962   0.00806775
-0.778164  0.654676   -0.437262  0.00943594
-0.743935  0.563837   -0.428062  0.00978299
-0.692995  0.649176   -0.400808  0.0151489 
-0.777767  0.724983   -0.390297  0.00722009
-0.763637  0.648993   -0.434794  0.00699647
-0.73313   0.627148   -0.422769  0.0128673 
-0.73313   0.627148   -0.422769  0.00652977
-0.740664  0.597524   -0.428948  0.00849687
-0.740664  0.597524   -0.428948  0.00743087
-0.740924  0.664815   -0.431893  0.0162531 
-0.740924  0.664815   -0.431893  0.0104949 
-0.740924  0.664815   -0.431893  0.0162104 
-0.740924  0.664815   -0.431893  0.00910743
-0.718872  0.573642   -0.420118  0.0108035 
-0.718872  0.573642   -0.420118  0.0192741 
-0.718872  0.573642   -0.420118  0.00774599
-0.778723  0.659499   -0.43048   0.0172572 
-0.813723  0.702307   -0.394083  0.0212996 
-0.788801  0.783627   -0.340534  0.0388179 
-0.788801  0.783627   -0.340534  0.0108012 
-0.729847  0.710075   -0.398462  0.00808865
-0.66802   0.61454    -0.387073  0.00825012
-0.749125  0.579568   -0.43221   0.00790403
-0.749125  0.579568   -0.43221   0.0193715 
-0.749125  0.579568   -0.43221   0.0131596 
-0.749125  0.579568   -0.43221   0.0203105 
-0.749125  0.579568   -0.43221   0.0143175 
-0.749125  0.579568   -0.43221   0.0117432 
-0.749125  0.579568   -0.43221   0.0155192 
-0.749125  0.579568   -0.43221   0.0062804 
-0.759905  0.648276   -0.445166  0.00948412
-0.759905  0.648276   -0.445166  0.010639  
-0.759905  0.648276   -0.445166  0.00609971
-0.777978  0.609972   -0.444736  0.00801963
-0.777978  0.609972   -0.444736  0.00839268
-0.826362  0.576806   -0.436253  0.00672107
-0.804406  0.619178   -0.45082   0.00884548
-0.804406  0.619178   -0.45082   0.01324   
-0.804406  0.619178   -0.45082   0.0110845 
-0.826353  0.679558   -0.422926  0.00775324
-0.821649  0.583275   -0.437298  0.00893521
-0.838638  0.628599   -0.439884  0.00796939
-0.838638  0.628599   -0.439884  0.0133731 
-0.838638  0.628599   -0.439884  0.0073183 
-0.762234  0.598461   -0.431039  0.00682288
-0.751761  0.665543   -0.436211  0.0118576 
-0.751761  0.665543   -0.436211  0.0142587 
-0.751761  0.665543   -0.436211  0.00704312
-0.773522  0.594018   -0.446393  0.0111295 
-0.773522  0.594018   -0.446393  0.00907421
-0.773522  0.594018   -0.446393  0.0114968 
-0.773522  0.594018   -0.446393  0.0123409 
-0.773522  0.594018   -0.446393  0.0121787 
-0.773522  0.594018   -0.446393  0.00795603
-0.773522  0.594018   -0.446393  0.0157394 
-0.773522  0.594018   -0.446393  0.0109255 
-0.773522  0.594018   -0.446393  0.0060472 
-0.827811  0.610082   -0.450693  0.0161937 
-0.827811  0.610082   -0.450693  0.0081894 
-0.778497  0.609371   -0.437187  0.00904823
-0.778497  0.609371   -0.437187  0.0113713 
-0.778497  0.609371   -0.437187  0.0165906 
-0.778497  0.609371   -0.437187  0.00754737
-0.762602  0.649252   -0.432477  0.00885867
-0.762602  0.649252   -0.432477  0.0134795 
-0.762602  0.649252   -0.432477  0.00901125
-0.762602  0.649252   -0.432477  0.0104248 
-0.786598  0.559692   -0.421359  0.00729544
-0.809484  0.646773   -0.450782  0.0103815 
-0.809484  0.646773   -0.450782  0.0283776 
-0.809484  0.646773   -0.450782  0.00998574
-0.809484  0.646773   -0.450782  0.00718513
-0.809484  0.646773   -0.450782  0.00674389
-0.809484  0.646773   -0.450782  0.00935571
-0.809484  0.646773   -0.450782  0.0191389 
-0.809484  0.646773   -0.450782  0.0102649 
-0.809484  0.646773   -0.450782  0.00880024
-0.809484  0.646773   -0.450782  0.0137903 
-0.809484  0.646773   -0.450782  0.00932824
-0.809484  0.646773   -0.450782  0.0119252 
-0.809484  0.646773   -0.450782  0.0232185 
-0.809484  0.646773   -0.450782  0.023096  
-0.809484  0.646773   -0.450782  0.0116014 
-0.846757  0.550042   -0.393369  0.0266538 
-0.846757  0.550042   -0.393369  0.018529  
-0.846757  0.550042   -0.393369  0.0160874 
-0.846757  0.550042   -0.393369  0.00890697
-0.789014  0.570613   -0.415524  0.0105312 
-0.846818  0.558964   -0.421456  0.00878246
-0.860764  0.608004   -0.438837  0.0137098 
-0.860764  0.608004   -0.438837  0.0149805 
-0.860764  0.608004   -0.438837  0.0121459 
-0.860764  0.608004   -0.438837  0.00956533
-0.860764  0.608004   -0.438837  0.0128748 
-0.860764  0.608004   -0.438837  0.0204302 
-0.860764  0.608004   -0.438837  0.0131859 
-0.819889  0.686409   -0.405079  0.0296368 
-0.819889  0.686409   -0.405079  0.0314502 
-0.819889  0.686409   -0.405079  0.0102326 
-0.9081    0.617664   -0.403999  0.0156359 
-0.9081    0.617664   -0.403999  0.0347407 
-0.9081    0.617664   -0.403999  0.014222  
-0.9081    0.617664   -0.403999  0.00758154
-0.837377  0.593437   -0.43852   0.00797003
-0.81229   0.586603   -0.442354  0.0147517 
-0.81229   0.586603   -0.442354  0.0224584 
-0.81229   0.586603   -0.442354  0.0102068 
-0.805346  0.559124   -0.407849  0.00961245
-0.805346  0.559124   -0.407849  0.0216303 
-0.805346  0.559124   -0.407849  0.015366  
-0.805346  0.559124   -0.407849  0.00936893
-0.877113  0.5802     -0.405103  0.0105313 
-0.777614  0.556522   -0.423435  0.00708582
-0.838595  0.601148   -0.443539  0.0119809 
-0.838595  0.601148   -0.443539  0.0133216 
-0.838595  0.601148   -0.443539  0.011223  
-0.838595  0.601148   -0.443539  0.0127338 
-0.838595  0.601148   -0.443539  0.013833  
-0.838595  0.601148   -0.443539  0.0127882 
-0.899357  0.632258   -0.396738  0.0113396 
-0.899357  0.632258   -0.396738  0.0131876 
-0.899357  0.632258   -0.396738  0.031378  
-0.899357  0.632258   -0.396738  0.0130306 
-0.823896  0.540058   -0.380824  0.007269  
-0.830242  0.590741   -0.440847  0.0138675 
-0.830242  0.590741   -0.440847  0.0152415 
-0.830242  0.590741   -0.440847  0.0101716 
-0.739424  0.55703    -0.402618  0.0129148 
-0.746648  0.537943   -0.401631  0.00666905
-0.809653  0.602498   -0.451585  0.0110637 
-0.809653  0.602498   -0.451585  0.0107699 
-0.809653  0.602498   -0.451585  0.0118556 
-0.772327  0.545989   -0.398236  0.0203372 
-0.772327  0.545989   -0.398236  0.0088593 
-0.772327  0.545989   -0.398236  0.0173833 
-0.772327  0.545989   -0.398236  0.00750172
-0.703168  0.603508   -0.404693  0.00730566
-0.773877  0.588573   -0.432992  0.00709542
-0.816553  0.585643   -0.43447   0.00873161
-0.756573  0.569906   -0.419118  0.0188027 
-0.756573  0.569906   -0.419118  0.0179593 
-0.756573  0.569906   -0.419118  0.00984896
-0.833159  0.560753   -0.403905  0.0120288 
-0.833159  0.560753   -0.403905  0.00560984
-0.787342  0.625101   -0.451656  0.00744572
-0.787342  0.625101   -0.451656  0.0074056 
-0.730012  0.678369   -0.432858  0.00728296
-0.769591  0.591929   -0.442686  0.0152751 
-0.769591  0.591929   -0.442686  0.00795123
-0.735387  0.594612   -0.435702  0.00984116
-0.735387  0.594612   -0.435702  0.0137511 
-0.762905  0.672295   -0.408635  0.00781525
-0.69186   0.649143   -0.40739   0.00901212
-0.676526  0.680955   -0.387757  0.0129228 
-0.667772  0.730787   -0.35914   0.0184702 
-0.749149  0.76673    -0.374994  0.0316609 
-0.710726  0.801374   -0.307887  0.0234898 
-0.799797  0.766664   -0.3305    0.0329227 
-0.795654  0.818893   -0.255006  0.0339936 
-0.795654  0.818893   -0.255006  0.0153156 
-0.721716  0.732419   -0.383877  0.010359  
-0.660295  0.64987    -0.385443  0.0110171 
-0.660295  0.64987    -0.385443  0.0109123 
-0.741893  0.553899   -0.407403  0.0220297 
-0.741893  0.553899   -0.407403  0.0268893 
-0.741893  0.553899   -0.407403  0.0096605 
-0.741893  0.553899   -0.407403  0.0143587 
-0.741893  0.553899   -0.407403  0.0127981 
-0.741893  0.553899   -0.407403  0.00700977
-0.804168  0.595125   -0.443017  0.0125285 
-0.804168  0.595125   -0.443017  0.00814016
-0.823271  0.638123   -0.451032  0.0124939 
-0.823271  0.638123   -0.451032  0.0207514 
-0.823271  0.638123   -0.451032  0.0240501 
-0.823271  0.638123   -0.451032  0.0178324 
-0.823271  0.638123   -0.451032  0.00734996
-0.823271  0.638123   -0.451032  0.00818597
-0.787638  0.577167   -0.44573   0.013259  
-0.787638  0.577167   -0.44573   0.00864134
-0.787638  0.577167   -0.44573   0.0137445 
-0.787638  0.577167   -0.44573   0.00610874
-0.759875  0.629361   -0.442996  0.0156204 
-0.759875  0.629361   -0.442996  0.0111903 
-0.765062  0.551826   -0.401636  0.00741711
-0.698302  0.590135   -0.398473  0.00999911
-0.746506  0.67837    -0.427206  0.00805973
-0.746506  0.67837    -0.427206  0.0233492 
-0.746506  0.67837    -0.427206  0.0271986 
-0.746506  0.67837    -0.427206  0.0112402 
-0.746506  0.67837    -0.427206  0.00825819
-0.746506  0.67837    -0.427206  0.00610042
-0.75832   0.635014   -0.442193  0.0289293 
-0.75832   0.635014   -0.442193  0.0078434 
-0.75832   0.635014   -0.442193  0.0120046 
-0.75832   0.635014   -0.442193  0.00785738
-0.696673  0.599618   -0.418422  0.00748907
-0.696673  0.599618   -0.418422  0.0164421 
-0.696673  0.599618   -0.418422  0.00728313
-0.779254  0.610429   -0.43036   0.0115552 
-0.779254  0.610429   -0.43036   0.00891544
-0.808555  0.589498   -0.425768  0.00782168
-0.781925  0.598241   -0.440461  0.006375  
-0.717609  0.617586   -0.437918  0.00765769
-0.759812  0.671076   -0.431445  0.00946743
-0.759812  0.671076   -0.431445  0.0166289 
-0.759812  0.671076   -0.431445  0.00777516
-0.767359  0.639636   -0.438173  0.00860078
-0.767359  0.639636   -0.438173  0.0166061 
-0.767359  0.639636   -0.438173  0.0117264 
-0.767359  0.639636   -0.438173  0.00906855
-0.767359  0.639636   -0.438173  0.00590189
-0.770328  0.653384   -0.451554  0.00868163
-0.676636  0.589255   -0.390601  0.0107247 
-0.676636  0.589255   -0.390601  0.0174388 
-0.676636  0.589255   -0.390601  0.0110429 
-0.735523  0.550142   -0.382286  0.00692433
-0.794452  0.592975   -0.437355  0.0164375 
-0.794452  0.592975   -0.437355  0.00830597
-0.821871  0.650402   -0.438501  0.00939874
-0.821871  0.650402   -0.438501  0.0106106 
-0.892498  0.652556   -0.410565  0.0101562 
-0.892498  0.652556   -0.410565  0.0146861 
-0.839111  0.698076   -0.39766   0.019942  
-0.75108   0.701203   -0.383825  0.00868753
-0.75108   0.701203   -0.383825  0.0295525 
-0.75108   0.701203   -0.383825  0.0105873 
-0.775119  0.664131   -0.429243  0.00909958
-0.756455  0.666932   -0.422883  0.00904059
-0.756455  0.666932   -0.422883  0.0149957 
-0.793692  0.673667   -0.414495  0.023094  
-0.793692  0.673667   -0.414495  0.00772819
-0.823499  0.662994   -0.437584  0.00805703
-0.823499  0.662994   -0.437584  0.00746059
-0.829927  0.595714   -0.438343  0.00861341
-0.800844  0.589388   -0.444964  0.0163504 
-0.800844  0.589388   -0.444964  0.00920532
-0.894614  0.584553   -0.407993  0.0111801 
-0.90755   0.550843   -0.351624  0.0107529 
-0.898114  0.577668   -0.393192  0.00782853
-0.850971  0.620589   -0.447357  0.0126822 
-0.850971  0.620589   -0.447357  0.00885019
-0.872785  0.635076   -0.430601  0.00896914
-0.895338  0.60569    -0.409701  0.0145385 
-0.895338  0.60569    -0.409701  0.00718538
-0.820771  0.590676   -0.459292  0.0133734 
-0.820771  0.590676   -0.459292  0.00675851
-0.754562  0.595344   -0.42482   0.00899896
-0.838032  0.587283   -0.41916   0.0107716 
-0.766463  0.554227   -0.426733  0.0143568 
-0.83512   0.534291   -0.398914  0.0252483 
-0.83512   0.534291   -0.398914  0.0311229 
-0.83512   0.534291   -0.398914  0.0225345 
-0.83512   0.534291   -0.398914  0.0289084 
-0.83512   0.534291   -0.398914  0.0117561 
-0.83512   0.534291   -0.398914  0.00899245
-0.781002  0.569393   -0.431292  0.017319  
-0.781002  0.569393   -0.431292  0.0191556 
-0.781002  0.569393   -0.431292  0.0109876 
-0.781002  0.569393   -0.431292  0.0152757 
-0.781002  0.569393   -0.431292  0.0168522 
-0.781002  0.569393   -0.431292  0.0088599 
-0.822798  0.57494    -0.430158  0.0106661 
-0.910465  0.586817   -0.380185  0.013312  
-0.889146  0.6421     -0.399594  0.00844874
-0.882144  0.603819   -0.415428  0.00883398
-0.804949  0.654628   -0.435827  0.0227405 
-0.804949  0.654628   -0.435827  0.00718712
-0.789341  0.590365   -0.445366  0.0103608 
-0.743021  0.557202   -0.417903  0.00557654
-0.735407  0.635798   -0.437011  0.010373  
-0.825245  0.557317   -0.405671  0.0132279 
-0.825245  0.557317   -0.405671  0.00767203
-0.804899  0.594049   -0.447049  0.00754795
-0.722861  0.59042    -0.423409  0.00920599
-0.722861  0.59042    -0.423409  0.0116938 
-0.768793  0.543639   -0.38647   0.0156879 
-0.768793  0.543639   -0.38647   0.00784394
-0.696097  0.634404   -0.401549  0.0128378 
-0.696097  0.634404   -0.401549  0.00944614
-0.696097  0.634404   -0.401549  0.00854205
-0.662291  0.663174   -0.397851  0.0101944 
-0.662291  0.663174   -0.397851  0.00770196
-0.66412   0.623502   -0.372464  0.0111834 
-0.66412   0.623502   -0.372464  0.0078346 
-0.665248  0.633393   -0.382353  0.0065056 
-0.741942  0.633829   -0.429311  0.00894814
-0.711336  0.693588   -0.40149   0.0111712 
-0.711336  0.693588   -0.40149   0.00683742
-0.754604  0.632612   -0.435078  0.00876597
-0.6628    0.675923   -0.402905  0.0116721 
-0.6628    0.675923   -0.402905  0.0079706 
-0.668236  0.635023   -0.388994  0.0108773 
-0.753797  0.666168   -0.424866  0.00727224
-0.753797  0.666168   -0.424866  0.00921739
-0.815964  0.568499   -0.440262  0.0203808 
-0.815964  0.568499   -0.440262  0.0202577 
-0.815964  0.568499   -0.440262  0.013839  
-0.837877  0.531134   -0.367789  0.0212771 
-0.837877  0.531134   -0.367789  0.00833415
-0.872911  0.620398   -0.431206  0.00836313
-0.872911  0.620398   -0.431206  0.0102113 
-0.872911  0.620398   -0.431206  0.0159318 
-0.872911  0.620398   -0.431206  0.0126085 
-0.872911  0.620398   -0.431206  0.0102702 
-0.872911  0.620398   -0.431206  0.00882688
-0.889224  0.603815   -0.427108  0.0148306 
-0.889224  0.603815   -0.427108  0.00946842
-0.872841  0.64661    -0.444042  0.00950388
-0.872841  0.64661    -0.444042  0.0111418 
-0.872841  0.64661    -0.444042  0.010496  
-0.872841  0.64661    -0.444042  0.00897792
-0.798948  0.571903   -0.437574  0.011571  
-0.833405  0.671622   -0.427657  0.00660172
-0.821603  0.621314   -0.44628   0.0126801 
-0.811394  0.54336    -0.424359  0.0198803 
-0.811394  0.54336    -0.424359  0.012129  
-0.811394  0.54336    -0.424359  0.00679718
-0.751584  0.630908   -0.425825  0.0132962 
-0.751584  0.630908   -0.425825  0.010448  
-0.751584  0.630908   -0.425825  0.0102634 
-0.818622  0.557113   -0.431247  0.00637902
-0.809737  0.618271   -0.44762   0.0137424 
-0.809737  0.618271   -0.44762   0.0114998 
-0.809737  0.618271   -0.44762   0.0144339 
-0.809737  0.618271   -0.44762   0.0136668 
-0.809737  0.618271   -0.44762   0.019788  
-0.899051  0.664055   -0.365784  0.0121978 
-0.875658  0.648291   -0.414447  0.012113  
-0.875658  0.648291   -0.414447  0.0099298 
-0.875658  0.648291   -0.414447  0.0203842 
-0.875658  0.648291   -0.414447  0.013822  
-0.875658  0.648291   -0.414447  0.00654325
-0.790817  0.635517   -0.4426    0.0363456 
-0.790817  0.635517   -0.4426    0.00795001
-0.691759  0.662907   -0.39481   0.0116444 
-0.691759  0.662907   -0.39481   0.0120672 
-0.639893  0.734405   -0.370281  0.0197447 
-0.639893  0.734405   -0.370281  0.0271664 
-0.738258  0.754562   -0.338592  0.0352975 
-0.738258  0.754562   -0.338592  0.0137959 
-0.79774   0.699174   -0.418044  0.00748828
-0.701604  0.650903   -0.416795  0.0187917 
-0.701604  0.650903   -0.416795  0.0153545 
-0.701604  0.650903   -0.416795  0.00970155
-0.701604  0.650903   -0.416795  0.0106078 
-0.778214  0.70818    -0.428851  0.0126578 
-0.778214  0.70818    -0.428851  0.0316465 
-0.778214  0.70818    -0.428851  0.0105426 
-0.768472  0.7053     -0.423178  0.0356053 
-0.768472  0.7053     -0.423178  0.0203645 
-0.768472  0.7053     -0.423178  0.00945386
-0.867645  0.654611   -0.437839  0.0237013 
-0.867645  0.654611   -0.437839  0.00763439
-0.856892  0.61244    -0.442635  0.0125759 
-0.855276  0.637875   -0.426416  0.00906023
-0.855276  0.637875   -0.426416  0.0173082 
-0.855276  0.637875   -0.426416  0.007297  
-0.799243  0.651414   -0.447551  0.00835134
-0.799243  0.651414   -0.447551  0.0105705 
-0.799243  0.651414   -0.447551  0.0244129 
-0.799243  0.651414   -0.447551  0.00903837
-0.731905  0.664102   -0.410649  0.00865386
-0.731905  0.664102   -0.410649  0.0127633 
-0.803052  0.690225   -0.415779  0.00838633
-0.722858  0.668884   -0.406502  0.0224323 
-0.722858  0.668884   -0.406502  0.00923472
-0.752448  0.618979   -0.425469  0.0105365 
-0.707454  0.550642   -0.372051  0.023201  
-0.707454  0.550642   -0.372051  0.01385   
-0.791142  0.533622   -0.37375   0.00729607
-0.706164  0.610911   -0.413048  0.0077179 
-0.728491  0.582179   -0.414882  0.00776225
-0.823048  0.633423   -0.458109  0.0107856 
-0.823048  0.633423   -0.458109  0.0157633 
-0.823048  0.633423   -0.458109  0.0111175 
-0.847935  0.61075    -0.421679  0.0098629 
-0.847935  0.61075    -0.421679  0.0114189 
-0.847935  0.61075    -0.421679  0.00882196
-0.865005  0.580262   -0.419555  0.0151761 
-0.865005  0.580262   -0.419555  0.00908673
-0.902008  0.592417   -0.418104  0.012569  
-0.902008  0.592417   -0.418104  0.0125749 
-0.902008  0.592417   -0.418104  0.0163416 
-0.902008  0.592417   -0.418104  0.0204881 
-0.902008  0.592417   -0.418104  0.00931713
-0.834052  0.569543   -0.40579   0.0174108 
-0.834052  0.569543   -0.40579   0.0110651 
-0.810585  0.554991   -0.405874  0.02563   
-0.810585  0.554991   -0.405874  0.0104918 
-0.87757   0.6482     -0.424896  0.0380723 
-0.87757   0.6482     -0.424896  0.0254828 
-0.87757   0.6482     -0.424896  0.0168594 
-0.87757   0.6482     -0.424896  0.00999492
-0.926359  0.573633   -0.359541  0.012662  
-0.926359  0.573633   -0.359541  0.015838  
-0.926359  0.573633   -0.359541  0.0201747 
-0.926359  0.573633   -0.359541  0.0096951 
-0.896942  0.604723   -0.407603  0.00610109
-0.800603  0.622678   -0.449162  0.0121424 
-0.800603  0.622678   -0.449162  0.00834305
-0.853923  0.585573   -0.442165  0.0216954 
-0.853923  0.585573   -0.442165  0.00717116
-0.809429  0.604132   -0.445234  0.00708313
-0.753611  0.65205    -0.436565  0.00746451
-0.6729    0.633167   -0.398588  0.0158191 
-0.70404   0.719318   -0.372922  0.0410508 
-0.70404   0.719318   -0.372922  0.0156523 
-0.784275  0.76186    -0.362304  0.017578  
-0.784275  0.76186    -0.362304  0.0317986 
-0.784275  0.76186    -0.362304  0.0402935 
-0.784275  0.76186    -0.362304  0.031068  
-0.784275  0.76186    -0.362304  0.0104538 
-0.814945  0.671705   -0.434995  0.00885018
-0.814945  0.671705   -0.434995  0.00616466
-0.747983  0.632835   -0.428661  0.00983355
-0.7253    0.563391   -0.415355  0.012236  
-0.814115  0.542577   -0.384244  0.0279144 
-0.814115  0.542577   -0.384244  0.0104049 
-0.760732  0.556734   -0.411787  0.0227826 
-0.760732  0.556734   -0.411787  0.0135764 
-0.760732  0.556734   -0.411787  0.0145759 
-0.760732  0.556734   -0.411787  0.0272765 
-0.760732  0.556734   -0.411787  0.0226246 
-0.760732  0.556734   -0.411787  0.0130561 
-0.760732  0.556734   -0.411787  0.0179606 
-0.760732  0.556734   -0.411787  0.0267186 
-0.760732  0.556734   -0.411787  0.00596922
-0.763371  0.612432   -0.458564  0.00842376
-0.763371  0.612432   -0.458564  0.00859989
-0.763371  0.612432   -0.458564  0.0105667 
-0.763371  0.612432   -0.458564  0.00743857
-0.763371  0.612432   -0.458564  0.00970354
-0.763371  0.612432   -0.458564  0.00969598
-0.763371  0.612432   -0.458564  0.011723  
-0.763371  0.612432   -0.458564  0.0113611 
-0.763371  0.612432   -0.458564  0.00861268
-0.763371  0.612432   -0.458564  0.00701008
-0.763371  0.612432   -0.458564  0.0127886 
-0.763371  0.612432   -0.458564  0.0101978 
-0.763371  0.612432   -0.458564  0.0155999 
-0.763371  0.612432   -0.458564  0.00758932
-0.763371  0.612432   -0.458564  0.00682901
-0.801339  0.626299   -0.440437  0.00794211
-0.805283  0.673059   -0.43743   0.0280659 
-0.805283  0.673059   -0.43743   0.0116518 
-0.805283  0.673059   -0.43743   0.00595134
-0.772561  0.608041   -0.441775  0.00929573
-0.772561  0.608041   -0.441775  0.00724978
-0.772561  0.608041   -0.441775  0.0124516 
-0.772561  0.608041   -0.441775  0.0108684 
-0.772561  0.608041   -0.441775  0.0111279 
-0.772561  0.608041   -0.441775  0.00977665
-0.772561  0.608041   -0.441775  0.0106158 
-0.751752  0.659812   -0.428467  0.00726042
-0.760305  0.606496   -0.434642  0.00672817
-0.760305  0.606496   -0.434642  0.0145164 
-0.760305  0.606496   -0.434642  0.0163587 
-0.760305  0.606496   -0.434642  0.0097004 
-0.824348  0.563081   -0.417386  0.00819643
-0.843764  0.581304   -0.417456  0.0121448 
-0.843764  0.581304   -0.417456  0.00965264
-0.884317  0.62953    -0.425854  0.00860057
-0.858957  0.57934    -0.423346  0.022209  
-0.858957  0.57934    -0.423346  0.0189968 
-0.858957  0.57934    -0.423346  0.00899915
-0.893631  0.586998   -0.399775  0.0102916 
-0.893631  0.586998   -0.399775  0.00966243
-0.84261   0.656866   -0.429199  0.00893236
-0.881511  0.615246   -0.41591   0.0109852 
-0.812533  0.667644   -0.4272    0.0112541 
-0.879826  0.6586     -0.414906  0.0145904 
-0.892467  0.633799   -0.404249  0.0165418 
-0.892467  0.633799   -0.404249  0.0122169 
-0.892467  0.633799   -0.404249  0.0090545 
-0.887703  0.5905     -0.412348  0.0147667 
-0.887703  0.5905     -0.412348  0.012072  
-0.887703  0.5905     -0.412348  0.0116787 
-0.887703  0.5905     -0.412348  0.0136277 
-0.887703  0.5905     -0.412348  0.00681459
-0.808293  0.603995   -0.442455  0.0178273 
-0.808293  0.603995   -0.442455  0.0133696 
-0.877148  0.634247   -0.416283  0.0187112 
-0.877148  0.634247   -0.416283  0.0251984 
-0.877148  0.634247   -0.416283  0.0151106 
-0.877148  0.634247   -0.416283  0.0245405 
-0.8201    0.680638   -0.389414  0.0246822 
-0.8201    0.680638   -0.389414  0.0110427 
-0.872152  0.651132   -0.41852   0.0211534 
-0.872152  0.651132   -0.41852   0.00982247
-0.872152  0.651132   -0.41852   0.0192639 
-0.872152  0.651132   -0.41852   0.0137156 
-0.872152  0.651132   -0.41852   0.00844446
-0.782963  0.664351   -0.437017  0.00799019
-0.782963  0.664351   -0.437017  0.00952183
-0.782963  0.664351   -0.437017  0.00770954
-0.749926  0.64595    -0.435685  0.00886979
-0.749926  0.64595    -0.435685  0.00838074
-0.749926  0.64595    -0.435685  0.00659817
-0.800675  0.61801    -0.440717  0.0131505 
-0.800675  0.61801    -0.440717  0.00823953
-0.800675  0.61801    -0.440717  0.0086025 
-0.867779  0.58192    -0.429098  0.0160823 
-0.867779  0.58192    -0.429098  0.0073002 
-0.820533  0.631376   -0.448658  0.00849808
-0.820533  0.631376   -0.448658  0.0155633 
-0.820533  0.631376   -0.448658  0.0170853 
-0.820533  0.631376   -0.448658  0.00850186
-0.820533  0.631376   -0.448658  0.0102169 
-0.820533  0.631376   -0.448658  0.0110202 
-0.820533  0.631376   -0.448658  0.0091488 
-0.820533  0.631376   -0.448658  0.0126335 
-0.820533  0.631376   -0.448658  0.0136149 
-0.813191  0.699267   -0.42165   0.0100537 
-0.777915  0.666487   -0.42772   0.00973049
-0.76209   0.682128   -0.419714  0.00831738
-0.76209   0.682128   -0.419714  0.0187107 
-0.76209   0.682128   -0.419714  0.00751261
-0.75409   0.603855   -0.441398  0.013405  
-0.75409   0.603855   -0.441398  0.00725039
-0.698726  0.633433   -0.42061   0.00629752
-0.746809  0.62359    -0.436959  0.013959  
-0.746809  0.62359    -0.436959  0.00719049
-0.746809  0.62359    -0.436959  0.00921019
-0.746809  0.62359    -0.436959  0.00852111
-0.746809  0.62359    -0.436959  0.013357  
-0.771071  0.684325   -0.412     0.022056  
-0.803943  0.759402   -0.340263  0.0292291 
-0.803943  0.759402   -0.340263  0.0317021 
-0.803943  0.759402   -0.340263  0.00974242
-0.852037  0.665017   -0.422689  0.0121635 
-0.852037  0.665017   -0.422689  0.0282634 
-0.852037  0.665017   -0.422689  0.0242161 
-0.852037  0.665017   -0.422689  0.0066968 
-0.809244  0.606526   -0.446687  0.00912954
-0.897653  0.595092   -0.415663  0.0154993 
-0.897653  0.595092   -0.415663  0.0153168 
-0.897653  0.595092   -0.415663  0.0129502 
-0.890694  0.662912   -0.405203  0.0138052 
-0.874773  0.619909   -0.415939  0.00956639
-0.874773  0.619909   -0.415939  0.00855112
-0.79045   0.679877   -0.435631  0.0083385 
-0.8233    0.584285   -0.442428  0.00851825
-0.840959  0.609112   -0.434231  0.00700447
-0.749367  0.607311   -0.438617  0.0158254 
-0.749367  0.607311   -0.438617  0.00615039
-0.786197  0.642552   -0.44973   0.00804144
-0.715782  0.650284   -0.415266  0.00884281
-0.744806  0.654485   -0.415121  0.0168656 
-0.744806  0.654485   -0.415121  0.00763982
-0.839531  0.626358   -0.446831  0.00753867
-0.810579  0.638954   -0.443255  0.00591035
-0.767351  0.60599    -0.437165  0.0184896 
-0.767351  0.60599    -0.437165  0.0157104 
-0.767351  0.60599    -0.437165  0.00990236
-0.722395  0.561323   -0.396033  0.00762569
-0.689945  0.593486   -0.397602  0.00902011
-0.651422  0.675943   -0.368445  0.0288598 
-0.651422  0.675943   -0.368445  0.0125179 
-0.651422  0.675943   -0.368445  0.00906186
-0.651422  0.675943   -0.368445  0.00752529
-0.737722  0.666473   -0.438745  0.0110955 
-0.737722  0.666473   -0.438745  0.00616721
-0.736815  0.62384    -0.439738  0.0081725 
-0.823174  0.632664   -0.439701  0.00937471
-0.823174  0.632664   -0.439701  0.0135592 
-0.823174  0.632664   -0.439701  0.0145213 
-0.865991  0.648423   -0.402231  0.034622  
-0.865991  0.648423   -0.402231  0.0339433 
-0.865991  0.648423   -0.402231  0.0199306 
-0.865991  0.648423   -0.402231  0.00843356
-0.776169  0.575797   -0.445498  0.0211876 
-0.776169  0.575797   -0.445498  0.0084588 
-0.776169  0.575797   -0.445498  0.0220389 
-0.776169  0.575797   -0.445498  0.00916784
-0.722585  0.571883   -0.418649  0.0134509 
-0.722585  0.571883   -0.418649  0.0125076 
-0.722585  0.571883   -0.418649  0.0122878 
-0.651699  0.540076   -0.332184  0.00753477
-0.695249  0.628503   -0.411283  0.00812773
-0.695249  0.628503   -0.411283  0.00631359
-0.755595  0.64384    -0.438901  0.0111325 
-0.755595  0.64384    -0.438901  0.0196475 
-0.823813  0.680815   -0.38787   0.00654612
-0.76252   0.642359   -0.448634  0.00799342
-0.76252   0.642359   -0.448634  0.00802513
-0.76252   0.642359   -0.448634  0.0113189 
-0.822869  0.555268   -0.416419  0.0162048 
-0.822869  0.555268   -0.416419  0.0166303 
-0.822869  0.555268   -0.416419  0.0180159 
-0.822869  0.555268   -0.416419  0.00918964
-0.791091  0.567369   -0.437537  0.0123645 
-0.719195  0.537221   -0.341403  0.0171538 
-0.779415  0.515139   -0.344276  0.014611  
-0.876442  0.555827   -0.375598  0.0207194 
-0.876442  0.555827   -0.375598  0.00897311
-0.853383  0.575425   -0.426033  0.00914724
-0.809595  0.570867   -0.422373  0.0198163 
-0.809595  0.570867   -0.422373  0.00987721
-0.853691  0.663094   -0.438201  0.0199438 
-0.853691  0.663094   -0.438201  0.0308591 
-0.853691  0.663094   -0.438201  0.0108446 
-0.853691  0.663094   -0.438201  0.0261165 
-0.853691  0.663094   -0.438201  0.0172071 
-0.917623  0.681804   -0.384396  0.0260397 
-0.944099  0.75058    -0.257127  0.0396291 
-0.944099  0.75058    -0.257127  0.0252929 
-0.85179   0.775637   -0.281171  0.0220171 
-0.812905  0.777222   -0.316807  0.0319013 
-0.812905  0.777222   -0.316807  0.0231789 
-0.778927  0.799541   -0.308065  0.02806   
-0.680021  0.816897   -0.277168  0.0223519 
-0.658625  0.884057   -0.275263  0.0241812 
-0.568219  0.943665   -0.255807  0.0523226 
-0.568219  0.943665   -0.255807  0.0392927 
-0.568219  0.943665   -0.255807  0.0408989 
-0.568219  0.943665   -0.255807  0.0406486 
-0.568219  0.943665   -0.255807  0.020108  
-0.565937  0.911498   -0.278767  0.047171  
-0.565937  0.911498   -0.278767  0.0256027 
-0.565937  0.911498   -0.278767  0.0175585 
-0.540555  0.916972   -0.313858  0.032528  
-0.540555  0.916972   -0.313858  0.0185359 
-0.540555  0.916972   -0.313858  0.0351199 
-0.540555  0.916972   -0.313858  0.0175568 
-0.469545  0.862568   -0.239842  0.0311356 
-0.469545  0.862568   -0.239842  0.0197017 
-0.456461  0.960667   -0.291857  0.0275321 
-0.456461  0.960667   -0.291857  0.0264318 
-0.456461  0.960667   -0.291857  0.0219524 
-0.456461  0.960667   -0.291857  0.018836  
-0.440021  0.942498   -0.286245  0.0251658 
-0.440021  0.942498   -0.286245  0.0203404 
-0.367856  0.955639   -0.258918  0.0152644 
-0.443581  0.870208   -0.302196  0.0164128 
-0.443581  0.870208   -0.302196  0.0386214 
-0.443581  0.870208   -0.302196  0.0141327 
-0.466533  0.860272   -0.295005  0.0192958 
-0.466533  0.860272   -0.295005  0.0182334 
-0.429162  0.887421   -0.264631  0.0151862 
-0.429162  0.887421   -0.264631  0.0147438 
-0.520627  0.823238   -0.306577  0.0318846 
-0.520627  0.823238   -0.306577  0.0164129 
-0.458622  0.921085   -0.308377  0.0183851 
-0.458622  0.921085   -0.308377  0.0143993 
-0.518014  0.88012    -0.319927  0.0455277 
-0.518014  0.88012    -0.319927  0.0236829 
-0.488264  0.976183   -0.273383  0.02996   
-0.488264  0.976183   -0.273383  0.0257358 
-0.488264  0.976183   -0.273383  0.035764  
-0.428741  0.990639   -0.245781  0.0209899 
-0.367491  0.925787   -0.238525  0.0157789 
-0.393344  0.834178   -0.241847  0.014856  
-0.424544  0.817878   -0.253099  0.0224865 
-0.488608  0.906042   -0.26376   0.020639  
-0.55855   0.922197   -0.278432  0.0515228 
-0.55855   0.922197   -0.278432  0.0188041 
-0.544879  0.829457   -0.297284  0.0185094 
-0.574573  0.798632   -0.293486  0.0143632 
-0.510975  0.856733   -0.294883  0.0180269 
-0.505234  0.797301   -0.248698  0.0149457 
-0.485132  0.824304   -0.27884   0.0136551 
-0.579501  0.756543   -0.337385  0.0143292 
-0.579501  0.756543   -0.337385  0.0202053 
-0.579501  0.756543   -0.337385  0.017469  
-0.640975  0.691184   -0.357309  0.0148016 
-0.724443  0.771361   -0.359988  0.0210615 
-0.732133  0.744837   -0.369386  0.0117002 
-0.800033  0.702171   -0.409794  0.0311351 
-0.800033  0.702171   -0.409794  0.0068099 
-0.771449  0.62072    -0.441041  0.00664765
-0.7673    0.601214   -0.432362  0.0157805 
-0.7673    0.601214   -0.432362  0.00812768
-0.7673    0.601214   -0.432362  0.00783125
-0.757556  0.586992   -0.426806  0.00671276
-0.750824  0.638208   -0.435447  0.00662497
-0.750824  0.638208   -0.435447  0.00838461
-0.824384  0.609397   -0.425791  0.0108609 
-0.901198  0.637164   -0.41158   0.0116854 
-0.809189  0.645926   -0.419426  0.00687406
-0.740116  0.591369   -0.416109  0.00961717
-0.811955  0.653509   -0.433203  0.00908651
-0.750421  0.567856   -0.413419  0.0121337 
-0.705031  0.546498   -0.397892  0.0268778 
-0.705031  0.546498   -0.397892  0.00678423
-0.762271  0.634289   -0.435201  0.00988468
-0.772495  0.671851   -0.417062  0.00846403
-0.685251  0.591874   -0.40325   0.0122031 
-0.685251  0.591874   -0.40325   0.0109209 
-0.778927  0.674111   -0.412985  0.00607503
-0.804737  0.6247     -0.447629  0.00995869
-0.804737  0.6247     -0.447629  0.015975  
-0.804737  0.6247     -0.447629  0.0104524 
-0.804737  0.6247     -0.447629  0.00580105
-0.790154  0.611288   -0.446126  0.0113219 
-0.795178  0.689631   -0.422257  0.0083023 
-0.812851  0.658508   -0.440623  0.0163619 
-0.849267  0.7093     -0.367226  0.0183326 
-0.893621  0.677579   -0.362725  0.0227864 
-0.893621  0.677579   -0.362725  0.026753  
-0.893621  0.677579   -0.362725  0.029743  
-0.893621  0.677579   -0.362725  0.00668577
-0.853703  0.632143   -0.447203  0.0126136 
-0.853703  0.632143   -0.447203  0.0169826 
-0.853703  0.632143   -0.447203  0.0195253 
-0.853703  0.632143   -0.447203  0.0217465 
-0.853703  0.632143   -0.447203  0.016023  
-0.853703  0.632143   -0.447203  0.0170368 
-0.853703  0.632143   -0.447203  0.016245  
-0.853703  0.632143   -0.447203  0.0112564 
-0.801649  0.687665   -0.419787  0.0162236 
-0.801649  0.687665   -0.419787  0.00647952
-0.751681  0.632626   -0.44208   0.00960277
-0.827934  0.65973    -0.43372   0.0104129 
-0.827934  0.65973    -0.43372   0.00912381
-0.866355  0.624293   -0.426082  0.0268173 
-0.866355  0.624293   -0.426082  0.00964775
-0.853864  0.567034   -0.41392   0.0178844 
-0.853864  0.567034   -0.41392   0.0158239 
-0.853864  0.567034   -0.41392   0.0165441 
-0.853864  0.567034   -0.41392   0.00811307
-0.816294  0.578508   -0.421472  0.0082115 
-0.823006  0.674981   -0.439399  0.00804895
-0.823006  0.674981   -0.439399  0.00797717
-0.83813   0.598908   -0.43205   0.011588  
-0.83813   0.598908   -0.43205   0.0113415 
-0.80797   0.552807   -0.407846  0.00937093
-0.907475  0.576494   -0.403505  0.0221546 
-0.907475  0.576494   -0.403505  0.0121427 
-0.907475  0.576494   -0.403505  0.0112089 
-0.808792  0.554282   -0.419275  0.0111331 
-0.808792  0.554282   -0.419275  0.0274731 
-0.808792  0.554282   -0.419275  0.0135405 
-0.808792  0.554282   -0.419275  0.0135032 
-0.808792  0.554282   -0.419275  0.0185299 
-0.808792  0.554282   -0.419275  0.0126129 
-0.808792  0.554282   -0.419275  0.00801729
-0.715859  0.596965   -0.409852  0.00671635
-0.804724  0.621347   -0.455703  0.00627963
-0.745564  0.629724   -0.437793  0.0200415 
-0.745564  0.629724   -0.437793  0.00946732
-0.745564  0.629724   -0.437793  0.00612399
-0.732583  0.648862   -0.42576   0.0081751 
-0.804391  0.672768   -0.440512  0.018551  
-0.804391  0.672768   -0.440512  0.0240333 
-0.804391  0.672768   -0.440512  0.0153659 
-0.804391  0.672768   -0.440512  0.0147424 
-0.769037  0.657819   -0.416967  0.00922173
-0.855194  0.636943   -0.437217  0.0201697 
-0.855194  0.636943   -0.437217  0.0169992 
-0.855194  0.636943   -0.437217  0.0212302 
-0.855194  0.636943   -0.437217  0.00963647
-0.815707  0.568417   -0.439407  0.0101945 
-0.815707  0.568417   -0.439407  0.012187  
-0.815707  0.568417   -0.439407  0.0128016 
-0.815707  0.568417   -0.439407  0.00727152
-0.72467   0.628547   -0.429504  0.00965671
-0.72467   0.628547   -0.429504  0.0102663 
-0.72467   0.628547   -0.429504  0.00670345
-0.803118  0.608415   -0.44121   0.0103644 
-0.770097  0.558927   -0.420817  0.0113469 
-0.770097  0.558927   -0.420817  0.0161809 
-0.770097  0.558927   -0.420817  0.00757484
-0.848583  0.596792   -0.425707  0.0112782 
-0.791429  0.554032   -0.414724  0.0246145 
-0.791429  0.554032   -0.414724  0.0124356 
-0.791429  0.554032   -0.414724  0.00715464
-0.853457  0.612649   -0.436604  0.00745865
-0.836071  0.589781   -0.436662  0.0117572 
-0.747788  0.545405   -0.391944  0.0237159 
-0.747788  0.545405   -0.391944  0.00908016
-0.666972  0.580512   -0.38249   0.0112824 
-0.757332  0.550667   -0.399873  0.00812127
-0.769281  0.57995    -0.433861  0.0132737 
-0.857834  0.626659   -0.436661  0.012447  
-0.857834  0.626659   -0.436661  0.0113189 
-0.857834  0.626659   -0.436661  0.0156947 
-0.857834  0.626659   -0.436661  0.0195673 
-0.857834  0.626659   -0.436661  0.0112256 
-0.812439  0.552525   -0.408322  0.00572565
-0.821427  0.618902   -0.453511  0.0156387 
-0.821427  0.618902   -0.453511  0.00676107
-0.778675  0.595173   -0.437488  0.0106713 
-0.778675  0.595173   -0.437488  0.00872187
-0.734708  0.570758   -0.416413  0.0207761 
-0.734708  0.570758   -0.416413  0.0223809 
-0.734708  0.570758   -0.416413  0.00851113
-0.734708  0.570758   -0.416413  0.013872  
-0.734708  0.570758   -0.416413  0.015315  
-0.734708  0.570758   -0.416413  0.0155779 
-0.734708  0.570758   -0.416413  0.0133512 
-0.761666  0.654692   -0.418105  0.00922273
-0.761666  0.654692   -0.418105  0.00771757
-0.710724  0.617326   -0.41625   0.0128754 
-0.710724  0.617326   -0.41625   0.0102167 
-0.667198  0.56638    -0.3682    0.00975496
-0.667198  0.56638    -0.3682    0.0204585 
-0.667198  0.56638    -0.3682    0.0104279 
-0.624699  0.567714   -0.313714  0.00947676
-0.619131  0.649145   -0.352804  0.00979112
-0.691557  0.698978   -0.389048  0.00860983
-0.648558  0.635047   -0.365802  0.00872192
-0.705168  0.685401   -0.396815  0.00876675
-0.705168  0.685401   -0.396815  0.0148025 
-0.705168  0.685401   -0.396815  0.00648192
-0.706065  0.613846   -0.406538  0.0113153 
-0.690272  0.553234   -0.389451  0.00749593
-0.693168  0.642241   -0.408664  0.0121634 
-0.693168  0.642241   -0.408664  0.0105075 
-0.693168  0.642241   -0.408664  0.00846931
-0.693168  0.642241   -0.408664  0.0101191 
-0.651594  0.695802   -0.374738  0.00910817
-0.684038  0.639754   -0.397515  0.00904029
-0.671629  0.667361   -0.400266  0.00901255
-0.711441  0.679553   -0.402094  0.0176168 
-0.744909  0.750109   -0.349213  0.0148409 
-0.721516  0.798322   -0.338454  0.0323171 
-0.721516  0.798322   -0.338454  0.0244958 
-0.774829  0.741454   -0.347317  0.022309  
-0.839484  0.760341   -0.311542  0.0380713 
-0.839484  0.760341   -0.311542  0.0349319 
-0.839484  0.760341   -0.311542  0.0146361 
-0.834813  0.671975   -0.407199  0.00688975
-0.800528  0.593758   -0.430386  0.00605638
-0.76752   0.628349   -0.441109  0.0116137 
-0.76752   0.628349   -0.441109  0.00811995
-0.852791  0.584797   -0.418954  0.0180028 
-0.852791  0.584797   -0.418954  0.010344  
-0.840155  0.658352   -0.422994  0.0104001 
-0.873258  0.636111   -0.408599  0.0227788 
-0.873258  0.636111   -0.408599  0.00634798
-0.783293  0.623736   -0.442137  0.00790126
-0.783293  0.623736   -0.442137  0.00762317
-0.783293  0.623736   -0.442137  0.00859318
-0.802791  0.628863   -0.429677  0.0137628 
-0.802791  0.628863   -0.429677  0.00893639
-0.802791  0.628863   -0.429677  0.00975453
-0.776655  0.56086    -0.421269  0.0202799 
-0.776655  0.56086    -0.421269  0.00699899
-0.806542  0.656381   -0.448576  0.0095022 
-0.806542  0.656381   -0.448576  0.00695403
-0.806542  0.656381   -0.448576  0.00665447
-0.833074  0.612551   -0.444704  0.0198312 
-0.833074  0.612551   -0.444704  0.0155669 
-0.833074  0.612551   -0.444704  0.0174717 
-0.833074  0.612551   -0.444704  0.0134074 
-0.833074  0.612551   -0.444704  0.0096211 
-0.888503  0.63446    -0.418837  0.0123542 
-0.888503  0.63446    -0.418837  0.0111017 
-0.888503  0.63446    -0.418837  0.0110335 
-0.856324  0.552967   -0.398449  0.00548495
-0.813659  0.642945   -0.463755  0.0126481 
-0.813659  0.642945   -0.463755  0.00743168
-0.813659  0.642945   -0.463755  0.0103736 
-0.813659  0.642945   -0.463755  0.00926171
-0.840129  0.624478   -0.42883   0.0124667 
-0.840129  0.624478   -0.42883   0.0098986 
-0.831109  0.563668   -0.407992  0.00892937
-0.850914  0.570462   -0.412095  0.0122533 
-0.850914  0.570462   -0.412095  0.0166248 
-0.850914  0.570462   -0.412095  0.0076765 
-0.813723  0.609071   -0.443727  0.00896706
-0.813723  0.609071   -0.443727  0.0134423 
-0.813723  0.609071   -0.443727  0.016586  
-0.813723  0.609071   -0.443727  0.0237202 
-0.813723  0.609071   -0.443727  0.00610903
-0.787325  0.607424   -0.453263  0.00685308
-0.808784  0.609161   -0.446915  0.0125809 
-0.838544  0.654481   -0.429711  0.0182976 
-0.838544  0.654481   -0.429711  0.00914776
-0.873803  0.63401    -0.431278  0.00937721
-0.904495  0.572879   -0.385761  0.0230619 
-0.904495  0.572879   -0.385761  0.018904  
-0.904495  0.572879   -0.385761  0.016772  
-0.904495  0.572879   -0.385761  0.0188111 
-0.904495  0.572879   -0.385761  0.0205675 
-0.904495  0.572879   -0.385761  0.0138536 
-0.858649  0.534461   -0.385442  0.0215581 
-0.858649  0.534461   -0.385442  0.0123405 
-0.823869  0.546248   -0.394859  0.0158408 
-0.823869  0.546248   -0.394859  0.0231508 
-0.823869  0.546248   -0.394859  0.0116562 
-0.781085  0.548626   -0.394862  0.00608465
-0.713774  0.623036   -0.420667  0.00772621
-0.734203  0.673382   -0.427869  0.00626123
-0.739617  0.605599   -0.435861  0.0123535 
-0.739617  0.605599   -0.435861  0.0128765 
-0.739617  0.605599   -0.435861  0.0143383 
-0.739617  0.605599   -0.435861  0.0157119 
-0.739617  0.605599   -0.435861  0.0069124 
-0.821478  0.603476   -0.456427  0.0165692 
-0.821478  0.603476   -0.456427  0.00631385
-0.756085  0.599041   -0.436724  0.00793582
-0.756085  0.599041   -0.436724  0.0109207 
-0.756085  0.599041   -0.436724  0.0109313 
-0.756085  0.599041   -0.436724  0.0177245 
-0.756085  0.599041   -0.436724  0.00667001
-0.74329   0.645175   -0.436117  0.00828408
-0.82594   0.652487   -0.449187  0.0121724 
-0.82594   0.652487   -0.449187  0.00968044
-0.790199  0.685355   -0.435532  0.016709  
-0.790199  0.685355   -0.435532  0.0209981 
-0.790199  0.685355   -0.435532  0.0184148 
-0.790199  0.685355   -0.435532  0.016323  
-0.790199  0.685355   -0.435532  0.0214483 
-0.790199  0.685355   -0.435532  0.0294008 
-0.790199  0.685355   -0.435532  0.00728681
-0.816208  0.59499    -0.442294  0.0257507 
-0.816208  0.59499    -0.442294  0.00843472
-0.816208  0.59499    -0.442294  0.00702332
-0.816208  0.59499    -0.442294  0.0109076 
-0.816208  0.59499    -0.442294  0.0196925 
-0.846601  0.661597   -0.389578  0.0187966 
-0.802759  0.677697   -0.400991  0.029988  
-0.802759  0.677697   -0.400991  0.0232002 
-0.802759  0.677697   -0.400991  0.0154715 
-0.886767  0.707532   -0.393542  0.0147022 
-0.886767  0.707532   -0.393542  0.00946382
-0.813993  0.667593   -0.441703  0.00877175
-0.893041  0.604166   -0.42469   0.0176987 
-0.893041  0.604166   -0.42469   0.0105445 
-0.82664   0.666771   -0.439556  0.0110385 
-0.82664   0.666771   -0.439556  0.00771137
-0.755124  0.599604   -0.4301    0.0130469 
-0.842678  0.653826   -0.407103  0.0254824 
-0.842678  0.653826   -0.407103  0.0127808 
-0.815811  0.705989   -0.412423  0.0140858 
-0.822753  0.673089   -0.407415  0.01238   
-0.876699  0.668242   -0.416988  0.0155667 
-0.876699  0.668242   -0.416988  0.0065574 
-0.851923  0.60271    -0.447667  0.0176259 
-0.851923  0.60271    -0.447667  0.00636372
-0.785824  0.632607   -0.44711   0.0171068 
-0.785824  0.632607   -0.44711   0.00719061
-0.838266  0.597318   -0.440642  0.0123447 
-0.838266  0.597318   -0.440642  0.00922015
-0.88096   0.577602   -0.412364  0.0124362 
-0.88096   0.577602   -0.412364  0.0151935 
-0.88096   0.577602   -0.412364  0.0198966 
-0.88096   0.577602   -0.412364  0.00963999
-0.88096   0.577602   -0.412364  0.0122831 
-0.88096   0.577602   -0.412364  0.00930318
-0.893308  0.574575   -0.402373  0.0189474 
-0.893308  0.574575   -0.402373  0.0151693 
-0.893308  0.574575   -0.402373  0.021148  
-0.893308  0.574575   -0.402373  0.00989178
-0.839196  0.569506   -0.399789  0.00625266
-0.744624  0.647793   -0.432272  0.0159183 
-0.744624  0.647793   -0.432272  0.00842026
-0.833085  0.665602   -0.439231  0.00835799
-0.760736  0.57488    -0.422573  0.0112321 
-0.760736  0.57488    -0.422573  0.00835563
-0.760736  0.57488    -0.422573  0.0190083 
-0.760736  0.57488    -0.422573  0.00856035
-0.779464  0.570886   -0.428273  0.00741923
-0.862003  0.628455   -0.440537  0.0144176 
-0.862003  0.628455   -0.440537  0.00971048
-0.862003  0.628455   -0.440537  0.00936052
-0.862003  0.628455   -0.440537  0.0274428 
-0.862003  0.628455   -0.440537  0.0110479 
-0.792872  0.689306   -0.421815  0.0112372 
-0.750258  0.700167   -0.410355  0.00739401
-0.801115  0.627447   -0.434642  0.0108927 
-0.801115  0.627447   -0.434642  0.00788934
-0.818188  0.648073   -0.449715  0.00738084
-0.778413  0.597159   -0.451003  0.00924979
-0.778413  0.597159   -0.451003  0.0184516 
-0.778413  0.597159   -0.451003  0.0134628 
-0.778413  0.597159   -0.451003  0.0146836 
-0.757645  0.525303   -0.378943  0.0270965 
-0.757645  0.525303   -0.378943  0.00934302
-0.679679  0.616835   -0.394256  0.0109207 
-0.679679  0.616835   -0.394256  0.0101236 
-0.75951   0.704154   -0.416636  0.0219347 
-0.75951   0.704154   -0.416636  0.0151925 
-0.75951   0.704154   -0.416636  0.0157124 
-0.75951   0.704154   -0.416636  0.00958004
-0.826223  0.635297   -0.447196  0.0105698 
-0.826223  0.635297   -0.447196  0.00816381
-0.769895  0.582014   -0.419061  0.00609117
-0.758367  0.628589   -0.444599  0.0123215 
-0.758367  0.628589   -0.444599  0.0148638 
-0.758367  0.628589   -0.444599  0.00626984
-0.754747  0.629049   -0.441739  0.00820529
-0.754747  0.629049   -0.441739  0.00771973
-0.698968  0.59906    -0.420754  0.0121574 
-0.698968  0.59906    -0.420754  0.00764017
-0.790333  0.606999   -0.441362  0.00737932
-0.790333  0.606999   -0.441362  0.00796798
-0.790333  0.606999   -0.441362  0.0151651 
-0.790333  0.606999   -0.441362  0.00823392
-0.797977  0.671851   -0.431412  0.00896564
-0.892105  0.606376   -0.408726  0.0178597 
-0.82902   0.704747   -0.379925  0.0206331 
-0.751073  0.769945   -0.357041  0.0218568 
-0.751073  0.769945   -0.357041  0.0251335 
-0.751073  0.769945   -0.357041  0.0198759 
-0.751073  0.769945   -0.357041  0.0234337 
-0.751073  0.769945   -0.357041  0.00874248
-0.763985  0.682906   -0.428662  0.00775428
-0.763985  0.682906   -0.428662  0.00759634
-0.763985  0.682906   -0.428662  0.0171729 
-0.717309  0.701119   -0.366934  0.0169812 
-0.786001  0.740755   -0.377107  0.0298857 
-0.786001  0.740755   -0.377107  0.0219541 
-0.786001  0.740755   -0.377107  0.00894745
-0.831458  0.644192   -0.440757  0.00817105
-0.834557  0.579317   -0.439867  0.00641563
-0.743957  0.608168   -0.44      0.00649418
-0.813635  0.598702   -0.443448  0.0147641 
-0.813635  0.598702   -0.443448  0.00869494
-0.85118   0.65497    -0.440111  0.0117264 
-0.861321  0.631473   -0.427738  0.0116027 
-0.861321  0.631473   -0.427738  0.00992737
-0.810359  0.668367   -0.433795  0.00620752
-0.760749  0.621356   -0.440274  0.00782647
-0.760749  0.621356   -0.440274  0.0112184 
-0.830982  0.682891   -0.42294   0.0065598 
-0.747621  0.650174   -0.43314   0.0154635 
-0.747621  0.650174   -0.43314   0.0152548 
-0.747621  0.650174   -0.43314   0.00726862
-0.790635  0.59253    -0.443384  0.0105759 
-0.790635  0.59253    -0.443384  0.0154267 
-0.790635  0.59253    -0.443384  0.00864876
-0.790054  0.638782   -0.444883  0.0104248 
-0.790054  0.638782   -0.444883  0.0127267 
-0.790054  0.638782   -0.444883  0.0156299 
-0.790054  0.638782   -0.444883  0.00639542
-0.705655  0.628296   -0.407047  0.00977631
-0.749068  0.560605   -0.414946  0.00788216
-0.817331  0.649783   -0.452444  0.0137293 
-0.817331  0.649783   -0.452444  0.0224871 
-0.817331  0.649783   -0.452444  0.00676959
-0.817331  0.649783   -0.452444  0.0109905 
-0.817331  0.649783   -0.452444  0.0104709 
-0.817331  0.649783   -0.452444  0.00779618
-0.745181  0.588489   -0.438513  0.0116075 
-0.745181  0.588489   -0.438513  0.00696794
-0.726055  0.61089    -0.428117  0.00728489
-0.806559  0.624374   -0.440431  0.00783302
-0.843167  0.5955     -0.427109  0.00705626
-0.829921  0.592963   -0.454537  0.00652055
-0.836915  0.616137   -0.440704  0.00816661
-0.836915  0.616137   -0.440704  0.011863  
-0.836915  0.616137   -0.440704  0.0152615 
-0.836915  0.616137   -0.440704  0.0106535 
-0.919862  0.565233   -0.373566  0.0183646 
-0.919862  0.565233   -0.373566  0.00923016
-0.879344  0.586892   -0.411684  0.0121445 
-0.879344  0.586892   -0.411684  0.0100787 
-0.904882  0.595996   -0.397689  0.0186698 
-0.904882  0.595996   -0.397689  0.0160016 
-0.904882  0.595996   -0.397689  0.0120699 
-0.904882  0.595996   -0.397689  0.0257502 
-0.904882  0.595996   -0.397689  0.0152248 
-0.904882  0.595996   -0.397689  0.0132036 
-0.904882  0.595996   -0.397689  0.0120929 
-0.850454  0.621091   -0.433142  0.00797411
-0.820234  0.667525   -0.449138  0.0155923 
-0.820234  0.667525   -0.449138  0.00692061
-0.820234  0.667525   -0.449138  0.0173952 
-0.820234  0.667525   -0.449138  0.00950379
-0.863441  0.575405   -0.424912  0.00835914
-0.856456  0.58769    -0.426766  0.00867354
-0.838403  0.619902   -0.443721  0.0130626 
-0.838403  0.619902   -0.443721  0.0132004 
-0.838403  0.619902   -0.443721  0.00749773
-0.838403  0.619902   -0.443721  0.0100444 
-0.838403  0.619902   -0.443721  0.00956205
-0.884088  0.62299    -0.429383  0.0171797 
-0.868677  0.680298   -0.384315  0.012326  
-0.778811  0.713418   -0.402592  0.0189133 
-0.778811  0.713418   -0.402592  0.0151005 
-0.844836  0.670539   -0.421736  0.00812296
-0.808671  0.611651   -0.440217  0.0134103 
-0.808671  0.611651   -0.440217  0.0111961 
-0.808671  0.611651   -0.440217  0.0119315 
-0.808671  0.611651   -0.440217  0.0160192 
-0.73052   0.519737   -0.348662  0.00726199
-0.790812  0.608189   -0.441921  0.0158422 
-0.790812  0.608189   -0.441921  0.0127351 
-0.790812  0.608189   -0.441921  0.010868  
-0.790812  0.608189   -0.441921  0.011592  
-0.790812  0.608189   -0.441921  0.0171268 
-0.790812  0.608189   -0.441921  0.0159173 
-0.790812  0.608189   -0.441921  0.00942328
-0.758985  0.594049   -0.436589  0.0192766 
-0.758985  0.594049   -0.436589  0.0134083 
-0.803445  0.671647   -0.408495  0.0158673 
-0.852685  0.67689    -0.392267  0.0177251 
-0.770274  0.709132   -0.379523  0.0307337 
-0.770274  0.709132   -0.379523  0.0120391 
-0.79781   0.688749   -0.409854  0.0112208 
-0.810455  0.667792   -0.436526  0.0211997 
-0.810455  0.667792   -0.436526  0.00878447
-0.820716  0.615681   -0.43111   0.0104971 
-0.820716  0.615681   -0.43111   0.0154947 
-0.820716  0.615681   -0.43111   0.00725941
-0.731116  0.634947   -0.422527  0.00837858
-0.731116  0.634947   -0.422527  0.00866999
-0.81977   0.582962   -0.432953  0.00917421
-0.765688  0.568443   -0.407065  0.00944257
-0.86518   0.567353   -0.399057  0.0112022 
-0.847629  0.551335   -0.40082   0.0129762 
-0.847629  0.551335   -0.40082   0.0218594 
-0.847629  0.551335   -0.40082   0.0118461 
-0.847629  0.551335   -0.40082   0.0266198 
-0.847629  0.551335   -0.40082   0.0277213 
-0.847629  0.551335   -0.40082   0.020379  
-0.847629  0.551335   -0.40082   0.0221675 
-0.847629  0.551335   -0.40082   0.0100173 
-0.919195  0.5675     -0.367724  0.0199494 
-0.919195  0.5675     -0.367724  0.0189641 
-0.919195  0.5675     -0.367724  0.0109473 
-0.853536  0.658615   -0.422258  0.0230658 
-0.853536  0.658615   -0.422258  0.017234  
-0.853536  0.658615   -0.422258  0.011151  
-0.91701   0.644509   -0.402201  0.0125653 
-0.91701   0.644509   -0.402201  0.0154836 
-0.91701   0.644509   -0.402201  0.0268084 
-0.91701   0.644509   -0.402201  0.010683  
-0.876219  0.658874   -0.418431  0.0120449 
-0.876219  0.658874   -0.418431  0.00903074
-0.780052  0.668653   -0.438314  0.0253037 
-0.780052  0.668653   -0.438314  0.00877778
-0.780052  0.668653   -0.438314  0.0133885 
-0.780052  0.668653   -0.438314  0.00768531
-0.83326   0.631615   -0.439624  0.0199245 
-0.83326   0.631615   -0.439624  0.0121118 
-0.864574  0.540493   -0.345599  0.0307039 
-0.864574  0.540493   -0.345599  0.0317385 
-0.864574  0.540493   -0.345599  0.0266114 
-0.864574  0.540493   -0.345599  0.00837066
-0.769362  0.603494   -0.427453  0.0108091 
-0.831257  0.6626     -0.4402    0.0138002 
-0.831257  0.6626     -0.4402    0.0213705 
-0.831257  0.6626     -0.4402    0.0182082 
-0.831257  0.6626     -0.4402    0.0180923 
-0.879866  0.69319    -0.378829  0.0238249 
-0.879866  0.69319    -0.378829  0.0194036 
-0.858089  0.742921   -0.356593  0.045491  
-0.858089  0.742921   -0.356593  0.0242687 
-0.863828  0.753564   -0.316663  0.0100492 
-0.852495  0.668939   -0.434907  0.0153552 
-0.781876  0.70123    -0.377906  0.00739468
-0.787325  0.639597   -0.446307  0.0118726 
-0.787325  0.639597   -0.446307  0.0135198 
-0.787325  0.639597   -0.446307  0.017581  
-0.787325  0.639597   -0.446307  0.00878503
-0.787325  0.639597   -0.446307  0.0132359 
-0.787325  0.639597   -0.446307  0.00818505
-0.693364  0.664364   -0.41424   0.0124615 
-0.693364  0.664364   -0.41424   0.0189425 
-0.693364  0.664364   -0.41424   0.00939775
-0.693364  0.664364   -0.41424   0.00895634
-0.693364  0.664364   -0.41424   0.00795003
-0.693364  0.664364   -0.41424   0.00938395
-0.693364  0.664364   -0.41424   0.0082328 
-0.753485  0.595013   -0.437815  0.0117948 
-0.753485  0.595013   -0.437815  0.00903481
-0.808633  0.653218   -0.438642  0.0130301 
-0.788795  0.684663   -0.417841  0.00784532
-0.727834  0.666735   -0.42086   0.00759532
-0.759087  0.65034    -0.431363  0.00798206
-0.759087  0.65034    -0.431363  0.00750394
-0.800365  0.586822   -0.451966  0.00724016
-0.766778  0.591839   -0.440092  0.0109968 
-0.731283  0.669307   -0.416178  0.0137724 
-0.731283  0.669307   -0.416178  0.00679619
-0.730238  0.609025   -0.437505  0.00669306
-0.768079  0.628759   -0.437221  0.0113785 
-0.768079  0.628759   -0.437221  0.00975086
-0.768079  0.628759   -0.437221  0.0115234 
-0.768079  0.628759   -0.437221  0.00806957
-0.812895  0.581153   -0.443131  0.0101565 
-0.738251  0.657335   -0.431945  0.00865986
-0.738251  0.657335   -0.431945  0.00943328
-0.744992  0.696007   -0.428118  0.0160051 
-0.744992  0.696007   -0.428118  0.00614459
-0.74856   0.610299   -0.437866  0.0185117 
-0.74856   0.610299   -0.437866  0.00741247
-0.72137   0.588122   -0.414666  0.00888009
-0.711525  0.572183   -0.404053  0.014318  
-0.711525  0.572183   -0.404053  0.0171334 
-0.711525  0.572183   -0.404053  0.0161913 
-0.711525  0.572183   -0.404053  0.0104761 
-0.697334  0.55705    -0.395004  0.0180701 
-0.697334  0.55705    -0.395004  0.0094339 
-0.697334  0.55705    -0.395004  0.00839965
-0.694119  0.585118   -0.414503  0.00797486
-0.775956  0.591825   -0.427964  0.0122186 
-0.861778  0.546325   -0.371357  0.0127619 
-0.861778  0.546325   -0.371357  0.00656707
-0.772431  0.60551    -0.436886  0.00936333
-0.772431  0.60551    -0.436886  0.00694525
-0.749833  0.671133   -0.434656  0.0152404 
-0.749833  0.671133   -0.434656  0.010211  
-0.755529  0.688966   -0.416869  0.0140418 
-0.847308  0.674202   -0.407593  0.0180824 
-0.862837  0.69488    -0.375923  0.0280896 
-0.862837  0.69488    -0.375923  0.00770859
-0.836062  0.603046   -0.424615  0.00680188
-0.755053  0.596091   -0.42942   0.00862107
-0.755053  0.596091   -0.42942   0.00868436
-0.755053  0.596091   -0.42942   0.0124112 
-0.835586  0.545667   -0.400547  0.0231858 
-0.835586  0.545667   -0.400547  0.00853171
-0.838182  0.576899   -0.44332   0.0214313 
-0.838182  0.576899   -0.44332   0.0205395 
-0.838182  0.576899   -0.44332   0.00958858
-0.838182  0.576899   -0.44332   0.00675941
-0.838182  0.576899   -0.44332   0.0156817 
-0.838182  0.576899   -0.44332   0.0194695 
-0.838182  0.576899   -0.44332   0.0112888 
-0.838182  0.576899   -0.44332   0.00919938
-0.799002  0.567846   -0.438081  0.00731972
-0.742914  0.661154   -0.418248  0.0113602 
-0.800175  0.623319   -0.428694  0.00897293
-0.895472  0.584446   -0.405488  0.0116559 
-0.895472  0.584446   -0.405488  0.0114054 
-0.895472  0.584446   -0.405488  0.012859  
-0.895472  0.584446   -0.405488  0.0153557 
-0.895472  0.584446   -0.405488  0.00978607
-0.802078  0.683113   -0.430921  0.00958454
-0.807209  0.627693   -0.450503  0.00742195
-0.751999  0.62736    -0.435594  0.00792404
-0.805419  0.619469   -0.428613  0.00916368
-0.805419  0.619469   -0.428613  0.0133381 
-0.898717  0.633032   -0.402214  0.0250622 
-0.898717  0.633032   -0.402214  0.0178183 
-0.898717  0.633032   -0.402214  0.0146553 
