#MU        SIGMA      ENERGY     ERROR     
-0.736187  0.627048   -0.440356  0.0144985 
-0.736187  0.627048   -0.440356  0.0123783 
-0.81414   0.683612   -0.405463  0.00885826
-0.731488  0.638429   -0.42528   0.00987199
-0.731488  0.638429   -0.42528   0.00768855
-0.731488  0.638429   -0.42528   0.00896435
-0.731488  0.638429   -0.42528   0.00790193
-0.731488  0.638429   -0.42528   0.0213951 
-0.794392  0.659036   -0.413569  0.00624142
-0.764833  0.620115   -0.434428  0.00623946
-0.738201  0.634497   -0.427425  0.00890537
-0.738201  0.634497   -0.427425  0.00900655
-0.774061  0.669822   -0.433703  0.00859465
-0.774061  0.669822   -0.433703  0.00926562
-0.774061  0.669822   -0.433703  0.0272019 
-0.774061  0.669822   -0.433703  0.00996347
-0.774061  0.669822   -0.433703  0.00781641
-0.774061  0.669822   -0.433703  0.0102889 
-0.694321  0.657431   -0.399498  0.00976484
-0.720517  0.693395   -0.40254   0.0137037 
-0.771864  0.724553   -0.396544  0.0155967 
-0.747214  0.71931    -0.390055  0.0186628 
-0.826099  0.666749   -0.411642  0.0192468 
-0.781978  0.710574   -0.405968  0.00966275
-0.798881  0.662704   -0.421853  0.00791788
-0.812079  0.653123   -0.437931  0.00694949
-0.793642  0.627707   -0.437455  0.0112654 
-0.793642  0.627707   -0.437455  0.0109613 
-0.717193  0.712763   -0.384315  0.0139659 
-0.717193  0.712763   -0.384315  0.019378  
-0.717193  0.712763   -0.384315  0.0163745 
-0.717193  0.712763   -0.384315  0.00974673
-0.723713  0.682651   -0.406382  0.0155768 
-0.723713  0.682651   -0.406382  0.00699338
-0.805007  0.621269   -0.438568  0.00693257
-0.798914  0.605881   -0.438849  0.00910026
-0.700626  0.573907   -0.392945  0.0211263 
-0.700626  0.573907   -0.392945  0.0163086 
-0.736714  0.516667   -0.371985  0.0113676 
-0.75399   0.547399   -0.393482  0.0264833 
-0.75399   0.547399   -0.393482  0.021213  
-0.75399   0.547399   -0.393482  0.00848532
-0.844996  0.579477   -0.448854  0.0216335 
-0.844996  0.579477   -0.448854  0.0106666 
-0.844996  0.579477   -0.448854  0.0118687 
-0.844996  0.579477   -0.448854  0.0116564 
-0.844996  0.579477   -0.448854  0.00701864
-0.770801  0.598471   -0.44851   0.014367  
-0.676302  0.689003   -0.375795  0.00759397
-0.76199   0.60203    -0.437048  0.0126778 
-0.76199   0.60203    -0.437048  0.00754513
-0.762428  0.616716   -0.427972  0.0145373 
-0.762428  0.616716   -0.427972  0.0141799 
-0.762428  0.616716   -0.427972  0.0116308 
-0.762428  0.616716   -0.427972  0.00914481
-0.762428  0.616716   -0.427972  0.0142247 
-0.762428  0.616716   -0.427972  0.00838208
-0.762428  0.616716   -0.427972  0.0157595 
-0.762428  0.616716   -0.427972  0.0153311 
-0.762428  0.616716   -0.427972  0.0116695 
-0.855416  0.661715   -0.413108  0.00958244
-0.855416  0.661715   -0.413108  0.0231085 
-0.855416  0.661715   -0.413108  0.00895125
-0.828493  0.636558   -0.435227  0.00562791
-0.746544  0.621485   -0.443527  0.00654089
-0.814615  0.638362   -0.451305  0.0112672 
-0.814615  0.638362   -0.451305  0.012764  
-0.814615  0.638362   -0.451305  0.00731026
-0.814615  0.638362   -0.451305  0.00706167
-0.805623  0.59476    -0.44492   0.0111938 
-0.805623  0.59476    -0.44492   0.0119184 
-0.849232  0.669989   -0.424472  0.0124691 
-0.849232  0.669989   -0.424472  0.0251737 
-0.854146  0.67476    -0.375246  0.02344   
-0.854146  0.67476    -0.375246  0.00634459
-0.84856   0.61243    -0.442722  0.0161156 
-0.84856   0.61243    -0.442722  0.0105139 
-0.831029  0.639687   -0.423108  0.00936922
-0.769276  0.568265   -0.40948   0.0237268 
-0.769276  0.568265   -0.40948   0.0095675 
-0.805153  0.648302   -0.432883  0.0117029 
-0.832652  0.695098   -0.424119  0.0252287 
-0.832652  0.695098   -0.424119  0.0120717 
-0.832652  0.695098   -0.424119  0.0273856 
-0.832652  0.695098   -0.424119  0.031037  
-0.832652  0.695098   -0.424119  0.00892486
-0.870131  0.643077   -0.425014  0.0303165 
-0.870131  0.643077   -0.425014  0.0160965 
-0.875438  0.643061   -0.409269  0.0122042 
-0.835442  0.696132   -0.412619  0.0214816 
-0.835442  0.696132   -0.412619  0.0114529 
-0.835442  0.696132   -0.412619  0.0105962 
-0.835442  0.696132   -0.412619  0.0162437 
-0.835442  0.696132   -0.412619  0.0099288 
-0.816272  0.684792   -0.43025   0.0191793 
-0.816272  0.684792   -0.43025   0.0257692 
-0.816272  0.684792   -0.43025   0.00640392
-0.803689  0.637707   -0.454897  0.0107484 
-0.806718  0.624722   -0.45027   0.0141325 
-0.806718  0.624722   -0.45027   0.00816023
-0.740712  0.576944   -0.424763  0.0128331 
-0.740712  0.576944   -0.424763  0.00663499
-0.734458  0.605728   -0.415395  0.0177349 
-0.734458  0.605728   -0.415395  0.00695645
-0.777551  0.640056   -0.444243  0.0100015 
-0.726582  0.677343   -0.417168  0.0145375 
-0.726582  0.677343   -0.417168  0.0107048 
-0.726582  0.677343   -0.417168  0.0192339 
-0.726582  0.677343   -0.417168  0.00791225
-0.722488  0.667367   -0.427043  0.00794996
-0.722488  0.667367   -0.427043  0.0136631 
-0.728005  0.725845   -0.385389  0.0168175 
-0.728005  0.725845   -0.385389  0.0101078 
-0.689321  0.679388   -0.389934  0.015251  
-0.737246  0.698451   -0.378597  0.0119896 
-0.691679  0.75347    -0.369189  0.014384  
-0.640042  0.81732    -0.349813  0.0156431 
-0.640042  0.81732    -0.349813  0.015331  
-0.640042  0.81732    -0.349813  0.0229314 
-0.640042  0.81732    -0.349813  0.0223493 
-0.640042  0.81732    -0.349813  0.0258446 
-0.640042  0.81732    -0.349813  0.0153262 
-0.640042  0.81732    -0.349813  0.0127477 
-0.640042  0.81732    -0.349813  0.0227802 
-0.640042  0.81732    -0.349813  0.0156768 
-0.640042  0.81732    -0.349813  0.0167122 
-0.726487  0.748629   -0.351799  0.0213481 
-0.768967  0.791873   -0.332751  0.022003  
-0.805254  0.725865   -0.358211  0.0200769 
-0.805254  0.725865   -0.358211  0.020922  
-0.74924   0.758227   -0.362871  0.0134766 
-0.710619  0.733801   -0.385753  0.00864287
-0.755236  0.69032    -0.41779   0.00770495
-0.770162  0.657262   -0.44123   0.00841696
-0.770162  0.657262   -0.44123   0.00675968
-0.785058  0.598921   -0.445788  0.00748271
-0.785058  0.598921   -0.445788  0.01183   
-0.853348  0.658391   -0.413281  0.0274904 
-0.853348  0.658391   -0.413281  0.00867679
-0.812174  0.682498   -0.432872  0.00985921
-0.73832   0.718391   -0.396396  0.0243196 
-0.73832   0.718391   -0.396396  0.0111979 
-0.73832   0.718391   -0.396396  0.00947106
-0.657243  0.674652   -0.375759  0.0141705 
-0.666664  0.71528    -0.36572   0.0157868 
-0.673386  0.780328   -0.361392  0.0118438 
-0.673978  0.712642   -0.366902  0.0173501 
-0.654477  0.797108   -0.315072  0.0246143 
-0.654477  0.797108   -0.315072  0.015237  
-0.712991  0.775572   -0.351328  0.0266833 
-0.712991  0.775572   -0.351328  0.0397342 
-0.712991  0.775572   -0.351328  0.0196369 
-0.69268   0.857644   -0.307399  0.0477788 
-0.69268   0.857644   -0.307399  0.0313528 
-0.69268   0.857644   -0.307399  0.0153925 
-0.633801  0.809391   -0.342864  0.0293075 
-0.633801  0.809391   -0.342864  0.0213255 
-0.633801  0.809391   -0.342864  0.0191553 
-0.633801  0.809391   -0.342864  0.0200746 
-0.619575  0.820992   -0.315383  0.0115983 
-0.65637   0.769449   -0.354265  0.0145083 
-0.722715  0.751805   -0.377729  0.0157613 
-0.737219  0.76649    -0.370444  0.00969023
-0.795922  0.677781   -0.427894  0.020321  
-0.795922  0.677781   -0.427894  0.00706365
-0.709095  0.603811   -0.417349  0.0105392 
-0.781311  0.554321   -0.41431   0.0276077 
-0.781311  0.554321   -0.41431   0.00948321
-0.773761  0.562602   -0.420695  0.0180793 
-0.773761  0.562602   -0.420695  0.00847985
-0.773761  0.562602   -0.420695  0.00660042
-0.765248  0.623928   -0.45048   0.00657613
-0.765248  0.623928   -0.45048   0.00877397
-0.765248  0.623928   -0.45048   0.0145169 
-0.765248  0.623928   -0.45048   0.013908  
-0.765248  0.623928   -0.45048   0.0130793 
-0.765248  0.623928   -0.45048   0.0172069 
-0.856022  0.711029   -0.367524  0.0115394 
-0.887956  0.652227   -0.401117  0.0178819 
-0.848959  0.678473   -0.401586  0.00818815
-0.752929  0.578833   -0.427296  0.0166419 
-0.752929  0.578833   -0.427296  0.00630398
-0.731767  0.62241    -0.433603  0.0106439 
-0.731767  0.62241    -0.433603  0.00957797
-0.731767  0.62241    -0.433603  0.00779552
-0.692453  0.598455   -0.404203  0.0162892 
-0.692453  0.598455   -0.404203  0.00960241
-0.749928  0.675567   -0.428653  0.00848687
-0.654246  0.593304   -0.351252  0.00872653
-0.694705  0.572809   -0.38357   0.0219058 
-0.694705  0.572809   -0.38357   0.0108555 
-0.690229  0.663376   -0.386287  0.0111641 
-0.740124  0.731533   -0.391053  0.0541265 
-0.740124  0.731533   -0.391053  0.0151601 
-0.816681  0.722679   -0.379611  0.0151348 
-0.865063  0.718571   -0.388473  0.0244665 
-0.865063  0.718571   -0.388473  0.0170757 
-0.865063  0.718571   -0.388473  0.0265867 
-0.865063  0.718571   -0.388473  0.0262734 
-0.865063  0.718571   -0.388473  0.0263283 
-0.800432  0.741881   -0.356944  0.0286257 
-0.800432  0.741881   -0.356944  0.0316677 
-0.800432  0.741881   -0.356944  0.0158765 
-0.773599  0.769245   -0.358922  0.0156355 
-0.762446  0.741716   -0.360332  0.0184674 
-0.713948  0.793505   -0.344609  0.0379971 
-0.713948  0.793505   -0.344609  0.0190746 
-0.713948  0.793505   -0.344609  0.0283061 
-0.713948  0.793505   -0.344609  0.0412532 
-0.713948  0.793505   -0.344609  0.0182667 
-0.771492  0.765311   -0.344961  0.0271735 
-0.778101  0.722859   -0.367817  0.00856864
-0.84987   0.637921   -0.43284   0.0204102 
-0.84987   0.637921   -0.43284   0.0205971 
-0.84987   0.637921   -0.43284   0.0129405 
-0.84987   0.637921   -0.43284   0.00948624
-0.831163  0.569316   -0.396747  0.0245915 
-0.831163  0.569316   -0.396747  0.00717036
-0.780419  0.596823   -0.444303  0.0122926 
-0.780419  0.596823   -0.444303  0.00585142
-0.733015  0.6246     -0.433906  0.0085126 
-0.733015  0.6246     -0.433906  0.00892047
-0.705085  0.677128   -0.407169  0.0098862 
-0.703782  0.636429   -0.397493  0.011559  
-0.703782  0.636429   -0.397493  0.0134195 
-0.718383  0.674972   -0.405371  0.0134005 
-0.690017  0.745451   -0.374734  0.0113019 
-0.75823   0.706197   -0.399198  0.0141633 
-0.759264  0.751354   -0.386079  0.0232438 
-0.759264  0.751354   -0.386079  0.0103253 
-0.704012  0.68865    -0.387842  0.0132076 
-0.702183  0.710778   -0.376589  0.0106825 
-0.702183  0.710778   -0.376589  0.00962833
-0.762675  0.693307   -0.412856  0.0283983 
-0.856306  0.772219   -0.281989  0.0231317 
-0.8639    0.763939   -0.310088  0.00775993
-0.779894  0.674076   -0.431621  0.0267258 
-0.779894  0.674076   -0.431621  0.00875888
-0.779894  0.674076   -0.431621  0.00862637
-0.808779  0.57549    -0.448514  0.0223516 
-0.808779  0.57549    -0.448514  0.00647994
-0.713635  0.622481   -0.424627  0.00784503
-0.727     0.653459   -0.421251  0.0086355 
-0.796761  0.577654   -0.424877  0.022813  
-0.796761  0.577654   -0.424877  0.0147366 
-0.796761  0.577654   -0.424877  0.00617455
-0.733781  0.60987    -0.434977  0.0135496 
-0.733781  0.60987    -0.434977  0.0134003 
-0.733781  0.60987    -0.434977  0.0166286 
-0.733781  0.60987    -0.434977  0.00832887
-0.82066   0.627616   -0.437348  0.0135536 
-0.82066   0.627616   -0.437348  0.0082541 
-0.801575  0.650179   -0.431545  0.0131844 
-0.84487   0.672235   -0.421518  0.0367448 
-0.84487   0.672235   -0.421518  0.00756853
-0.84662   0.614998   -0.434852  0.0159548 
-0.84662   0.614998   -0.434852  0.0150134 
-0.84662   0.614998   -0.434852  0.0104579 
-0.84662   0.614998   -0.434852  0.00937438
-0.84662   0.614998   -0.434852  0.0111685 
-0.833374  0.666514   -0.426305  0.0107625 
-0.85872   0.653576   -0.426492  0.0144609 
-0.85872   0.653576   -0.426492  0.0113315 
-0.841191  0.675664   -0.411654  0.0152343 
-0.807911  0.730542   -0.402064  0.0100962 
-0.832155  0.677109   -0.433993  0.0331835 
-0.832155  0.677109   -0.433993  0.00679796
-0.738041  0.602957   -0.414504  0.00671114
-0.723802  0.597103   -0.420483  0.00812849
-0.726891  0.581886   -0.422256  0.0156385 
-0.726891  0.581886   -0.422256  0.0173423 
-0.726891  0.581886   -0.422256  0.0184221 
-0.726891  0.581886   -0.422256  0.0140761 
-0.726891  0.581886   -0.422256  0.00975271
-0.804458  0.569599   -0.433335  0.0189009 
-0.804458  0.569599   -0.433335  0.0108616 
-0.804458  0.569599   -0.433335  0.00690136
-0.709849  0.621493   -0.419003  0.0105117 
-0.800748  0.561806   -0.428016  0.00767525
-0.826005  0.597681   -0.439634  0.0153008 
-0.826005  0.597681   -0.439634  0.0170145 
-0.826005  0.597681   -0.439634  0.0114692 
-0.892826  0.552447   -0.364831  0.014137  
-0.976862  0.625817   -0.332189  0.0196329 
-0.976862  0.625817   -0.332189  0.013478  
-0.976862  0.625817   -0.332189  0.0107927 
-0.891068  0.556923   -0.363677  0.0127883 
-0.877233  0.651339   -0.397766  0.029808  
-0.877233  0.651339   -0.397766  0.0182957 
-0.877233  0.651339   -0.397766  0.00784148
-0.842337  0.592187   -0.440577  0.00941756
-0.842337  0.592187   -0.440577  0.00771971
-0.858704  0.633792   -0.442665  0.00927721
-0.813133  0.639958   -0.435082  0.017127  
-0.813133  0.639958   -0.435082  0.0085319 
-0.845036  0.601753   -0.433522  0.00565845
-0.800605  0.623639   -0.45621   0.0115482 
-0.800605  0.623639   -0.45621   0.00871463
-0.734216  0.568498   -0.419883  0.0161645 
-0.734216  0.568498   -0.419883  0.0211848 
-0.734216  0.568498   -0.419883  0.0119739 
-0.734216  0.568498   -0.419883  0.0078811 
-0.734216  0.568498   -0.419883  0.00826409
-0.734216  0.568498   -0.419883  0.00760791
-0.716087  0.586247   -0.410104  0.00939899
-0.716087  0.586247   -0.410104  0.00962065
-0.716087  0.586247   -0.410104  0.00916122
-0.802478  0.566591   -0.419017  0.0102259 
-0.797493  0.560467   -0.426718  0.0122856 
-0.797493  0.560467   -0.426718  0.02231   
-0.797493  0.560467   -0.426718  0.00576687
-0.795914  0.635346   -0.456817  0.0191196 
-0.795914  0.635346   -0.456817  0.0140282 
-0.795914  0.635346   -0.456817  0.00971497
-0.850627  0.566964   -0.402084  0.00910836
-0.764737  0.630975   -0.425871  0.0119591 
-0.801391  0.547991   -0.403788  0.0289481 
-0.801391  0.547991   -0.403788  0.0176042 
-0.801391  0.547991   -0.403788  0.0109697 
-0.791323  0.644113   -0.435945  0.00966888
-0.791323  0.644113   -0.435945  0.0127964 
-0.800237  0.697987   -0.411316  0.00867996
-0.72644   0.644887   -0.420675  0.00967546
-0.724911  0.704186   -0.398243  0.00747782
-0.724911  0.704186   -0.398243  0.0119849 
-0.7117    0.711187   -0.408776  0.00712667
-0.769869  0.620185   -0.444235  0.00659159
-0.732763  0.614598   -0.424491  0.0156296 
-0.784901  0.525924   -0.38749   0.0065238 
-0.712096  0.625902   -0.411661  0.00747865
-0.707905  0.643333   -0.405507  0.0106712 
-0.739074  0.710007   -0.399748  0.0289091 
-0.739074  0.710007   -0.399748  0.0106794 
-0.680953  0.72817    -0.381921  0.00886589
-0.678703  0.701042   -0.398646  0.0177143 
-0.678703  0.701042   -0.398646  0.0195517 
-0.678703  0.701042   -0.398646  0.0117151 
-0.739023  0.694978   -0.403571  0.00797527
-0.667491  0.612527   -0.380529  0.00711616
-0.71292   0.625381   -0.419018  0.010098  
-0.777162  0.55652    -0.416628  0.0127158 
-0.777162  0.55652    -0.416628  0.0175562 
-0.777162  0.55652    -0.416628  0.0251892 
-0.777162  0.55652    -0.416628  0.0077675 
-0.679947  0.645142   -0.404126  0.00888037
-0.679947  0.645142   -0.404126  0.00634233
-0.710317  0.639487   -0.419954  0.00844786
-0.710317  0.639487   -0.419954  0.00754204
-0.715203  0.613392   -0.419447  0.014657  
-0.715203  0.613392   -0.419447  0.00984832
-0.715203  0.613392   -0.419447  0.00814085
-0.715203  0.613392   -0.419447  0.011808  
-0.782376  0.70983    -0.413346  0.00718355
-0.68929   0.616058   -0.409685  0.00915544
-0.710054  0.570977   -0.407104  0.0209974 
-0.710054  0.570977   -0.407104  0.0121117 
-0.710054  0.570977   -0.407104  0.0059265 
-0.736014  0.635865   -0.435939  0.00556464
-0.756824  0.631559   -0.446994  0.00718408
-0.788841  0.633654   -0.4407    0.00796612
-0.830802  0.662173   -0.437386  0.00824476
-0.82188   0.581409   -0.437584  0.00776109
-0.82188   0.581409   -0.437584  0.0107587 
-0.82188   0.581409   -0.437584  0.0106244 
-0.902139  0.623852   -0.401175  0.0138191 
-0.823002  0.534564   -0.385217  0.0204969 
-0.823002  0.534564   -0.385217  0.0214513 
-0.823002  0.534564   -0.385217  0.0101969 
-0.882521  0.559826   -0.380737  0.0106604 
-0.829182  0.557162   -0.415625  0.00512923
-0.793203  0.626154   -0.451371  0.0108889 
-0.793203  0.626154   -0.451371  0.0142013 
-0.793203  0.626154   -0.451371  0.00818143
-0.78329   0.578021   -0.445022  0.0082627 
-0.728622  0.583531   -0.427071  0.0119992 
-0.73389   0.54324    -0.389023  0.0288568 
-0.73389   0.54324    -0.389023  0.0143386 
-0.73389   0.54324    -0.389023  0.013292  
-0.740831  0.531088   -0.363805  0.0326497 
-0.740831  0.531088   -0.363805  0.00700041
-0.815676  0.625649   -0.441704  0.0153766 
-0.815676  0.625649   -0.441704  0.0133642 
-0.795777  0.707188   -0.406045  0.0300819 
-0.795777  0.707188   -0.406045  0.0212726 
-0.795777  0.707188   -0.406045  0.0122825 
-0.757814  0.6995     -0.399922  0.0202644 
-0.757814  0.6995     -0.399922  0.0253541 
-0.757814  0.6995     -0.399922  0.00694165
-0.813407  0.615328   -0.440812  0.0103181 
-0.813407  0.615328   -0.440812  0.00683295
-0.722999  0.601005   -0.43216   0.00836829
-0.722999  0.601005   -0.43216   0.00821133
-0.815435  0.591787   -0.434169  0.0102719 
-0.815435  0.591787   -0.434169  0.0121963 
-0.815435  0.591787   -0.434169  0.0103918 
-0.858044  0.635183   -0.441618  0.00677683
-0.76241   0.665138   -0.433733  0.00948098
-0.693624  0.712691   -0.397036  0.0193179 
-0.693624  0.712691   -0.397036  0.017125  
-0.693624  0.712691   -0.397036  0.0102179 
-0.756366  0.681147   -0.435573  0.00699457
-0.733438  0.603405   -0.443356  0.013119  
-0.733438  0.603405   -0.443356  0.019232  
-0.733438  0.603405   -0.443356  0.0091726 
-0.71504   0.685855   -0.417837  0.0158001 
-0.71504   0.685855   -0.417837  0.00920426
-0.71504   0.685855   -0.417837  0.0170894 
-0.732626  0.737552   -0.35512   0.0297576 
-0.732626  0.737552   -0.35512   0.0132867 
-0.687467  0.640392   -0.378458  0.0117528 
-0.687467  0.640392   -0.378458  0.0125929 
-0.664531  0.712936   -0.381917  0.0112206 
-0.690349  0.744211   -0.374726  0.0180903 
-0.690349  0.744211   -0.374726  0.0361953 
-0.690349  0.744211   -0.374726  0.0188589 
-0.690349  0.744211   -0.374726  0.0121386 
-0.6959    0.694211   -0.383787  0.0110567 
-0.6959    0.694211   -0.383787  0.0159411 
-0.6959    0.694211   -0.383787  0.0106319 
-0.724164  0.700861   -0.409076  0.00850264
-0.724164  0.700861   -0.409076  0.00860901
-0.752158  0.664161   -0.423213  0.00843655
-0.773742  0.596373   -0.433894  0.00722487
-0.773742  0.596373   -0.433894  0.00792783
-0.809687  0.626194   -0.441367  0.0196075 
-0.809687  0.626194   -0.441367  0.0147101 
-0.809687  0.626194   -0.441367  0.00844474
-0.829904  0.58609    -0.432333  0.0120912 
-0.829904  0.58609    -0.432333  0.00966307
-0.829904  0.58609    -0.432333  0.0113064 
-0.871226  0.603091   -0.427429  0.0125025 
-0.871226  0.603091   -0.427429  0.0124902 
-0.9       0.616456   -0.395195  0.0155466 
-0.9       0.616456   -0.395195  0.0144776 
-0.9       0.616456   -0.395195  0.0113649 
-0.9       0.616456   -0.395195  0.0152251 
-0.903556  0.678997   -0.387268  0.0247972 
-0.903556  0.678997   -0.387268  0.0123764 
-0.925109  0.617505   -0.384823  0.0124916 
-0.925109  0.617505   -0.384823  0.00993649
-0.931669  0.596071   -0.379358  0.0122575 
-0.931669  0.596071   -0.379358  0.0109325 
-0.920874  0.610735   -0.381058  0.0209446 
-0.920874  0.610735   -0.381058  0.015587  
-0.920874  0.610735   -0.381058  0.00726667
-0.841435  0.599827   -0.429519  0.0104503 
-0.853233  0.655318   -0.423379  0.0138926 
-0.853233  0.655318   -0.423379  0.0171757 
-0.853233  0.655318   -0.423379  0.00991431
-0.936288  0.604543   -0.36899   0.0138836 
-0.936288  0.604543   -0.36899   0.0396712 
-0.936288  0.604543   -0.36899   0.0111643 
-0.917034  0.590223   -0.371371  0.0178751 
-0.917034  0.590223   -0.371371  0.0112912 
-0.905928  0.576711   -0.39967   0.0103459 
-0.959051  0.582497   -0.351353  0.0162038 
-0.919835  0.678206   -0.347426  0.0387533 
-0.919835  0.678206   -0.347426  0.010947  
-0.951195  0.5905     -0.361753  0.0207811 
-0.918075  0.664242   -0.347341  0.010609  
-0.859009  0.619996   -0.422451  0.0154942 
-0.859009  0.619996   -0.422451  0.0143465 
-0.858846  0.689348   -0.404072  0.00832438
-0.760347  0.650683   -0.433537  0.00791824
-0.67862   0.624632   -0.409357  0.0114892 
-0.67862   0.624632   -0.409357  0.00927038
-0.67862   0.624632   -0.409357  0.0090543 
-0.683948  0.716989   -0.39917   0.00908508
-0.648233  0.656402   -0.364411  0.010317  
-0.629941  0.57729    -0.341661  0.0121453 
-0.629941  0.57729    -0.341661  0.012822  
-0.629941  0.57729    -0.341661  0.0190808 
-0.629941  0.57729    -0.341661  0.0163497 
-0.629941  0.57729    -0.341661  0.0146293 
-0.629941  0.57729    -0.341661  0.0129569 
-0.629941  0.57729    -0.341661  0.0104522 
-0.625059  0.567375   -0.326253  0.0131216 
-0.625059  0.567375   -0.326253  0.00761099
-0.686308  0.645989   -0.40326   0.0116567 
-0.686308  0.645989   -0.40326   0.0107662 
-0.686308  0.645989   -0.40326   0.0133381 
-0.686308  0.645989   -0.40326   0.00775984
-0.686526  0.620526   -0.409314  0.0115732 
-0.686526  0.620526   -0.409314  0.0120025 
-0.686526  0.620526   -0.409314  0.00728828
-0.681777  0.633143   -0.384303  0.00813778
-0.681777  0.633143   -0.384303  0.00921646
-0.755644  0.665072   -0.433161  0.00781875
-0.755644  0.665072   -0.433161  0.00916351
-0.838931  0.601816   -0.436508  0.00990436
-0.877181  0.600771   -0.4224    0.0228582 
-0.877181  0.600771   -0.4224    0.0117167 
-0.78052   0.54447    -0.366181  0.00649958
-0.724419  0.616449   -0.422901  0.00894996
-0.724419  0.616449   -0.422901  0.00720154
-0.756657  0.606684   -0.425052  0.00678965
-0.761932  0.601059   -0.434709  0.00789267
-0.761932  0.601059   -0.434709  0.0143131 
-0.839082  0.671397   -0.405731  0.0136549 
-0.839082  0.671397   -0.405731  0.0163188 
-0.855551  0.681038   -0.385699  0.019498  
-0.820899  0.7036     -0.41214   0.0347882 
-0.820899  0.7036     -0.41214   0.015978  
-0.806088  0.690033   -0.388184  0.0209455 
-0.806088  0.690033   -0.388184  0.0241588 
-0.806088  0.690033   -0.388184  0.0221972 
-0.736977  0.7671     -0.365617  0.0183246 
-0.736977  0.7671     -0.365617  0.0245193 
-0.736977  0.7671     -0.365617  0.0240176 
-0.736977  0.7671     -0.365617  0.0104872 
-0.758961  0.709763   -0.407329  0.0178506 
-0.758961  0.709763   -0.407329  0.00779163
-0.787603  0.6726     -0.430035  0.0235732 
-0.787603  0.6726     -0.430035  0.0217727 
-0.787603  0.6726     -0.430035  0.00930237
-0.708199  0.681812   -0.416027  0.00894133
-0.708199  0.681812   -0.416027  0.00844053
-0.708199  0.681812   -0.416027  0.00630801
-0.719709  0.615347   -0.418858  0.0128841 
-0.771059  0.651591   -0.421139  0.00818479
-0.858536  0.58645    -0.430764  0.0129153 
-0.809741  0.637937   -0.42742   0.0211761 
-0.809741  0.637937   -0.42742   0.0141368 
-0.809741  0.637937   -0.42742   0.00702167
-0.783243  0.64432    -0.440499  0.0155958 
-0.783243  0.64432    -0.440499  0.0237333 
-0.783243  0.64432    -0.440499  0.0157593 
-0.783243  0.64432    -0.440499  0.0117533 
-0.783243  0.64432    -0.440499  0.00642173
-0.783243  0.64432    -0.440499  0.0064317 
-0.783779  0.597222   -0.44828   0.0204871 
-0.783779  0.597222   -0.44828   0.00765778
-0.812443  0.62626    -0.445504  0.00751292
-0.841502  0.610637   -0.438975  0.0149357 
-0.841502  0.610637   -0.438975  0.0121687 
-0.841502  0.610637   -0.438975  0.0107718 
-0.841502  0.610637   -0.438975  0.0161448 
-0.821599  0.661567   -0.414001  0.0107728 
-0.897666  0.601662   -0.398836  0.0121636 
-0.897666  0.601662   -0.398836  0.0140081 
-0.897666  0.601662   -0.398836  0.00954454
-0.855004  0.614389   -0.445919  0.00735269
-0.784698  0.596387   -0.443708  0.00870833
-0.784698  0.596387   -0.443708  0.0090082 
-0.784698  0.596387   -0.443708  0.0124828 
-0.784698  0.596387   -0.443708  0.00714602
-0.784698  0.596387   -0.443708  0.00801447
-0.784698  0.596387   -0.443708  0.0173811 
-0.784698  0.596387   -0.443708  0.00641122
-0.73964   0.60759    -0.432389  0.00948511
-0.832092  0.568939   -0.407542  0.0197229 
-0.832092  0.568939   -0.407542  0.0146454 
-0.805334  0.52659    -0.375172  0.00838638
-0.872225  0.602327   -0.431614  0.0182949 
-0.872225  0.602327   -0.431614  0.0250445 
-0.872225  0.602327   -0.431614  0.0140051 
-0.872225  0.602327   -0.431614  0.016345  
-0.872225  0.602327   -0.431614  0.0113326 
-0.872579  0.64904    -0.420002  0.0207136 
-0.872579  0.64904    -0.420002  0.0203999 
-0.872579  0.64904    -0.420002  0.0205349 
-0.872579  0.64904    -0.420002  0.0113899 
-0.874882  0.643553   -0.417675  0.0109178 
-0.874882  0.643553   -0.417675  0.0108614 
-0.816547  0.560768   -0.414797  0.0121555 
-0.816547  0.560768   -0.414797  0.0172269 
-0.816547  0.560768   -0.414797  0.0247341 
-0.816547  0.560768   -0.414797  0.00593736
-0.74776   0.634248   -0.439434  0.00871622
-0.74776   0.634248   -0.439434  0.010977  
-0.74776   0.634248   -0.439434  0.0108054 
-0.717633  0.651112   -0.42009   0.0173886 
-0.717633  0.651112   -0.42009   0.00876542
-0.72975   0.573613   -0.416283  0.00926413
-0.72975   0.573613   -0.416283  0.0202547 
-0.72975   0.573613   -0.416283  0.00835679
-0.829493  0.599404   -0.436327  0.0102104 
-0.829493  0.599404   -0.436327  0.0258117 
-0.829493  0.599404   -0.436327  0.0122312 
-0.829493  0.599404   -0.436327  0.00935363
-0.807859  0.567723   -0.429943  0.0093382 
-0.873856  0.625241   -0.429704  0.010132  
-0.871446  0.614814   -0.421766  0.0163056 
-0.871446  0.614814   -0.421766  0.0131181 
-0.816147  0.540039   -0.393996  0.00991233
-0.833929  0.565355   -0.436168  0.0242675 
-0.833929  0.565355   -0.436168  0.00666251
-0.741962  0.61885    -0.436152  0.010122  
-0.80235   0.661514   -0.425351  0.0207417 
-0.769003  0.688653   -0.397736  0.00634062
-0.731163  0.640783   -0.418386  0.00818694
-0.724436  0.673017   -0.411483  0.00786851
-0.781335  0.581782   -0.442412  0.00870551
-0.781335  0.581782   -0.442412  0.012603  
-0.781335  0.581782   -0.442412  0.0182669 
-0.781335  0.581782   -0.442412  0.0071951 
-0.781335  0.581782   -0.442412  0.00779501
-0.777522  0.583623   -0.435664  0.0101083 
-0.870833  0.623221   -0.426113  0.00772515
-0.824521  0.610588   -0.450087  0.0080783 
-0.824521  0.610588   -0.450087  0.00923164
-0.880403  0.608163   -0.422501  0.0149434 
-0.880403  0.608163   -0.422501  0.0101309 
-0.880403  0.608163   -0.422501  0.0220065 
-0.880403  0.608163   -0.422501  0.0115141 
-0.859817  0.554031   -0.410322  0.0120103 
-0.799395  0.543624   -0.392866  0.0105236 
-0.77227   0.642772   -0.423813  0.0106781 
-0.845942  0.656439   -0.42619   0.022099  
-0.845942  0.656439   -0.42619   0.00918425
-0.845942  0.656439   -0.42619   0.0111362 
-0.845942  0.656439   -0.42619   0.00795582
-0.79392   0.656396   -0.436949  0.0102749 
-0.79392   0.656396   -0.436949  0.0224739 
-0.79392   0.656396   -0.436949  0.0128303 
-0.79392   0.656396   -0.436949  0.0105126 
-0.79392   0.656396   -0.436949  0.0165    
-0.79392   0.656396   -0.436949  0.0243776 
-0.79392   0.656396   -0.436949  0.0155393 
-0.79392   0.656396   -0.436949  0.00838361
-0.79392   0.656396   -0.436949  0.018896  
-0.79392   0.656396   -0.436949  0.0100304 
-0.826643  0.561591   -0.416874  0.0126997 
-0.826643  0.561591   -0.416874  0.0220746 
-0.826643  0.561591   -0.416874  0.0132039 
-0.826643  0.561591   -0.416874  0.00824888
-0.783337  0.649489   -0.440148  0.0105345 
-0.743092  0.700269   -0.396865  0.0200567 
-0.743092  0.700269   -0.396865  0.0117943 
-0.743092  0.700269   -0.396865  0.00767553
-0.784794  0.610152   -0.444326  0.00630141
-0.801054  0.604562   -0.441828  0.0125476 
-0.801054  0.604562   -0.441828  0.00750168
-0.727712  0.591096   -0.406194  0.0181735 
-0.727712  0.591096   -0.406194  0.0188625 
-0.727712  0.591096   -0.406194  0.0101017 
-0.727712  0.591096   -0.406194  0.0158138 
-0.727712  0.591096   -0.406194  0.0127112 
-0.727712  0.591096   -0.406194  0.00836256
-0.725888  0.572591   -0.400013  0.0103432 
-0.712342  0.557089   -0.396947  0.0178915 
-0.712342  0.557089   -0.396947  0.00727715
-0.80285   0.632832   -0.44148   0.00760668
-0.716071  0.668295   -0.416389  0.00965819
-0.716071  0.668295   -0.416389  0.00976933
-0.716071  0.668295   -0.416389  0.0101741 
-0.66972   0.687631   -0.387647  0.0127683 
-0.768823  0.696696   -0.412119  0.0210666 
-0.768823  0.696696   -0.412119  0.0221314 
-0.768823  0.696696   -0.412119  0.0107336 
-0.836592  0.665726   -0.435132  0.0151467 
-0.903299  0.624569   -0.382046  0.0116309 
-0.902387  0.61675    -0.392071  0.00683327
-0.846309  0.639622   -0.447915  0.0067475 
-0.790734  0.624559   -0.4538    0.0073797 
-0.794151  0.607585   -0.431928  0.0149878 
-0.794151  0.607585   -0.431928  0.0129023 
-0.794151  0.607585   -0.431928  0.00872984
-0.786002  0.67837    -0.429744  0.0267631 
-0.786002  0.67837    -0.429744  0.00779744
-0.76538   0.66519    -0.435192  0.0159415 
-0.76538   0.66519    -0.435192  0.00808708
-0.76538   0.66519    -0.435192  0.0081222 
-0.838028  0.581278   -0.441841  0.0123162 
-0.838028  0.581278   -0.441841  0.00892098
-0.838028  0.581278   -0.441841  0.00904717
-0.838028  0.581278   -0.441841  0.0147462 
-0.838028  0.581278   -0.441841  0.022946  
-0.838028  0.581278   -0.441841  0.00842372
-0.866679  0.593561   -0.418774  0.0152833 
-0.866679  0.593561   -0.418774  0.0134248 
-0.884293  0.65528    -0.40253   0.0233804 
-0.884293  0.65528    -0.40253   0.0270081 
-0.884293  0.65528    -0.40253   0.0106346 
-0.884293  0.65528    -0.40253   0.00911055
-0.88237   0.579646   -0.411527  0.0188441 
-0.88237   0.579646   -0.411527  0.0133045 
-0.88237   0.579646   -0.411527  0.0147067 
-0.88237   0.579646   -0.411527  0.0129554 
-0.945543  0.591787   -0.356713  0.0264993 
-0.945543  0.591787   -0.356713  0.0193475 
-0.945543  0.591787   -0.356713  0.0205111 
-0.963449  0.681876   -0.294726  0.0193389 
-0.982152  0.651886   -0.282741  0.038822  
-0.982152  0.651886   -0.282741  0.0268453 
-0.982152  0.651886   -0.282741  0.0186746 
-0.930033  0.679059   -0.330647  0.0182375 
-0.915212  0.690201   -0.341578  0.0103464 
-0.881086  0.631787   -0.423176  0.00781682
-0.805187  0.659897   -0.453252  0.0173296 
-0.805187  0.659897   -0.453252  0.0073686 
-0.805187  0.659897   -0.453252  0.0130379 
-0.863643  0.628876   -0.422331  0.0143452 
-0.863643  0.628876   -0.422331  0.0157543 
-0.863643  0.628876   -0.422331  0.00672711
-0.781322  0.600015   -0.45343   0.0136495 
-0.781322  0.600015   -0.45343   0.0100475 
-0.781322  0.600015   -0.45343   0.0202622 
-0.781322  0.600015   -0.45343   0.0182023 
-0.781322  0.600015   -0.45343   0.0125829 
-0.781322  0.600015   -0.45343   0.00617703
-0.8023    0.610299   -0.448811  0.0061815 
-0.8023    0.610299   -0.448811  0.00648549
-0.786435  0.620404   -0.453222  0.00916805
-0.786435  0.620404   -0.453222  0.00824519
-0.786435  0.620404   -0.453222  0.00905447
-0.786435  0.620404   -0.453222  0.00780075
-0.786435  0.620404   -0.453222  0.00868148
-0.786435  0.620404   -0.453222  0.00931549
-0.786435  0.620404   -0.453222  0.0112492 
-0.786435  0.620404   -0.453222  0.0105518 
-0.786435  0.620404   -0.453222  0.0131941 
-0.74396   0.700907   -0.392149  0.00662523
-0.731507  0.605641   -0.418859  0.0157672 
-0.731507  0.605641   -0.418859  0.0102671 
-0.731507  0.605641   -0.418859  0.0172602 
-0.731507  0.605641   -0.418859  0.0107604 
-0.731507  0.605641   -0.418859  0.007415  
-0.823729  0.620743   -0.443269  0.00607327
-0.747919  0.641406   -0.436099  0.00873671
-0.74785   0.573875   -0.431614  0.00658791
-0.727046  0.604825   -0.415983  0.0157551 
-0.816862  0.66049    -0.417191  0.00872343
-0.891325  0.589116   -0.418418  0.0258307 
-0.891325  0.589116   -0.418418  0.0105313 
-0.891325  0.589116   -0.418418  0.00817324
-0.864622  0.611285   -0.431588  0.0110502 
-0.864622  0.611285   -0.431588  0.00702843
-0.784265  0.633929   -0.441049  0.00898998
-0.784265  0.633929   -0.441049  0.00757424
-0.784265  0.633929   -0.441049  0.00631028
-0.761136  0.644966   -0.437219  0.0095807 
-0.722117  0.71574    -0.416334  0.0123182 
-0.796714  0.642816   -0.437163  0.0109653 
-0.762136  0.550991   -0.420443  0.0130937 
-0.848903  0.538957   -0.37818   0.0115585 
-0.872785  0.555609   -0.373857  0.0233837 
-0.872785  0.555609   -0.373857  0.0189494 
-0.872785  0.555609   -0.373857  0.0120016 
-0.899471  0.64598    -0.411665  0.0104658 
-0.825135  0.558887   -0.422126  0.0118146 
-0.825135  0.558887   -0.422126  0.0173197 
-0.825135  0.558887   -0.422126  0.0284548 
-0.825135  0.558887   -0.422126  0.0192083 
-0.825135  0.558887   -0.422126  0.0148511 
-0.825135  0.558887   -0.422126  0.0197113 
-0.825135  0.558887   -0.422126  0.0199553 
-0.825135  0.558887   -0.422126  0.00747294
-0.766955  0.585385   -0.421858  0.0110235 
-0.766955  0.585385   -0.421858  0.00841923
-0.766955  0.585385   -0.421858  0.00760372
-0.84115   0.600735   -0.427477  0.0176933 
-0.858066  0.700729   -0.385089  0.0133452 
-0.88444   0.654212   -0.389743  0.0235284 
-0.88444   0.654212   -0.389743  0.0138755 
-0.803058  0.725928   -0.401398  0.0113718 
-0.788511  0.672193   -0.42439   0.0139534 
-0.728002  0.721198   -0.38363   0.00996714
-0.783659  0.678262   -0.430319  0.0117515 
-0.783659  0.678262   -0.430319  0.00922938
-0.854421  0.623415   -0.430963  0.0124874 
-0.801582  0.681911   -0.415872  0.0138108 
-0.734211  0.735724   -0.380705  0.0112057 
-0.734211  0.735724   -0.380705  0.00860308
-0.670055  0.654884   -0.38914   0.011706  
-0.721867  0.739376   -0.388902  0.0116716 
-0.642301  0.712846   -0.356913  0.015515  
-0.677537  0.70101    -0.367021  0.00995983
-0.677537  0.70101    -0.367021  0.0114854 
-0.636256  0.742887   -0.353721  0.0194252 
-0.636256  0.742887   -0.353721  0.0121465 
-0.636256  0.742887   -0.353721  0.0135814 
-0.617225  0.71723    -0.349125  0.0147897 
-0.617225  0.71723    -0.349125  0.0132277 
-0.617225  0.71723    -0.349125  0.00895588
-0.635128  0.65181    -0.355523  0.0106761 
-0.664963  0.689994   -0.376987  0.00639008
-0.726816  0.635239   -0.427286  0.00788941
-0.701928  0.666843   -0.415197  0.00606622
-0.754397  0.603904   -0.440956  0.0142104 
-0.754397  0.603904   -0.440956  0.0101917 
-0.730919  0.66581    -0.414725  0.0148517 
-0.772472  0.680514   -0.417342  0.00937815
-0.772472  0.680514   -0.417342  0.0248077 
-0.772472  0.680514   -0.417342  0.0226009 
-0.772472  0.680514   -0.417342  0.0181915 
-0.772472  0.680514   -0.417342  0.00852078
-0.703611  0.683741   -0.392729  0.0101715 
-0.703611  0.683741   -0.392729  0.0102242 
-0.654226  0.71855    -0.367996  0.0111398 
-0.654226  0.71855    -0.367996  0.00947258
-0.6319    0.682327   -0.344626  0.00882435
-0.71909   0.670944   -0.405068  0.00841927
-0.657169  0.610273   -0.378733  0.00733915
-0.694104  0.610144   -0.392177  0.0103636 
-0.694104  0.610144   -0.392177  0.0134857 
-0.694104  0.610144   -0.392177  0.00671017
-0.741608  0.626919   -0.441141  0.0102889 
-0.741608  0.626919   -0.441141  0.0077111 
-0.741608  0.626919   -0.441141  0.00787647
-0.741608  0.626919   -0.441141  0.0136563 
-0.759279  0.532478   -0.369515  0.0104619 
-0.847277  0.564646   -0.405785  0.0155274 
-0.847277  0.564646   -0.405785  0.00992091
-0.814488  0.562593   -0.40623   0.0110246 
-0.804566  0.556535   -0.408438  0.0122264 
-0.874346  0.545362   -0.37542   0.0106477 
-0.847337  0.558149   -0.394088  0.022288  
-0.847337  0.558149   -0.394088  0.0103036 
-0.905104  0.594392   -0.384818  0.00872969
-0.844452  0.617444   -0.435595  0.00951189
-0.844452  0.617444   -0.435595  0.0142935 
-0.803797  0.685936   -0.42104   0.0121816 
-0.803797  0.685936   -0.42104   0.010478  
-0.798125  0.677782   -0.429702  0.010183  
-0.834911  0.648085   -0.425057  0.00969711
-0.881259  0.586892   -0.403159  0.0116618 
-0.881259  0.586892   -0.403159  0.00995864
-0.847737  0.56389    -0.418638  0.0198344 
-0.847737  0.56389    -0.418638  0.0112057 
-0.80031   0.65552    -0.416234  0.00871797
-0.831751  0.641278   -0.430438  0.00732861
-0.794003  0.659431   -0.439341  0.0125998 
-0.794003  0.659431   -0.439341  0.00740711
-0.805132  0.637653   -0.443152  0.0152054 
-0.805132  0.637653   -0.443152  0.0101555 
-0.805132  0.637653   -0.443152  0.0121798 
-0.728004  0.645692   -0.402573  0.00811299
-0.671207  0.655789   -0.393374  0.0068249 
-0.718875  0.60291    -0.405617  0.0128786 
-0.718875  0.60291    -0.405617  0.010876  
-0.640129  0.551045   -0.316218  0.0106477 
-0.604046  0.646423   -0.344107  0.00965909
-0.639802  0.589622   -0.358429  0.0116908 
-0.737468  0.543785   -0.369775  0.023753  
-0.737468  0.543785   -0.369775  0.00980195
-0.728096  0.55963    -0.392985  0.00605571
-0.763845  0.616066   -0.440896  0.0140878 
-0.763845  0.616066   -0.440896  0.00947713
-0.763845  0.616066   -0.440896  0.00711831
-0.763845  0.616066   -0.440896  0.014102  
-0.763845  0.616066   -0.440896  0.0100019 
-0.71071   0.667095   -0.40073   0.0094301 
-0.699675  0.676841   -0.414195  0.00856901
-0.674775  0.596525   -0.391742  0.013273  
-0.769824  0.532147   -0.378732  0.0125115 
-0.769824  0.532147   -0.378732  0.0280468 
-0.769824  0.532147   -0.378732  0.0147901 
-0.769824  0.532147   -0.378732  0.0208641 
-0.769824  0.532147   -0.378732  0.0333998 
-0.769824  0.532147   -0.378732  0.00834578
-0.738111  0.575533   -0.392202  0.0103492 
-0.738111  0.575533   -0.392202  0.00994662
-0.834633  0.647999   -0.423202  0.0104045 
-0.752768  0.66453    -0.427777  0.00803358
-0.817488  0.593531   -0.439179  0.00906512
-0.803997  0.669977   -0.441201  0.0144281 
-0.803997  0.669977   -0.441201  0.00581253
-0.737056  0.627381   -0.425593  0.0104451 
-0.737056  0.627381   -0.425593  0.0117992 
-0.683684  0.693628   -0.389845  0.011801  
-0.683684  0.693628   -0.389845  0.0106956 
-0.738549  0.710828   -0.395125  0.00794959
-0.784857  0.66744    -0.439224  0.00870102
-0.753504  0.681856   -0.420656  0.00765044
-0.807471  0.609911   -0.44935   0.00743361
-0.807471  0.609911   -0.44935   0.00692733
-0.775293  0.597335   -0.432567  0.00863153
-0.845688  0.583104   -0.430118  0.0202386 
-0.845688  0.583104   -0.430118  0.0104863 
-0.883448  0.609952   -0.394221  0.0319906 
-0.883448  0.609952   -0.394221  0.0256842 
-0.813723  0.661609   -0.411287  0.00729909
-0.746288  0.586172   -0.430282  0.0109697 
-0.713882  0.550384   -0.380004  0.00683511
-0.792222  0.592855   -0.438973  0.0078692 
-0.792222  0.592855   -0.438973  0.00842024
-0.828286  0.579174   -0.431426  0.0208878 
-0.828286  0.579174   -0.431426  0.0100405 
-0.830458  0.563863   -0.43529   0.00995951
-0.818308  0.575744   -0.419402  0.0065502 
-0.742371  0.627707   -0.444235  0.00948248
-0.742371  0.627707   -0.444235  0.00631581
-0.787611  0.629179   -0.459601  0.0115003 
-0.787611  0.629179   -0.459601  0.0178831 
-0.787611  0.629179   -0.459601  0.0138032 
-0.787611  0.629179   -0.459601  0.0077905 
-0.787611  0.629179   -0.459601  0.0192687 
-0.787611  0.629179   -0.459601  0.0117203 
-0.787611  0.629179   -0.459601  0.00944888
-0.862789  0.630506   -0.431734  0.0148614 
-0.862789  0.630506   -0.431734  0.00770813
-0.766747  0.607601   -0.429981  0.0102563 
-0.766747  0.607601   -0.429981  0.0133595 
-0.844024  0.667398   -0.409404  0.0283384 
-0.844024  0.667398   -0.409404  0.0086973 
-0.844024  0.667398   -0.409404  0.0142245 
-0.844024  0.667398   -0.409404  0.0319064 
-0.844024  0.667398   -0.409404  0.0306429 
-0.844024  0.667398   -0.409404  0.0221834 
-0.844024  0.667398   -0.409404  0.00897776
-0.801991  0.644575   -0.435256  0.00713461
-0.801991  0.644575   -0.435256  0.00728375
-0.786032  0.632366   -0.440216  0.00758312
-0.714053  0.5954     -0.413862  0.00729531
-0.714053  0.5954     -0.413862  0.0144541 
-0.714053  0.5954     -0.413862  0.0141089 
-0.81372   0.662127   -0.406054  0.0244987 
-0.803915  0.732459   -0.360763  0.030104  
-0.803915  0.732459   -0.360763  0.0056965 
-0.751356  0.638882   -0.435791  0.00822432
-0.750124  0.582986   -0.43518   0.00889063
-0.750124  0.582986   -0.43518   0.00728315
-0.81617   0.597423   -0.451825  0.0130559 
-0.81617   0.597423   -0.451825  0.0127025 
-0.81617   0.597423   -0.451825  0.0108593 
-0.81617   0.597423   -0.451825  0.00954437
-0.755413  0.566119   -0.428144  0.0160183 
-0.793019  0.519113   -0.317111  0.0121001 
-0.698764  0.545523   -0.37995   0.0100018 
-0.698764  0.545523   -0.37995   0.0102625 
-0.755448  0.638771   -0.424894  0.0135144 
-0.720584  0.675926   -0.407543  0.0198893 
-0.720584  0.675926   -0.407543  0.0171443 
-0.720584  0.675926   -0.407543  0.00593251
-0.807596  0.607654   -0.449636  0.00814645
-0.784547  0.577351   -0.426284  0.00876511
-0.845943  0.574057   -0.419284  0.017205  
-0.845943  0.574057   -0.419284  0.0213826 
-0.845943  0.574057   -0.419284  0.0222419 
-0.845943  0.574057   -0.419284  0.0102638 
-0.845943  0.574057   -0.419284  0.0208067 
-0.845943  0.574057   -0.419284  0.0170171 
-0.935649  0.65242    -0.353204  0.0233972 
-0.935649  0.65242    -0.353204  0.0147925 
-0.935649  0.65242    -0.353204  0.0279804 
-0.935649  0.65242    -0.353204  0.0115738 
-0.905154  0.554069   -0.360027  0.0100472 
-0.899273  0.566168   -0.379982  0.00963079
-0.835182  0.612079   -0.432728  0.0202876 
-0.835182  0.612079   -0.432728  0.00791971
-0.825646  0.620498   -0.439747  0.0206858 
-0.825646  0.620498   -0.439747  0.0168478 
-0.825646  0.620498   -0.439747  0.00750033
-0.760847  0.676077   -0.429456  0.00800509
-0.760847  0.676077   -0.429456  0.022326  
-0.760847  0.676077   -0.429456  0.00710605
-0.739168  0.63236    -0.437993  0.0179262 
-0.739168  0.63236    -0.437993  0.00856246
-0.739168  0.63236    -0.437993  0.0113427 
-0.739168  0.63236    -0.437993  0.00963291
-0.739168  0.63236    -0.437993  0.0110099 
-0.739168  0.63236    -0.437993  0.00953638
-0.739168  0.63236    -0.437993  0.0076513 
-0.786664  0.595173   -0.438675  0.0125771 
-0.786664  0.595173   -0.438675  0.00874861
-0.859434  0.618145   -0.435864  0.00707905
-0.807785  0.625401   -0.451482  0.0101391 
-0.807785  0.625401   -0.451482  0.00958244
-0.872459  0.609043   -0.432461  0.0233835 
-0.872459  0.609043   -0.432461  0.0103286 
-0.872459  0.609043   -0.432461  0.0103988 
-0.846036  0.661273   -0.433341  0.00698703
-0.838816  0.612321   -0.448282  0.0159947 
-0.838816  0.612321   -0.448282  0.00617371
-0.77039   0.625887   -0.448414  0.0145232 
-0.77039   0.625887   -0.448414  0.00638027
-0.728889  0.63413    -0.427105  0.0104209 
-0.728889  0.63413    -0.427105  0.0179027 
-0.728889  0.63413    -0.427105  0.0129784 
-0.678573  0.714417   -0.363754  0.00784614
-0.678573  0.714417   -0.363754  0.00649766
-0.721418  0.625092   -0.418488  0.0109452 
-0.721418  0.625092   -0.418488  0.00768808
-0.788452  0.585158   -0.434565  0.00600352
-0.78409   0.636985   -0.444066  0.0154852 
-0.78409   0.636985   -0.444066  0.0105195 
-0.78409   0.636985   -0.444066  0.0130378 
-0.78409   0.636985   -0.444066  0.01996   
-0.78409   0.636985   -0.444066  0.00872308
-0.78409   0.636985   -0.444066  0.0124147 
-0.78409   0.636985   -0.444066  0.00766255
-0.78409   0.636985   -0.444066  0.0180861 
-0.78409   0.636985   -0.444066  0.0130971 
-0.78409   0.636985   -0.444066  0.0291438 
-0.78409   0.636985   -0.444066  0.0101785 
-0.78409   0.636985   -0.444066  0.00867741
-0.78409   0.636985   -0.444066  0.0110168 
-0.78409   0.636985   -0.444066  0.00643028
-0.834149  0.625593   -0.454597  0.0111577 
-0.834149  0.625593   -0.454597  0.00961552
-0.834149  0.625593   -0.454597  0.0122041 
-0.834149  0.625593   -0.454597  0.0172043 
-0.834149  0.625593   -0.454597  0.01992   
-0.843193  0.713698   -0.362928  0.0123654 
-0.822168  0.640627   -0.424841  0.00915692
-0.822168  0.640627   -0.424841  0.0114572 
-0.814606  0.680303   -0.416548  0.00694383
-0.747755  0.657478   -0.435497  0.0086326 
-0.747755  0.657478   -0.435497  0.00788017
-0.747755  0.657478   -0.435497  0.00882004
-0.777089  0.671459   -0.419122  0.0118251 
-0.755267  0.648204   -0.431956  0.0074973 
-0.828546  0.607285   -0.437008  0.0159629 
-0.828546  0.607285   -0.437008  0.0190485 
-0.828546  0.607285   -0.437008  0.012535  
-0.828546  0.607285   -0.437008  0.0136193 
-0.828546  0.607285   -0.437008  0.00856263
-0.768099  0.660512   -0.429444  0.015402  
-0.768099  0.660512   -0.429444  0.00857449
-0.864089  0.574415   -0.419135  0.0191861 
-0.864089  0.574415   -0.419135  0.0150534 
-0.864089  0.574415   -0.419135  0.0146466 
-0.864089  0.574415   -0.419135  0.0108796 
-0.864089  0.574415   -0.419135  0.0141259 
-0.847989  0.651636   -0.414913  0.01582   
-0.793462  0.684317   -0.421336  0.00824397
-0.829183  0.635434   -0.43773   0.0117105 
-0.80531   0.548372   -0.382366  0.0312921 
-0.80531   0.548372   -0.382366  0.0250896 
-0.80531   0.548372   -0.382366  0.0291085 
-0.80531   0.548372   -0.382366  0.0157635 
-0.80531   0.548372   -0.382366  0.0232962 
-0.80531   0.548372   -0.382366  0.0148889 
-0.80531   0.548372   -0.382366  0.0193428 
-0.80531   0.548372   -0.382366  0.0107576 
-0.73557   0.554216   -0.411419  0.00762291
-0.692475  0.598849   -0.404773  0.00936172
-0.751649  0.674825   -0.410106  0.0188447 
-0.751649  0.674825   -0.410106  0.0162826 
-0.830753  0.650151   -0.428691  0.0183518 
-0.830753  0.650151   -0.428691  0.00841238
-0.85303   0.602407   -0.411359  0.00646885
-0.766232  0.603951   -0.437599  0.00912856
-0.706216  0.618525   -0.399827  0.0111764 
-0.740017  0.714131   -0.405393  0.0238168 
-0.740017  0.714131   -0.405393  0.0160518 
-0.666102  0.748723   -0.333582  0.0125685 
-0.568617  0.702579   -0.290488  0.00990645
-0.649618  0.681273   -0.368167  0.0108751 
-0.649618  0.681273   -0.368167  0.0129835 
-0.649618  0.681273   -0.368167  0.00811025
-0.695164  0.589695   -0.410718  0.0171185 
-0.695164  0.589695   -0.410718  0.0129168 
-0.787814  0.537596   -0.393615  0.016294  
-0.787814  0.537596   -0.393615  0.0219364 
-0.787814  0.537596   -0.393615  0.0236512 
-0.787814  0.537596   -0.393615  0.00646705
-0.816807  0.624958   -0.452881  0.0109666 
-0.813413  0.637602   -0.420897  0.0177563 
-0.813413  0.637602   -0.420897  0.00906502
-0.800432  0.658145   -0.427643  0.0202237 
-0.800432  0.658145   -0.427643  0.0100395 
-0.729485  0.691005   -0.412892  0.00867432
-0.723295  0.647706   -0.412406  0.0146485 
-0.723295  0.647706   -0.412406  0.00609942
-0.747238  0.648208   -0.442071  0.00810273
-0.72431   0.574092   -0.393389  0.0106145 
-0.627095  0.568353   -0.329797  0.0129781 
-0.627095  0.568353   -0.329797  0.0128669 
-0.67754   0.535474   -0.343494  0.0217328 
-0.67754   0.535474   -0.343494  0.00726676
-0.761762  0.619285   -0.436243  0.00813286
-0.776052  0.652145   -0.429443  0.00591623
-0.747439  0.612173   -0.441671  0.0140478 
-0.747439  0.612173   -0.441671  0.00543044
-0.757384  0.655304   -0.437911  0.00690383
-0.757384  0.655304   -0.437911  0.012092  
-0.757384  0.655304   -0.437911  0.00755378
-0.782663  0.599145   -0.431509  0.00960052
-0.782663  0.599145   -0.431509  0.00749474
-0.80524   0.599752   -0.440713  0.006892  
-0.711926  0.599317   -0.425884  0.00859713
-0.711926  0.599317   -0.425884  0.00686544
-0.713185  0.626351   -0.431956  0.00909218
-0.713185  0.626351   -0.431956  0.0100308 
-0.713185  0.626351   -0.431956  0.00809453
-0.713185  0.626351   -0.431956  0.00747444
-0.699229  0.64725    -0.399388  0.00984953
-0.622496  0.696313   -0.32217   0.0110491 
-0.624013  0.730399   -0.344776  0.0117098 
-0.700511  0.704882   -0.389824  0.0133201 
-0.799782  0.668521   -0.41146   0.0226227 
-0.799782  0.668521   -0.41146   0.0185288 
-0.803477  0.699644   -0.38761   0.0181989 
-0.87581   0.731646   -0.354196  0.0173852 
-0.802203  0.714168   -0.39114   0.0170359 
-0.878863  0.651215   -0.376694  0.00700323
-0.849339  0.608046   -0.432141  0.00727195
-0.769522  0.64192    -0.45304   0.00918518
-0.712647  0.679784   -0.408817  0.0266263 
-0.703701  0.730469   -0.369987  0.0253574 
-0.703701  0.730469   -0.369987  0.0139498 
-0.634597  0.743259   -0.335849  0.0171875 
-0.634597  0.743259   -0.335849  0.0136254 
-0.610432  0.77106    -0.333935  0.022549  
-0.610432  0.77106    -0.333935  0.00822697
-0.699397  0.673661   -0.401308  0.00634383
-0.752938  0.608949   -0.442531  0.00821708
-0.752938  0.608949   -0.442531  0.00695491
-0.752938  0.608949   -0.442531  0.0108279 
-0.752938  0.608949   -0.442531  0.0081079 
-0.698696  0.629156   -0.416348  0.0128499 
-0.698696  0.629156   -0.416348  0.00667638
-0.742531  0.604187   -0.434026  0.013583  
-0.795287  0.535618   -0.417017  0.0109448 
-0.86075   0.63367    -0.415323  0.00866341
-0.865048  0.580504   -0.414746  0.0113111 
-0.865048  0.580504   -0.414746  0.0149313 
-0.947089  0.626039   -0.354684  0.00951072
-0.882929  0.648338   -0.433425  0.0140724 
-0.882929  0.648338   -0.433425  0.0240106 
-0.882929  0.648338   -0.433425  0.0220628 
-0.819755  0.703824   -0.356418  0.0220453 
-0.819755  0.703824   -0.356418  0.0149783 
-0.727207  0.737757   -0.372815  0.0286809 
-0.727207  0.737757   -0.372815  0.023165  
-0.805677  0.754995   -0.343318  0.0281529 
-0.805677  0.754995   -0.343318  0.0272742 
-0.805677  0.754995   -0.343318  0.0152097 
-0.735271  0.731351   -0.386136  0.0122203 
-0.736219  0.764216   -0.398434  0.0255058 
-0.736219  0.764216   -0.398434  0.0155111 
-0.757101  0.74575    -0.37622   0.0160437 
-0.757101  0.74575    -0.37622   0.0192359 
-0.830524  0.665901   -0.402468  0.0427839 
-0.830524  0.665901   -0.402468  0.0115644 
-0.830524  0.665901   -0.402468  0.0214218 
-0.830524  0.665901   -0.402468  0.00850485
-0.733685  0.678924   -0.415955  0.0130434 
-0.733685  0.678924   -0.415955  0.0168131 
-0.733685  0.678924   -0.415955  0.00661523
-0.72835   0.61053    -0.422679  0.0157959 
-0.72835   0.61053    -0.422679  0.0103414 
-0.759064  0.631358   -0.416216  0.00686487
-0.806054  0.602046   -0.440854  0.00908026
-0.80034   0.567248   -0.409806  0.0217561 
-0.80034   0.567248   -0.409806  0.0211924 
-0.80034   0.567248   -0.409806  0.0120806 
-0.819524  0.547824   -0.395986  0.00912214
-0.848007  0.640418   -0.433521  0.0124232 
-0.84066   0.643848   -0.422676  0.00794774
-0.828329  0.594957   -0.437326  0.011315  
-0.828329  0.594957   -0.437326  0.00953509
-0.754699  0.66964    -0.419917  0.00695667
-0.785773  0.590341   -0.441257  0.00827499
-0.785773  0.590341   -0.441257  0.00881486
-0.727948  0.570797   -0.397012  0.00693334
-0.776614  0.637922   -0.450079  0.00906071
-0.696732  0.68079    -0.391023  0.00642929
-0.729731  0.651761   -0.427002  0.0181048 
-0.729731  0.651761   -0.427002  0.00969558
-0.661604  0.577856   -0.381958  0.00687894
-0.717388  0.657161   -0.420399  0.0205298 
-0.717388  0.657161   -0.420399  0.00903765
-0.717388  0.657161   -0.420399  0.00915881
-0.808805  0.657612   -0.443455  0.0251116 
-0.808805  0.657612   -0.443455  0.0103683 
-0.808805  0.657612   -0.443455  0.010034  
-0.808805  0.657612   -0.443455  0.0170178 
-0.808805  0.657612   -0.443455  0.0072327 
-0.774722  0.638871   -0.443991  0.00837886
-0.800792  0.58042    -0.435671  0.0136771 
-0.800792  0.58042    -0.435671  0.0208271 
-0.800792  0.58042    -0.435671  0.00678505
-0.778819  0.643167   -0.434635  0.0113452 
-0.771058  0.548254   -0.429681  0.00833956
-0.769245  0.636878   -0.431054  0.00788659
-0.672624  0.613991   -0.393836  0.00798996
-0.666024  0.59818    -0.367592  0.00681367
-0.741864  0.663      -0.43128   0.0216665 
-0.741864  0.663      -0.43128   0.0109343 
-0.741864  0.663      -0.43128   0.00735132
-0.766591  0.60107    -0.43484   0.00786408
-0.820616  0.652424   -0.445007  0.0084689 
-0.756265  0.576494   -0.426222  0.00724165
-0.821969  0.629906   -0.450601  0.00779927
-0.821969  0.629906   -0.450601  0.0104193 
-0.832276  0.640398   -0.440588  0.0316327 
-0.832276  0.640398   -0.440588  0.00586025
-0.739296  0.631597   -0.439658  0.00731471
-0.741067  0.585173   -0.425141  0.0135885 
-0.839144  0.53888    -0.394485  0.0187815 
-0.839144  0.53888    -0.394485  0.00772063
-0.793139  0.637992   -0.436578  0.00687971
-0.793139  0.637992   -0.436578  0.0135317 
-0.793139  0.637992   -0.436578  0.00836973
-0.793139  0.637992   -0.436578  0.00953907
-0.793139  0.637992   -0.436578  0.00706961
-0.811256  0.640833   -0.443643  0.0157956 
-0.811256  0.640833   -0.443643  0.0128286 
-0.811256  0.640833   -0.443643  0.00636804
-0.811256  0.640833   -0.443643  0.021587  
-0.811256  0.640833   -0.443643  0.0116629 
-0.720459  0.542122   -0.422179  0.0154774 
-0.720459  0.542122   -0.422179  0.028337  
-0.720459  0.542122   -0.422179  0.0101155 
-0.800241  0.590963   -0.438371  0.010585  
-0.800241  0.590963   -0.438371  0.0161139 
-0.800241  0.590963   -0.438371  0.00685814
-0.800241  0.590963   -0.438371  0.0122016 
-0.800241  0.590963   -0.438371  0.00656502
-0.766327  0.651949   -0.444073  0.0062959 
-0.766327  0.651949   -0.444073  0.0253356 
-0.766327  0.651949   -0.444073  0.00722267
-0.848482  0.605753   -0.431547  0.0212728 
-0.848482  0.605753   -0.431547  0.0176649 
-0.848482  0.605753   -0.431547  0.0119769 
-0.848482  0.605753   -0.431547  0.0120942 
-0.819852  0.679937   -0.419533  0.0283518 
-0.902881  0.749782   -0.255731  0.0477966 
-0.902881  0.749782   -0.255731  0.0465858 
-0.902881  0.749782   -0.255731  0.0496941 
-0.902881  0.749782   -0.255731  0.0269485 
-0.864551  0.772297   -0.269346  0.0336996 
-0.864551  0.772297   -0.269346  0.0456037 
-0.864551  0.772297   -0.269346  0.0200459 
-0.817527  0.753106   -0.313524  0.0157489 
-0.851292  0.6782     -0.38639   0.00836432
-0.849638  0.580573   -0.419173  0.00807907
-0.846427  0.585885   -0.4206    0.011455  
-0.846427  0.585885   -0.4206    0.00788568
-0.748067  0.580844   -0.432722  0.00892628
-0.749499  0.658425   -0.425069  0.0145948 
-0.749499  0.658425   -0.425069  0.0100734 
-0.749499  0.658425   -0.425069  0.0240018 
-0.749499  0.658425   -0.425069  0.00870019
-0.749499  0.658425   -0.425069  0.0139439 
-0.749499  0.658425   -0.425069  0.00866724
-0.685815  0.580354   -0.38667   0.0154187 
-0.770981  0.522193   -0.380913  0.00736825
-0.869377  0.619464   -0.438491  0.0146664 
-0.869377  0.619464   -0.438491  0.0149467 
-0.869377  0.619464   -0.438491  0.0179179 
-0.869377  0.619464   -0.438491  0.00847522
-0.852648  0.629043   -0.437439  0.0254762 
-0.852648  0.629043   -0.437439  0.00929092
-0.852648  0.629043   -0.437439  0.00702967
-0.764533  0.599151   -0.441553  0.00548411
-0.779743  0.628944   -0.448756  0.00972414
-0.754959  0.676084   -0.430876  0.0091041 
-0.685378  0.58487    -0.390378  0.0205243 
-0.685378  0.58487    -0.390378  0.0083476 
-0.679025  0.65778    -0.397507  0.019472  
-0.679025  0.65778    -0.397507  0.00729567
-0.778474  0.595164   -0.44803   0.0149531 
-0.778474  0.595164   -0.44803   0.0115509 
-0.778474  0.595164   -0.44803   0.0115035 
-0.778474  0.595164   -0.44803   0.0112033 
-0.778474  0.595164   -0.44803   0.00732942
-0.821392  0.628866   -0.445275  0.00974453
-0.821392  0.628866   -0.445275  0.00937057
-0.82886   0.641257   -0.437458  0.0124206 
-0.82886   0.641257   -0.437458  0.0213925 
-0.82886   0.641257   -0.437458  0.00636153
-0.767257  0.601714   -0.436228  0.0100418 
-0.767257  0.601714   -0.436228  0.0100232 
-0.767257  0.601714   -0.436228  0.0175259 
-0.767257  0.601714   -0.436228  0.0144639 
-0.767257  0.601714   -0.436228  0.009051  
-0.767257  0.601714   -0.436228  0.00610274
-0.833691  0.611257   -0.444248  0.00872164
-0.833691  0.611257   -0.444248  0.0136098 
-0.833691  0.611257   -0.444248  0.0172989 
-0.833691  0.611257   -0.444248  0.0171131 
-0.833691  0.611257   -0.444248  0.013127  
-0.833691  0.611257   -0.444248  0.0120422 
-0.833691  0.611257   -0.444248  0.0126276 
-0.833691  0.611257   -0.444248  0.0134872 
-0.833691  0.611257   -0.444248  0.0128729 
-0.833691  0.611257   -0.444248  0.0140268 
-0.833691  0.611257   -0.444248  0.0112139 
-0.833691  0.611257   -0.444248  0.0164451 
-0.833691  0.611257   -0.444248  0.0120461 
-0.833691  0.611257   -0.444248  0.0122688 
-0.833691  0.611257   -0.444248  0.0188389 
-0.814     0.69873    -0.390862  0.0231674 
-0.814     0.69873    -0.390862  0.0232645 
-0.814     0.69873    -0.390862  0.03012   
-0.814     0.69873    -0.390862  0.0109984 
-0.903863  0.632766   -0.409993  0.0494686 
-0.903863  0.632766   -0.409993  0.0131612 
-0.903863  0.632766   -0.409993  0.0206595 
-0.903863  0.632766   -0.409993  0.0136116 
-0.903863  0.632766   -0.409993  0.00937522
-0.902703  0.624424   -0.410237  0.0131985 
-0.902703  0.624424   -0.410237  0.019907  
-0.902703  0.624424   -0.410237  0.0182548 
-0.902703  0.624424   -0.410237  0.0198873 
-0.902703  0.624424   -0.410237  0.00816565
-0.834711  0.581189   -0.42788   0.00845254
-0.827201  0.613462   -0.434175  0.01057   
-0.889792  0.554649   -0.356065  0.0256295 
-0.889792  0.554649   -0.356065  0.0219879 
-0.889792  0.554649   -0.356065  0.0091481 
-0.82851   0.623842   -0.433559  0.00981398
-0.82851   0.623842   -0.433559  0.00804306
-0.801895  0.645362   -0.438972  0.0100929 
-0.801895  0.645362   -0.438972  0.00971758
-0.70945   0.563423   -0.386518  0.0268414 
-0.70945   0.563423   -0.386518  0.0189438 
-0.727558  0.501099   -0.305183  0.0269471 
-0.727558  0.501099   -0.305183  0.0123501 
-0.794633  0.544278   -0.407724  0.0255066 
-0.794633  0.544278   -0.407724  0.0150289 
-0.794633  0.544278   -0.407724  0.0232157 
-0.794633  0.544278   -0.407724  0.0300277 
-0.794633  0.544278   -0.407724  0.00834991
-0.811502  0.579908   -0.447731  0.0078681 
-0.811502  0.579908   -0.447731  0.0107005 
-0.811502  0.579908   -0.447731  0.0110579 
-0.811502  0.579908   -0.447731  0.0107316 
-0.751394  0.67097    -0.412701  0.007385  
-0.682599  0.623204   -0.404435  0.0102695 
-0.722789  0.681499   -0.409607  0.00916118
-0.722789  0.681499   -0.409607  0.00842024
-0.70567   0.66693    -0.415218  0.0183778 
-0.710662  0.763369   -0.376012  0.00973148
-0.747457  0.697005   -0.422834  0.00830674
-0.80946   0.654626   -0.440112  0.0104716 
-0.804327  0.649523   -0.426231  0.0168256 
-0.804327  0.649523   -0.426231  0.0075156 
-0.725752  0.582984   -0.402767  0.0139852 
-0.725752  0.582984   -0.402767  0.00800438
-0.818102  0.637473   -0.445411  0.00822833
-0.818102  0.637473   -0.445411  0.00695761
-0.818102  0.637473   -0.445411  0.0203817 
-0.818102  0.637473   -0.445411  0.00997043
-0.818102  0.637473   -0.445411  0.0216002 
-0.907561  0.719101   -0.347096  0.0182773 
-0.937144  0.675052   -0.35175   0.0339332 
-0.937144  0.675052   -0.35175   0.0277937 
-0.937144  0.675052   -0.35175   0.0210538 
-0.937144  0.675052   -0.35175   0.0132357 
-0.937144  0.675052   -0.35175   0.0326283 
-0.937144  0.675052   -0.35175   0.019515  
-0.859583  0.750276   -0.334072  0.0202535 
-0.884346  0.709427   -0.32662   0.0380584 
-0.884346  0.709427   -0.32662   0.0134111 
-0.869835  0.65431    -0.403236  0.00997341
-0.912369  0.599451   -0.40201   0.0175654 
-0.912369  0.599451   -0.40201   0.0131499 
-0.848231  0.688986   -0.413895  0.0206472 
-0.848231  0.688986   -0.413895  0.0278117 
-0.848231  0.688986   -0.413895  0.0130671 
-0.914104  0.631105   -0.378534  0.0127769 
-0.834055  0.538765   -0.359121  0.0173703 
-0.810087  0.511793   -0.351731  0.0286201 
-0.810087  0.511793   -0.351731  0.0185397 
-0.810087  0.511793   -0.351731  0.00780805
-0.875035  0.587844   -0.423354  0.0146286 
-0.875035  0.587844   -0.423354  0.00856796
-0.799197  0.658332   -0.44389   0.00853823
-0.799197  0.658332   -0.44389   0.00843096
-0.815818  0.574597   -0.421258  0.00663083
-0.776469  0.594953   -0.438399  0.0174412 
-0.776469  0.594953   -0.438399  0.00939005
-0.818378  0.612039   -0.431629  0.0157187 
-0.818378  0.612039   -0.431629  0.00909453
-0.883027  0.589594   -0.41991   0.0141598 
-0.883027  0.589594   -0.41991   0.012176  
-0.857457  0.65835    -0.428553  0.0291906 
-0.857457  0.65835    -0.428553  0.00964538
-0.875064  0.570326   -0.404488  0.0139526 
-0.875064  0.570326   -0.404488  0.0104586 
-0.875064  0.570326   -0.404488  0.0190261 
-0.875064  0.570326   -0.404488  0.01727   
-0.875064  0.570326   -0.404488  0.0132754 
-0.875064  0.570326   -0.404488  0.0228939 
-0.875064  0.570326   -0.404488  0.00964648
-0.835598  0.564234   -0.422279  0.0240397 
-0.835598  0.564234   -0.422279  0.0106961 
-0.835598  0.564234   -0.422279  0.0172429 
-0.835598  0.564234   -0.422279  0.0116445 
-0.835598  0.564234   -0.422279  0.00722123
-0.79212   0.616198   -0.438304  0.0152422 
-0.787458  0.690624   -0.405805  0.0117189 
-0.728945  0.726422   -0.395227  0.0269789 
-0.728945  0.726422   -0.395227  0.00910159
-0.637868  0.681532   -0.368751  0.0113373 
-0.637868  0.681532   -0.368751  0.00913903
-0.659162  0.660857   -0.37478   0.0104135 
-0.659162  0.660857   -0.37478   0.0158629 
-0.714473  0.735335   -0.378151  0.00841871
-0.801092  0.668116   -0.435269  0.00701386
-0.81633   0.594012   -0.440468  0.00710198
-0.745021  0.63112    -0.427024  0.012179  
-0.745021  0.63112    -0.427024  0.00668978
-0.73431   0.600592   -0.429989  0.00680032
-0.804049  0.593839   -0.453088  0.0124995 
-0.804049  0.593839   -0.453088  0.0138457 
-0.804049  0.593839   -0.453088  0.0124428 
-0.804049  0.593839   -0.453088  0.00732407
-0.842716  0.611425   -0.433802  0.0102598 
-0.904327  0.628309   -0.409846  0.012207  
-0.880668  0.64402    -0.421805  0.0103782 
-0.880668  0.64402    -0.421805  0.0191446 
-0.880668  0.64402    -0.421805  0.0130125 
-0.824703  0.655729   -0.437481  0.0132726 
-0.824703  0.655729   -0.437481  0.0182003 
-0.824703  0.655729   -0.437481  0.0294006 
-0.824703  0.655729   -0.437481  0.0133161 
-0.824703  0.655729   -0.437481  0.00912082
-0.844138  0.616836   -0.433153  0.00922856
-0.849509  0.655173   -0.430027  0.0153522 
-0.849509  0.655173   -0.430027  0.016579  
-0.849509  0.655173   -0.430027  0.0170329 
-0.849509  0.655173   -0.430027  0.00929496
-0.867608  0.591904   -0.420509  0.0152275 
-0.867608  0.591904   -0.420509  0.013576  
-0.867608  0.591904   -0.420509  0.0136961 
-0.929517  0.641876   -0.371112  0.0140388 
-0.928103  0.631207   -0.371631  0.0095352 
-0.849183  0.578907   -0.430421  0.0115244 
-0.849183  0.578907   -0.430421  0.0228028 
-0.849183  0.578907   -0.430421  0.0109425 
-0.849183  0.578907   -0.430421  0.0080593 
-0.764212  0.579742   -0.426316  0.0123687 
-0.75261   0.677298   -0.40839   0.0194818 
-0.75261   0.677298   -0.40839   0.00869815
-0.684095  0.69782    -0.393074  0.0100536 
-0.684095  0.69782    -0.393074  0.00801532
-0.701833  0.655698   -0.403106  0.0133917 
-0.801393  0.689043   -0.401824  0.00633683
-0.769464  0.614318   -0.439952  0.0111121 
-0.857925  0.560218   -0.372326  0.00894471
-0.837913  0.650537   -0.42831   0.00638758
-0.803083  0.625766   -0.442119  0.0123387 
-0.803083  0.625766   -0.442119  0.0207736 
-0.803083  0.625766   -0.442119  0.0139592 
-0.83436   0.535023   -0.379248  0.0297005 
-0.83436   0.535023   -0.379248  0.0128856 
-0.88477   0.53999    -0.353434  0.0153981 
-0.88477   0.53999    -0.353434  0.0112847 
-0.88477   0.53999    -0.353434  0.0162648 
-0.88477   0.53999    -0.353434  0.0097519 
-0.854047  0.561545   -0.395059  0.028043  
-0.854047  0.561545   -0.395059  0.0155946 
-0.854047  0.561545   -0.395059  0.0177296 
-0.854047  0.561545   -0.395059  0.00857277
-0.856012  0.573483   -0.416697  0.0154277 
-0.856012  0.573483   -0.416697  0.0164894 
-0.804633  0.585398   -0.411228  0.00572971
-0.788997  0.621917   -0.449938  0.0123934 
-0.788997  0.621917   -0.449938  0.012225  
-0.788997  0.621917   -0.449938  0.00785384
-0.708393  0.589906   -0.413701  0.00651869
-0.724857  0.62862    -0.425121  0.0114223 
-0.724857  0.62862    -0.425121  0.00878976
-0.754472  0.674315   -0.430959  0.00897893
-0.754472  0.674315   -0.430959  0.00834486
-0.754472  0.674315   -0.430959  0.0124861 
-0.763274  0.681888   -0.407717  0.00666667
-0.721509  0.614052   -0.423907  0.00730735
-0.71859   0.65998    -0.403011  0.0150838 
-0.71859   0.65998    -0.403011  0.00608442
-0.765232  0.646019   -0.449625  0.0191496 
-0.765232  0.646019   -0.449625  0.0433763 
-0.765232  0.646019   -0.449625  0.0194945 
-0.765232  0.646019   -0.449625  0.012328  
-0.843451  0.662615   -0.424734  0.0153621 
-0.838699  0.672883   -0.409832  0.00914457
-0.759639  0.684337   -0.41956   0.0119942 
-0.754873  0.713803   -0.407443  0.00789337
-0.754873  0.713803   -0.407443  0.00777036
-0.738917  0.674706   -0.417416  0.0228155 
-0.738917  0.674706   -0.417416  0.0132775 
-0.747303  0.74972    -0.384903  0.0285681 
-0.747303  0.74972    -0.384903  0.0164597 
-0.747303  0.74972    -0.384903  0.015416  
-0.693503  0.747607   -0.357714  0.012145  
-0.654615  0.738417   -0.372805  0.0114168 
-0.654615  0.738417   -0.372805  0.015413  
-0.719604  0.773766   -0.358666  0.0100394 
-0.655234  0.695283   -0.393176  0.0107554 
-0.692653  0.706169   -0.389583  0.00692907
-0.78508   0.624876   -0.446706  0.00912063
-0.78508   0.624876   -0.446706  0.00676984
-0.766689  0.594634   -0.433183  0.0202865 
-0.766689  0.594634   -0.433183  0.0143259 
-0.766689  0.594634   -0.433183  0.0075896 
-0.755258  0.69052    -0.434286  0.0197465 
-0.755258  0.69052    -0.434286  0.0185302 
-0.755258  0.69052    -0.434286  0.00649445
-0.746736  0.649085   -0.428399  0.0196206 
-0.800356  0.727978   -0.360853  0.0156346 
-0.72857   0.695133   -0.380358  0.0106195 
-0.780698  0.676992   -0.424961  0.0176614 
-0.841585  0.699021   -0.384412  0.00611289
-0.759829  0.614473   -0.451146  0.0138723 
-0.759829  0.614473   -0.451146  0.0115756 
-0.759829  0.614473   -0.451146  0.00892719
-0.759829  0.614473   -0.451146  0.0106633 
-0.759829  0.614473   -0.451146  0.0108743 
-0.759829  0.614473   -0.451146  0.00753291
-0.759829  0.614473   -0.451146  0.00865397
-0.759829  0.614473   -0.451146  0.00931015
-0.759829  0.614473   -0.451146  0.0125915 
-0.774934  0.648045   -0.418307  0.0207806 
-0.830766  0.692934   -0.387863  0.0261624 
