#MU        SIGMA      ENERGY     ERROR     
0.765824   0.653289   -0.4276    0.00720075
0.814859   0.615514   -0.442424  0.00639583
0.730339   0.624545   -0.440753  0.00710724
0.70518    0.612368   -0.411415  0.00936751
0.70518    0.612368   -0.411415  0.0092274 
0.744072   0.703961   -0.42012   0.0187432 
0.744072   0.703961   -0.42012   0.0154251 
0.693718   0.791562   -0.349742  0.013139  
0.623453   0.713824   -0.340781  0.0122572 
0.623453   0.713824   -0.340781  0.0117264 
0.623453   0.713824   -0.340781  0.0120271 
0.578524   0.674628   -0.316964  0.0132268 
0.52012    0.774561   -0.290992  0.0186059 
0.539018   0.785928   -0.270575  0.0205467 
0.609246   0.792151   -0.291224  0.0250565 
0.630847   0.81167    -0.339634  0.0209991 
0.609609   0.827884   -0.263511  0.0171487 
0.611626   0.81518    -0.316762  0.0172662 
0.683364   0.77182    -0.320948  0.0180855 
0.683364   0.77182    -0.320948  0.0205925 
0.683364   0.77182    -0.320948  0.0155739 
0.668207   0.796623   -0.326115  0.0176164 
0.618259   0.788874   -0.317432  0.0126684 
0.556608   0.718637   -0.30045   0.0145485 
0.574233   0.79763    -0.307491  0.0188503 
0.574233   0.79763    -0.307491  0.028445  
0.574233   0.79763    -0.307491  0.0121401 
0.673875   0.71468    -0.360679  0.0118432 
0.59757    0.728341   -0.324995  0.00986948
0.620901   0.682225   -0.335583  0.0134104 
0.525978   0.665796   -0.262512  0.0166861 
0.448686   0.6461     -0.159599  0.0161418 
0.426807   0.708637   -0.192655  0.0155978 
0.464191   0.694234   -0.189555  0.0152515 
0.464191   0.694234   -0.189555  0.0145074 
0.464191   0.694234   -0.189555  0.0152929 
0.464232   0.785548   -0.248384  0.0163654 
0.482909   0.848834   -0.259798  0.0219629 
0.482909   0.848834   -0.259798  0.029337  
0.496398   0.903233   -0.253147  0.0142364 
0.438592   0.809943   -0.26913   0.0184745 
0.385289   0.874938   -0.230064  0.0228164 
0.435551   0.96321    -0.270618  0.0426    
0.435551   0.96321    -0.270618  0.0174586 
0.444596   0.902459   -0.260427  0.0343015 
0.444596   0.902459   -0.260427  0.0179067 
0.444596   0.902459   -0.260427  0.0164343 
0.444596   0.902459   -0.260427  0.0237346 
0.444596   0.902459   -0.260427  0.0243165 
0.423764   0.879615   -0.265068  0.0176947 
0.452784   0.804002   -0.248137  0.0136761 
0.515698   0.768792   -0.264812  0.0165098 
0.515698   0.768792   -0.264812  0.0148786 
0.574609   0.722488   -0.307514  0.00982147
0.632608   0.695935   -0.351501  0.00946095
0.631465   0.619822   -0.360535  0.0131227 
0.631465   0.619822   -0.360535  0.0110186 
0.67841    0.703801   -0.363806  0.0119505 
0.746075   0.697016   -0.410337  0.0262301 
0.746075   0.697016   -0.410337  0.0152588 
0.750583   0.769265   -0.351565  0.0113759 
0.784979   0.687503   -0.414418  0.00708599
0.796186   0.604053   -0.433123  0.0080875 
0.753261   0.576257   -0.424087  0.00936863
0.788194   0.569033   -0.430379  0.0113331 
0.814309   0.65189    -0.417096  0.00721285
0.756496   0.626526   -0.432485  0.00781007
0.756496   0.626526   -0.432485  0.00739426
0.773105   0.586881   -0.444504  0.0118896 
0.773105   0.586881   -0.444504  0.0164683 
0.773105   0.586881   -0.444504  0.00742521
0.781799   0.592646   -0.443192  0.00808305
0.781799   0.592646   -0.443192  0.010746  
0.801853   0.555866   -0.434906  0.00721838
0.711555   0.606713   -0.432102  0.00759117
0.673251   0.629765   -0.400438  0.0112546 
0.673251   0.629765   -0.400438  0.011343  
0.726167   0.661465   -0.398659  0.0149525 
0.726167   0.661465   -0.398659  0.00965532
0.6742     0.679832   -0.391622  0.00924767
0.64383    0.600989   -0.379295  0.0130735 
0.64383    0.600989   -0.379295  0.0119922 
0.64383    0.600989   -0.379295  0.0158165 
0.64383    0.600989   -0.379295  0.0128519 
0.64383    0.600989   -0.379295  0.00850731
0.718101   0.576916   -0.412668  0.0087318 
0.718101   0.576916   -0.412668  0.0116304 
0.769068   0.670989   -0.413245  0.0134418 
0.769068   0.670989   -0.413245  0.00720949
0.754075   0.594608   -0.436215  0.0148419 
0.754075   0.594608   -0.436215  0.0083811 
0.754075   0.594608   -0.436215  0.00795694
0.754075   0.594608   -0.436215  0.0100309 
0.829469   0.559684   -0.412346  0.0125247 
0.916929   0.619155   -0.379153  0.0119583 
0.943345   0.540223   -0.293784  0.0167839 
0.943345   0.540223   -0.293784  0.0268427 
0.943345   0.540223   -0.293784  0.0251648 
0.943345   0.540223   -0.293784  0.0129168 
0.943345   0.540223   -0.293784  0.015126  
0.8565     0.521337   -0.308803  0.030933  
0.8565     0.521337   -0.308803  0.0268122 
0.8565     0.521337   -0.308803  0.0210494 
0.927191   0.487437   -0.207612  0.0440354 
0.927191   0.487437   -0.207612  0.0241699 
0.927191   0.487437   -0.207612  0.0338729 
0.927191   0.487437   -0.207612  0.0186708 
0.927191   0.487437   -0.207612  0.0203183 
0.939523   0.482314   -0.105777  0.0114113 
0.902822   0.554806   -0.346005  0.0259127 
0.902822   0.554806   -0.346005  0.0068884 
0.833828   0.597873   -0.444176  0.0116625 
0.862885   0.599574   -0.416185  0.0125053 
0.862885   0.599574   -0.416185  0.00732451
0.844599   0.617132   -0.439661  0.0175443 
0.844599   0.617132   -0.439661  0.0117704 
0.770739   0.695301   -0.415857  0.00823652
0.725354   0.595473   -0.402868  0.00715537
0.739928   0.635296   -0.424367  0.0130571 
0.739928   0.635296   -0.424367  0.00820942
0.726841   0.656627   -0.41617   0.00936787
0.751812   0.688222   -0.423093  0.00718461
0.737813   0.588966   -0.43261   0.00988955
0.732976   0.661544   -0.411748  0.00899357
0.752823   0.588308   -0.419416  0.00735084
0.752823   0.588308   -0.419416  0.00997763
0.729442   0.557507   -0.391681  0.00919962
0.715681   0.566501   -0.402092  0.0141518 
0.715681   0.566501   -0.402092  0.0133414 
0.753221   0.531315   -0.373947  0.0113032 
0.785804   0.549144   -0.399124  0.0169579 
0.785804   0.549144   -0.399124  0.0141214 
0.73213    0.532416   -0.367897  0.00745716
0.723722   0.590365   -0.416131  0.0107914 
0.77619    0.623984   -0.43178   0.01391   
0.77619    0.623984   -0.43178   0.00776342
0.845218   0.646082   -0.444241  0.0112671 
0.845218   0.646082   -0.444241  0.0269327 
0.845218   0.646082   -0.444241  0.016615  
0.845218   0.646082   -0.444241  0.0120761 
0.845218   0.646082   -0.444241  0.00819786
0.775921   0.644649   -0.437663  0.0172884 
0.775921   0.644649   -0.437663  0.00920264
0.777664   0.566604   -0.417156  0.0235514 
0.777664   0.566604   -0.417156  0.00621746
0.776792   0.625375   -0.436201  0.00782823
0.733186   0.677485   -0.43039   0.0138655 
0.733186   0.677485   -0.43039   0.00767201
0.676337   0.624288   -0.408398  0.00799979
0.711673   0.607824   -0.408047  0.0129029 
0.711673   0.607824   -0.408047  0.0123686 
0.725031   0.541679   -0.356955  0.0100239 
0.694856   0.555979   -0.375927  0.0105632 
0.666991   0.552119   -0.337469  0.0087756 
0.686129   0.626187   -0.392333  0.0103343 
0.763885   0.556811   -0.401132  0.0190322 
0.763885   0.556811   -0.401132  0.0160734 
0.764346   0.511336   -0.299812  0.0191555 
0.761328   0.500494   -0.265564  0.0293287 
0.761328   0.500494   -0.265564  0.0420988 
0.761328   0.500494   -0.265564  0.00755949
0.744546   0.585401   -0.428722  0.00891003
0.785533   0.670777   -0.441475  0.00880586
0.883783   0.58147    -0.407586  0.0214388 
0.883783   0.58147    -0.407586  0.0174517 
0.883783   0.58147    -0.407586  0.0205941 
0.883783   0.58147    -0.407586  0.0185123 
0.883783   0.58147    -0.407586  0.00710448
0.834005   0.608388   -0.445542  0.0101911 
0.920154   0.571391   -0.383688  0.0114231 
0.823368   0.551407   -0.402051  0.0278276 
0.823368   0.551407   -0.402051  0.00877477
0.8133     0.589599   -0.43189   0.00632687
0.740406   0.613704   -0.434602  0.00904797
0.81426    0.574599   -0.422825  0.0183948 
0.81426    0.574599   -0.422825  0.00718326
0.747054   0.589734   -0.42164   0.0196238 
0.747054   0.589734   -0.42164   0.00858103
0.73332    0.655579   -0.427339  0.00873726
0.744513   0.609086   -0.429705  0.00921848
0.744513   0.609086   -0.429705  0.00713575
0.78819    0.614464   -0.433534  0.0105991 
0.78819    0.614464   -0.433534  0.010667  
0.788956   0.554892   -0.428368  0.00928339
0.835796   0.62374    -0.439245  0.00802201
0.74632    0.577048   -0.406805  0.0231891 
0.74632    0.577048   -0.406805  0.0164768 
0.739061   0.509076   -0.321884  0.0197459 
0.739061   0.509076   -0.321884  0.010852  
0.65193    0.566397   -0.357829  0.0103911 
0.65193    0.566397   -0.357829  0.0113165 
0.65193    0.566397   -0.357829  0.013836  
0.65193    0.566397   -0.357829  0.0116613 
0.565191   0.65316    -0.283148  0.0145201 
0.565191   0.65316    -0.283148  0.0147959 
0.471542   0.701906   -0.20846   0.0154088 
0.420853   0.73748    -0.177301  0.0137297 
0.501849   0.675419   -0.231374  0.0145738 
0.501849   0.675419   -0.231374  0.0135958 
0.521764   0.682498   -0.253148  0.0151605 
0.521764   0.682498   -0.253148  0.0149103 
0.486139   0.696832   -0.23833   0.0154008 
0.479483   0.766336   -0.243182  0.0147259 
0.479483   0.766336   -0.243182  0.0151885 
0.479483   0.766336   -0.243182  0.0157047 
0.479483   0.766336   -0.243182  0.0147408 
0.471823   0.721043   -0.231934  0.0150918 
0.430598   0.764234   -0.238806  0.0161405 
0.430598   0.764234   -0.238806  0.0286708 
0.420141   0.839363   -0.21336   0.0181507 
0.350339   0.937111   -0.265219  0.0206179 
0.269404   0.98619    -0.231176  0.0299436 
0.184958   1.04415    -0.221959  0.0318194 
0.215381   1.01496    -0.231471  0.0335809 
0.215381   1.01496    -0.231471  0.0297069 
0.215381   1.01496    -0.231471  0.0233344 
0.23051    1.03905    -0.254217  0.0465505 
0.266866   1.05667    -0.187042  0.0338104 
0.253737   1.11061    -0.213382  0.0394269 
0.253737   1.11061    -0.213382  0.0292397 
0.281193   1.08033    -0.185612  0.0189994 
0.243202   1.02296    -0.275149  0.0460403 
0.243202   1.02296    -0.275149  0.0209096 
0.243202   1.02296    -0.275149  0.0280236 
0.243202   1.02296    -0.275149  0.0263093 
0.170959   0.992696   -0.24869   0.0242448 
0.196987   0.990792   -0.229278  0.0231054 
0.113598   1.03819    -0.246042  0.0163792 
0.140402   0.959328   -0.281365  0.0331592 
0.140402   0.959328   -0.281365  0.0162277 
0.140402   0.959328   -0.281365  0.0148969 
0.162045   0.944847   -0.247024  0.0161266 
0.162045   0.944847   -0.247024  0.048637  
0.162045   0.944847   -0.247024  0.0170842 
0.248445   0.932075   -0.211822  0.0173082 
0.173295   0.979384   -0.303417  0.0160049 
0.240044   0.945082   -0.241855  0.0220929 
0.338836   0.941274   -0.243948  0.0210766 
0.312493   1.00763    -0.247035  0.0291274 
0.401802   1.01699    -0.211336  0.0422447 
0.401802   1.01699    -0.211336  0.0263972 
0.447392   1.02794    -0.214705  0.0404404 
0.447392   1.02794    -0.214705  0.0307644 
0.447392   1.02794    -0.214705  0.0242031 
0.392588   0.983277   -0.241144  0.0290239 
0.445761   1.02716    -0.210795  0.0240439 
0.491124   0.969588   -0.217348  0.0340992 
0.491124   0.969588   -0.217348  0.0185626 
0.562753   0.887908   -0.31454   0.0178728 
0.530813   0.805348   -0.271779  0.0168962 
0.627981   0.834766   -0.309722  0.0154556 
0.635787   0.784276   -0.346477  0.0148407 
0.562341   0.841431   -0.319591  0.0210602 
0.641601   0.836728   -0.297922  0.0325828 
0.736107   0.928214   -0.210712  0.047228  
0.736107   0.928214   -0.210712  0.0538504 
0.736107   0.928214   -0.210712  0.0452961 
0.736107   0.928214   -0.210712  0.0314044 
0.745676   0.840797   -0.252302  0.0274216 
0.747845   0.862674   -0.255897  0.0276182 
0.807029   0.827611   -0.255846  0.0341177 
0.766751   0.926637   -0.157971  0.0242394 
0.704276   0.839319   -0.303741  0.0180892 
0.66011    0.820645   -0.370584  0.0158765 
0.66011    0.820645   -0.370584  0.0191621 
0.68004    0.791559   -0.335938  0.0206897 
0.692996   0.802532   -0.326258  0.0165873 
0.594531   0.850891   -0.303778  0.014999  
0.594531   0.850891   -0.303778  0.0170503 
0.594531   0.850891   -0.303778  0.0165792 
0.602525   0.851026   -0.306209  0.0334476 
0.602525   0.851026   -0.306209  0.0165956 
0.543427   0.7784     -0.298422  0.0167301 
0.48257    0.874917   -0.288901  0.0224693 
0.48257    0.874917   -0.288901  0.0192919 
0.456443   0.900515   -0.269974  0.0621021 
0.463893   0.873559   -0.192352  0.0140762 
0.475056   0.784028   -0.268842  0.0190587 
0.461214   0.758752   -0.234941  0.0167424 
0.399904   0.729661   -0.16897   0.0154049 
0.469679   0.803113   -0.251759  0.0165925 
0.402538   0.838039   -0.237581  0.0278954 
0.355232   0.923116   -0.238016  0.0186431 
0.274511   0.985533   -0.256628  0.0143479 
0.219892   0.925385   -0.263343  0.0219507 
0.213359   0.937992   -0.237778  0.0156672 
0.279263   0.867771   -0.239591  0.0175595 
0.279263   0.867771   -0.239591  0.0174207 
0.280554   0.937458   -0.26477   0.0193217 
0.31606    0.911018   -0.228342  0.0175819 
0.31606    0.911018   -0.228342  0.0361039 
0.31606    0.911018   -0.228342  0.0178202 
0.222263   1.00166    -0.283507  0.0296769 
0.222263   1.00166    -0.283507  0.0347987 
0.178943   1.0961     -0.181663  0.044932  
0.0908783  1.15199    -0.0840415 0.0304238 
0.0887295  1.14583    -0.192607  0.0402933 
0.0887295  1.14583    -0.192607  0.0273529 
0.137806   1.06814    -0.21198   0.0372394 
0.137806   1.06814    -0.21198   0.0462465 
0.107329   1.0756     -0.203638  0.0350717 
0.111135   1.12256    -0.221984  0.0407343 
0.111135   1.12256    -0.221984  0.0315712 
0.0205768  1.15975    -0.167827  0.0500316 
0.0205768  1.15975    -0.167827  0.0667679 
-0.0546535 1.12185    -0.106216  0.0390407 
-0.126494  1.10712    -0.200372  0.0172236 
-0.151574  1.01886    -0.271069  0.0190757 
-0.151574  1.01886    -0.271069  0.02517   
-0.119921  0.989701   -0.247693  0.019272  
-0.176399  1.01273    -0.266557  0.0187922 
-0.0837197 1.04826    -0.271943  0.0502322 
-0.0837197 1.04826    -0.271943  0.01923   
-0.053798  1.09908    -0.290544  0.0375163 
-0.053798  1.09908    -0.290544  0.051555  
-0.053798  1.09908    -0.290544  0.0427392 
-0.107752  1.08691    -0.232199  0.0352778 
-0.146284  1.11002    -0.17681   0.0282577 
-0.054989  1.0627     -0.232245  0.0201226 
0.0260651  1.06936    -0.264155  0.0330102 
-0.00357124 1.10669    -0.203664  0.0272111 
0.0129102  1.08151    -0.203739  0.0207429 
0.00790234 0.995816   -0.233414  0.0378369 
-0.075917  1.06259    -0.190211  0.0407919 
-0.075917  1.06259    -0.190211  0.0297256 
-0.00759917 1.13102    -0.184615  0.0452397 
0.0466443  1.17673    -0.120792  0.0371276 
0.0699725  1.20827    -0.155658  0.057575  
0.0699725  1.20827    -0.155658  0.0545237 
0.0699725  1.20827    -0.155658  0.0772997 
0.0699725  1.20827    -0.155658  0.0396483 
0.0464122  1.11228    -0.158971  0.0357275 
0.0978907  1.04438    -0.201083  0.0382446 
0.0289424  1.10829    -0.219199  0.0227333 
-0.0667195 1.10028    -0.261926  0.0206299 
-0.0667195 1.10028    -0.261926  0.0271414 
-0.0667195 1.10028    -0.261926  0.0321788 
-0.157317  1.15309    -0.187196  0.0678024 
-0.110495  1.1615     -0.104729  0.0526639 
-0.110495  1.1615     -0.104729  0.0435403 
-0.0678981 1.16374    -0.125421  0.0347184 
-0.0600115 1.12565    -0.186659  0.0242599 
-0.0436429 1.0792     -0.244166  0.0447456 
-0.0436429 1.0792     -0.244166  0.0443016 
-0.0436429 1.0792     -0.244166  0.0195628 
-0.0735759 1.07303    -0.278516  0.0337213 
-0.0735759 1.07303    -0.278516  0.0264002 
-0.161253  1.01795    -0.227484  0.0197168 
-0.194301  1.02113    -0.253398  0.0366134 
-0.294117  1.10615    -0.195413  0.0477397 
-0.287275  1.1713     -0.103487  0.0764146 
-0.287275  1.1713     -0.103487  0.0560525 
-0.287275  1.1713     -0.103487  0.0348087 
-0.226286  1.07324    -0.202181  0.0310686 
-0.269985  1.15274    -0.203251  0.0653302 
-0.269985  1.15274    -0.203251  0.0550882 
-0.269985  1.15274    -0.203251  0.0771145 
-0.269985  1.15274    -0.203251  0.027152  
-0.202087  1.0992     -0.22058   0.0439519 
-0.202087  1.0992     -0.22058   0.0308238 
-0.134178  1.07216    -0.21782   0.0475707 
-0.134178  1.07216    -0.21782   0.0217198 
-0.0517332 0.997263   -0.243173  0.0274724 
0.0351455  1.01744    -0.237877  0.0261978 
0.0351455  1.01744    -0.237877  0.0246285 
0.0157643  1.07996    -0.270525  0.023146  
-0.00801972 1.03859    -0.24328   0.0170639 
-0.0809612 0.949431   -0.254698  0.0167767 
-0.171907  0.861582   -0.175342  0.0187643 
-0.216193  0.911872   -0.23199   0.0196808 
-0.299356  0.957971   -0.234833  0.0186856 
-0.273215  0.996308   -0.249114  0.0358853 
-0.273215  0.996308   -0.249114  0.0200223 
-0.184621  1.00547    -0.258811  0.0293026 
-0.192199  1.08056    -0.213794  0.0232    
-0.11823   1.0628     -0.240292  0.0323317 
-0.0499045 1.05726    -0.241655  0.0885032 
-0.0499045 1.05726    -0.241655  0.0238954 
-0.10975   1.06465    -0.273352  0.019877  
-0.0461418 1.03437    -0.2558    0.0253336 
-0.0550995 1.03913    -0.220672  0.0272419 
-0.134821  1.10342    -0.223594  0.0175467 
-0.145255  1.04081    -0.283976  0.0348537 
-0.145255  1.04081    -0.283976  0.0255815 
-0.145255  1.04081    -0.283976  0.038648  
-0.17768   1.12865    -0.182767  0.072604  
-0.17768   1.12865    -0.182767  0.0688473 
-0.17768   1.12865    -0.182767  0.0215083 
-0.131238  1.11323    -0.241774  0.0219619 
-0.222485  1.07295    -0.243937  0.0167959 
-0.162712  1.00231    -0.263063  0.017491  
-0.162712  1.00231    -0.263063  0.0210071 
-0.174774  1.00315    -0.249308  0.0278645 
-0.182563  1.05062    -0.243914  0.0297109 
-0.168312  1.10657    -0.221165  0.03924   
-0.168312  1.10657    -0.221165  0.0250604 
-0.217415  1.06426    -0.258848  0.0187029 
-0.220829  0.995182   -0.262121  0.0172892 
-0.274607  0.923723   -0.272691  0.0175659 
-0.236662  0.936286   -0.25862   0.0247499 
-0.252411  0.9884     -0.264007  0.0273547 
-0.240351  0.937451   -0.263448  0.0163355 
-0.240351  0.937451   -0.263448  0.0242068 
-0.248547  0.972858   -0.222558  0.0191614 
-0.325639  0.907502   -0.226972  0.0163096 
-0.406558  0.8158     -0.242854  0.0144855 
-0.473394  0.797396   -0.278463  0.0133456 
-0.541919  0.788742   -0.298142  0.0146053 
-0.541919  0.788742   -0.298142  0.014477  
-0.486576  0.833652   -0.291645  0.0251222 
-0.486576  0.833652   -0.291645  0.0137777 
-0.558194  0.779203   -0.293544  0.0149388 
-0.558194  0.779203   -0.293544  0.0156063 
-0.558194  0.779203   -0.293544  0.0152371 
-0.558194  0.779203   -0.293544  0.0163798 
-0.466913  0.83927    -0.276499  0.0144538 
-0.484451  0.858339   -0.302225  0.0233424 
-0.484451  0.858339   -0.302225  0.0172034 
-0.484451  0.858339   -0.302225  0.0173398 
-0.558719  0.901499   -0.299402  0.0206362 
-0.52926   0.864916   -0.294027  0.0281226 
-0.607131  0.942836   -0.235586  0.0543242 
-0.607131  0.942836   -0.235586  0.0523155 
-0.607131  0.942836   -0.235586  0.0334478 
-0.607131  0.942836   -0.235586  0.0582419 
-0.607131  0.942836   -0.235586  0.0200915 
-0.576942  0.919029   -0.273127  0.0280551 
-0.576942  0.919029   -0.273127  0.0332894 
-0.503956  0.99       -0.218719  0.0218786 
-0.496272  0.896555   -0.243544  0.021274  
-0.586133  0.894527   -0.284634  0.0153306 
-0.528547  0.877101   -0.308686  0.0197686 
-0.528547  0.877101   -0.308686  0.0180547 
-0.459559  0.864628   -0.283403  0.0153142 
-0.450297  0.766207   -0.240839  0.0151964 
-0.450297  0.766207   -0.240839  0.0161263 
-0.430054  0.846116   -0.261658  0.0163429 
-0.3962    0.882664   -0.270382  0.0173236 
-0.482725  0.866451   -0.245655  0.0172428 
-0.401931  0.819723   -0.229626  0.0146899 
-0.48513   0.869227   -0.28936   0.0220879 
-0.475495  0.929632   -0.245012  0.0338854 
-0.475495  0.929632   -0.245012  0.0199801 
-0.37794   0.969591   -0.261223  0.0224984 
-0.294865  0.988907   -0.259125  0.0208017 
-0.266046  0.993046   -0.244887  0.0292228 
-0.338218  1.07639    -0.169757  0.0316046 
-0.32575   1.0716     -0.200837  0.0375264 
-0.319378  1.11341    -0.135789  0.0420451 
-0.319378  1.11341    -0.135789  0.0410206 
-0.377892  1.05565    -0.139386  0.0629421 
-0.279013  1.1034     -0.14486   0.0362588 
-0.23614   1.09975    -0.188576  0.0392829 
-0.327277  1.03473    -0.204328  0.0262224 
-0.39989   1.03231    -0.235349  0.0323665 
-0.320163  1.04662    -0.200416  0.0416948 
-0.320163  1.04662    -0.200416  0.0324388 
-0.316635  1.05374    -0.18192   0.0787624 
-0.316635  1.05374    -0.18192   0.0339559 
-0.321398  1.05632    -0.175092  0.0324989 
-0.333942  1.06012    -0.194665  0.0398137 
-0.333942  1.06012    -0.194665  0.0375505 
-0.333942  1.06012    -0.194665  0.0392465 
-0.333942  1.06012    -0.194665  0.043691  
-0.345137  1.05967    -0.144751  0.0587126 
-0.345137  1.05967    -0.144751  0.0502216 
-0.332817  1.10839    -0.115438  0.0345291 
-0.241905  1.16071    -0.128895  0.0320813 
-0.291972  1.11969    -0.21457   0.049073  
-0.291135  1.21336    -0.0600043 0.0419485 
-0.375184  1.14316    -0.0463702 0.0494295 
-0.302343  1.11504    -0.0587876 0.0452722 
-0.273013  1.16027    -0.101129  0.0429426 
-0.232321  1.10971    -0.18857   0.0310032 
-0.178253  1.077      -0.193629  0.0265752 
-0.216752  1.115      -0.256762  0.0336004 
-0.122265  1.10216    -0.181881  0.0423238 
-0.122265  1.10216    -0.181881  0.0229009 
-0.175795  1.08545    -0.235027  0.0267764 
-0.118901  1.12105    -0.226465  0.0423412 
-0.118901  1.12105    -0.226465  0.0421182 
-0.118901  1.12105    -0.226465  0.0795983 
-0.118901  1.12105    -0.226465  0.0448748 
-0.118901  1.12105    -0.226465  0.0454029 
-0.118901  1.12105    -0.226465  0.0501885 
-0.0404449 1.19544    -0.105809  0.0627251 
-0.0317466 1.26141    0.110299   0.0805611 
-0.0146879 1.3232     0.238201   0.081186  
-0.0146879 1.3232     0.238201   0.0974664 
0.0274748  1.42138    0.449414   0.206455  
0.0274748  1.42138    0.449414   0.1431    
0.0274748  1.42138    0.449414   0.0932814 
0.0274748  1.42138    0.449414   0.126667  
0.0274748  1.42138    0.449414   0.161834  
0.0274748  1.42138    0.449414   0.179713  
0.0274748  1.42138    0.449414   0.0796703 
0.112821   1.39155    0.307233   0.109484  
0.112821   1.39155    0.307233   0.133258  
0.112821   1.39155    0.307233   0.200848  
0.112821   1.39155    0.307233   0.100771  
0.100337   1.37784    0.455344   0.13585   
0.100337   1.37784    0.455344   0.107581  
0.100337   1.37784    0.455344   0.0992589 
0.0370721  1.3677     0.385646   0.0637235 
0.00081671 1.28488    0.06004    0.0663839 
0.0937409  1.27045    0.0854862  0.0679006 
0.117955   1.2017     0.0505226  0.0693947 
0.176024   1.21044    -0.0499262 0.047153  
0.0788589  1.21661    -0.106826  0.0586277 
0.0788589  1.21661    -0.106826  0.0765367 
0.0788589  1.21661    -0.106826  0.0431453 
0.0824966  1.13003    -0.191188  0.022644  
0.0233248  1.05955    -0.270348  0.0178035 
0.0233248  1.05955    -0.270348  0.0372553 
0.0233248  1.05955    -0.270348  0.0243603 
-0.0498921 1.01618    -0.237903  0.0205748 
-0.0726292 1.03577    -0.268324  0.0220559 
-0.0726292 1.03577    -0.268324  0.0330785 
-0.0726292 1.03577    -0.268324  0.0160161 
-0.0968026 0.97202    -0.271847  0.0192459 
-0.0114798 0.996925   -0.262296  0.0217944 
-0.0146824 1.05373    -0.253702  0.0234721 
0.0821181  1.01875    -0.233429  0.0264374 
0.0760716  1.0099     -0.213018  0.0162161 
0.0942712  0.979956   -0.264499  0.0164784 
0.0942712  0.979956   -0.264499  0.0339777 
0.0942712  0.979956   -0.264499  0.0217302 
0.0942712  0.979956   -0.264499  0.0223091 
0.014948   1.06625    -0.231429  0.0385867 
0.014948   1.06625    -0.231429  0.0473932 
0.014948   1.06625    -0.231429  0.0344337 
-0.0442537 1.14328    -0.183973  0.0557824 
-0.0442537 1.14328    -0.183973  0.0463619 
-0.0442537 1.14328    -0.183973  0.0354079 
-0.139119  1.12364    -0.221277  0.0379695 
-0.113064  1.05172    -0.247314  0.0409883 
-0.182994  1.13509    -0.0855855 0.0443521 
-0.214528  1.12026    -0.12447   0.0476361 
-0.300572  1.12277    -0.122479  0.0427355 
-0.390918  1.13677    -0.138337  0.0650214 
-0.390918  1.13677    -0.138337  0.025825  
-0.345865  1.08726    -0.256338  0.0178852 
-0.246801  0.987767   -0.293594  0.0311575 
-0.246801  0.987767   -0.293594  0.0170097 
-0.16177   0.915034   -0.242492  0.0164598 
-0.160746  0.851841   -0.185131  0.0160201 
-0.226189  0.938785   -0.242058  0.0242925 
-0.226189  0.938785   -0.242058  0.0301546 
-0.226189  0.938785   -0.242058  0.0206627 
-0.29189   0.989242   -0.274791  0.0216552 
-0.29189   0.989242   -0.274791  0.0251494 
-0.378003  0.992955   -0.203764  0.0190858 
-0.391491  0.943254   -0.278941  0.0168817 
-0.483544  0.864869   -0.318008  0.0194443 
-0.454936  0.91992    -0.280813  0.0168318 
-0.51599   0.833815   -0.273984  0.0194903 
-0.573627  0.885936   -0.291818  0.0219516 
-0.573627  0.885936   -0.291818  0.0180853 
-0.664378  0.786459   -0.31991   0.0199857 
-0.646011  0.852236   -0.294521  0.015421  
-0.656305  0.783226   -0.34885   0.0188106 
-0.670508  0.759762   -0.3349    0.0217768 
-0.734933  0.793472   -0.328165  0.0291072 
-0.734933  0.793472   -0.328165  0.0339685 
-0.659004  0.770603   -0.319062  0.0149604 
-0.591628  0.836765   -0.334735  0.0140718 
-0.581457  0.737923   -0.29687   0.0135665 
-0.552311  0.83005    -0.3335    0.0177516 
-0.598509  0.80573    -0.30465   0.0298619 
-0.59569   0.795371   -0.298677  0.0151436 
-0.59569   0.795371   -0.298677  0.0233453 
-0.59569   0.795371   -0.298677  0.0236192 
-0.49653   0.881917   -0.273481  0.0147721 
-0.535497  0.859772   -0.32584   0.0378018 
-0.535497  0.859772   -0.32584   0.0243729 
-0.550811  0.893627   -0.251626  0.0239283 
-0.535525  0.915142   -0.296592  0.0313507 
-0.535525  0.915142   -0.296592  0.0301508 
-0.535525  0.915142   -0.296592  0.0154626 
-0.496552  0.878515   -0.316712  0.0182575 
-0.58261   0.880828   -0.305997  0.0151759 
-0.567103  0.781498   -0.289758  0.0255522 
-0.571593  0.755402   -0.279307  0.0138286 
-0.593544  0.786276   -0.312094  0.0216198 
-0.565178  0.827927   -0.26626   0.0287108 
-0.66165   0.864544   -0.268001  0.0218664 
-0.609997  0.837285   -0.29072   0.0349756 
-0.609997  0.837285   -0.29072   0.0221429 
-0.642562  0.826321   -0.305902  0.0241411 
-0.607249  0.873076   -0.266631  0.0142363 
-0.566204  0.797895   -0.3156    0.0207124 
-0.585396  0.889866   -0.301867  0.0186344 
-0.536963  0.901866   -0.298055  0.0412742 
-0.536963  0.901866   -0.298055  0.0294385 
-0.443361  0.989872   -0.236692  0.0215043 
-0.410622  0.955156   -0.262423  0.0197981 
-0.333193  1.01586    -0.257189  0.037558  
-0.333193  1.01586    -0.257189  0.019514  
-0.287705  0.978913   -0.244007  0.028202  
-0.344197  1.02491    -0.249454  0.021318  
-0.344197  1.02491    -0.249454  0.0216528 
-0.327132  0.977191   -0.242445  0.0333803 
-0.327132  0.977191   -0.242445  0.0401082 
-0.327132  0.977191   -0.242445  0.0200236 
-0.344582  0.94593    -0.26762   0.0410679 
-0.344582  0.94593    -0.26762   0.0147741 
-0.404246  0.876862   -0.284162  0.0239186 
-0.404246  0.876862   -0.284162  0.0153376 
-0.390378  0.835362   -0.264157  0.017563  
-0.390378  0.835362   -0.264157  0.0179059 
-0.308193  0.761179   -0.169845  0.0178483 
-0.268891  0.777491   -0.14632   0.0172735 
-0.286772  0.80305    -0.136418  0.019237  
-0.266378  0.732909   -0.10417   0.0164478 
-0.325467  0.78978    -0.165866  0.0175896 
-0.389982  0.707186   -0.142265  0.0171197 
-0.402659  0.764085   -0.220409  0.0156243 
-0.438305  0.729533   -0.209478  0.0154234 
-0.425256  0.785626   -0.205239  0.018248  
-0.52287   0.814628   -0.268884  0.0384429 
-0.603692  0.879439   -0.223254  0.0363714 
-0.603692  0.879439   -0.223254  0.0234668 
-0.613028  0.790679   -0.297319  0.0118147 
-0.656543  0.698291   -0.364511  0.0137202 
-0.60111   0.74253    -0.327162  0.00884242
-0.680023  0.669301   -0.400913  0.0113797 
-0.680023  0.669301   -0.400913  0.00927969
-0.768593  0.631979   -0.419809  0.0292044 
-0.832218  0.681498   -0.37929   0.0127886 
-0.79989   0.663435   -0.404942  0.0123243 
-0.838694  0.691918   -0.400894  0.00823538
-0.824467  0.644964   -0.437451  0.0104382 
-0.807888  0.6823     -0.429469  0.0187872 
-0.807888  0.6823     -0.429469  0.00803374
-0.817379  0.633807   -0.442776  0.00687047
-0.758402  0.642457   -0.436774  0.0109952 
-0.660388  0.553896   -0.365031  0.00916829
-0.700133  0.566787   -0.385073  0.0130786 
-0.700133  0.566787   -0.385073  0.021219  
-0.700133  0.566787   -0.385073  0.0188335 
-0.700133  0.566787   -0.385073  0.00980054
-0.77648   0.639824   -0.432512  0.00704865
-0.713026  0.668342   -0.41403   0.0146521 
-0.713026  0.668342   -0.41403   0.00630876
-0.790184  0.608093   -0.449287  0.00609764
-0.803054  0.624703   -0.447024  0.0101419 
-0.803054  0.624703   -0.447024  0.00738496
-0.733859  0.620167   -0.427546  0.00656868
-0.73421   0.616088   -0.430055  0.0134425 
-0.668028  0.526395   -0.333965  0.0202787 
-0.668028  0.526395   -0.333965  0.0119122 
-0.73629   0.547935   -0.411546  0.00827491
-0.825572  0.582443   -0.431294  0.00578158
-0.761116  0.624937   -0.437418  0.00719654
-0.843277  0.628798   -0.447604  0.0104549 
-0.763588  0.697868   -0.424829  0.0254917 
-0.763588  0.697868   -0.424829  0.0229556 
-0.763857  0.790984   -0.302971  0.0238972 
-0.805932  0.83821    -0.294059  0.0446298 
-0.805932  0.83821    -0.294059  0.0227969 
-0.73338   0.838176   -0.308863  0.0277265 
-0.73338   0.838176   -0.308863  0.0256498 
-0.73338   0.838176   -0.308863  0.0228725 
-0.696898  0.822205   -0.268945  0.0168766 
-0.744605  0.770251   -0.355176  0.0421698 
-0.744605  0.770251   -0.355176  0.0188616 
-0.662354  0.838408   -0.327058  0.0197347 
-0.731756  0.828495   -0.304427  0.0130759 
-0.645213  0.803752   -0.341103  0.0116765 
-0.615459  0.726406   -0.351446  0.0129698 
-0.615459  0.726406   -0.351446  0.0116307 
-0.615459  0.726406   -0.351446  0.0101579 
-0.632341  0.658087   -0.365003  0.00643237
-0.717451  0.631069   -0.427606  0.00965745
-0.732741  0.566187   -0.400132  0.0223455 
-0.732741  0.566187   -0.400132  0.010034  
-0.727822  0.65074    -0.405813  0.012197  
-0.721386  0.715436   -0.375728  0.00845513
-0.6722    0.659665   -0.402734  0.0120844 
-0.734647  0.756037   -0.393221  0.0169622 
-0.689151  0.785528   -0.361644  0.0144106 
-0.590818  0.821105   -0.31712   0.0225828 
-0.590818  0.821105   -0.31712   0.0358652 
-0.590818  0.821105   -0.31712   0.0191008 
-0.566753  0.857326   -0.282315  0.0245021 
-0.47057   0.889407   -0.251551  0.018637  
-0.430629  0.82856    -0.288738  0.0136844 
-0.522225  0.729805   -0.264518  0.0109145 
-0.616511  0.643554   -0.329752  0.0122986 
-0.616511  0.643554   -0.329752  0.0081228 
-0.664469  0.606679   -0.383392  0.0157543 
-0.714563  0.51736    -0.355367  0.0339031 
-0.714563  0.51736    -0.355367  0.0156953 
-0.714563  0.51736    -0.355367  0.0318337 
-0.714563  0.51736    -0.355367  0.0155272 
-0.692456  0.509784   -0.300104  0.0179642 
-0.692456  0.509784   -0.300104  0.024853  
-0.692456  0.509784   -0.300104  0.00846403
-0.699918  0.581224   -0.404614  0.0121412 
-0.699918  0.581224   -0.404614  0.0142561 
-0.688444  0.526003   -0.330195  0.00966113
-0.624236  0.624168   -0.342456  0.0103212 
-0.6522    0.646522   -0.360529  0.0114001 
-0.745485  0.65833    -0.422833  0.0109175 
-0.657641  0.560787   -0.367382  0.0154972 
-0.657641  0.560787   -0.367382  0.0224999 
-0.657641  0.560787   -0.367382  0.00658274
-0.747955  0.599361   -0.439071  0.00910258
-0.821985  0.569368   -0.441653  0.00810111
-0.821985  0.569368   -0.441653  0.0247415 
-0.821985  0.569368   -0.441653  0.0112341 
-0.824098  0.553868   -0.420561  0.00984704
-0.898933  0.58368    -0.405707  0.0184895 
-0.898933  0.58368    -0.405707  0.00798096
-0.812761  0.617018   -0.439251  0.0129684 
-0.834826  0.710922   -0.408539  0.0142694 
-0.775985  0.740535   -0.375376  0.0122807 
-0.796827  0.65906    -0.425136  0.0162929 
-0.796827  0.65906    -0.425136  0.0269361 
-0.796827  0.65906    -0.425136  0.0232753 
-0.853733  0.739987   -0.344801  0.0226919 
-0.930105  0.720546   -0.316411  0.0190783 
-0.836713  0.719302   -0.363564  0.0138743 
-0.793983  0.65486    -0.438014  0.0280343 
-0.793983  0.65486    -0.438014  0.0127313 
-0.71306   0.669717   -0.407018  0.0119133 
-0.772307  0.669641   -0.416343  0.0153391 
-0.742084  0.726523   -0.398988  0.0140017 
-0.78613   0.679635   -0.397535  0.010771  
-0.741326  0.707869   -0.406847  0.0251777 
-0.731479  0.693667   -0.391896  0.00905546
-0.660526  0.682023   -0.367762  0.0139023 
-0.694714  0.687416   -0.383503  0.0129085 
-0.721203  0.72434    -0.389726  0.0326792 
-0.721203  0.72434    -0.389726  0.0120062 
-0.637535  0.676132   -0.352659  0.0101057 
-0.622415  0.585599   -0.329248  0.00851251
-0.702181  0.5769     -0.385124  0.0211757 
-0.702181  0.5769     -0.385124  0.00974171
-0.768981  0.669928   -0.437403  0.0122843 
-0.83869   0.686177   -0.416828  0.0145747 
-0.823169  0.733714   -0.386142  0.0255528 
-0.897826  0.757618   -0.302926  0.0328989 
-0.803672  0.715936   -0.314312  0.00955787
-0.876123  0.618552   -0.427816  0.00830892
-0.849782  0.588893   -0.417803  0.00743637
-0.786736  0.635262   -0.443124  0.00816389
-0.801036  0.638653   -0.429979  0.00863083
-0.85286   0.599664   -0.431535  0.0156311 
-0.85286   0.599664   -0.431535  0.00826859
-0.850174  0.637259   -0.439445  0.0189904 
-0.928144  0.640941   -0.338294  0.0116255 
-0.832906  0.625989   -0.428253  0.00710775
-0.804096  0.597909   -0.450861  0.00712846
-0.804096  0.597909   -0.450861  0.010306  
-0.867301  0.641051   -0.422679  0.00738551
-0.782224  0.587064   -0.446239  0.0142116 
-0.754613  0.530159   -0.372991  0.00983706
-0.848341  0.564537   -0.428956  0.0103276 
-0.88642   0.655423   -0.428216  0.021953  
-0.84145   0.707137   -0.388233  0.0219689 
-0.869952  0.779514   -0.294462  0.0302577 
-0.870342  0.81464    -0.226645  0.0380989 
-0.801427  0.880076   -0.171106  0.0618887 
-0.754711  0.926736   -0.0814025 0.0469785 
-0.767679  0.923917   -0.112656  0.0427328 
-0.826682  0.836298   -0.152456  0.0127244 
-0.734148  0.7509     -0.381902  0.00934723
-0.659095  0.664979   -0.374751  0.0113242 
-0.659095  0.664979   -0.374751  0.0112162 
-0.634857  0.743449   -0.357731  0.0206607 
-0.722457  0.771765   -0.328177  0.0149671 
-0.678558  0.741538   -0.353113  0.0110533 
-0.667929  0.70368    -0.395049  0.015902  
-0.585853  0.779955   -0.306552  0.0131334 
-0.577205  0.79861    -0.32439   0.0117882 
-0.586437  0.719418   -0.308982  0.0154737 
-0.578364  0.817147   -0.318347  0.0339962 
-0.590273  0.916536   -0.252691  0.0185731 
-0.534843  0.873044   -0.286166  0.0177538 
-0.493032  0.92812    -0.267303  0.0143207 
-0.489732  0.848566   -0.26805   0.0146819 
-0.489732  0.848566   -0.26805   0.0134187 
-0.515266  0.750668   -0.294911  0.0120185 
-0.582709  0.769481   -0.316794  0.0146788 
-0.617593  0.814225   -0.335026  0.0210525 
-0.641827  0.836782   -0.305274  0.0459755 
-0.641827  0.836782   -0.305274  0.0504936 
-0.720054  0.884043   -0.200687  0.0406578 
-0.68524   0.868348   -0.216165  0.0314203 
-0.687988  0.846885   -0.241207  0.0248505 
-0.768965  0.766477   -0.362519  0.0365829 
-0.74794   0.855864   -0.276221  0.0325945 
-0.74794   0.855864   -0.276221  0.0207848 
-0.709751  0.853878   -0.30649   0.0177406 
-0.62562   0.825881   -0.294459  0.0139695 
-0.528419  0.818149   -0.291442  0.0189136 
-0.528419  0.818149   -0.291442  0.0301016 
-0.542638  0.885274   -0.257624  0.013975  
-0.504018  0.833175   -0.297791  0.0163192 
-0.553882  0.830841   -0.290374  0.0196402 
-0.4924    0.927501   -0.286895  0.0334012 
-0.4924    0.927501   -0.286895  0.0264674 
-0.4171    0.857395   -0.22747   0.0166493 
-0.390332  0.853666   -0.267838  0.0178161 
-0.351719  0.877201   -0.250612  0.0277718 
-0.43566   0.976389   -0.234401  0.0213783 
-0.357867  0.98052    -0.25987   0.0766812 
-0.402882  1.04021    -0.135575  0.0368988 
-0.437837  1.06158    -0.131703  0.0381622 
-0.508623  1.03971    -0.159016  0.0593074 
-0.508623  1.03971    -0.159016  0.0433376 
-0.452249  1.07273    -0.142011  0.0436999 
-0.403911  1.07631    -0.146064  0.049     
-0.36386   1.10093    -0.0964024 0.0444602 
-0.33436   1.00326    -0.188     0.0300403 
-0.371434  0.963066   -0.211413  0.0289801 
-0.465797  1.05512    -0.209366  0.0366775 
-0.435753  1.05144    -0.259107  0.0295312 
-0.514794  1.02936    -0.217668  0.0347688 
-0.514794  1.02936    -0.217668  0.0405302 
-0.514794  1.02936    -0.217668  0.0335349 
-0.467604  1.05741    -0.177478  0.0656866 
-0.467604  1.05741    -0.177478  0.0312464 
-0.460867  0.999669   -0.20955   0.0384898 
-0.460867  0.999669   -0.20955   0.0376619 
-0.460867  0.999669   -0.20955   0.0230484 
-0.397352  0.955346   -0.248728  0.0175053 
-0.382354  0.911878   -0.274323  0.0213071 
-0.415428  0.99479    -0.248912  0.0164731 
-0.390522  0.991634   -0.296918  0.0190335 
-0.297465  0.944759   -0.240456  0.0171446 
-0.361511  0.899009   -0.236651  0.015043  
-0.392246  0.874368   -0.273625  0.0161893 
-0.417651  0.883211   -0.243239  0.0182446 
-0.382213  0.922171   -0.23959   0.0271404 
-0.339964  0.972202   -0.257161  0.0263582 
-0.416924  0.957265   -0.261465  0.026645  
-0.436699  0.912142   -0.274239  0.0216044 
-0.436699  0.912142   -0.274239  0.0150304 
-0.529282  0.845876   -0.310717  0.0180802 
-0.615964  0.880822   -0.341396  0.0184233 
-0.615964  0.880822   -0.341396  0.0377907 
-0.615964  0.880822   -0.341396  0.0332672 
-0.615964  0.880822   -0.341396  0.0399498 
-0.615964  0.880822   -0.341396  0.0475704 
-0.615964  0.880822   -0.341396  0.0174725 
-0.533184  0.912789   -0.306851  0.0158173 
-0.464692  0.926692   -0.312663  0.0241153 
-0.547267  0.857607   -0.285297  0.0209232 
-0.547267  0.857607   -0.285297  0.0187944 
-0.5732    0.800728   -0.296981  0.0182845 
-0.5732    0.800728   -0.296981  0.0126532 
-0.558269  0.714357   -0.309531  0.0117758 
-0.563455  0.625197   -0.258849  0.0128681 
-0.54216   0.576685   -0.233762  0.0160558 
-0.475816  0.633803   -0.160703  0.0117353 
-0.567009  0.582582   -0.244717  0.0092196 
-0.633493  0.664709   -0.332342  0.0131802 
-0.625804  0.728593   -0.35113   0.0159953 
-0.597177  0.756058   -0.315393  0.0154245 
-0.614261  0.80957    -0.320894  0.0203217 
-0.556523  0.861276   -0.289504  0.0250329 
-0.579592  0.893526   -0.277182  0.0325054 
-0.579592  0.893526   -0.277182  0.0332957 
-0.663279  0.915211   -0.185925  0.0865725 
-0.663279  0.915211   -0.185925  0.0428819 
-0.665182  0.877533   -0.178649  0.0148976 
-0.621503  0.797422   -0.340231  0.012951  
-0.572518  0.699951   -0.296903  0.0118964 
-0.568986  0.690932   -0.324098  0.0131653 
-0.629499  0.767799   -0.356844  0.0117679 
-0.609971  0.702736   -0.336648  0.0103883 
-0.607952  0.637201   -0.338888  0.0105896 
-0.605703  0.67783    -0.338291  0.00790283
-0.671463  0.637114   -0.377611  0.0184165 
-0.750247  0.640602   -0.407956  0.00712119
-0.707964  0.600378   -0.42447   0.0110338 
-0.707964  0.600378   -0.42447   0.00796091
-0.668204  0.611856   -0.388758  0.0151051 
-0.683539  0.522135   -0.362609  0.0135155 
-0.683539  0.522135   -0.362609  0.0252289 
-0.683539  0.522135   -0.362609  0.0106294 
-0.666677  0.558845   -0.356084  0.00839594
-0.692532  0.575824   -0.398933  0.0099976 
-0.692532  0.575824   -0.398933  0.01184   
-0.703195  0.541462   -0.396766  0.0131553 
-0.603811  0.537041   -0.268943  0.00776396
-0.689807  0.602555   -0.383954  0.0119256 
-0.689807  0.602555   -0.383954  0.0141136 
-0.689807  0.602555   -0.383954  0.0155591 
-0.689807  0.602555   -0.383954  0.0108623 
-0.749166  0.678964   -0.410217  0.0246582 
-0.831061  0.741365   -0.324315  0.0142123 
-0.766135  0.712864   -0.403237  0.018204  
-0.706641  0.764609   -0.373695  0.0201066 
-0.706641  0.764609   -0.373695  0.0155345 
-0.786066  0.709509   -0.38671   0.0240874 
-0.73214   0.793757   -0.345771  0.0466617 
-0.73214   0.793757   -0.345771  0.0125835 
-0.653962  0.745516   -0.357499  0.0175296 
-0.725619  0.746492   -0.34714   0.0145362 
-0.627054  0.735041   -0.334739  0.0128776 
-0.612615  0.724922   -0.330806  0.0129796 
-0.536205  0.697636   -0.279657  0.0142579 
-0.536205  0.697636   -0.279657  0.013714  
-0.536205  0.697636   -0.279657  0.0134457 
-0.57741   0.773773   -0.334509  0.0182293 
-0.645074  0.830886   -0.308083  0.028637  
-0.645074  0.830886   -0.308083  0.022668  
-0.645074  0.830886   -0.308083  0.0140432 
-0.645074  0.830886   -0.308083  0.0196099 
-0.623776  0.878815   -0.290775  0.0136135 
-0.534112  0.785171   -0.281911  0.0216651 
-0.490602  0.824626   -0.281404  0.0175474 
-0.490602  0.824626   -0.281404  0.0192178 
-0.463377  0.866683   -0.26279   0.0168968 
-0.463377  0.866683   -0.26279   0.01652   
-0.412964  0.87615    -0.286923  0.0152747 
-0.478309  0.816325   -0.298389  0.0227265 
-0.464045  0.91579    -0.245738  0.0288307 
-0.464045  0.91579    -0.245738  0.0260453 
-0.477521  0.961373   -0.267575  0.0285962 
-0.426435  0.882656   -0.270052  0.0209375 
-0.426435  0.882656   -0.270052  0.0371772 
-0.486451  0.958727   -0.22921   0.022307  
-0.460671  0.965421   -0.282576  0.0319003 
-0.390236  0.989128   -0.219055  0.0298299 
-0.443948  0.97016    -0.225546  0.0309209 
-0.491734  0.955168   -0.216919  0.0823878 
-0.551462  0.986637   -0.0996064 0.0211696 
-0.629942  0.898203   -0.301895  0.0330396 
-0.629942  0.898203   -0.301895  0.0277394 
-0.629942  0.898203   -0.301895  0.0189453 
-0.606111  0.897318   -0.281451  0.0177698 
-0.517261  0.818049   -0.289661  0.0151256 
-0.418905  0.833416   -0.27254   0.0147465 
-0.418905  0.833416   -0.27254   0.0166234 
-0.418905  0.833416   -0.27254   0.0175411 
-0.418905  0.833416   -0.27254   0.0259865 
-0.461966  0.872638   -0.247111  0.0154203 
-0.474224  0.870576   -0.275795  0.0161893 
-0.474224  0.870576   -0.275795  0.0145883 
-0.443085  0.839359   -0.294065  0.0260929 
-0.417038  0.933147   -0.240219  0.0247556 
-0.474768  0.973813   -0.240336  0.0209765 
-0.419865  0.901104   -0.251142  0.0193672 
-0.416468  0.86132    -0.246131  0.0144486 
-0.499723  0.825127   -0.293684  0.0273836 
-0.56924   0.896181   -0.261444  0.0192508 
-0.486467  0.890456   -0.281601  0.0379832 
-0.530435  0.963477   -0.237495  0.0235214 
-0.455711  0.972173   -0.25623   0.0237393 
-0.518611  0.936392   -0.259794  0.0173352 
-0.602877  0.844089   -0.330576  0.0139661 
-0.586603  0.77407    -0.346434  0.0144765 
-0.616586  0.728141   -0.337246  0.0137396 
-0.533831  0.729518   -0.296702  0.0145975 
-0.493507  0.808078   -0.271142  0.0158115 
-0.467301  0.712273   -0.244106  0.0141458 
-0.487112  0.764856   -0.24907   0.0260389 
-0.583705  0.835993   -0.261549  0.0190703 
-0.541667  0.868951   -0.278055  0.0164022 
-0.487324  0.827296   -0.254695  0.0140307 
-0.54047   0.768927   -0.292379  0.0154743 
-0.558836  0.764636   -0.311645  0.0202993 
-0.658098  0.835471   -0.299517  0.0280676 
-0.658098  0.835471   -0.299517  0.0240729 
-0.603484  0.868591   -0.284375  0.0203805 
-0.523892  0.830554   -0.250559  0.0246034 
-0.552823  0.918311   -0.250787  0.038932  
-0.552823  0.918311   -0.250787  0.0323866 
-0.600963  0.975184   -0.204025  0.0356668 
-0.600963  0.975184   -0.204025  0.0492672 
-0.682793  0.887122   -0.0923774 0.0202792 
-0.664877  0.802821   -0.311378  0.0282033 
-0.674938  0.835218   -0.233815  0.0233652 
-0.63491   0.863967   -0.299172  0.0131355 
-0.571439  0.779302   -0.322423  0.00986844
-0.632496  0.686386   -0.377994  0.0121266 
-0.702251  0.669131   -0.395038  0.00644222
-0.719083  0.615876   -0.430938  0.00810409
-0.673541  0.668475   -0.405649  0.0154521 
-0.682546  0.734005   -0.359334  0.0290804 
-0.682546  0.734005   -0.359334  0.012447  
-0.586789  0.752472   -0.344547  0.0164013 
-0.586789  0.752472   -0.344547  0.0120113 
-0.629777  0.691119   -0.343685  0.0134896 
-0.629777  0.691119   -0.343685  0.0125002 
-0.619098  0.76883    -0.363661  0.013602  
-0.619098  0.76883    -0.363661  0.0188586 
-0.648683  0.777572   -0.326092  0.0222886 
-0.671502  0.786235   -0.319903  0.0119463 
-0.586817  0.720855   -0.337534  0.0118962 
-0.557626  0.652025   -0.275288  0.00993711
-0.637954  0.678252   -0.372509  0.00611106
-0.71898   0.629659   -0.430662  0.00689637
-0.696034  0.634632   -0.407189  0.00917403
-0.710775  0.698314   -0.408606  0.0165997 
-0.736603  0.738382   -0.360559  0.00889169
-0.667269  0.681088   -0.385697  0.00936844
-0.667397  0.667028   -0.38788   0.015626  
-0.764091  0.732275   -0.388588  0.0115475 
-0.664972  0.693275   -0.36159   0.0131595 
-0.711526  0.774114   -0.371724  0.0233038 
-0.775654  0.786034   -0.299208  0.0235781 
-0.758074  0.805126   -0.310495  0.030291  
-0.758074  0.805126   -0.310495  0.0305613 
-0.758074  0.805126   -0.310495  0.0315478 
-0.758074  0.805126   -0.310495  0.0402191 
-0.758074  0.805126   -0.310495  0.0166462 
-0.735359  0.728576   -0.350367  0.00669038
-0.762675  0.679289   -0.438103  0.0219284 
-0.762675  0.679289   -0.438103  0.00736439
-0.762675  0.679289   -0.438103  0.00708752
-0.789908  0.599231   -0.431014  0.0115553 
-0.766687  0.654094   -0.42518   0.0184474 
-0.766687  0.654094   -0.42518   0.00973749
-0.766687  0.654094   -0.42518   0.0110567 
-0.791546  0.682716   -0.415845  0.0186362 
-0.811009  0.748981   -0.384256  0.0216277 
-0.828032  0.797846   -0.342199  0.0215378 
-0.828032  0.797846   -0.342199  0.0448066 
-0.828032  0.797846   -0.342199  0.0476151 
-0.828032  0.797846   -0.342199  0.0265249 
-0.780185  0.774598   -0.285089  0.0276971 
-0.780185  0.774598   -0.285089  0.0174869 
-0.738309  0.798945   -0.347047  0.0322081 
-0.738309  0.798945   -0.347047  0.0371393 
-0.738309  0.798945   -0.347047  0.0122906 
-0.644012  0.75265    -0.372738  0.0150697 
-0.644012  0.75265    -0.372738  0.0126271 
-0.724312  0.706177   -0.385404  0.0162402 
-0.732991  0.756524   -0.375419  0.0193397 
-0.777824  0.761028   -0.332107  0.0141766 
-0.787117  0.711457   -0.395201  0.0158821 
-0.787117  0.711457   -0.395201  0.0249854 
-0.75569   0.789427   -0.278435  0.0333664 
-0.75569   0.789427   -0.278435  0.0114369 
-0.707216  0.698139   -0.378682  0.00850548
-0.70253   0.671177   -0.393275  0.0107851 
-0.693527  0.685708   -0.37556   0.014291  
-0.744793  0.674923   -0.420081  0.00801402
-0.706369  0.586627   -0.405317  0.0180649 
-0.706369  0.586627   -0.405317  0.00885305
-0.797882  0.666091   -0.442117  0.0158101 
-0.797882  0.666091   -0.442117  0.00900922
-0.786315  0.649764   -0.427806  0.0112362 
-0.786315  0.649764   -0.427806  0.011638  
-0.775211  0.66952    -0.433888  0.00691481
-0.851915  0.615942   -0.439176  0.00932831
-0.789203  0.566261   -0.444127  0.0241636 
-0.782133  0.479247   -0.237218  0.046419  
-0.782133  0.479247   -0.237218  0.0151039 
-0.87056   0.524366   -0.30905   0.0220026 
-0.795384  0.487286   -0.251241  0.00912004
-0.889313  0.577827   -0.397769  0.0210562 
-0.889313  0.577827   -0.397769  0.0102598 
-0.922101  0.560554   -0.368675  0.0232191 
-0.827439  0.483041   -0.214565  0.0316637 
-0.827439  0.483041   -0.214565  0.0273816 
-0.827439  0.483041   -0.214565  0.0175294 
-0.740726  0.509401   -0.341211  0.00945304
-0.678234  0.567745   -0.371182  0.0193083 
-0.678234  0.567745   -0.371182  0.00944806
-0.65144   0.582173   -0.376185  0.00707725
-0.724636  0.603243   -0.436261  0.0162447 
-0.75945   0.695648   -0.39681   0.00968265
-0.849166  0.596595   -0.436172  0.0180963 
-0.849166  0.596595   -0.436172  0.0166161 
-0.849166  0.596595   -0.436172  0.00899468
-0.776184  0.570851   -0.417629  0.0244289 
-0.78117   0.471956   -0.163723  0.0304534 
-0.78117   0.471956   -0.163723  0.0241333 
-0.767785  0.472046   -0.221087  0.0157087 
-0.788729  0.522982   -0.361488  0.0116024 
-0.78337   0.549637   -0.383328  0.0305098 
-0.78337   0.549637   -0.383328  0.0179809 
-0.78337   0.549637   -0.383328  0.00823467
-0.753447  0.580473   -0.425147  0.00798989
-0.843024  0.590342   -0.430091  0.0114204 
-0.766667  0.674893   -0.417369  0.00716809
-0.802109  0.607275   -0.445848  0.0105012 
-0.802109  0.607275   -0.445848  0.0172241 
-0.802109  0.607275   -0.445848  0.00920122
-0.802109  0.607275   -0.445848  0.00884004
-0.802109  0.607275   -0.445848  0.0102803 
-0.882962  0.628524   -0.41736   0.0092938 
-0.84567   0.570249   -0.432729  0.0102302 
-0.84567   0.570249   -0.432729  0.0151882 
-0.912362  0.657939   -0.399293  0.00999476
-0.831646  0.564177   -0.427053  0.0163968 
-0.831646  0.564177   -0.427053  0.0107341 
-0.884908  0.628559   -0.420859  0.0102147 
-0.885837  0.587441   -0.396283  0.0127187 
-0.885837  0.587441   -0.396283  0.0145767 
-0.885837  0.587441   -0.396283  0.0101196 
-0.883941  0.620683   -0.41341   0.0137583 
-0.851246  0.681973   -0.399203  0.0187923 
-0.879173  0.692416   -0.370345  0.00908918
-0.822122  0.619922   -0.433453  0.00769905
-0.824225  0.58676    -0.434376  0.0211069 
-0.824225  0.58676    -0.434376  0.0165879 
-0.898543  0.679489   -0.403222  0.0281108 
-0.898543  0.679489   -0.403222  0.0168974 
-0.845975  0.686746   -0.390136  0.00921959
-0.840191  0.631131   -0.43767   0.00736347
-0.769135  0.604328   -0.439621  0.008506  
-0.769135  0.604328   -0.439621  0.00714583
-0.755803  0.608449   -0.432499  0.00851253
-0.792695  0.639296   -0.43464   0.00850297
-0.830639  0.650261   -0.426072  0.00769829
-0.835746  0.615699   -0.441628  0.00959352
-0.835746  0.615699   -0.441628  0.00855113
-0.816035  0.648245   -0.437043  0.0207213 
-0.754719  0.681522   -0.406631  0.0260028 
-0.754719  0.681522   -0.406631  0.00732097
-0.765231  0.657052   -0.440178  0.00639469
-0.73209   0.623558   -0.422555  0.0115668 
-0.73209   0.623558   -0.422555  0.0113304 
-0.703232  0.7136     -0.392666  0.00900136
-0.712623  0.705259   -0.401532  0.0207556 
-0.613023  0.795065   -0.303155  0.012258  
-0.562595  0.719414   -0.301401  0.00929244
-0.629583  0.621928   -0.336698  0.0115164 
-0.610502  0.70947    -0.349648  0.0115711 
-0.610502  0.70947    -0.349648  0.0116984 
-0.690824  0.686597   -0.377516  0.011242  
-0.596778  0.676973   -0.319516  0.00792958
-0.671297  0.62388    -0.397021  0.0108857 
-0.671297  0.62388    -0.397021  0.0101865 
-0.671297  0.62388    -0.397021  0.0113264 
-0.700662  0.686233   -0.39171   0.0120311 
-0.700662  0.686233   -0.39171   0.00662133
-0.787839  0.639912   -0.432485  0.0111956 
-0.787839  0.639912   -0.432485  0.0119683 
-0.787839  0.639912   -0.432485  0.00718542
-0.774858  0.605958   -0.433478  0.00710101
-0.792849  0.591187   -0.439532  0.00600236
-0.755277  0.623132   -0.436854  0.0130114 
-0.789384  0.668236   -0.414191  0.00963705
-0.751516  0.681315   -0.414876  0.0100705 
-0.739433  0.665143   -0.422508  0.0170328 
-0.822124  0.730062   -0.361348  0.00759037
-0.828022  0.659372   -0.437903  0.0259752 
-0.828022  0.659372   -0.437903  0.00903122
-0.809912  0.653974   -0.441676  0.017807  
-0.796871  0.738428   -0.372775  0.00806091
-0.733151  0.683737   -0.420725  0.00873545
-0.733151  0.683737   -0.420725  0.00961435
-0.742098  0.672365   -0.41352   0.0284207 
-0.742098  0.672365   -0.41352   0.00925139
-0.714464  0.667242   -0.397948  0.0097434 
-0.80031   0.661966   -0.433455  0.00661783
-0.735912  0.65178    -0.439861  0.011323  
-0.776255  0.680046   -0.412929  0.0155547 
-0.728737  0.682135   -0.395932  0.00874195
-0.772455  0.677869   -0.427008  0.00903475
-0.756936  0.667037   -0.421131  0.00643908
-0.803905  0.599972   -0.447137  0.0110226 
-0.887265  0.556338   -0.386521  0.0139977 
-0.800566  0.530871   -0.371938  0.0259403 
-0.800566  0.530871   -0.371938  0.0278061 
-0.800566  0.530871   -0.371938  0.0107622 
-0.862988  0.619416   -0.433606  0.0102889 
-0.862988  0.619416   -0.433606  0.00907438
-0.844705  0.625958   -0.434391  0.00892063
-0.844705  0.625958   -0.434391  0.0148234 
-0.844705  0.625958   -0.434391  0.0126183 
-0.769313  0.671917   -0.403675  0.00713528
-0.798236  0.606952   -0.442009  0.011803  
-0.797475  0.669625   -0.416174  0.0079876 
-0.76798   0.633339   -0.434297  0.0148923 
-0.776607  0.717013   -0.386644  0.00912742
-0.715249  0.694061   -0.401161  0.0157038 
-0.807588  0.70204    -0.382655  0.00973691
-0.752224  0.691416   -0.416812  0.0176126 
-0.660455  0.703149   -0.354977  0.0135083 
-0.637127  0.783798   -0.359073  0.0135442 
-0.573957  0.793657   -0.312152  0.0147937 
-0.503363  0.803167   -0.289529  0.0255512 
-0.567162  0.8599     -0.256024  0.0188031 
-0.647015  0.791759   -0.292524  0.0135023 
-0.714176  0.74708    -0.365016  0.00988335
-0.688402  0.69749    -0.395238  0.0127209 
-0.629454  0.729608   -0.356654  0.0125906 
-0.629454  0.729608   -0.356654  0.0113534 
-0.629454  0.729608   -0.356654  0.00970821
-0.655871  0.689433   -0.380617  0.0084259 
-0.698226  0.630351   -0.406372  0.00881301
-0.698226  0.630351   -0.406372  0.00894398
-0.707718  0.565428   -0.38329   0.00860151
-0.763657  0.650799   -0.432218  0.00961284
-0.765039  0.563643   -0.404017  0.0186627 
-0.707132  0.497287   -0.267438  0.0126972 
-0.679839  0.53866    -0.340942  0.0138135 
-0.624541  0.514928   -0.237484  0.00956889
-0.712274  0.564357   -0.389879  0.0124603 
-0.712274  0.564357   -0.389879  0.00673075
-0.724897  0.618162   -0.428991  0.00934378
-0.632407  0.608584   -0.353025  0.0109235 
-0.575062  0.648312   -0.302912  0.010839  
-0.593871  0.719587   -0.338422  0.0134134 
-0.593871  0.719587   -0.338422  0.0140488 
-0.593871  0.719587   -0.338422  0.0105398 
-0.590265  0.651649   -0.30765   0.0108568 
-0.604597  0.61871    -0.337433  0.0110279 
-0.665315  0.698831   -0.382674  0.0087973 
-0.63621   0.644311   -0.345511  0.00915804
-0.623993  0.624868   -0.338731  0.0143003 
-0.670925  0.530106   -0.335457  0.0253872 
-0.670925  0.530106   -0.335457  0.0189233 
-0.670925  0.530106   -0.335457  0.0142875 
-0.76298   0.528908   -0.372869  0.0265141 
-0.76298   0.528908   -0.372869  0.00816565
-0.685118  0.586766   -0.397254  0.00923312
-0.677448  0.683784   -0.397203  0.00829444
-0.684371  0.694179   -0.392362  0.0130039 
-0.684371  0.694179   -0.392362  0.0100952 
-0.616806  0.689525   -0.325744  0.0149322 
-0.630605  0.764368   -0.330613  0.0240722 
-0.630605  0.764368   -0.330613  0.018733  
-0.630605  0.764368   -0.330613  0.00902772
-0.673684  0.672913   -0.387034  0.0220324 
-0.673684  0.672913   -0.387034  0.0130141 
-0.75529   0.7124     -0.390808  0.0167534 
-0.775523  0.732065   -0.394949  0.00813876
-0.699456  0.635818   -0.407872  0.00969201
-0.699456  0.635818   -0.407872  0.0117133 
-0.6033    0.549635   -0.268774  0.0116634 
-0.679665  0.550058   -0.378662  0.0166698 
-0.66018   0.495939   -0.251382  0.0121409 
-0.604944  0.552205   -0.302923  0.00910571
-0.640895  0.585707   -0.340676  0.00831545
-0.65524   0.602042   -0.355745  0.0117674 
-0.567124  0.603388   -0.265993  0.0129033 
-0.534527  0.637711   -0.253606  0.0222303 
-0.567203  0.724978   -0.281519  0.0127447 
-0.529721  0.787562   -0.311795  0.0149991 
-0.461549  0.751056   -0.220684  0.0168867 
-0.370336  0.791775   -0.207369  0.0168106 
-0.301208  0.805658   -0.189565  0.0173991 
-0.27245   0.793151   -0.194414  0.0161591 
-0.31529   0.843661   -0.219478  0.0158603 
-0.394628  0.758931   -0.206117  0.0168866 
-0.394628  0.758931   -0.206117  0.0140839 
-0.483174  0.768147   -0.261864  0.0164596 
-0.457503  0.751635   -0.241147  0.0170598 
-0.457503  0.751635   -0.241147  0.0173525 
-0.427469  0.663287   -0.149131  0.01747   
-0.427469  0.663287   -0.149131  0.0164997 
-0.45528   0.684654   -0.199925  0.0140534 
-0.524998  0.688858   -0.269859  0.0179065 
-0.563909  0.781799   -0.295863  0.0142703 
-0.563909  0.781799   -0.295863  0.0198401 
-0.563909  0.781799   -0.295863  0.0262568 
-0.554652  0.862309   -0.288029  0.0128711 
-0.610631  0.783333   -0.342096  0.0130927 
-0.624202  0.774964   -0.32406   0.0195149 
-0.644472  0.799344   -0.315911  0.0504041 
-0.644472  0.799344   -0.315911  0.0118301 
-0.567283  0.721287   -0.298708  0.0129972 
-0.568348  0.753107   -0.307071  0.0137669 
-0.600033  0.741709   -0.305349  0.0222534 
-0.653127  0.828868   -0.317969  0.0159037 
-0.61762   0.788634   -0.314608  0.021244  
-0.529127  0.870049   -0.28525   0.0206456 
-0.609842  0.796833   -0.31582   0.0207972 
-0.609842  0.796833   -0.31582   0.0160973 
-0.538294  0.771193   -0.310674  0.0183406 
-0.529771  0.842929   -0.278836  0.02585   
-0.529771  0.842929   -0.278836  0.0167872 
-0.572187  0.837254   -0.306065  0.0164892 
-0.538886  0.828514   -0.307579  0.0182604 
-0.584048  0.845792   -0.311473  0.0290907 
-0.515861  0.916822   -0.238292  0.015266  
-0.444303  0.885445   -0.29464   0.0181474 
-0.444303  0.885445   -0.29464   0.0146585 
-0.466476  0.867538   -0.298283  0.0308081 
-0.56418   0.884672   -0.265617  0.0280139 
-0.465555  0.96985    -0.244409  0.0333339 
-0.465555  0.96985    -0.244409  0.0173631 
-0.401614  0.889182   -0.303892  0.0287697 
-0.401614  0.889182   -0.303892  0.0443484 
-0.401614  0.889182   -0.303892  0.014578  
-0.379818  0.845455   -0.245764  0.0183969 
-0.379818  0.845455   -0.245764  0.0163935 
-0.318983  0.801117   -0.21316   0.0171314 
-0.23536   0.829206   -0.230953  0.0195609 
-0.23536   0.829206   -0.230953  0.0159662 
-0.283449  0.887881   -0.231485  0.0171138 
-0.297277  0.905466   -0.23292   0.0165968 
-0.278296  0.843171   -0.216722  0.0158543 
-0.341772  0.824535   -0.218173  0.0171018 
-0.407476  0.829048   -0.240628  0.0154203 
-0.320384  0.871722   -0.234511  0.0171276 
-0.320384  0.871722   -0.234511  0.0173072 
-0.300174  0.876668   -0.246658  0.0193684 
-0.230427  0.951177   -0.278375  0.0283326 
-0.191243  0.976944   -0.213963  0.0253185 
-0.246185  0.912848   -0.212454  0.0210134 
-0.159791  0.940199   -0.262808  0.0194871 
-0.213834  0.978522   -0.253606  0.0338431 
-0.213834  0.978522   -0.253606  0.0174767 
-0.122996  0.914618   -0.233354  0.015884  
-0.0429606 0.91655    -0.234193  0.0279726 
-0.0429606 0.91655    -0.234193  0.0162063 
-0.0429606 0.91655    -0.234193  0.0168203 
-0.0429606 0.91655    -0.234193  0.0148653 
-0.110724  0.965374   -0.290457  0.0263372 
-0.0444683 1.05951    -0.25366   0.0177003 
-0.0444683 1.05951    -0.25366   0.0456671 
-0.0444683 1.05951    -0.25366   0.0278326 
-0.111998  1.03497    -0.227154  0.036461  
-0.116238  1.10692    -0.157428  0.0321244 
-0.196558  1.07264    -0.221711  0.0317265 
-0.196558  1.07264    -0.221711  0.0215902 
-0.112989  1.01798    -0.249586  0.0330652 
-0.143403  1.09974    -0.19045   0.0557318 
-0.143403  1.09974    -0.19045   0.0433699 
-0.143949  1.12019    -0.147621  0.0510615 
-0.218608  1.16059    -0.125027  0.033803  
-0.185781  1.11189    -0.191988  0.0369085 
-0.185781  1.11189    -0.191988  0.043833  
-0.185781  1.11189    -0.191988  0.0219623 
-0.103475  1.04804    -0.250797  0.0162249 
-0.169892  0.955816   -0.262661  0.040508  
-0.128046  1.0472     -0.208637  0.0315041 
-0.128046  1.0472     -0.208637  0.0521339 
-0.128046  1.0472     -0.208637  0.0553312 
-0.217578  1.01963    -0.204556  0.0165089 
-0.150764  0.999652   -0.247617  0.0154343 
-0.207848  0.94217    -0.244016  0.0165759 
-0.208397  0.973912   -0.27592   0.0165887 
-0.208397  0.973912   -0.27592   0.0190372 
-0.300731  0.956972   -0.272029  0.020767  
-0.201491  0.999369   -0.267869  0.0224861 
-0.299215  0.93893    -0.272392  0.0167728 
-0.324726  0.867024   -0.240066  0.0177378 
-0.263465  0.832504   -0.182951  0.018502  
-0.299423  0.775339   -0.161344  0.0153276 
-0.367553  0.836367   -0.242291  0.015894  
-0.415406  0.860644   -0.288686  0.0176799 
-0.415406  0.860644   -0.288686  0.0166261 
-0.452509  0.848034   -0.258979  0.0158841 
-0.549008  0.848731   -0.305126  0.0316247 
-0.549008  0.848731   -0.305126  0.0233044 
-0.579915  0.877809   -0.268884  0.0254793 
-0.499446  0.898546   -0.22902   0.022401  
-0.434756  0.990494   -0.265437  0.0224312 
-0.450229  1.0033     -0.281563  0.0236816 
-0.450229  1.0033     -0.281563  0.0301374 
-0.507431  0.979207   -0.239102  0.031852  
-0.483706  0.972748   -0.210814  0.0541637 
-0.483706  0.972748   -0.210814  0.0218221 
-0.47044   0.917081   -0.252106  0.0312804 
-0.561116  0.947708   -0.181565  0.0431596 
-0.555144  0.998155   -0.146634  0.0482757 
-0.512531  1.00973    -0.15366   0.0240984 
-0.423998  0.988491   -0.264955  0.0215092 
-0.458768  0.925025   -0.28244   0.0253606 
-0.458768  0.925025   -0.28244   0.0236206 
-0.361382  0.981942   -0.243425  0.0295141 
-0.307042  1.035      -0.234858  0.0183493 
-0.287818  0.960728   -0.264091  0.0384996 
-0.287818  0.960728   -0.264091  0.0162621 
-0.321884  0.89939    -0.223191  0.0187853 
-0.405385  0.849455   -0.249014  0.0206868 
-0.405385  0.849455   -0.249014  0.0143004 
-0.505062  0.751078   -0.261326  0.0247522 
-0.583884  0.786093   -0.277807  0.029169  
-0.646118  0.84878    -0.275845  0.0235262 
-0.644743  0.876255   -0.254174  0.0306612 
-0.623184  0.936374   -0.232529  0.0337764 
-0.578248  0.894882   -0.227349  0.0158115 
-0.56045   0.853989   -0.311689  0.012013  
-0.599463  0.759761   -0.332197  0.0155137 
-0.507368  0.818013   -0.266648  0.0146851 
-0.49497   0.762845   -0.257829  0.0165506 
-0.436371  0.857381   -0.258974  0.0166385 
-0.525944  0.846631   -0.273901  0.0143899 
-0.448764  0.808043   -0.263161  0.0160752 
-0.538244  0.816802   -0.282993  0.0153266 
-0.440357  0.842338   -0.246916  0.0187984 
-0.523787  0.858619   -0.312071  0.0309525 
-0.581025  0.939589   -0.245395  0.0245385 
-0.599875  0.853821   -0.244944  0.0171298 
-0.617303  0.796212   -0.328018  0.0224939 
-0.617303  0.796212   -0.328018  0.0372351 
-0.677168  0.767999   -0.333287  0.0185982 
-0.667676  0.797041   -0.315494  0.0204652 
-0.667676  0.797041   -0.315494  0.030022  
-0.691731  0.851851   -0.304003  0.0206278 
-0.634396  0.870162   -0.29411   0.0182166 
-0.727119  0.784942   -0.322397  0.039053  
-0.727119  0.784942   -0.322397  0.0119281 
-0.744564  0.715338   -0.397225  0.0170927 
-0.707318  0.772778   -0.365535  0.0151784 
-0.675849  0.784746   -0.338832  0.0196459 
-0.675849  0.784746   -0.338832  0.0160633 
-0.634301  0.798549   -0.326404  0.0128297 
-0.586197  0.792048   -0.342247  0.0185288 
-0.586197  0.792048   -0.342247  0.0134255 
-0.531585  0.758815   -0.300145  0.0130812 
-0.574609  0.738604   -0.32212   0.0149187 
-0.543233  0.792842   -0.275086  0.0361782 
-0.543233  0.792842   -0.275086  0.017546  
-0.472149  0.837428   -0.251638  0.0176622 
-0.440365  0.799574   -0.258386  0.0165893 
-0.439143  0.780172   -0.236983  0.0137445 
-0.494234  0.76931    -0.255374  0.0127597 
-0.538959  0.690323   -0.287777  0.0124636 
-0.538959  0.690323   -0.287777  0.0132123 
-0.521859  0.684667   -0.245151  0.015926  
-0.464376  0.674322   -0.23395   0.0122733 
-0.554399  0.677537   -0.289326  0.0119718 
-0.609472  0.709325   -0.336107  0.0168989 
-0.594061  0.807158   -0.283263  0.020862  
-0.594061  0.807158   -0.283263  0.0140193 
-0.508581  0.794693   -0.265888  0.015977  
-0.540393  0.727555   -0.283665  0.0130659 
-0.540393  0.727555   -0.283665  0.0134257 
-0.590749  0.745531   -0.303714  0.0143107 
-0.590749  0.745531   -0.303714  0.00993575
-0.600945  0.67798    -0.329691  0.0120073 
-0.584478  0.688888   -0.342795  0.0138128 
-0.584478  0.688888   -0.342795  0.0126071 
-0.584478  0.688888   -0.342795  0.0123447 
-0.655132  0.760143   -0.356581  0.0113728 
-0.581188  0.666107   -0.337233  0.0102183 
-0.63659   0.583948   -0.35949   0.00918575
-0.724033  0.639501   -0.41731   0.00627205
-0.722993  0.649832   -0.442928  0.00790525
-0.686982  0.587084   -0.395928  0.0108253 
-0.686982  0.587084   -0.395928  0.014033  
-0.740167  0.527292   -0.382371  0.0143508 
-0.726321  0.527666   -0.371225  0.0222751 
-0.726321  0.527666   -0.371225  0.0132085 
-0.726321  0.527666   -0.371225  0.0303919 
-0.726321  0.527666   -0.371225  0.00655483
-0.762273  0.598033   -0.443638  0.00603091
-0.772098  0.625659   -0.442594  0.0130885 
-0.772098  0.625659   -0.442594  0.0183624 
-0.772098  0.625659   -0.442594  0.0219786 
-0.750894  0.681989   -0.393433  0.0084716 
-0.744487  0.660113   -0.424726  0.0208737 
-0.729054  0.711796   -0.368433  0.0183515 
-0.777102  0.744786   -0.362146  0.0233717 
-0.777102  0.744786   -0.362146  0.0170068 
-0.873386  0.71939    -0.361868  0.00973126
-0.911709  0.623409   -0.392404  0.0160778 
-0.911709  0.623409   -0.392404  0.0126895 
-0.911709  0.623409   -0.392404  0.0269278 
-0.911709  0.623409   -0.392404  0.0130259 
-0.896188  0.644865   -0.396113  0.0203174 
-0.994591  0.652211   -0.25622   0.019109  
-0.994591  0.652211   -0.25622   0.0101446 
-0.897317  0.610174   -0.398167  0.0182643 
-0.897317  0.610174   -0.398167  0.0143801 
-0.937809  0.526643   -0.294929  0.0164256 
-1.01432   0.496961   -0.121595  0.0136808 
-1.04783   0.550228   -0.16876   0.0164329 
-1.04783   0.550228   -0.16876   0.0140244 
-1.04783   0.550228   -0.16876   0.0126395 
-1.01784   0.567392   -0.247353  0.0195607 
-0.927546  0.652484   -0.341303  0.0253879 
-0.927546  0.652484   -0.341303  0.0115491 
-0.976313  0.593949   -0.330858  0.0104994 
-0.879739  0.582654   -0.403105  0.0112714 
-0.879739  0.582654   -0.403105  0.0110406 
-0.835982  0.554189   -0.404957  0.00922627
-0.779484  0.569891   -0.424269  0.017765  
-0.779484  0.569891   -0.424269  0.0192808 
-0.779484  0.569891   -0.424269  0.00783102
-0.708081  0.640206   -0.411226  0.00827256
-0.804878  0.629243   -0.438284  0.0126095 
-0.747769  0.541017   -0.390631  0.00827543
-0.661392  0.589076   -0.369899  0.0102648 
-0.614924  0.607393   -0.34229   0.0163002 
-0.614924  0.607393   -0.34229   0.0115724 
-0.614924  0.607393   -0.34229   0.014205  
-0.68343   0.525285   -0.330181  0.0218733 
-0.765618  0.486073   -0.244066  0.0213955 
-0.835527  0.492027   -0.24517   0.0206878 
-0.855573  0.491972   -0.232881  0.0119048 
-0.947201  0.555545   -0.307241  0.00809726
-0.87619   0.603028   -0.437444  0.0179866 
-0.87619   0.603028   -0.437444  0.00949361
-0.897633  0.580133   -0.405107  0.0110949 
-0.96339   0.571886   -0.306858  0.0128978 
-0.867297  0.541901   -0.363875  0.0124715 
-0.924342  0.620875   -0.378168  0.00806881
-0.831278  0.591663   -0.435281  0.0089386 
-0.79087   0.611556   -0.426489  0.00772599
-0.750339  0.59784    -0.413448  0.0135532 
-0.750339  0.59784    -0.413448  0.013336  
-0.775183  0.536005   -0.378587  0.00961142
-0.706172  0.573531   -0.403295  0.0196785 
-0.706172  0.573531   -0.403295  0.00876512
-0.790651  0.572786   -0.438236  0.00802474
