#MU        SIGMA      ENERGY     ERROR     
-0.657785  0.630542   -0.378664  0.00978403
-0.607157  0.639441   -0.326367  0.0103054 
-0.612831  0.670759   -0.326817  0.00918166
-0.647754  0.613653   -0.343819  0.0140533 
-0.550763  0.547273   -0.218983  0.0164984 
-0.464878  0.61662    -0.149946  0.0141544 
-0.532933  0.542101   -0.172356  0.0176693 
-0.455477  0.578769   -0.0926505 0.0158756 
-0.483897  0.552293   -0.0975922 0.0199933 
-0.423369  0.55447    -0.0201911 0.0179428 
-0.442269  0.519535   0.0375516  0.0161842 
-0.501305  0.553164   -0.151443  0.0201639 
-0.501305  0.553164   -0.151443  0.0132727 
-0.542179  0.600836   -0.255745  0.0152418 
-0.486543  0.595985   -0.165537  0.0182807 
-0.486543  0.595985   -0.165537  0.01825   
-0.426061  0.623052   -0.111054  0.0157178 
-0.455693  0.666491   -0.154598  0.0139586 
-0.478704  0.744931   -0.221501  0.0160826 
-0.502856  0.834229   -0.276367  0.0189223 
-0.568088  0.897731   -0.33023   0.0288835 
-0.568088  0.897731   -0.33023   0.0266297 
-0.64555   0.819958   -0.281685  0.0188062 
-0.626853  0.856944   -0.283025  0.0360978 
-0.622015  0.907625   -0.190405  0.0182592 
-0.586584  0.855852   -0.304807  0.0190903 
-0.634753  0.850091   -0.293592  0.0412775 
-0.603468  0.936714   -0.181899  0.0514007 
-0.69157   1.00445    -0.04359   0.051373  
-0.788194  1.00907    0.0538578  0.0676875 
-0.788194  1.00907    0.0538578  0.0531449 
-0.788194  1.00907    0.0538578  0.0804208 
-0.788194  1.00907    0.0538578  0.0586578 
-0.711557  0.971319   -0.0682709 0.0812906 
-0.711557  0.971319   -0.0682709 0.0694351 
-0.711557  0.971319   -0.0682709 0.0203025 
-0.624708  0.880474   -0.298816  0.0228817 
-0.691694  0.877367   -0.31496   0.0173364 
-0.714458  0.791372   -0.333649  0.0182756 
-0.620187  0.844586   -0.314642  0.0285814 
-0.569826  0.86822    -0.262479  0.0262157 
-0.569826  0.86822    -0.262479  0.0231619 
-0.528692  0.903474   -0.253018  0.0207178 
-0.559228  0.861128   -0.293925  0.0125714 
-0.606508  0.776146   -0.360124  0.0191735 
-0.572613  0.82595    -0.307616  0.016539  
-0.578265  0.87509    -0.296909  0.0258247 
-0.58882   0.952065   -0.256924  0.035942  
-0.572179  0.911053   -0.205619  0.0464155 
-0.55627   0.972568   -0.154299  0.0291421 
-0.649996  0.966395   -0.24219   0.0470416 
-0.649996  0.966395   -0.24219   0.0260069 
-0.672751  0.900565   -0.251263  0.0300564 
-0.652786  0.941959   -0.248909  0.0274128 
-0.603679  0.921226   -0.219084  0.0408233 
-0.603679  0.921226   -0.219084  0.0260399 
-0.506564  0.938878   -0.274195  0.0371478 
-0.432781  0.961429   -0.179572  0.0160562 
-0.511684  0.884923   -0.309831  0.0264776 
-0.5702    0.976718   -0.217445  0.0307642 
-0.640613  0.96005    -0.189388  0.0522974 
-0.640613  0.96005    -0.189388  0.0532875 
-0.725441  0.983345   -0.0267356 0.0607343 
-0.725441  0.983345   -0.0267356 0.0325848 
-0.805042  0.888879   -0.212962  0.0565854 
-0.852951  0.879732   -0.0145051 0.0258094 
-0.763376  0.868971   -0.250283  0.0380302 
-0.763376  0.868971   -0.250283  0.0562492 
-0.763376  0.868971   -0.250283  0.0279615 
-0.823146  0.833909   -0.253654  0.0241995 
-0.735287  0.83425    -0.293922  0.0270075 
-0.742735  0.906417   -0.191815  0.0362886 
-0.685228  0.986442   -0.154663  0.117439  
-0.685228  0.986442   -0.154663  0.0286802 
-0.673176  0.933855   -0.200521  0.0485551 
-0.761792  0.862958   -0.188501  0.0367479 
-0.789077  0.929708   -0.0781394 0.0455944 
-0.772024  0.939227   -0.102433  0.0520281 
-0.772024  0.939227   -0.102433  0.0367488 
-0.760038  0.853368   -0.186886  0.0220056 
-0.687448  0.873453   -0.299351  0.0418282 
-0.767324  0.955444   -0.122219  0.0628904 
-0.767324  0.955444   -0.122219  0.0650162 
-0.767324  0.955444   -0.122219  0.0432353 
-0.780395  0.947927   -0.104166  0.0342857 
-0.687781  0.919753   -0.164665  0.0298602 
-0.611603  0.973163   -0.198965  0.0222957 
-0.576561  0.919623   -0.259125  0.0159744 
-0.57162   0.860557   -0.312618  0.0161398 
-0.606189  0.794134   -0.302844  0.0195412 
-0.697358  0.730994   -0.350236  0.0178202 
-0.659525  0.790221   -0.326516  0.0175294 
-0.577991  0.85796    -0.299041  0.0442251 
-0.577991  0.85796    -0.299041  0.0182024 
-0.484609  0.834601   -0.254107  0.0165308 
-0.413192  0.896252   -0.284451  0.0178189 
-0.471166  0.869686   -0.274612  0.0165036 
-0.438428  0.862395   -0.265217  0.0162708 
-0.442807  0.771584   -0.224515  0.0166377 
-0.541409  0.754176   -0.288117  0.0135106 
-0.522102  0.736899   -0.298203  0.0162477 
-0.4715    0.831717   -0.272557  0.0178576 
-0.44168   0.820275   -0.274835  0.0209787 
-0.467056  0.891759   -0.257946  0.0258326 
-0.547601  0.929779   -0.228463  0.0261783 
-0.468402  0.999773   -0.252804  0.0151672 
-0.379281  0.90258    -0.293658  0.0209458 
-0.428213  0.949959   -0.287985  0.0182198 
-0.506098  0.903286   -0.284559  0.0145165 
-0.451585  0.805656   -0.237648  0.0158583 
-0.366023  0.800155   -0.159457  0.0186873 
-0.299656  0.751079   -0.129305  0.0228159 
-0.252164  0.666337   -0.00100684 0.0182568 
-0.3415    0.718381   -0.134261  0.0157921 
-0.41524   0.764283   -0.192504  0.0170342 
-0.340168  0.824337   -0.224108  0.0170359 
-0.267052  0.895452   -0.250532  0.0173411 
-0.220904  0.90344    -0.283271  0.0259132 
-0.173535  0.986136   -0.220877  0.0156509 
-0.154114  0.897728   -0.172074  0.0157683 
-0.239231  0.847688   -0.190423  0.0160127 
-0.173194  0.880453   -0.217411  0.0192265 
-0.173194  0.880453   -0.217411  0.0170127 
-0.100157  0.835564   -0.16682   0.0186918 
-0.103829  0.882786   -0.193041  0.0177802 
-0.202681  0.902427   -0.213055  0.0187408 
-0.289276  0.964972   -0.271959  0.0149865 
-0.243546  0.927731   -0.242771  0.022859  
-0.284107  0.950672   -0.236514  0.0219811 
-0.277485  0.94335    -0.23131   0.0162972 
-0.277485  0.94335    -0.23131   0.0187739 
-0.369462  0.927109   -0.253094  0.0244328 
-0.464336  0.833478   -0.241984  0.0150201 
-0.508903  0.853587   -0.310511  0.0168081 
-0.513271  0.801755   -0.286765  0.014296  
-0.526382  0.764529   -0.258223  0.0162783 
-0.505414  0.8489     -0.288383  0.0187367 
-0.525493  0.762318   -0.291807  0.013671  
-0.487885  0.736548   -0.26627   0.0171773 
-0.424359  0.815868   -0.229233  0.0139985 
-0.493152  0.744098   -0.266771  0.0161892 
-0.472347  0.819128   -0.25422   0.0143973 
-0.507947  0.789262   -0.283805  0.0177553 
-0.490948  0.785539   -0.230707  0.0196303 
-0.585074  0.850416   -0.27226   0.0236192 
-0.591671  0.906856   -0.284079  0.0252793 
-0.581508  0.901269   -0.244539  0.0406516 
-0.581508  0.901269   -0.244539  0.0223139 
-0.628574  0.838173   -0.284662  0.0137604 
-0.646652  0.747694   -0.341843  0.0175964 
-0.730068  0.727561   -0.378776  0.0193423 
-0.786738  0.760006   -0.362109  0.0146887 
-0.69288   0.725341   -0.363428  0.0100454 
-0.630597  0.689533   -0.351361  0.00996847
-0.611739  0.62999    -0.354145  0.0104214 
-0.636622  0.562927   -0.326332  0.0240871 
-0.636622  0.562927   -0.326332  0.0065318 
-0.735219  0.609559   -0.426172  0.00978614
-0.782322  0.564941   -0.433772  0.00921334
-0.85424   0.591912   -0.428629  0.013111  
-0.948394  0.565474   -0.332089  0.0149066 
-0.862059  0.524344   -0.336995  0.00950678
-0.876012  0.569729   -0.401316  0.0228319 
-0.876012  0.569729   -0.401316  0.0129926 
-0.786829  0.538975   -0.391181  0.0187713 
-0.786829  0.538975   -0.391181  0.0266028 
-0.786829  0.538975   -0.391181  0.0268731 
-0.786829  0.538975   -0.391181  0.0186426 
-0.858368  0.504857   -0.26405   0.0357651 
-0.858368  0.504857   -0.26405   0.00876501
-0.782203  0.573717   -0.423711  0.00951184
-0.782203  0.573717   -0.423711  0.0170666 
-0.800327  0.512786   -0.348632  0.0100051 
-0.830598  0.565301   -0.435686  0.0118003 
-0.903829  0.549362   -0.354815  0.0107421 
-0.976767  0.556961   -0.281171  0.0222444 
-0.922771  0.480749   -0.15121   0.00886167
-0.852297  0.579525   -0.422472  0.00719031
-0.80534   0.587443   -0.450232  0.0094326 
-0.896513  0.569786   -0.37699   0.0127787 
-0.916957  0.61578    -0.387168  0.012688  
-0.838335  0.684282   -0.407386  0.0194067 
-0.837983  0.733212   -0.347713  0.0359373 
-0.829699  0.817314   -0.226332  0.0434081 
-0.829699  0.817314   -0.226332  0.024333  
-0.83315   0.776779   -0.265232  0.00965412
-0.767052  0.694174   -0.41763   0.0154713 
-0.777295  0.717802   -0.417155  0.0179519 
-0.777295  0.717802   -0.417155  0.0291485 
-0.698836  0.767451   -0.310637  0.0127581 
-0.675854  0.778957   -0.337671  0.0234962 
-0.768122  0.789319   -0.31234   0.0140734 
-0.688547  0.700568   -0.384443  0.0318484 
-0.688547  0.700568   -0.384443  0.0141514 
-0.620084  0.733858   -0.325375  0.00932204
-0.682574  0.718018   -0.413559  0.0244996 
-0.639577  0.781649   -0.319658  0.0233314 
-0.731624  0.837531   -0.309124  0.0250869 
-0.825611  0.745617   -0.330633  0.0171412 
-0.767825  0.778167   -0.361097  0.0307569 
-0.8373    0.812745   -0.245769  0.0347621 
-0.910939  0.793589   -0.155863  0.0621905 
-0.910939  0.793589   -0.155863  0.0238206 
-0.87484   0.738682   -0.309261  0.0269269 
-0.863631  0.741317   -0.311058  0.0217268 
-0.80207   0.691397   -0.390507  0.0369923 
-0.80207   0.691397   -0.390507  0.0120086 
-0.753367  0.700199   -0.400397  0.00729082
-0.749954  0.627081   -0.430743  0.00939304
-0.690101  0.689483   -0.392139  0.0194335 
-0.703728  0.783621   -0.355539  0.0293825 
-0.788175  0.825547   -0.24019   0.0486521 
-0.788175  0.825547   -0.24019   0.0587856 
-0.788175  0.825547   -0.24019   0.0498589 
-0.878332  0.791333   -0.182152  0.0205635 
-0.819918  0.762154   -0.333285  0.011107  
-0.832941  0.683484   -0.412235  0.023939  
-0.889801  0.745795   -0.314327  0.0197956 
-0.881953  0.651488   -0.374269  0.00897998
-0.795237  0.644332   -0.445769  0.0117219 
-0.788763  0.718075   -0.421188  0.0131805 
-0.785366  0.683386   -0.395364  0.0197909 
-0.846423  0.730528   -0.358672  0.0209453 
-0.892518  0.728389   -0.336996  0.011524  
-0.876294  0.650631   -0.402012  0.0249284 
-0.876294  0.650631   -0.402012  0.0122656 
-0.83179   0.653032   -0.425177  0.0154005 
-0.871543  0.699247   -0.399725  0.00923435
-0.875991  0.624742   -0.416551  0.0111531 
-0.875991  0.624742   -0.416551  0.0266691 
-0.97202   0.705486   -0.228265  0.0233234 
-1.03102   0.675548   -0.19367   0.0382215 
-1.03102   0.675548   -0.19367   0.035499  
-1.03102   0.675548   -0.19367   0.0402676 
-1.03102   0.675548   -0.19367   0.0167685 
-0.943296  0.645046   -0.331592  0.0147701 
-0.936016  0.626577   -0.376909  0.0266189 
-0.969191  0.71639    -0.236312  0.0254735 
-0.987653  0.706219   -0.226829  0.0526448 
-0.987653  0.706219   -0.226829  0.0390383 
-0.987653  0.706219   -0.226829  0.0309362 
-0.971133  0.757256   -0.191156  0.0430847 
-0.916102  0.839801   -0.0603948 0.0620448 
-0.959144  0.917787   0.243523   0.0835024 
-0.928447  0.974753   0.365935   0.0556902 
-0.830096  0.909687   -0.0228186 0.0483065 
-0.867524  0.832606   -0.156483  0.0225555 
-0.879271  0.748179   -0.332796  0.037165  
-0.879271  0.748179   -0.332796  0.0551663 
-0.879271  0.748179   -0.332796  0.0287209 
-0.832781  0.77331    -0.274447  0.0141358 
-0.802487  0.738795   -0.398686  0.00947788
-0.715803  0.677171   -0.412474  0.00741028
-0.690161  0.61179    -0.403054  0.012266  
-0.769557  0.542132   -0.384442  0.010743  
-0.754979  0.551719   -0.413822  0.00678461
-0.726971  0.605206   -0.441497  0.00909949
-0.691508  0.665342   -0.398946  0.0114241 
-0.709172  0.72324    -0.386565  0.0106241 
-0.675501  0.67343    -0.380283  0.0106225 
-0.633532  0.716975   -0.35941   0.0121867 
-0.641835  0.711976   -0.340209  0.00880265
-0.635864  0.62085    -0.352133  0.00853794
-0.666726  0.667523   -0.38217   0.0210624 
-0.719765  0.742292   -0.350508  0.0147894 
-0.772149  0.706901   -0.414472  0.0148322 
-0.770227  0.700088   -0.39273   0.0212194 
-0.784153  0.787796   -0.359408  0.0264899 
-0.784153  0.787796   -0.359408  0.0318169 
-0.784153  0.787796   -0.359408  0.0230311 
-0.784932  0.791452   -0.316015  0.0244015 
-0.740171  0.804106   -0.29342   0.0224349 
-0.709642  0.868875   -0.272052  0.0119651 
-0.654469  0.777938   -0.363461  0.0179289 
-0.593152  0.785858   -0.297455  0.0145456 
-0.690213  0.715194   -0.368354  0.0149535 
-0.703908  0.750989   -0.370245  0.0187103 
-0.732297  0.749572   -0.358335  0.00974728
-0.658501  0.687721   -0.374533  0.0154356 
-0.568941  0.72949    -0.303653  0.00807697
-0.649797  0.652764   -0.340335  0.0122008 
-0.701316  0.734419   -0.375198  0.0139848 
-0.766011  0.710649   -0.390278  0.0182168 
-0.852143  0.728026   -0.340119  0.0180542 
-0.83095   0.724181   -0.368787  0.0151604 
-0.864366  0.675758   -0.384354  0.00950316
-0.841981  0.662765   -0.44155   0.00843603
-0.837639  0.612139   -0.438012  0.00799413
-0.82735   0.611744   -0.445146  0.014292  
-0.855884  0.685328   -0.40377   0.013512  
-0.894806  0.639522   -0.404856  0.0197497 
-0.990758  0.649977   -0.251924  0.0161808 
-0.896379  0.669819   -0.366002  0.0197695 
-0.939381  0.697245   -0.336407  0.0131216 
-0.946251  0.610695   -0.359463  0.0230785 
-0.929221  0.707729   -0.315474  0.0297848 
-0.874602  0.762653   -0.287796  0.0149016 
-0.854474  0.700862   -0.394172  0.0202232 
-0.854474  0.700862   -0.394172  0.0157026 
-0.933993  0.621316   -0.360997  0.0109052 
-0.907067  0.556758   -0.354273  0.0178713 
-0.897503  0.507395   -0.271292  0.0225089 
-0.897503  0.507395   -0.271292  0.0121266 
-0.970545  0.556167   -0.302104  0.0161292 
-1.00004   0.607733   -0.268255  0.0144187 
-0.925528  0.529255   -0.303909  0.0252363 
-0.920589  0.462228   -0.0548161 0.0236719 
-0.842368  0.481113   -0.215196  0.0265381 
-0.839743  0.46415    -0.129764  0.0338503 
-0.795472  0.433307   -0.0224096 0.0519966 
-0.795472  0.433307   -0.0224096 0.0458525 
-0.795472  0.433307   -0.0224096 0.0380694 
-0.789531  0.423949   0.0787981  0.0368691 
-0.866084  0.40718    0.313946   0.0300077 
-0.88313   0.436062   0.0450708  0.0457492 
-0.88313   0.436062   0.0450708  0.0249732 
-0.806964  0.472936   -0.215934  0.0214561 
-0.817216  0.489439   -0.281579  0.0183404 
-0.824144  0.510404   -0.351407  0.00736734
-0.842836  0.605879   -0.436733  0.0142216 
-0.842836  0.605879   -0.436733  0.00803731
-0.860352  0.600332   -0.436407  0.0171464 
-0.860352  0.600332   -0.436407  0.0162282 
-0.860352  0.600332   -0.436407  0.00755691
-0.785377  0.582294   -0.447739  0.0112145 
-0.834158  0.612594   -0.425128  0.0205074 
-0.84085   0.711626   -0.363622  0.0476852 
-0.84085   0.711626   -0.363622  0.0105173 
-0.796092  0.677506   -0.422713  0.0190047 
-0.787288  0.729847   -0.360871  0.0225588 
-0.786435  0.800676   -0.302728  0.0246497 
-0.742672  0.753577   -0.344013  0.0232986 
-0.708353  0.829772   -0.276032  0.0224499 
-0.763202  0.794758   -0.302942  0.0326941 
-0.847966  0.849628   -0.177538  0.0447615 
-0.807837  0.922753   -0.0776114 0.0449992 
-0.874062  0.886387   -0.032592  0.0877738 
-0.874062  0.886387   -0.032592  0.052307  
-0.882892  0.89641    -0.0751744 0.0359861 
-0.817637  0.853065   -0.176445  0.034155  
-0.804866  0.886208   -0.182057  0.0539549 
-0.902951  0.908237   0.149105   0.0581328 
-0.87531   0.850048   -0.0417    0.0749991 
-0.861041  0.920054   0.0916031  0.0455676 
-0.819884  0.868187   -0.167787  0.0210791 
-0.763314  0.787732   -0.330588  0.0125737 
-0.850665  0.687783   -0.415307  0.0111884 
-0.875121  0.625073   -0.420611  0.0114612 
-0.945127  0.551699   -0.322054  0.0122188 
-0.897582  0.54572    -0.365357  0.0187497 
-0.897582  0.54572    -0.365357  0.0213686 
-0.984487  0.479189   -0.116656  0.0318001 
-0.984487  0.479189   -0.116656  0.0136275 
-1.03139   0.536309   -0.202256  0.0147902 
-1.03139   0.536309   -0.202256  0.0164409 
-1.06565   0.485036   -0.0246985 0.0150651 
-1.1144    0.531768   -0.0102639 0.0145213 
-1.06642   0.511347   -0.0663251 0.0112331 
-0.969691  0.559017   -0.284896  0.0160957 
-0.969691  0.559017   -0.284896  0.0168276 
-1.04359   0.602168   -0.193252  0.0189025 
-1.07513   0.596911   -0.137386  0.0316182 
-1.0261    0.641115   -0.156131  0.025961  
-0.984179  0.710417   -0.196642  0.0395015 
-1.0712    0.638353   -0.102834  0.0314318 
-1.03732   0.712364   -0.0829711 0.0362972 
-1.05069   0.732839   -0.0184198 0.0777186 
-1.05069   0.732839   -0.0184198 0.0592068 
-1.08732   0.78215    0.32427    0.0689033 
-1.08732   0.78215    0.32427    0.0451336 
-1.03754   0.763897   0.0664516  0.0516462 
-1.03754   0.763897   0.0664516  0.0435401 
-1.09643   0.687412   0.0869448  0.0311388 
-1.07494   0.66368    -0.0613784 0.0182546 
-1.04728   0.631889   -0.201987  0.0290177 
-0.971499  0.679117   -0.230983  0.0363328 
-0.9611    0.714268   -0.217181  0.024159  
-1.03113   0.61723    -0.167315  0.0138307 
-1.05512   0.537767   -0.154504  0.0156709 
-0.961657  0.515172   -0.252562  0.0284347 
-1.00273   0.431623   0.148251   0.0336248 
-1.00273   0.431623   0.148251   0.020812  
-1.02833   0.476239   -0.0756992 0.0334247 
-1.02833   0.476239   -0.0756992 0.0318735 
-0.928989  0.435081   0.0380923  0.0384825 
-0.847081  0.420302   0.138567   0.071761  
-0.847081  0.420302   0.138567   0.0443579 
-0.783632  0.394177   0.352016   0.0329576 
-0.77019   0.429702   0.0995804  0.0154544 
-0.855265  0.522756   -0.344833  0.00938263
-0.903996  0.599629   -0.398176  0.0148478 
-0.909336  0.665298   -0.389028  0.00943732
-0.875755  0.571658   -0.421465  0.0114899 
-0.911462  0.55288    -0.350874  0.0180825 
-1.01001   0.489483   -0.112733  0.029154  
-1.01001   0.489483   -0.112733  0.0231965 
-0.940705  0.475836   -0.177765  0.0154211 
-0.90691   0.522692   -0.310756  0.0140245 
-0.970353  0.596012   -0.318695  0.011997  
-0.941972  0.558601   -0.33208   0.0150004 
-0.842053  0.526808   -0.335622  0.0077762 
-0.824842  0.603511   -0.434506  0.0148315 
-0.766158  0.524492   -0.366223  0.00743314
-0.757362  0.615386   -0.437308  0.00841027
-0.830612  0.625974   -0.441152  0.00602258
-0.747312  0.630556   -0.435284  0.014772  
-0.805764  0.725133   -0.396572  0.0182608 
-0.753652  0.790155   -0.337683  0.0462928 
-0.753652  0.790155   -0.337683  0.0166598 
-0.655745  0.819157   -0.329412  0.0339126 
-0.655745  0.819157   -0.329412  0.0272936 
-0.707213  0.813802   -0.285788  0.0242088 
-0.692324  0.766361   -0.327515  0.0130973 
-0.754879  0.714022   -0.394919  0.0186044 
-0.847089  0.723218   -0.363712  0.0278315 
-0.86864   0.779971   -0.287208  0.0247831 
-0.897386  0.775858   -0.268252  0.0285381 
-0.811069  0.821401   -0.260252  0.0283294 
-0.762249  0.83449    -0.301671  0.0350008 
-0.762249  0.83449    -0.301671  0.0363739 
-0.762249  0.83449    -0.301671  0.0204545 
-0.698242  0.777126   -0.351468  0.0390671 
-0.698242  0.777126   -0.351468  0.0338913 
-0.636819  0.813304   -0.306085  0.0165956 
-0.547679  0.853655   -0.275751  0.0145947 
-0.489392  0.801883   -0.282167  0.02194   
-0.489392  0.801883   -0.282167  0.0148392 
-0.450006  0.766564   -0.238589  0.0157723 
-0.478627  0.752063   -0.236665  0.0149913 
-0.435014  0.809533   -0.250223  0.0153192 
-0.383991  0.759107   -0.177432  0.0173167 
-0.331231  0.790126   -0.183674  0.0186989 
-0.31568   0.712837   -0.0659528 0.0231168 
-0.252147  0.645294   0.082507   0.0221664 
-0.279959  0.654887   0.00791139 0.0248326 
-0.279959  0.654887   0.00791139 0.0209095 
-0.190642  0.692352   0.0327142  0.0177562 
-0.181134  0.790309   -0.104731  0.0168721 
-0.147877  0.829198   -0.165869  0.0179712 
-0.0569317 0.830648   -0.188638  0.0168596 
-0.084297  0.880885   -0.204483  0.016467  
-0.160356  0.889616   -0.192175  0.0172179 
-0.142235  0.915421   -0.242545  0.0177309 
-0.142235  0.915421   -0.242545  0.0179871 
-0.0467393 0.903532   -0.193856  0.016272  
-0.135433  0.865688   -0.181925  0.0178423 
-0.0525219 0.905128   -0.194973  0.0201862 
-0.11706   0.941639   -0.252756  0.0168391 
-0.147681  0.881241   -0.219374  0.0166893 
-0.238872  0.862846   -0.226982  0.0166638 
-0.290819  0.803744   -0.17915   0.0164505 
-0.370424  0.761087   -0.143504  0.0163532 
-0.340402  0.807206   -0.205257  0.0164489 
-0.412125  0.828549   -0.250454  0.0146557 
-0.488978  0.749139   -0.263851  0.0167516 
-0.480011  0.842738   -0.258598  0.0166663 
-0.400242  0.89561    -0.268253  0.0163524 
-0.353094  0.870707   -0.237042  0.0219913 
-0.328695  0.88699    -0.252433  0.0224888 
-0.427986  0.947129   -0.24139   0.0193145 
-0.437961  0.932479   -0.26498   0.014604  
-0.395491  0.866489   -0.251283  0.020133  
-0.436318  0.931708   -0.258403  0.0213064 
-0.513278  0.894948   -0.27073   0.0199944 
-0.498353  0.911003   -0.256762  0.0232452 
-0.495175  0.966369   -0.248136  0.0360702 
-0.541124  0.922785   -0.219537  0.0232449 
-0.597605  0.874616   -0.287974  0.0254942 
-0.560821  0.927734   -0.2326    0.0386025 
-0.560821  0.927734   -0.2326    0.0320347 
-0.57456   0.970015   -0.222007  0.0328267 
-0.636005  0.931323   -0.207898  0.0520055 
-0.636005  0.931323   -0.207898  0.0256448 
-0.566327  0.962191   -0.256371  0.0294987 
-0.633877  0.951253   -0.184343  0.0385036 
-0.686366  0.95305    -0.111968  0.0822366 
-0.686366  0.95305    -0.111968  0.0566226 
-0.753631  0.967844   -0.0819688 0.0389112 
-0.697942  0.890049   -0.177235  0.0339599 
-0.748354  0.848256   -0.191143  0.0321477 
-0.760746  0.932914   -0.173766  0.0833008 
-0.835906  0.959844   0.132271   0.0448762 
-0.848261  0.924606   -0.0278796 0.0721197 
-0.918895  0.980366   0.351291   0.0631049 
-0.852873  0.973299   0.123612   0.0502074 
-0.887595  0.938262   0.0744756  0.0445897 
-0.889724  0.904311   -0.0743199 0.0488836 
-0.809525  0.853845   -0.167926  0.0331673 
-0.856821  0.762657   -0.307048  0.0204323 
-0.904996  0.69866    -0.335251  0.0124348 
-0.865135  0.644315   -0.39994   0.00942649
-0.816375  0.656453   -0.445292  0.00806123
-0.816375  0.656453   -0.445292  0.0146919 
-0.910207  0.669379   -0.372256  0.0243928 
-0.928889  0.657853   -0.315222  0.0235808 
-0.882613  0.712958   -0.328092  0.0261564 
-0.879119  0.749911   -0.29188   0.0220865 
-0.942905  0.686551   -0.315276  0.0364653 
-0.942905  0.686551   -0.315276  0.0319707 
-1.02211   0.693135   -0.127777  0.0531652 
-1.02211   0.693135   -0.127777  0.0246333 
-0.951717  0.698997   -0.278499  0.0151628 
-0.998926  0.625238   -0.290037  0.0148525 
-0.938863  0.628406   -0.356313  0.0235889 
-0.902182  0.716507   -0.356937  0.0107031 
-0.867126  0.670078   -0.413668  0.0118975 
-0.805025  0.685617   -0.413502  0.0107912 
-0.88794   0.589936   -0.39004   0.015612  
-0.973071  0.576466   -0.292873  0.0307031 
-0.993734  0.602203   -0.246806  0.0132791 
-0.935366  0.540271   -0.302572  0.0114202 
-0.892524  0.554329   -0.347748  0.0231468 
-0.892524  0.554329   -0.347748  0.0112534 
-0.840258  0.552329   -0.378705  0.00664069
-0.821089  0.603797   -0.444911  0.0103978 
-0.745253  0.554831   -0.407718  0.0279445 
-0.843929  0.460156   -0.0858276 0.0221519 
-0.856937  0.488567   -0.26069   0.0376844 
-0.856937  0.488567   -0.26069   0.0352371 
-0.856937  0.488567   -0.26069   0.0320406 
-0.856937  0.488567   -0.26069   0.0245767 
-0.798348  0.470147   -0.174128  0.0296204 
-0.798348  0.470147   -0.174128  0.0127632 
-0.875345  0.541927   -0.386289  0.0126387 
-0.909282  0.634918   -0.401814  0.0213064 
-0.909282  0.634918   -0.401814  0.0141807 
-0.90263   0.6612     -0.379616  0.011076  
-0.883724  0.631026   -0.417218  0.0195866 
-0.86078   0.70181    -0.354245  0.01774   
-0.800365  0.741125   -0.382974  0.0314025 
-0.844602  0.817003   -0.20682   0.0436031 
-0.844602  0.817003   -0.20682   0.0239727 
-0.841671  0.769156   -0.297429  0.0324192 
-0.864148  0.810263   -0.130517  0.0140648 
-0.78143   0.724126   -0.386291  0.0158754 
-0.682646  0.782723   -0.35485   0.0189877 
-0.763059  0.711522   -0.374243  0.0187897 
-0.812848  0.737427   -0.371962  0.0117853 
-0.890257  0.661213   -0.413193  0.0120507 
-0.890257  0.661213   -0.413193  0.00809428
-0.792281  0.579563   -0.444292  0.0187887 
-0.792281  0.579563   -0.444292  0.00942395
-0.725208  0.559413   -0.392186  0.0118031 
-0.812277  0.54634    -0.389549  0.00741776
-0.857743  0.604561   -0.446851  0.0141003 
-0.857743  0.604561   -0.446851  0.0158519 
-0.857743  0.604561   -0.446851  0.016158  
-0.857743  0.604561   -0.446851  0.0127427 
-0.77992   0.666082   -0.425408  0.0223157 
-0.863581  0.682852   -0.388697  0.0222465 
-0.863581  0.682852   -0.388697  0.0134132 
-0.776158  0.760855   -0.377716  0.0294319 
-0.748987  0.798447   -0.299751  0.0614425 
-0.837322  0.848685   -0.0564216 0.0273422 
-0.768881  0.791879   -0.285906  0.0106056 
-0.809341  0.700002   -0.408999  0.0144635 
-0.769899  0.66028    -0.402935  0.0113068 
-0.721647  0.682799   -0.39294   0.0077021 
-0.820978  0.607659   -0.438334  0.0147175 
-0.824343  0.527753   -0.335008  0.0263932 
-0.824343  0.527753   -0.335008  0.0265883 
-0.824343  0.527753   -0.335008  0.0130138 
-0.811522  0.537019   -0.354597  0.00657691
-0.729753  0.617533   -0.426688  0.00924984
-0.688592  0.675059   -0.399226  0.00956861
-0.631597  0.669988   -0.354889  0.0091085 
-0.699459  0.68515    -0.41414   0.0113913 
-0.624835  0.728724   -0.355934  0.0173689 
-0.712124  0.789732   -0.352855  0.0130267 
-0.693236  0.728733   -0.362605  0.0163018 
-0.703818  0.745792   -0.383991  0.0253961 
-0.712772  0.781779   -0.330233  0.0252645 
-0.712772  0.781779   -0.330233  0.0282654 
-0.685915  0.829352   -0.229354  0.0266382 
-0.586851  0.914544   -0.237325  0.0521613 
-0.586851  0.914544   -0.237325  0.031597  
-0.501969  0.916348   -0.226102  0.0191973 
-0.509657  0.929979   -0.29895   0.0500448 
-0.533853  0.941159   -0.142182  0.016092  
-0.496197  0.896631   -0.305293  0.0245628 
-0.496197  0.896631   -0.305293  0.0315771 
-0.525946  0.967654   -0.178943  0.0336285 
-0.496196  0.965976   -0.244375  0.0212102 
-0.414229  0.927495   -0.277394  0.0162184 
-0.392392  0.933457   -0.302173  0.0179835 
-0.33495   0.942625   -0.270897  0.0270299 
-0.300114  0.992422   -0.22816   0.0251278 
-0.390876  1.00558    -0.242439  0.0454164 
-0.301995  1.0389     -0.202187  0.0266738 
-0.322052  0.95891    -0.264348  0.0363553 
-0.279799  1.04322    -0.25463   0.0469748 
-0.279799  1.04322    -0.25463   0.0556332 
-0.294507  1.09846    -0.114983  0.0463168 
-0.310316  1.12316    -0.0992067 0.0311713 
-0.298852  1.15483    -0.180111  0.0537834 
-0.298852  1.15483    -0.180111  0.0766913 
-0.298852  1.15483    -0.180111  0.0460111 
-0.250723  1.08814    -0.163013  0.0335818 
-0.299077  1.06459    -0.213733  0.0357941 
-0.377536  1.02668    -0.192469  0.0532716 
-0.472716  0.993499   -0.20386   0.0241594 
-0.459285  1.00041    -0.243238  0.046425  
-0.459285  1.00041    -0.243238  0.0302259 
-0.407198  1.02069    -0.240611  0.0325171 
-0.444343  1.03748    -0.204639  0.0356315 
-0.468392  1.05779    -0.184903  0.0395771 
-0.52872   1.04098    -0.155316  0.0723673 
-0.52872   1.04098    -0.155316  0.0570339 
-0.440458  0.996502   -0.157356  0.0211078 
-0.480991  0.954682   -0.255534  0.029084  
-0.480991  0.954682   -0.255534  0.0345481 
-0.439461  0.967781   -0.224598  0.0435387 
-0.439461  0.967781   -0.224598  0.0167141 
-0.370159  0.876249   -0.261774  0.0163373 
-0.41529   0.90762    -0.276602  0.0257596 
-0.41529   0.90762    -0.276602  0.0154671 
-0.419494  0.820846   -0.232985  0.0213028 
-0.479264  0.845879   -0.272025  0.0161962 
-0.468821  0.903144   -0.281912  0.0264703 
-0.548903  0.877113   -0.293117  0.0290173 
-0.548903  0.877113   -0.293117  0.0275515 
-0.497337  0.971594   -0.216016  0.0649154 
-0.506866  1.05888    -0.0154002 0.0277514 
-0.477577  0.972321   -0.188061  0.0160061 
-0.425315  0.904926   -0.272259  0.0373108 
-0.518635  0.933343   -0.208249  0.0166342 
-0.497073  0.85624    -0.281159  0.015217  
-0.588905  0.790685   -0.318058  0.0146791 
-0.521053  0.726301   -0.272925  0.0160608 
-0.499883  0.703071   -0.222856  0.0188377 
-0.445601  0.696846   -0.17723   0.0146807 
-0.481522  0.698793   -0.23597   0.0163455 
-0.457996  0.635794   -0.156166  0.0159813 
-0.436669  0.71292    -0.181864  0.0172408 
-0.358082  0.738405   -0.130638  0.0165721 
-0.355503  0.79464    -0.194814  0.0164361 
-0.403789  0.727074   -0.1989    0.0159921 
-0.462177  0.697755   -0.20122   0.0169482 
-0.363239  0.752898   -0.191061  0.0201744 
-0.265411  0.836597   -0.174834  0.0166742 
-0.344102  0.912276   -0.269705  0.0186419 
-0.344102  0.912276   -0.269705  0.0257469 
-0.293095  0.977617   -0.223917  0.028436  
-0.224227  1.00753    -0.198604  0.0332868 
-0.173481  1.07863    -0.209883  0.0174475 
-0.0995817 0.996459   -0.255177  0.0259634 
-0.0995817 0.996459   -0.255177  0.0175467 
-0.140952  1.02906    -0.274497  0.0334354 
-0.213853  1.03234    -0.192041  0.0271218 
-0.264259  0.996691   -0.222502  0.0302291 
-0.255714  1.09019    -0.244055  0.0310098 
-0.273108  1.10223    -0.212424  0.0448599 
-0.261051  1.11381    -0.163632  0.0447924 
-0.314984  1.11308    -0.154968  0.0248307 
-0.23395   1.05484    -0.241513  0.0313916 
-0.26615   1.0138     -0.219137  0.0502506 
-0.226711  1.09852    -0.129712  0.0660982 
-0.27917   1.16744    0.0473992  0.0373102 
-0.360348  1.08509    -0.163495  0.0476556 
-0.391898  1.1203     -0.0864589 0.0457764 
-0.324097  1.17461    -0.081275  0.105266  
-0.324097  1.17461    -0.081275  0.0625455 
-0.260912  1.16504    -0.0137603 0.049169  
-0.327967  1.18774    -0.00144642 0.0608109 
-0.277936  1.1391     -0.0494651 0.0344701 
-0.234626  1.10992    -0.171608  0.016613  
-0.23941   1.0377     -0.297993  0.0298221 
-0.23941   1.0377     -0.297993  0.0216948 
-0.171737  1.0695     -0.234433  0.0380025 
-0.192194  1.09692    -0.136638  0.0268741 
-0.194276  1.00616    -0.217164  0.0158241 
-0.128236  0.945661   -0.258366  0.0247994 
-0.0854393 1.02752    -0.230909  0.0190174 
-0.114743  0.99781    -0.261266  0.0255026 
-0.136729  1.03073    -0.22023   0.019928  
-0.067805  0.999904   -0.251442  0.0242064 
-0.147681  1.02016    -0.233382  0.0163864 
-0.100638  0.929196   -0.25797   0.0265271 
-0.100638  0.929196   -0.25797   0.0181822 
-0.12543   0.841674   -0.179851  0.0167936 
-0.0392322 0.8321     -0.128498  0.0169404 
-0.0199996 0.855638   -0.174824  0.0165829 
0.0474888  0.894568   -0.233767  0.017872  
-0.0106569 0.884438   -0.233266  0.0175609 
0.0728629  0.867424   -0.19948   0.0159142 
0.0213712  0.886418   -0.20806   0.0161669 
-0.0261596 0.924179   -0.225988  0.0187963 
-0.0261596 0.924179   -0.225988  0.0200536 
-0.0733897 0.902082   -0.198403  0.0177139 
0.00264106 0.826507   -0.136607  0.0182241 
0.0532363  0.823369   -0.15316   0.0202801 
0.0532363  0.823369   -0.15316   0.0215962 
-0.0409046 0.733413   0.0192695  0.0213142 
-0.118951  0.706435   0.0576604  0.0199172 
-0.0800344 0.764943   -0.0844991 0.0182384 
-0.160363  0.800833   -0.142715  0.0167893 
-0.209325  0.836437   -0.188644  0.0162226 
-0.166287  0.889181   -0.226208  0.0159135 
-0.192766  0.904251   -0.240086  0.0191048 
-0.0944146 0.823444   -0.175081  0.0200888 
-0.0378234 0.758649   -0.0460665 0.0226891 
-0.136228  0.689513   0.0279223  0.0238304 
-0.151538  0.658986   0.0982483  0.0221821 
-0.169783  0.709254   0.0226671  0.0220094 
-0.0761713 0.698428   0.058425   0.0189895 
-0.0773591 0.779781   -0.0373927 0.0198235 
-0.166997  0.732871   0.00334626 0.0224404 
-0.236804  0.671664   0.040208   0.0189468 
-0.210308  0.761069   -0.0853291 0.0217963 
-0.266663  0.678782   -0.0403869 0.0210395 
-0.271015  0.677222   0.0134238  0.0194244 
-0.282226  0.71249    -0.0781023 0.0234699 
-0.230771  0.642018   0.100205   0.0232533 
-0.253329  0.630723   0.0946181  0.0273415 
-0.253329  0.630723   0.0946181  0.021007  
-0.183219  0.715294   0.013559   0.0232358 
-0.0917055 0.706417   0.0615072  0.0241124 
-0.0917055 0.706417   0.0615072  0.0200107 
-0.0897465 0.724735   0.039516   0.0270866 
-0.0209879 0.643126   0.183579   0.0246958 
-0.0209879 0.643126   0.183579   0.0230942 
-0.0177563 0.708302   0.0514776  0.0216137 
-0.0113821 0.726428   0.018669   0.0261037 
-0.0113821 0.726428   0.018669   0.0178299 
0.0324609  0.803951   -0.0957953 0.0196032 
0.0303243  0.74394    0.000174608 0.0174432 
0.116812   0.808476   -0.112138  0.0161237 
0.187133   0.885774   -0.243252  0.017325  
0.115001   0.980601   -0.25543   0.0168422 
0.163321   0.911429   -0.190623  0.0149792 
0.195933   0.959802   -0.299636  0.0193932 
0.103448   0.998632   -0.273852  0.0154662 
0.0919594  0.944883   -0.242536  0.0179256 
0.133227   0.89212    -0.181836  0.0199866 
0.113277   0.970602   -0.252566  0.0173997 
0.205038   0.88232    -0.220553  0.0157961 
0.24894    0.84945    -0.222552  0.0193796 
0.320323   0.948533   -0.272553  0.0193445 
0.320323   0.948533   -0.272553  0.0285328 
0.354403   0.98271    -0.239099  0.0221907 
0.340505   0.989011   -0.243166  0.0235173 
0.266914   1.05337    -0.257091  0.0226724 
0.327294   0.973768   -0.230075  0.0290656 
0.414539   0.992694   -0.22901   0.031727  
0.356385   1.05548    -0.192861  0.0297466 
0.405506   0.980531   -0.238661  0.0324347 
0.485248   0.973032   -0.211817  0.0193155 
0.491409   0.901909   -0.272246  0.0254578 
0.583594   0.829246   -0.276584  0.0117715 
0.60147    0.753298   -0.331117  0.0120674 
0.572347   0.717611   -0.320354  0.0271943 
0.487453   0.814808   -0.266277  0.0183058 
0.473828   0.873029   -0.264268  0.0210883 
0.402032   0.942136   -0.248711  0.0310024 
0.495005   1.02735    -0.232145  0.0398733 
0.492361   0.99114    -0.199177  0.020037  
0.493826   0.921585   -0.31066   0.0136255 
0.493826   0.921585   -0.31066   0.031509  
0.535883   0.940748   -0.217011  0.0469459 
0.535883   0.940748   -0.217011  0.023297  
0.518636   0.964267   -0.271709  0.0290956 
0.518636   0.964267   -0.271709  0.0277317 
0.470524   0.914783   -0.246751  0.0342917 
0.531299   0.941998   -0.210195  0.0231604 
0.580849   0.921215   -0.274174  0.0560874 
0.576602   1.00879    -0.141705  0.0309198 
0.529484   0.923319   -0.206561  0.0257687 
0.444252   0.916955   -0.268709  0.0148903 
0.451677   0.841993   -0.290703  0.01583   
0.424369   0.854558   -0.283456  0.0185011 
0.382217   0.885773   -0.259293  0.0202021 
0.304855   0.984042   -0.280472  0.0315317 
0.262549   0.992711   -0.218209  0.042246  
0.262549   0.992711   -0.218209  0.0253688 
0.173527   1.03859    -0.249717  0.0239282 
0.200312   1.05066    -0.230171  0.0237027 
0.267166   1.09366    -0.221856  0.0747222 
0.176518   1.1897     -0.0218011 0.0961373 
0.202692   1.25152    0.125002   0.0837783 
0.260329   1.27071    0.162689   0.0818897 
0.260329   1.27071    0.162689   0.0719849 
0.260329   1.27071    0.162689   0.0838543 
0.260329   1.27071    0.162689   0.117365  
0.260329   1.27071    0.162689   0.056386  
0.268001   1.27205    0.0812667  0.0903881 
0.268001   1.27205    0.0812667  0.0744498 
0.182399   1.22866    -0.026214  0.139628  
0.187079   1.27825    0.313023   0.100169  
0.273184   1.35458    0.392522   0.0900345 
0.226093   1.33243    0.327457   0.12178   
0.226093   1.33243    0.327457   0.129267  
0.226093   1.33243    0.327457   0.129089  
0.226093   1.33243    0.327457   0.137108  
0.226093   1.33243    0.327457   0.0637845 
0.321922   1.26317    0.0741097  0.0934676 
0.321922   1.26317    0.0741097  0.0978749 
0.321922   1.26317    0.0741097  0.110465  
0.321922   1.26317    0.0741097  0.071035  
0.347152   1.28568    0.221361   0.080138  
0.401409   1.24906    0.210678   0.113903  
0.401409   1.24906    0.210678   0.0761078 
0.386072   1.26545    0.246916   0.0922619 
0.41634    1.31788    0.375447   0.144562  
0.41634    1.31788    0.375447   0.122765  
0.41634    1.31788    0.375447   0.104939  
0.41634    1.31788    0.375447   0.1058    
0.391373   1.29507    0.396937   0.101022  
0.391373   1.29507    0.396937   0.0654996 
0.384917   1.22855    0.0808928  0.0509531 
0.473455   1.1407     -0.0345184 0.0676692 
0.473455   1.1407     -0.0345184 0.0593129 
0.473455   1.1407     -0.0345184 0.0906405 
0.473455   1.1407     -0.0345184 0.0751983 
0.554024   1.07201    -0.0344938 0.0345218 
0.528502   1.04559    -0.134062  0.0724039 
0.553471   1.12849    0.0822957  0.106741  
0.623703   1.19997    0.352904   0.143096  
0.623703   1.19997    0.352904   0.14261   
0.623703   1.19997    0.352904   0.101285  
0.709637   1.23127    0.644194   0.106905  
0.77441    1.1742     0.571435   0.0898903 
0.829084   1.07981    0.430711   0.059608  
0.784731   0.983819   0.0606847  0.0540865 
0.830918   0.977756   0.0239873  0.0565975 
0.789176   0.98809    -0.0353718 0.0441697 
0.696705   0.979907   -0.0790475 0.0678956 
0.696705   0.979907   -0.0790475 0.0318013 
0.634785   0.919769   -0.216025  0.0417603 
0.715194   0.916568   -0.172195  0.0213704 
0.659877   0.871346   -0.282189  0.0349943 
0.666927   0.930377   -0.223058  0.0416572 
0.666927   0.930377   -0.223058  0.0243119 
0.570545   0.845776   -0.240687  0.0295664 
0.582467   0.846252   -0.265942  0.0316809 
0.582467   0.846252   -0.265942  0.0195154 
0.612535   0.868903   -0.281594  0.0225106 
0.694304   0.804664   -0.320449  0.0151429 
0.60714    0.788313   -0.333041  0.0272304 
0.64633    0.778617   -0.328342  0.0269128 
0.579315   0.81243    -0.270511  0.0151022 
0.61014    0.796849   -0.332051  0.0125068 
0.539246   0.706308   -0.298119  0.0163198 
0.551812   0.77711    -0.286469  0.0121499 
0.596858   0.737823   -0.313606  0.0132674 
0.592981   0.697897   -0.318894  0.0197066 
0.507956   0.732629   -0.264531  0.0155756 
0.606262   0.78186    -0.321932  0.0282635 
0.657208   0.813069   -0.267331  0.0321153 
0.665524   0.793205   -0.267627  0.0150699 
0.578559   0.806661   -0.304761  0.0136458 
0.654323   0.751326   -0.33258   0.00965278
0.669937   0.69911    -0.378479  0.00818584
0.648192   0.615237   -0.360616  0.00663844
0.746737   0.600533   -0.434566  0.00782522
0.684471   0.600753   -0.398472  0.00946942
0.755779   0.687689   -0.419637  0.0179446 
0.780969   0.754196   -0.354071  0.00878169
0.707814   0.700017   -0.399025  0.00932401
0.680409   0.665267   -0.391815  0.0104633 
0.743721   0.6685     -0.413694  0.0124415 
0.764102   0.700408   -0.4048    0.011784  
0.766459   0.764214   -0.404305  0.0320782 
0.727109   0.815782   -0.302982  0.0115003 
0.648138   0.77595    -0.354172  0.00863147
0.699698   0.682039   -0.404467  0.00674073
0.708117   0.601649   -0.407592  0.0101046 
0.679021   0.694546   -0.358812  0.0104624 
0.621811   0.682129   -0.372482  0.0138474 
0.529842   0.696175   -0.265229  0.0155519 
0.529842   0.696175   -0.265229  0.0153678 
0.469596   0.649852   -0.159696  0.0157305 
0.466036   0.724168   -0.240672  0.016796  
0.396946   0.710127   -0.158604  0.0142619 
0.490718   0.667894   -0.199132  0.0147707 
0.474121   0.684697   -0.210488  0.0174831 
0.433963   0.621268   -0.114428  0.0144341 
0.525151   0.573408   -0.184502  0.0178842 
0.620448   0.485379   -0.215974  0.0114706 
0.619184   0.568756   -0.334906  0.0106529 
0.672367   0.561777   -0.378563  0.0124213 
0.588963   0.57353    -0.292451  0.0120359 
0.57115    0.585299   -0.271151  0.0123892 
0.565298   0.661114   -0.291964  0.011076  
0.591976   0.567066   -0.280219  0.0078206 
0.689423   0.59659    -0.400809  0.00999608
0.603893   0.672182   -0.320262  0.0110927 
0.611066   0.737023   -0.351272  0.0106976 
0.634084   0.674007   -0.344656  0.00872662
0.649789   0.618234   -0.377678  0.0100034 
0.655381   0.565578   -0.359445  0.0100528 
0.603921   0.603637   -0.304853  0.0113511 
0.57832    0.586521   -0.28484   0.00892519
0.637172   0.642189   -0.370357  0.012271  
0.558517   0.673994   -0.294229  0.0144238 
0.553334   0.745648   -0.295281  0.00997765
0.595039   0.65781    -0.299656  0.0136115 
0.537317   0.707778   -0.296454  0.0154784 
0.537317   0.707778   -0.296454  0.0105122 
0.597592   0.624755   -0.320237  0.0121644 
0.559385   0.695667   -0.290817  0.013761  
0.559385   0.695667   -0.290817  0.0138437 
0.559385   0.695667   -0.290817  0.0106337 
0.592383   0.606958   -0.288969  0.0143915 
0.592383   0.606958   -0.288969  0.0104326 
0.600336   0.604625   -0.299875  0.0106687 
0.625697   0.703136   -0.353538  0.0105989 
0.59985    0.692435   -0.330641  0.0140718 
0.501085   0.786676   -0.253022  0.0158301 
0.408062   0.7462     -0.143563  0.0152824 
0.47886    0.708469   -0.205544  0.0129249 
0.539045   0.620835   -0.225373  0.0145987 
0.562665   0.531457   -0.238773  0.0205443 
0.654508   0.485094   -0.232794  0.0450202 
0.643391   0.387646   0.405878   0.0772631 
0.643391   0.387646   0.405878   0.0519618 
0.709968   0.380813   0.421113   0.0481253 
0.73185    0.386266   0.347088   0.0524622 
0.73185    0.386266   0.347088   0.0839783 
0.73185    0.386266   0.347088   0.0473666 
0.661913   0.393779   0.156726   0.0365683 
0.59451    0.408777   0.130674   0.0316677 
0.5644     0.426209   0.0189522  0.0139087 
0.632192   0.524772   -0.311923  0.00749229
0.686778   0.620966   -0.406022  0.00714244
0.753869   0.622501   -0.42722   0.0099923 
0.681681   0.564437   -0.38327   0.0212211 
0.77032    0.486594   -0.267559  0.0137329 
0.785108   0.530853   -0.354304  0.0194847 
0.759393   0.497102   -0.279199  0.00933135
0.801623   0.578447   -0.433848  0.00737652
0.79346    0.642606   -0.428168  0.00736056
0.834066   0.598156   -0.43561   0.0054719 
0.764312   0.63657    -0.445005  0.011701  
0.763826   0.693772   -0.401963  0.00581134
0.80897    0.623432   -0.444387  0.00671966
0.745234   0.641495   -0.435144  0.0123566 
0.819105   0.696192   -0.427019  0.0109181 
0.777313   0.708514   -0.419476  0.0118639 
0.865398   0.647866   -0.425117  0.00949427
0.866185   0.569336   -0.394951  0.0261121 
0.866185   0.569336   -0.394951  0.0167785 
0.920464   0.511937   -0.27527   0.0325394 
0.968372   0.427226   0.101082   0.0448115 
0.968372   0.427226   0.101082   0.0223534 
0.910172   0.479705   -0.159282  0.0444841 
0.910172   0.479705   -0.159282  0.0152886 
0.945983   0.516931   -0.259376  0.0141543 
0.945983   0.516931   -0.259376  0.00988248
0.86642    0.564585   -0.397278  0.0138776 
0.949424   0.57858    -0.322477  0.013187  
1.00869    0.560659   -0.244513  0.0285416 
1.03415    0.634614   -0.185579  0.0134665 
1.07244    0.542279   -0.1251    0.0153606 
1.07244    0.542279   -0.1251    0.0145304 
0.978627   0.516073   -0.208456  0.0216942 
0.978627   0.516073   -0.208456  0.0158677 
0.898294   0.526962   -0.335563  0.0242731 
0.898294   0.526962   -0.335563  0.00960114
0.843292   0.565567   -0.41474   0.018528  
0.920917   0.506697   -0.270393  0.0215793 
0.907613   0.490933   -0.258596  0.0187722 
1.00317    0.490014   -0.138459  0.0135514 
0.971056   0.530924   -0.249469  0.0253347 
0.971056   0.530924   -0.249469  0.0135703 
0.971056   0.530924   -0.249469  0.0199731 
0.973632   0.493354   -0.170994  0.0182092 
0.875675   0.502277   -0.255142  0.0331748 
0.875675   0.502277   -0.255142  0.0118265 
0.867044   0.55273    -0.380305  0.0245724 
0.948141   0.469004   -0.130442  0.0299931 
0.988092   0.438078   0.0419528  0.0246315 
0.907322   0.467258   -0.12506   0.0190035 
0.833306   0.501543   -0.274355  0.00700838
0.820105   0.593618   -0.457356  0.00747394
0.82145    0.590957   -0.424394  0.00889371
0.909831   0.631341   -0.425285  0.0202141 
0.971077   0.628754   -0.314506  0.014578  
0.875524   0.695798   -0.391186  0.0370636 
0.875524   0.695798   -0.391186  0.0210257 
0.875524   0.695798   -0.391186  0.00981692
0.789759   0.681258   -0.424915  0.0140667 
0.703193   0.725565   -0.402443  0.0127846 
0.727277   0.73871    -0.375258  0.0128623 
0.680012   0.772301   -0.390288  0.0128232 
0.721458   0.726678   -0.404426  0.0197589 
0.721458   0.726678   -0.404426  0.010688  
0.643279   0.721614   -0.373379  0.0128966 
0.606052   0.768063   -0.337926  0.0139246 
0.537699   0.739439   -0.308641  0.0126257 
0.542686   0.696677   -0.265235  0.0103326 
0.616459   0.701263   -0.350446  0.00995176
0.616229   0.613362   -0.342137  0.0126401 
0.616229   0.613362   -0.342137  0.0131579 
0.530557   0.712345   -0.269068  0.0135937 
0.526883   0.616031   -0.229211  0.0107276 
0.596748   0.700585   -0.339542  0.0132636 
0.594011   0.753498   -0.308255  0.012905  
0.539335   0.725013   -0.292     0.0143165 
0.477868   0.783024   -0.257809  0.0201366 
0.516005   0.881603   -0.274127  0.0223147 
0.56014    0.877436   -0.29763   0.0377226 
0.56014    0.877436   -0.29763   0.0230995 
0.621382   0.88753    -0.299327  0.0425813 
0.718784   0.917403   -0.151075  0.029454  
0.713589   0.88871    -0.239401  0.0389604 
0.713589   0.88871    -0.239401  0.0485956 
0.770741   0.975945   0.0114515  0.067756  
0.770741   0.975945   0.0114515  0.0512498 
0.845987   0.9056     -0.0492997 0.0372599 
0.849755   0.872753   -0.137058  0.0564614 
0.849755   0.872753   -0.137058  0.0485652 
0.770949   0.92358    -0.10538   0.0325613 
0.772674   0.893145   -0.181422  0.0461102 
0.750991   0.886126   -0.181196  0.0204821 
0.760306   0.855957   -0.325122  0.0131015 
0.671463   0.763551   -0.363892  0.00868358
0.672215   0.676661   -0.389459  0.00727919
0.69149    0.652581   -0.406037  0.00689709
0.754181   0.597911   -0.427331  0.012147  
0.714761   0.545831   -0.369309  0.00754929
0.702739   0.602646   -0.407204  0.00868734
0.702739   0.602646   -0.407204  0.0101294 
0.607448   0.683842   -0.310267  0.0118107 
0.62673    0.693827   -0.342429  0.00720495
0.71408    0.641517   -0.406571  0.00782059
0.767241   0.633477   -0.436501  0.010335  
0.847937   0.56894    -0.417062  0.0119578 
0.765974   0.546101   -0.394667  0.0165405 
0.673359   0.511651   -0.333377  0.00917097
0.731418   0.56632    -0.403107  0.0194097 
0.818916   0.500186   -0.3106    0.00903201
0.799302   0.569967   -0.426627  0.00699662
0.723535   0.625001   -0.413632  0.00942812
0.78661    0.661476   -0.426719  0.0114027 
0.78661    0.661476   -0.426719  0.0162574 
0.757862   0.744695   -0.375768  0.0228845 
0.682189   0.737443   -0.353219  0.0144792 
0.710844   0.782239   -0.377392  0.0109657 
0.712776   0.730947   -0.397653  0.00846759
0.710823   0.645056   -0.424715  0.0139096 
0.760405   0.723749   -0.392677  0.0178457 
0.70082    0.822194   -0.340665  0.0156756 
0.696414   0.790716   -0.356367  0.0187154 
0.685195   0.823624   -0.321579  0.011995  
0.611153   0.742979   -0.335001  0.0150905 
0.656972   0.756521   -0.32787   0.0359055 
0.738689   0.822773   -0.247905  0.0205303 
0.678802   0.858024   -0.283053  0.0396139 
0.624719   0.824768   -0.2491    0.0167262 
0.557757   0.822231   -0.291396  0.025249  
0.586709   0.919789   -0.244874  0.0139979 
0.533809   0.873074   -0.284683  0.0382775 
0.498864   0.94174    -0.221112  0.0308714 
0.45842    0.917963   -0.262494  0.0171683 
0.38841    0.868529   -0.253898  0.0167085 
0.356481   0.860644   -0.220334  0.0160147 
0.311174   0.83784    -0.24321   0.0186311 
0.319722   0.882163   -0.242304  0.0187229 
0.334612   0.943488   -0.269316  0.0342205 
0.334612   0.943488   -0.269316  0.025551  
0.395609   1.03607    -0.229584  0.0521039 
0.39424    1.10253    -0.0499916 0.0320587 
0.442834   1.04725    -0.185031  0.0777146 
0.379646   1.07767    -0.0353667 0.0308884 
0.316328   1.03558    -0.214128  0.0420843 
0.376777   1.09559    -0.100087  0.044634  
0.312921   1.0901     -0.136131  0.0191955 
0.263832   0.998946   -0.294246  0.0440939 
0.263832   0.998946   -0.294246  0.0152813 
0.279471   0.92113    -0.220593  0.016956  
0.234105   0.827183   -0.182269  0.0155895 
0.329205   0.920016   -0.27603   0.0229455 
0.39759    0.94506    -0.237817  0.0160202 
0.373084   0.850579   -0.228041  0.0170719 
0.389569   0.799734   -0.257383  0.0208259 
0.474321   0.824042   -0.242722  0.0147616 
0.458371   0.745834   -0.22001   0.0131881 
0.533232   0.800731   -0.289032  0.0169492 
0.622312   0.781707   -0.343155  0.027552  
0.622312   0.781707   -0.343155  0.014779  
0.638147   0.780428   -0.335541  0.020836  
0.597207   0.834607   -0.297746  0.015019  
0.587118   0.774176   -0.307603  0.0168387 
0.536025   0.807427   -0.313103  0.0162816 
0.580505   0.786482   -0.334717  0.0125217 
0.547919   0.730186   -0.294945  0.020162  
0.624403   0.803616   -0.320212  0.0189938 
0.610726   0.827163   -0.312202  0.0321709 
0.676614   0.879166   -0.245071  0.0148279 
0.633038   0.784292   -0.333412  0.0155429 
0.61559    0.787404   -0.327118  0.0216385 
0.587172   0.882148   -0.27603   0.0425365 
0.612713   0.969803   -0.179948  0.0370688 
0.673209   0.976321   -0.132758  0.059295  
0.709893   0.993779   0.00557679 0.0460802 
0.702622   1.02062    -0.0682021 0.0535073 
0.723841   1.00953    0.0490541  0.0686531 
0.635124   1.10013    0.0922257  0.0294261 
0.584534   1.00209    -0.210212  0.0512865 
0.584534   1.00209    -0.210212  0.0291203 
0.601475   0.965259   -0.208579  0.0276161 
0.573786   0.963874   -0.200888  0.0386358 
0.552445   1.04761    -0.154854  0.0566733 
0.552445   1.04761    -0.154854  0.0311775 
0.53139    1.03719    -0.159004  0.0296889 
0.50031    1.00894    -0.223694  0.0180687 
0.481324   0.949934   -0.250593  0.0211039 
0.48868    0.867694   -0.263276  0.015312  
0.467502   0.849559   -0.26445   0.0175937 
0.378975   0.823961   -0.213717  0.0260793 
0.402467   0.855374   -0.227749  0.0154637 
0.449625   0.765295   -0.269242  0.0188014 
0.363575   0.710539   -0.145091  0.0167765 
0.323484   0.757514   -0.162947  0.017839  
0.279177   0.747395   -0.104786  0.0206497 
0.279177   0.747395   -0.104786  0.0162729 
0.198184   0.822766   -0.146637  0.0195322 
0.127701   0.744047   -0.0294715 0.0177874 
0.0353927  0.804828   -0.085481  0.0202495 
0.0353927  0.804828   -0.085481  0.0167016 
0.112061   0.858212   -0.189248  0.0195016 
0.103346   0.771391   -0.0519589 0.0214924 
0.064518   0.744527   -0.0322383 0.0227953 
0.0109583  0.711007   0.0484886  0.0222001 
-0.073235  0.702989   0.0660444  0.0246193 
-0.073235  0.702989   0.0660444  0.0265148 
-0.163289  0.631982   0.147361   0.0218024 
-0.23299   0.694389   -0.0270229 0.0230591 
-0.24174   0.646965   0.0848804  0.0243406 
-0.31614   0.572357   0.172927   0.0255465 
-0.271388  0.601628   0.161524   0.0283181 
-0.271388  0.601628   0.161524   0.0198365 
-0.278187  0.684465   0.0204156  0.0228067 
-0.246858  0.638432   0.0536317  0.0267892 
-0.246858  0.638432   0.0536317  0.0220113 
-0.313975  0.600762   0.128937   0.0204089 
-0.41027   0.550143   0.0558043  0.0173132 
-0.465951  0.541344   -0.0771548 0.0152537 
-0.49155   0.582454   -0.159613  0.0169574 
-0.436344  0.636871   -0.125856  0.0138825 
-0.523699  0.56148    -0.174095  0.0114453 
-0.611997  0.567109   -0.295019  0.0198076 
-0.547701  0.479353   -0.145354  0.0282309 
-0.547701  0.479353   -0.145354  0.0174985 
-0.466908  0.503409   -0.000900877 0.0214395 
-0.396386  0.51967    0.0926036  0.0252488 
-0.392786  0.421511   0.271453   0.0178835 
-0.459444  0.51507    0.0105479  0.0264279 
-0.459444  0.51507    0.0105479  0.0156213 
-0.503116  0.555848   -0.144378  0.0177179 
-0.447744  0.615419   -0.113167  0.0152605 
-0.504498  0.563148   -0.182636  0.0145218 
-0.505382  0.662391   -0.236398  0.0172309 
-0.438506  0.646146   -0.165472  0.0143314 
-0.50765   0.5531     -0.115825  0.0188497 
-0.41502   0.601464   -0.0418261 0.0219189 
-0.331148  0.588643   0.151415   0.0202078 
-0.396792  0.531264   0.0841136  0.0261118 
-0.396792  0.531264   0.0841136  0.0186768 
-0.422203  0.620627   -0.115692  0.0182491 
-0.432205  0.536184   0.0283795  0.0226134 
-0.503806  0.441166   0.0316369  0.0179703 
-0.473467  0.491215   -0.0118213 0.0195853 
-0.480712  0.455866   0.0397827  0.0259395 
-0.477957  0.426481   0.10683    0.0259078 
-0.428279  0.421589   0.210612   0.0228273 
-0.431364  0.456561   0.0804988  0.0274636 
-0.440519  0.413001   0.194857   0.0333774 
-0.440519  0.413001   0.194857   0.0443747 
-0.440519  0.413001   0.194857   0.0503317 
-0.440519  0.413001   0.194857   0.0215661 
-0.444726  0.486758   0.0222155  0.0192114 
-0.421268  0.535435   0.0280347  0.0270343 
-0.330176  0.516243   0.218146   0.0191326 
-0.429441  0.514176   0.0400601  0.0178427 
-0.472602  0.536791   -0.0685482 0.016355  
-0.488874  0.576565   -0.140855  0.0123358 
-0.567563  0.633737   -0.298154  0.0108424 
-0.608419  0.690681   -0.32566   0.0121382 
-0.553907  0.784186   -0.309599  0.0148559 
-0.492786  0.814318   -0.294104  0.0135503 
-0.556901  0.76585    -0.293085  0.014513  
-0.476044  0.718326   -0.218326  0.0150956 
-0.495776  0.647054   -0.181211  0.0181183 
-0.495776  0.647054   -0.181211  0.0166032 
-0.457334  0.622042   -0.144433  0.0189206 
-0.369537  0.657252   -0.053928  0.0160915 
-0.466428  0.643172   -0.149249  0.016997  
-0.415214  0.642773   -0.0908884 0.0161123 
-0.459392  0.618305   -0.138947  0.0148641 
-0.471622  0.681605   -0.191873  0.0140515 
-0.492926  0.774508   -0.273837  0.0136728 
-0.529109  0.69978    -0.280084  0.015465  
-0.44556   0.718194   -0.21465   0.0140925 
-0.53447   0.626831   -0.256603  0.0140358 
-0.499264  0.711409   -0.239636  0.0138862 
-0.544227  0.654734   -0.259169  0.00964069
-0.634921  0.667835   -0.377607  0.0104714 
-0.670234  0.679546   -0.378091  0.0131236 
-0.670234  0.679546   -0.378091  0.0099209 
-0.766525  0.705115   -0.420494  0.00813619
-0.812067  0.613194   -0.43748   0.0131434 
-0.7763    0.705522   -0.394803  0.0120605 
-0.728227  0.686169   -0.402719  0.0057866 
-0.765251  0.617651   -0.45177   0.0147017 
-0.764529  0.525618   -0.352946  0.0142971 
-0.830247  0.534907   -0.374183  0.0082878 
-0.871783  0.58825    -0.421538  0.011257  
-0.947921  0.554031   -0.32311   0.0138423 
-1.03508   0.518513   -0.146344  0.0164926 
-1.1033    0.565739   -0.0619455 0.016234  
-1.11461   0.486057   0.0856403  0.0214962 
-1.11461   0.486057   0.0856403  0.0375526 
-1.11461   0.486057   0.0856403  0.0192589 
-1.14855   0.457787   0.204834   0.0348309 
-1.14855   0.457787   0.204834   0.0163675 
-1.14557   0.547866   0.0222735  0.0154474 
-1.13904   0.481816   0.130825   0.0184068 
-1.07662   0.476351   0.0156621  0.0323092 
-1.07662   0.476351   0.0156621  0.0274105 
-0.993605  0.43262    0.130711   0.0561615 
-0.993605  0.43262    0.130711   0.0165904 
-0.999695  0.502336   -0.150367  0.01033   
-0.951776  0.569767   -0.343476  0.0218513 
-0.951776  0.569767   -0.343476  0.0104015 
-0.882541  0.607726   -0.41004   0.00748874
-0.805803  0.629726   -0.44213   0.010784  
-0.807414  0.554406   -0.373837  0.0098759 
-0.902499  0.568336   -0.389416  0.0175273 
-0.808152  0.513445   -0.341     0.00892241
-0.725283  0.606271   -0.419211  0.00934234
-0.634212  0.615294   -0.36739   0.0110802 
-0.685959  0.707391   -0.360655  0.0129147 
-0.724938  0.716618   -0.384616  0.0104841 
-0.676504  0.680168   -0.368853  0.0115542 
-0.597399  0.709786   -0.33572   0.0116466 
-0.680304  0.695684   -0.361384  0.00709516
-0.750507  0.598441   -0.441299  0.00601855
-0.789844  0.642531   -0.45197   0.00765475
-0.789844  0.642531   -0.45197   0.0102583 
-0.789844  0.642531   -0.45197   0.0131852 
-0.847806  0.64973    -0.402735  0.0339239 
-0.847806  0.64973    -0.402735  0.0068601 
-0.838081  0.61181    -0.4378    0.0129444 
-0.838081  0.61181    -0.4378    0.0106053 
-0.784678  0.555507   -0.417347  0.0230981 
-0.750528  0.482527   -0.27509   0.0454429 
-0.750528  0.482527   -0.27509   0.0316098 
-0.734241  0.445884   -0.172282  0.0261719 
-0.771852  0.468307   -0.203438  0.0116263 
-0.829622  0.545813   -0.373974  0.0124767 
-0.734539  0.538215   -0.375711  0.00663743
-0.729889  0.630567   -0.435079  0.0123093 
-0.781959  0.54084    -0.409837  0.0137621 
-0.779545  0.534323   -0.367201  0.0064006 
-0.776529  0.619329   -0.439838  0.0116206 
-0.778448  0.545281   -0.408736  0.00796487
-0.773473  0.628837   -0.43262   0.0108869 
-0.728875  0.699547   -0.393344  0.0100117 
-0.643526  0.694747   -0.361942  0.013159  
-0.545043  0.612902   -0.24116   0.0125201 
-0.600161  0.553892   -0.298597  0.0147505 
-0.542535  0.54391    -0.194178  0.0156436 
-0.632669  0.510405   -0.258946  0.00893051
-0.692762  0.582294   -0.40497   0.00806642
-0.658811  0.654835   -0.385221  0.0082211 
-0.683795  0.588071   -0.394286  0.00829499
-0.669034  0.614382   -0.370676  0.0120413 
-0.600564  0.582906   -0.326875  0.0127126 
-0.600564  0.582906   -0.326875  0.0108571 
-0.669007  0.554681   -0.366328  0.00623602
-0.762853  0.603921   -0.444747  0.0162987 
-0.812103  0.517284   -0.365484  0.011158  
-0.832074  0.550128   -0.387738  0.00815536
-0.848935  0.622016   -0.439766  0.00693965
-0.782822  0.647114   -0.43417   0.00909397
-0.829253  0.666585   -0.441696  0.0113959 
-0.765763  0.662349   -0.42253   0.0156678 
-0.665801  0.709787   -0.37253   0.0105236 
-0.638854  0.673225   -0.351938  0.00945014
-0.722307  0.705203   -0.408748  0.0065136 
-0.78745   0.627558   -0.443291  0.00761857
-0.688121  0.649237   -0.392111  0.0083946 
-0.769237  0.654635   -0.434122  0.00964986
-0.708862  0.564843   -0.393216  0.0131173 
-0.703975  0.534936   -0.381647  0.0155462 
-0.605178  0.510021   -0.228813  0.0149626 
-0.522679  0.565999   -0.204211  0.0161311 
-0.522679  0.565999   -0.204211  0.0108342 
-0.592485  0.582932   -0.276674  0.0102696 
-0.635471  0.56192    -0.334903  0.0191307 
-0.714954  0.498972   -0.281235  0.0118178 
-0.703923  0.541645   -0.362474  0.022215  
-0.716641  0.47621    -0.196334  0.0151068 
-0.781056  0.524358   -0.363208  0.00749081
-0.688006  0.603347   -0.398159  0.00698286
-0.779543  0.594442   -0.428531  0.0120014 
-0.835859  0.606757   -0.43312   0.00876417
-0.77384   0.680961   -0.428341  0.0114311 
-0.709352  0.727081   -0.395227  0.0149094 
-0.708059  0.766591   -0.346284  0.0123772 
-0.712738  0.736281   -0.379482  0.0115571 
-0.716743  0.728481   -0.383416  0.0100264 
-0.617777  0.629915   -0.336337  0.00818364
-0.706397  0.664416   -0.398058  0.00971274
-0.804936  0.565853   -0.440691  0.0183551 
-0.804936  0.565853   -0.440691  0.0113185 
-0.839449  0.641439   -0.426965  0.00937494
-0.888137  0.574943   -0.406676  0.0128443 
-0.806897  0.647891   -0.422928  0.0142574 
-0.756866  0.685391   -0.407574  0.00989277
-0.831096  0.660558   -0.427598  0.0140421 
-0.87303   0.649685   -0.412118  0.00867934
-0.83412   0.570689   -0.422804  0.0177791 
-0.83412   0.570689   -0.422804  0.0161772 
-0.842992  0.520172   -0.331708  0.0176697 
-0.828808  0.510174   -0.31802   0.0169629 
-0.738418  0.513747   -0.34115   0.0291982 
-0.738418  0.513747   -0.34115   0.0187344 
-0.654405  0.495548   -0.284607  0.0211158 
-0.65745   0.475326   -0.176829  0.011892  
-0.62308   0.540758   -0.308504  0.0111436 
-0.589588  0.624563   -0.307372  0.0121769 
-0.548323  0.696661   -0.287646  0.0127922 
-0.571109  0.751516   -0.314996  0.0146619 
-0.630011  0.771106   -0.339437  0.0210541 
-0.606253  0.85439    -0.303087  0.0480714 
-0.606253  0.85439    -0.303087  0.0517508 
-0.606253  0.85439    -0.303087  0.0364921 
-0.606253  0.85439    -0.303087  0.0219793 
-0.678125  0.890424   -0.270519  0.0324823 
-0.71798   0.860446   -0.224764  0.036409  
-0.669729  0.834392   -0.231528  0.0161181 
-0.673602  0.79767    -0.314942  0.0183134 
-0.652162  0.756117   -0.341997  0.0117866 
-0.578904  0.712299   -0.308998  0.013995  
-0.487785  0.677082   -0.211225  0.013057  
-0.522351  0.726222   -0.265733  0.0160729 
-0.607045  0.790619   -0.306389  0.0135045 
-0.583805  0.739166   -0.300118  0.0126614 
-0.619395  0.685537   -0.323487  0.0108112 
-0.596645  0.659771   -0.329928  0.012134  
-0.544284  0.606997   -0.22521   0.0162318 
-0.51036   0.548835   -0.163173  0.0176803 
-0.51036   0.548835   -0.163173  0.0160174 
-0.484666  0.624601   -0.161813  0.0132952 
-0.529872  0.600916   -0.211862  0.0121686 
-0.570101  0.68596    -0.321005  0.0154803 
-0.477233  0.737825   -0.218413  0.0179956 
-0.416462  0.65759    -0.125696  0.0169992 
-0.406131  0.730248   -0.178794  0.016758  
-0.461366  0.630294   -0.14678   0.0177161 
-0.461366  0.630294   -0.14678   0.0168973 
-0.42264   0.705798   -0.212232  0.0147816 
-0.44511   0.798849   -0.285276  0.0270639 
-0.491569  0.819471   -0.240456  0.0203148 
-0.47817   0.85355    -0.250926  0.0203273 
-0.475641  0.883949   -0.297791  0.0150564 
-0.536513  0.818761   -0.294568  0.0221493 
-0.607487  0.891866   -0.308197  0.0169596 
-0.539289  0.792689   -0.280152  0.0137613 
-0.478363  0.777086   -0.281783  0.0161816 
-0.449908  0.733828   -0.236964  0.0146326 
-0.441016  0.771414   -0.225228  0.0158731 
-0.46134   0.69623    -0.201688  0.0164686 
-0.425111  0.710077   -0.212568  0.015713  
-0.430554  0.773782   -0.24186   0.0214666 
-0.528732  0.87139    -0.240125  0.0162091 
-0.563531  0.800973   -0.295066  0.0154916 
-0.615545  0.782588   -0.328305  0.0202414 
-0.67036   0.851272   -0.290601  0.0249477 
-0.67036   0.851272   -0.290601  0.0360678 
-0.67036   0.851272   -0.290601  0.0672863 
-0.756664  0.945045   -0.0122441 0.0526524 
-0.7608    1.00133    0.0138541  0.0527363 
-0.750708  1.00476    -0.0151783 0.0330484 
-0.723447  0.933713   -0.188177  0.0667038 
-0.723447  0.933713   -0.188177  0.0346492 
-0.789702  0.868587   -0.182269  0.0210074 
-0.797413  0.795099   -0.314719  0.04651   
-0.797413  0.795099   -0.314719  0.0146404 
-0.721507  0.775402   -0.365138  0.0113894 
-0.674458  0.747519   -0.366563  0.00796356
-0.713443  0.669112   -0.400498  0.0115196 
-0.619404  0.726934   -0.349286  0.0128356 
-0.689903  0.72284    -0.372112  0.0183829 
-0.751778  0.755603   -0.361576  0.0175528 
-0.800226  0.741579   -0.358525  0.00643093
-0.768015  0.646186   -0.444802  0.00831709
-0.768015  0.646186   -0.444802  0.00865441
-0.780075  0.577794   -0.428765  0.0195775 
-0.780075  0.577794   -0.428765  0.0088688 
-0.874225  0.601927   -0.412837  0.0156928 
-0.830221  0.521926   -0.36469   0.0136722 
-0.806747  0.535453   -0.392494  0.0108431 
-0.846599  0.552635   -0.377824  0.0208616 
-0.846599  0.552635   -0.377824  0.016426  
-0.882411  0.519208   -0.338981  0.0149423 
-0.980744  0.611418   -0.293698  0.0101925 
-0.977339  0.560235   -0.292186  0.0136329 
-1.03227   0.582469   -0.256981  0.0408284 
-1.03227   0.582469   -0.256981  0.0136434 
-1.03227   0.582469   -0.256981  0.0316589 
-1.07805   0.651855   -0.0410156 0.0239933 
-1.09437   0.616564   -0.100523  0.0173423 
-1.13172   0.550128   0.0267943  0.0161339 
-1.17224   0.522329   0.152878   0.0180958 
-1.2084    0.4824     0.278608   0.0157597 
-1.15979   0.464456   0.220987   0.0174382 
-1.11555   0.545186   -0.00170457 0.0152575 
-1.07653   0.547497   -0.103975  0.0155284 
-1.15186   0.49366    0.119991   0.0144304 
-1.1522    0.529808   0.0768564  0.0136212 
-1.0793    0.536822   -0.0927137 0.027015  
-1.1536    0.585092   0.114874   0.0156256 
-1.10696   0.545106   -0.0295959 0.0155926 
-1.11245   0.531614   -0.00168764 0.0141259 
-1.06968   0.522189   -0.092931  0.0141864 
-1.04371   0.505609   -0.0811278 0.0322632 
-1.14218   0.412042   0.316751   0.040491  
-1.14218   0.412042   0.316751   0.0373284 
-1.14218   0.412042   0.316751   0.0169475 
-1.06751   0.484326   -0.00168234 0.0130328 
-0.996392  0.533305   -0.251801  0.0101222 
-0.91686   0.569066   -0.377906  0.0163917 
-0.91686   0.569066   -0.377906  0.00849581
-0.864221  0.581646   -0.420885  0.00810987
-0.777616  0.575013   -0.429178  0.00815835
-0.681948  0.590913   -0.399085  0.00905331
-0.641838  0.604542   -0.371645  0.0120272 
-0.552943  0.638788   -0.264265  0.0176342 
-0.552943  0.638788   -0.264265  0.0131271 
-0.552943  0.638788   -0.264265  0.0132882 
-0.639441  0.677707   -0.326807  0.0139744 
-0.558539  0.74106    -0.285033  0.0148568 
-0.627322  0.79275    -0.345538  0.0157007 
-0.65341   0.788462   -0.33454   0.0104668 
-0.642503  0.709291   -0.354245  0.00708507
-0.731477  0.651908   -0.427859  0.00820644
-0.681781  0.5912     -0.397529  0.00705899
-0.699845  0.615638   -0.399361  0.00905192
-0.768224  0.711181   -0.434664  0.0131084 
-0.725528  0.754813   -0.376817  0.0196789 
-0.801063  0.74992    -0.346923  0.0130799 
-0.727636  0.730019   -0.384846  0.0233311 
-0.661248  0.774227   -0.310599  0.0214207 
-0.746187  0.773984   -0.33683   0.0158828 
-0.715441  0.727126   -0.39018   0.00847596
-0.690327  0.674899   -0.390429  0.0102204 
-0.78947   0.656097   -0.428881  0.0149101 
-0.805129  0.661384   -0.425877  0.0233827 
-0.815608  0.735599   -0.346243  0.0144724 
-0.833606  0.684794   -0.389185  0.00880749
-0.793118  0.679395   -0.43987   0.00832814
-0.85242   0.598868   -0.433654  0.0188816 
-0.85242   0.598868   -0.433654  0.014004  
-0.847932  0.69119    -0.405039  0.0230958 
-0.930573  0.711005   -0.300757  0.043174  
-0.930573  0.711005   -0.300757  0.0139093 
-0.851257  0.68247    -0.401903  0.00850125
-0.849185  0.622452   -0.439334  0.0141495 
-0.825002  0.531282   -0.386922  0.0104937 
-0.923004  0.596495   -0.387899  0.0108005 
-0.835049  0.559423   -0.415404  0.00816771
-0.805415  0.647246   -0.433648  0.00687213
-0.857967  0.625552   -0.446866  0.0146242 
-0.950149  0.662805   -0.363939  0.0098735 
-0.930365  0.576187   -0.362292  0.0129861 
-0.834931  0.674792   -0.40548   0.00951759
-0.875948  0.604861   -0.42207   0.00773529
-0.84031   0.58649    -0.442276  0.00759256
-0.789954  0.591996   -0.438988  0.018464  
-0.789954  0.591996   -0.438988  0.0159971 
-0.765947  0.675163   -0.397024  0.00987059
-0.765947  0.675163   -0.397024  0.0104637 
-0.698063  0.71661    -0.398478  0.0166519 
-0.698063  0.71661    -0.398478  0.0142406 
-0.622799  0.792268   -0.337236  0.0166993 
-0.626925  0.741157   -0.329774  0.0113029 
-0.632568  0.717988   -0.364925  0.0198712 
-0.536422  0.804294   -0.277436  0.0162678 
-0.536184  0.823755   -0.299602  0.0189093 
-0.521503  0.876601   -0.306319  0.0223883 
-0.488207  0.898306   -0.275754  0.0147191 
-0.447247  0.812226   -0.249928  0.0197847 
-0.411488  0.861132   -0.261961  0.0184468 
-0.478867  0.869339   -0.278589  0.0157194 
-0.386235  0.887122   -0.256017  0.0169866 
-0.348746  0.821599   -0.211616  0.0154908 
-0.311827  0.834628   -0.17466   0.0167199 
-0.371172  0.854102   -0.218659  0.0220667 
-0.414343  0.953431   -0.278131  0.017944  
-0.404116  0.988508   -0.289531  0.0194563 
-0.412334  0.92546    -0.259925  0.0422071 
-0.40645   1.01421    -0.196819  0.0235554 
-0.495169  0.946353   -0.268592  0.0452872 
-0.425838  0.976927   -0.223294  0.0238843 
-0.397998  1.00302    -0.231485  0.0216633 
-0.417701  0.931289   -0.268384  0.0163902 
-0.372504  0.849361   -0.253847  0.0162848 
