#MU        SIGMA      ENERGY     ERROR     
-0.769153  1.05877    0.305593   0.0588221 
-0.748843  1.02761    0.0607909  0.0605504 
-0.656615  1.03539    -0.0495824 0.031676  
-0.617603  0.940393   -0.216229  0.0161077 
-0.553122  0.874835   -0.296458  0.0145293 
-0.48321   0.815406   -0.274998  0.0124968 
-0.571582  0.735031   -0.287267  0.0131523 
-0.630475  0.681024   -0.347291  0.0133184 
-0.686909  0.750346   -0.374794  0.0262788 
-0.673616  0.84002    -0.245543  0.0461809 
-0.619602  0.823176   -0.25472   0.0195878 
-0.644959  0.879015   -0.276407  0.0443533 
-0.579001  0.898546   -0.253529  0.0144967 
-0.524794  0.818206   -0.299372  0.0190213 
-0.559513  0.881949   -0.301483  0.0312257 
-0.591928  0.977123   -0.189657  0.0519091 
-0.526996  1.04807    -0.115862  0.0381379 
-0.45429   1.04762    -0.166114  0.0377403 
-0.480308  1.03438    -0.183639  0.0342535 
-0.578934  0.995794   -0.169018  0.0207768 
-0.51869   0.915059   -0.254949  0.0264884 
-0.60088   0.880191   -0.243759  0.019594  
-0.661959  0.848605   -0.294963  0.0182867 
-0.65782   0.757916   -0.340399  0.0227652 
-0.739102  0.831028   -0.280548  0.0249814 
-0.722699  0.845054   -0.251021  0.0319796 
-0.784341  0.786277   -0.258521  0.0236717 
-0.716953  0.782067   -0.32641   0.0101355 
-0.634187  0.682633   -0.357292  0.00606231
-0.725208  0.629578   -0.432525  0.00937262
-0.643594  0.575446   -0.332713  0.0173919 
-0.732218  0.508253   -0.277746  0.0206592 
-0.757585  0.493672   -0.28306   0.00857382
-0.847699  0.593564   -0.431643  0.01584   
-0.883776  0.675496   -0.385862  0.0125222 
-0.795489  0.725712   -0.393952  0.0209367 
-0.768872  0.76121    -0.334446  0.0356256 
-0.845085  0.832482   -0.197496  0.0410656 
-0.845085  0.832482   -0.197496  0.0256708 
-0.778283  0.777868   -0.327369  0.0217582 
-0.679023  0.829045   -0.300076  0.0182007 
-0.590942  0.86822    -0.275815  0.0141535 
-0.605594  0.784306   -0.339541  0.0236082 
-0.659495  0.835137   -0.293438  0.0178365 
-0.574298  0.847622   -0.288972  0.0131472 
-0.63357   0.79153    -0.349716  0.0223236 
-0.555513  0.866407   -0.268148  0.025222  
-0.612577  0.918421   -0.286699  0.0350217 
-0.658698  0.921559   -0.186538  0.0314338 
-0.705258  0.95235    -0.172645  0.0536481 
-0.752021  1.00321    0.04466    0.0452025 
-0.747473  0.948646   -0.111187  0.0544617 
-0.734017  0.964721   0.000356917 0.0448575 
-0.661914  0.917784   -0.124058  0.0218624 
-0.746241  0.823004   -0.325005  0.0300263 
-0.746241  0.823004   -0.325005  0.0286375 
-0.709715  0.888569   -0.234832  0.0347043 
-0.658798  0.951794   -0.174797  0.0430499 
-0.633841  0.996904   -0.114573  0.050252  
-0.555494  1.031      -0.0835307 0.0479434 
-0.610252  1.0158     -0.112304  0.0316049 
-0.642933  0.921422   -0.225205  0.0300252 
-0.605637  0.894062   -0.233345  0.0448623 
-0.656536  0.946777   -0.114188  0.0257899 
-0.604875  0.912242   -0.261306  0.0290741 
-0.599734  0.902017   -0.248339  0.0300031 
-0.599734  0.902017   -0.248339  0.0241577 
-0.59256   0.952912   -0.274904  0.0287551 
-0.574658  0.931794   -0.267469  0.019442  
-0.505444  0.92453    -0.287294  0.0270949 
-0.466349  0.975997   -0.262188  0.0294454 
-0.408547  1.05396    -0.199646  0.0430869 
-0.408547  1.05396    -0.199646  0.0504611 
-0.356205  1.07742    -0.105691  0.0467118 
-0.410284  1.12752    -0.0720414 0.0771762 
-0.449938  1.1513     -0.0199085 0.0671294 
-0.449938  1.1513     -0.0199085 0.0638621 
-0.449938  1.1513     -0.0199085 0.0505913 
-0.381613  1.16848    -0.0216726 0.0906296 
-0.448636  1.18643    0.211893   0.0549202 
-0.486395  1.11442    0.0232844  0.0506264 
-0.576984  1.05613    -0.0597474 0.056502  
-0.583118  1.09139    0.0552057  0.0819609 
-0.546977  1.13865    0.208309   0.0408701 
-0.488569  1.08666    -0.162739  0.0333452 
-0.419496  1.00008    -0.20419   0.0236794 
-0.325226  0.977759   -0.249368  0.0223619 
-0.260688  0.942629   -0.192446  0.0164113 
-0.179972  0.882452   -0.222038  0.0190881 
-0.185297  0.93395    -0.22937   0.015692  
-0.268177  0.924554   -0.257123  0.0190071 
-0.24811   1.02192    -0.288805  0.0155167 
-0.251881  0.946573   -0.283323  0.024436  
-0.28981   1.00639    -0.213081  0.0266558 
-0.300593  1.0714     -0.222132  0.0307168 
-0.39897   1.02158    -0.213086  0.0243429 
-0.481674  0.956865   -0.261797  0.0214072 
-0.531889  0.870507   -0.261724  0.0502677 
-0.524722  0.968978   -0.189589  0.0209073 
-0.495407  0.869621   -0.280416  0.0166434 
-0.576845  0.805917   -0.321319  0.0198891 
-0.517446  0.851564   -0.280882  0.0174486 
-0.434417  0.884711   -0.261102  0.019301  
-0.33563   0.918572   -0.243284  0.0160963 
-0.392857  0.85582    -0.255257  0.0158242 
-0.383512  0.81637    -0.227277  0.0169132 
-0.412387  0.843914   -0.241093  0.0166549 
-0.416429  0.883163   -0.282008  0.0158739 
-0.334442  0.85316    -0.214509  0.0170219 
-0.339544  0.798891   -0.203509  0.0166217 
-0.374112  0.869082   -0.241817  0.0148316 
-0.439681  0.784024   -0.235604  0.0146999 
-0.477372  0.753052   -0.257482  0.0153637 
-0.452667  0.817753   -0.227656  0.0149824 
-0.49525   0.771759   -0.286617  0.015048  
-0.565829  0.702959   -0.281283  0.0148494 
-0.481695  0.687623   -0.227041  0.0153451 
-0.502471  0.781129   -0.280259  0.0193119 
-0.494321  0.840133   -0.251005  0.0189984 
-0.397453  0.878827   -0.251248  0.0203195 
-0.435734  0.938872   -0.264316  0.0247119 
-0.365156  0.964605   -0.252772  0.0258176 
-0.429276  0.944706   -0.248282  0.0179991 
-0.380187  1.01471    -0.273906  0.0215589 
-0.285219  0.948381   -0.258804  0.0164897 
-0.355655  0.910495   -0.259565  0.0167649 
-0.391041  0.81834    -0.214543  0.0173482 
-0.476042  0.833555   -0.260317  0.014273  
-0.51038   0.773565   -0.272026  0.0162653 
-0.562443  0.815605   -0.29099   0.0201454 
-0.63436   0.742367   -0.309115  0.0105144 
-0.643541  0.682671   -0.355798  0.0122955 
-0.546726  0.735939   -0.297835  0.0120419 
-0.608703  0.722393   -0.339247  0.0133712 
-0.530716  0.645634   -0.255379  0.012377  
-0.575926  0.735503   -0.303293  0.0113401 
-0.668009  0.701681   -0.381591  0.00616382
-0.72413   0.620022   -0.427313  0.00849031
-0.723692  0.578581   -0.418502  0.0153697 
-0.757158  0.524529   -0.364059  0.0219829 
-0.812363  0.486116   -0.248341  0.0448025 
-0.725874  0.401816   0.190453   0.0817258 
-0.725874  0.401816   0.190453   0.0367352 
-0.816547  0.421736   0.145242   0.0160842 
-0.807708  0.515901   -0.337097  0.0115024 
-0.888762  0.549602   -0.366143  0.0183341 
-0.951749  0.492997   -0.165124  0.0130302 
-0.957812  0.587539   -0.324703  0.0121013 
-0.909748  0.547598   -0.345912  0.0282207 
-0.903009  0.450259   -0.0137695 0.0373161 
-0.903009  0.450259   -0.0137695 0.0267276 
-0.823618  0.463048   -0.12368   0.0201627 
-0.886081  0.494418   -0.234899  0.02675   
-0.886081  0.494418   -0.234899  0.0118066 
-0.985395  0.550384   -0.257295  0.0241585 
-0.985395  0.550384   -0.257295  0.0136256 
-1.03697   0.589472   -0.216648  0.0138054 
-0.998865  0.530058   -0.217645  0.0245713 
-1.05392   0.452123   0.0432959  0.0289313 
-0.980793  0.422219   0.224495   0.0660419 
-0.980793  0.422219   0.224495   0.0226825 
-1.07227   0.451595   0.0811307  0.0516556 
-1.10163   0.354786   0.704643   0.0705555 
-1.10163   0.354786   0.704643   0.0277902 
-1.06513   0.416684   0.291185   0.017204  
-1.1141    0.466542   0.142436   0.0258838 
-1.06954   0.433531   0.226686   0.0405016 
-1.02201   0.391282   0.414782   0.0372154 
-1.02048   0.405656   0.271963   0.0588934 
-1.02048   0.405656   0.271963   0.0407959 
-1.00947   0.38709    0.351937   0.0385541 
-0.915368  0.40021    0.326238   0.0331556 
-0.818514  0.43554    0.00769474 0.0336749 
-0.835185  0.43184    0.0789113  0.0347571 
-0.920334  0.417714   0.235284   0.0419165 
-0.849236  0.403808   0.230082   0.0357419 
-0.946427  0.412616   0.205059   0.0162984 
-0.941456  0.51261    -0.252366  0.0218535 
-0.941456  0.51261    -0.252366  0.0140772 
-0.961531  0.533457   -0.269381  0.0176926 
-1.04928   0.607053   -0.190237  0.0369425 
-1.07224   0.696667   -0.0529656 0.0279912 
-1.09362   0.627528   -0.0726993 0.033821  
-1.08749   0.66274    -0.011124  0.0408606 
-1.01819   0.762331   -0.000410838 0.0598481 
-1.03423   0.803907   0.133751   0.071258  
-1.1064    0.821779   0.502529   0.0605551 
-1.13405   0.764389   0.344771   0.0599889 
-1.15101   0.785179   0.472886   0.0711235 
-1.24381   0.749953   0.884053   0.0722511 
-1.15862   0.81033    0.641546   0.0674474 
-1.06773   0.809589   0.257603   0.0593    
-0.969168  0.904326   0.222632   0.0761111 
-0.902949  0.911388   0.149615   0.0569762 
-0.831283  0.925771   -0.0151254 0.0348462 
-0.784219  0.899628   -0.19625   0.0263153 
-0.852378  0.81981    -0.288794  0.0247504 
-0.792409  0.8108     -0.322862  0.0152167 
-0.759949  0.729085   -0.390321  0.020785  
-0.814124  0.778842   -0.321135  0.024857  
-0.748506  0.816229   -0.273158  0.0298764 
-0.810945  0.738271   -0.341727  0.0181874 
-0.780012  0.725234   -0.379978  0.013236  
-0.75843   0.684393   -0.411364  0.0126128 
-0.79398   0.687527   -0.392054  0.0240931 
-0.847979  0.769681   -0.310678  0.0255502 
-0.749203  0.854182   -0.276628  0.0328212 
-0.714462  0.885729   -0.207205  0.0406942 
-0.667099  0.936145   -0.142553  0.028791  
-0.744027  0.888855   -0.223684  0.0228421 
-0.706096  0.838595   -0.297436  0.0438654 
-0.706096  0.838595   -0.297436  0.0233555 
-0.659324  0.856298   -0.280205  0.050082  
-0.659324  0.856298   -0.280205  0.0118226 
-0.601215  0.766916   -0.333262  0.0148114 
-0.520058  0.673127   -0.248883  0.0112573 
-0.601048  0.675519   -0.339628  0.0152835 
-0.559526  0.761287   -0.297985  0.0141836 
-0.550962  0.765503   -0.31014   0.014182  
-0.501272  0.703183   -0.253095  0.0164004 
-0.46757   0.629967   -0.169662  0.0201566 
-0.46757   0.629967   -0.169662  0.0190253 
-0.379663  0.621931   -0.0150073 0.0196082 
-0.408321  0.56842    0.0161807  0.0281692 
-0.328788  0.471492   0.332448   0.0341874 
-0.249779  0.452855   0.644449   0.0467124 
-0.201464  0.429835   0.762646   0.0453223 
-0.225823  0.390483   0.927986   0.0346628 
-0.176285  0.468376   0.771494   0.0598065 
-0.176285  0.468376   0.771494   0.0289364 
-0.274374  0.496298   0.391827   0.0365369 
-0.274374  0.496298   0.391827   0.026482  
-0.254092  0.586405   0.225341   0.0345726 
-0.254092  0.586405   0.225341   0.0304644 
-0.221901  0.493291   0.607757   0.0378832 
-0.157593  0.465681   0.774936   0.0312126 
-0.186869  0.547176   0.389032   0.0278349 
-0.225107  0.548705   0.374573   0.0285616 
-0.27432   0.533904   0.323314   0.0226912 
-0.243284  0.62888    0.166979   0.0196931 
-0.247338  0.71354    -0.0167925 0.0179704 
-0.295541  0.757542   -0.10643   0.016456  
-0.243441  0.846334   -0.197126  0.018847  
-0.212751  0.788653   -0.172875  0.0155394 
-0.31243   0.820638   -0.171512  0.0188229 
-0.322304  0.731154   -0.133229  0.0217568 
-0.290798  0.635327   0.0872003  0.0170341 
-0.38572   0.729853   -0.13166   0.0172759 
-0.296254  0.801989   -0.202807  0.0217035 
-0.229005  0.708602   -0.0283368 0.0227525 
-0.262111  0.646188   0.0896004  0.0192222 
-0.328543  0.670098   -0.0367725 0.0231494 
-0.278676  0.635356   0.0492282  0.023341  
-0.241638  0.67504    0.00902375 0.0174355 
-0.309757  0.751332   -0.14296   0.0188874 
-0.28283   0.730591   -0.0883276 0.0246096 
-0.200427  0.635867   0.0694846  0.0227868 
-0.198197  0.671784   0.0979499  0.0201451 
-0.278578  0.727167   -0.113102  0.0215801 
-0.232244  0.67549    0.0318738  0.0259629 
-0.174375  0.644515   0.102251   0.0221739 
-0.09354   0.684471   0.132135   0.0198156 
-0.0837313 0.755366   -0.0174469 0.0204636 
-0.0732914 0.726372   0.0354946  0.0231784 
-0.123604  0.65671    0.206924   0.0274418 
-0.065598  0.617969   0.309257   0.0291329 
-0.162288  0.584365   0.266171   0.0331733 
-0.161667  0.508417   0.589907   0.0451015 
-0.0862562 0.455244   0.955042   0.0302436 
-0.168621  0.536803   0.473305   0.0340521 
-0.101402  0.539563   0.51746    0.0343658 
-0.116572  0.498199   0.72368    0.0393376 
-0.0239522 0.50134    0.688566   0.032329  
-0.0286327 0.520262   0.71015    0.0315395 
0.0323224  0.548409   0.54756    0.0339492 
0.05836    0.553717   0.466318   0.0266496 
-0.00364752 0.637667   0.245378   0.0230095 
-0.00378393 0.688088   0.130044   0.0261111 
-0.0769229 0.595101   0.392821   0.0249338 
-0.101336  0.665966   0.0740561  0.0250933 
-0.0949527 0.656198   0.148767   0.023357  
-0.0491496 0.672569   0.177373   0.0215418 
-0.0520774 0.706864   0.104583   0.0222541 
-0.142382  0.693596   0.0838645  0.0233844 
-0.12348   0.666796   0.158669   0.0224128 
-0.13609   0.713322   -0.00638033 0.0241051 
-0.180549  0.639279   0.169748   0.0312933 
-0.115702  0.559535   0.423432   0.0265545 
-0.167423  0.601024   0.247063   0.0296326 
-0.167423  0.601024   0.247063   0.0275687 
-0.209817  0.594572   0.191341   0.0251117 
-0.147698  0.659023   0.139448   0.0266134 
-0.224595  0.589818   0.287524   0.0252246 
-0.288768  0.545212   0.30243    0.0258637 
-0.288259  0.557989   0.219442   0.0305532 
-0.22808   0.515453   0.456678   0.0289337 
-0.297782  0.489398   0.360305   0.0276857 
-0.297782  0.489398   0.360305   0.0290894 
-0.396096  0.3901     0.363746   0.035067  
-0.394579  0.363555   0.482546   0.0234806 
-0.362818  0.430914   0.404605   0.0226203 
-0.337727  0.474069   0.382894   0.0253999 
-0.32149   0.49401    0.331407   0.034825  
-0.264107  0.432467   0.615758   0.0332376 
-0.25953   0.455137   0.575044   0.0263692 
-0.312166  0.505112   0.314045   0.0282873 
-0.269114  0.515157   0.402837   0.0261651 
-0.212841  0.583793   0.290164   0.0311018 
-0.166594  0.560088   0.377497   0.0242656 
-0.194267  0.652601   0.0670758  0.0253369 
-0.194267  0.652601   0.0670758  0.0242748 
-0.292194  0.611189   0.0982119  0.0215694 
-0.349494  0.604236   0.0318994  0.0252177 
-0.268586  0.554303   0.31394    0.0276559 
-0.287815  0.532281   0.285864   0.0210661 
-0.351906  0.59408    0.103543   0.0162089 
-0.445314  0.655653   -0.126012  0.0176282 
-0.468497  0.6068     -0.173321  0.0227305 
-0.373475  0.565406   0.0850773  0.0185228 
-0.437068  0.611511   -0.107539  0.017374  
-0.407342  0.701291   -0.160344  0.0163845 
-0.438708  0.656475   -0.105423  0.0174017 
-0.37055   0.717326   -0.136837  0.0210278 
-0.336862  0.776682   -0.143469  0.0174318 
-0.363806  0.725903   -0.150139  0.0211626 
-0.353306  0.631828   -0.0228554 0.0190002 
-0.451975  0.546975   -0.0694899 0.0182663 
-0.490461  0.480796   -0.0473975 0.0172234 
-0.489193  0.482341   -0.016519  0.0204827 
-0.426192  0.467359   0.131337   0.0257153 
-0.440583  0.403015   0.263962   0.0314127 
-0.341219  0.368351   0.553605   0.0919327 
-0.380575  0.279947   0.985595   0.0446898 
-0.2843    0.305551   1.07338    0.0458809 
-0.306036  0.314449   0.934095   0.0788297 
-0.253256  0.255806   1.55502    0.112506  
-0.306429  0.241919   1.80057    0.0405738 
-0.274733  0.318284   1.12775    0.0374575 
-0.287377  0.373637   0.760796   0.0424614 
-0.228837  0.395408   0.888772   0.0422887 
-0.228837  0.395408   0.888772   0.0503852 
-0.321619  0.326861   0.741145   0.0531981 
-0.230031  0.303843   1.42547    0.19785   
-0.230031  0.303843   1.42547    0.112922  
-0.230031  0.303843   1.42547    0.0579221 
-0.1438    0.353503   1.58022    0.0766878 
-0.159854  0.310755   1.80998    0.0644796 
-0.10443   0.364193   1.51441    0.0574117 
-0.0895875 0.401248   1.21513    0.0657972 
-0.116148  0.360829   1.57118    0.114468  
-0.116148  0.360829   1.57118    0.106337  
-0.0656867 0.314104   1.96409    0.0755045 
0.0208631  0.356885   1.75849    0.0552649 
-0.0311488 0.419302   1.16415    0.0457845 
-0.129606  0.43131    1.01983    0.0370079 
-0.0708983 0.497673   0.743997   0.0336686 
-0.143057  0.528916   0.504299   0.034803  
-0.143817  0.499427   0.635653   0.0290676 
-0.221087  0.579511   0.179779   0.0287791 
-0.154357  0.578581   0.336373   0.0275964 
-0.077323  0.595361   0.385532   0.0323061 
-0.166499  0.516705   0.539057   0.0430398 
-0.166499  0.516705   0.539057   0.032451  
-0.170828  0.5361     0.443312   0.0289418 
-0.128977  0.569442   0.371124   0.0373421 
-0.05717   0.510291   0.665411   0.0331775 
-0.0160906 0.551998   0.469104   0.0271123 
0.0723071  0.641748   0.1898     0.0208161 
0.0713916  0.706535   0.0713255  0.0255807 
-0.00943033 0.654469   0.230364   0.0263662 
0.0841902  0.609981   0.363981   0.0249628 
0.051678   0.655605   0.176921   0.0256402 
0.078985   0.654143   0.172426   0.0270611 
0.162641   0.592846   0.318202   0.0291029 
0.0988623  0.621382   0.188624   0.0287865 
0.104003   0.570552   0.46492    0.0300706 
0.146512   0.540122   0.477864   0.04723   
0.146512   0.540122   0.477864   0.0361067 
0.0798962  0.507556   0.723519   0.0425274 
0.12903    0.452836   0.968466   0.0450489 
0.0856038  0.453179   0.942152   0.0473096 
0.180192   0.391981   1.12119    0.0783788 
0.145992   0.295602   2.12082    0.0495426 
0.19691    0.386765   1.07104    0.0499636 
0.170676   0.372635   1.29479    0.0608113 
0.170676   0.372635   1.29479    0.043665  
0.263315   0.333702   1.03934    0.0432624 
0.353463   0.337925   0.664849   0.0518527 
0.451266   0.341348   0.493459   0.0702525 
0.451266   0.341348   0.493459   0.0385837 
0.414448   0.375075   0.320827   0.0735444 
0.414448   0.375075   0.320827   0.0234806 
0.416527   0.431216   0.222996   0.0329587 
0.416527   0.431216   0.222996   0.0151742 
0.514152   0.527548   -0.138377  0.0231949 
0.522086   0.439569   0.0408058  0.0211673 
0.44466    0.47285    0.0724203  0.0238683 
0.444796   0.430316   0.13788    0.0243055 
0.394411   0.420248   0.300697   0.0364759 
0.323851   0.333467   0.812654   0.0392089 
0.23869    0.395907   0.863533   0.0315796 
0.260074   0.469679   0.504348   0.0268027 
0.262525   0.548239   0.315551   0.0343516 
0.262525   0.548239   0.315551   0.0256853 
0.227734   0.595489   0.236422   0.0204487 
0.286408   0.693168   -0.0340952 0.0169442 
0.299485   0.768504   -0.117068  0.0152344 
0.386857   0.827136   -0.241601  0.0157729 
0.384194   0.793119   -0.182779  0.0163531 
0.427316   0.82995    -0.233512  0.0164406 
0.500263   0.806276   -0.269877  0.0154797 
0.427246   0.809354   -0.252162  0.0148537 
0.475042   0.730377   -0.263899  0.0148947 
0.461979   0.820902   -0.264639  0.0185482 
0.528183   0.911553   -0.314849  0.0196101 
0.586485   0.873939   -0.278551  0.0434486 
0.508259   0.950855   -0.192026  0.0225886 
0.548748   0.909691   -0.249765  0.0228316 
0.579592   0.879144   -0.271741  0.0184645 
0.573253   0.900877   -0.293216  0.0155764 
0.521897   0.83808    -0.307761  0.0171148 
0.484978   0.83035    -0.276789  0.0168188 
0.503709   0.779242   -0.262371  0.0202495 
0.514226   0.829873   -0.25522   0.0141384 
0.462128   0.780228   -0.244106  0.0174118 
0.394149   0.68205    -0.0882911 0.0152346 
0.444692   0.731548   -0.22558   0.0164625 
0.400225   0.781756   -0.229047  0.0153543 
0.443306   0.778883   -0.234593  0.0136619 
0.511769   0.693203   -0.263878  0.0181243 
0.511769   0.693203   -0.263878  0.0151172 
0.499302   0.600605   -0.178983  0.0159259 
0.521911   0.521373   -0.160922  0.0181361 
0.521911   0.521373   -0.160922  0.0155036 
0.576971   0.510586   -0.206815  0.0249149 
0.524704   0.430238   0.051782   0.0182465 
0.508842   0.504721   -0.114214  0.0181868 
0.47612    0.523298   -0.0593161 0.0208809 
0.424719   0.480964   0.0879268  0.0183264 
0.489261   0.495301   -0.0646621 0.0125945 
0.587418   0.560598   -0.271328  0.00859117
0.648947   0.626712   -0.381529  0.00983295
0.648436   0.580778   -0.364874  0.0109834 
0.706839   0.550493   -0.409173  0.011794  
0.623712   0.539481   -0.307151  0.0116332 
0.58192    0.59421    -0.280284  0.0117791 
0.561527   0.631467   -0.265078  0.0093842 
0.636908   0.621712   -0.347879  0.011501  
0.64561    0.649305   -0.362524  0.0118033 
0.715232   0.733261   -0.386174  0.0083465 
0.674902   0.681343   -0.395243  0.0075732 
0.768934   0.665885   -0.424679  0.0126108 
0.802673   0.666599   -0.405599  0.0104926 
0.770648   0.688189   -0.408982  0.00797399
0.867888   0.594948   -0.416087  0.024923  
0.914681   0.662965   -0.313831  0.0168721 
0.866838   0.700302   -0.371824  0.0306615 
0.93969    0.754394   -0.243557  0.0341526 
0.900199   0.822283   -0.186175  0.0442608 
0.884894   0.859936   -0.126822  0.0594281 
0.964468   0.870269   0.163166   0.0780115 
0.964468   0.870269   0.163166   0.0502372 
1.01536    0.807477   0.0677441  0.0608205 
0.998753   0.867527   0.261554   0.0653871 
1.01814    0.894046   0.347481   0.0581365 
1.03559    0.839484   0.147091   0.0797012 
1.03559    0.839484   0.147091   0.0447591 
0.947446   0.875976   -0.0196995 0.0819314 
0.850922   0.973866   0.212152   0.0527227 
0.774996   1.00676    0.0182691  0.0557545 
0.839923   0.963919   0.0682189  0.0745265 
0.755818   1.02842    0.148895   0.0715857 
0.850946   1.0006     0.185408   0.114065  
0.802483   1.09645    0.448442   0.102834  
0.88096    1.06347    0.57893    0.0562054 
0.822759   1.01587    0.141355   0.0520073 
0.753738   0.958312   -0.101827  0.0506174 
0.814167   1.00114    0.0199378  0.10118   
0.830027   1.08341    0.547467   0.130177  
0.786891   1.13679    0.652972   0.132866  
0.811833   1.22305    0.911003   0.166186  
0.811833   1.22305    0.911003   0.172477  
0.817868   1.29658    1.26561    0.165632  
0.817868   1.29658    1.26561    0.170475  
0.817868   1.29658    1.26561    0.190095  
0.817641   1.34488    1.57201    0.208456  
0.854963   1.34248    2.2311     0.294518  
0.757168   1.40215    2.20906    0.292356  
0.757168   1.40215    2.20906    0.204058  
0.712566   1.46834    1.94376    0.281641  
0.772178   1.55051    3.12486    0.310973  
0.704698   1.58356    3.28124    0.324416  
0.60893    1.53292    2.22616    0.225588  
0.623045   1.47835    2.16121    0.328505  
0.556064   1.49821    1.97742    0.253888  
0.629585   1.44248    1.70617    0.199657  
0.685867   1.36262    1.48366    0.171097  
0.638297   1.37155    1.29612    0.226953  
0.664132   1.40605    1.34082    0.190973  
0.753452   1.37141    1.53576    0.262764  
0.753452   1.37141    1.53576    0.149111  
0.679903   1.33905    1.04028    0.191093  
0.75608    1.43112    1.96425    0.236112  
0.771435   1.50606    2.27969    0.302     
0.771435   1.50606    2.27969    0.204252  
0.740855   1.48528    2.17181    0.159437  
0.780139   1.42108    1.52487    0.212441  
0.780139   1.42108    1.52487    0.216231  
0.780139   1.42108    1.52487    0.237505  
0.704912   1.42164    1.90504    0.227938  
0.664315   1.47302    2.02484    0.259054  
0.607454   1.56062    2.43107    0.188952  
0.53734    1.483      1.45979    0.26173   
0.530325   1.45988    1.72827    0.166138  
0.469549   1.37817    0.921473   0.158213  
0.45182    1.38719    1.00777    0.103144  
0.374531   1.35699    0.584632   0.155624  
0.328158   1.43969    1.02488    0.221215  
0.328158   1.43969    1.02488    0.167649  
0.409877   1.46699    1.26934    0.157342  
0.457464   1.48286    1.49153    0.375792  
0.457464   1.48286    1.49153    0.227227  
0.457464   1.48286    1.49153    0.141525  
0.487538   1.38341    0.732371   0.129809  
0.549987   1.33293    0.686256   0.168485  
0.509739   1.32036    0.932095   0.0875058 
0.431754   1.32807    0.308508   0.114569  
0.47278    1.30707    0.514243   0.085124  
0.389099   1.31305    0.445002   0.162537  
0.396641   1.30514    0.620621   0.182742  
0.396641   1.30514    0.620621   0.0847687 
0.39801    1.32111    0.379568   0.160755  
0.304776   1.40182    0.842874   0.131982  
0.364108   1.40103    0.890952   0.143586  
0.353512   1.35265    0.620562   0.08451   
0.298088   1.35274    0.334033   0.11854   
0.390795   1.31341    0.548184   0.119276  
0.475291   1.34321    0.677574   0.251048  
0.425472   1.40041    1.22344    0.129227  
0.51892    1.38526    0.979002   0.216447  
0.554956   1.38928    1.16569    0.130108  
0.50289    1.38984    0.754632   0.0979122 
0.493041   1.32232    0.557606   0.0939811 
0.451145   1.27728    0.263588   0.109385  
0.351978   1.28981    0.39311    0.0598081 
0.426326   1.25777    0.051503   0.20329   
0.426326   1.25777    0.051503   0.0777569 
0.506604   1.21585    0.217818   0.0721806 
0.509718   1.14923    0.022066   0.0373658 
0.499901   1.12805    -0.126004  0.0918844 
0.556724   1.19086    0.285964   0.0441747 
0.516554   1.11906    -0.0863577 0.0663783 
0.50438    1.17671    0.0461195  0.0841497 
0.50438    1.17671    0.0461195  0.143142  
0.50438    1.17671    0.0461195  0.0432615 
0.448912   1.12915    -0.0936832 0.0502048 
0.416167   1.0785     -0.13727   0.0460669 
0.420952   1.1188     -0.0955472 0.0320313 
0.430471   1.09937    -0.175599  0.0586343 
0.380912   1.15591    -0.0456355 0.0719996 
0.465377   1.22004    0.128759   0.107374  
0.547218   1.31366    0.620116   0.112893  
0.635945   1.30528    0.636833   0.145271  
0.635945   1.30528    0.636833   0.261813  
0.635945   1.30528    0.636833   0.121572  
0.637431   1.29228    0.711168   0.121033  
0.647684   1.3617     0.992076   0.298189  
0.647684   1.3617     0.992076   0.138833  
0.556892   1.2988     0.582264   0.12005   
0.612832   1.28729    0.589828   0.126879  
0.612832   1.28729    0.589828   0.133195  
0.688564   1.23333    0.625013   0.131945  
0.722636   1.18718    0.58529    0.196385  
0.752723   1.25179    1.05275    0.11724   
0.711792   1.1919     0.607598   0.101659  
0.782823   1.17181    0.556451   0.0941922 
0.75691    1.09979    0.376812   0.0867879 
0.672614   1.13856    0.259018   0.104915  
0.672614   1.13856    0.259018   0.0790864 
0.584364   1.23473    0.280918   0.106674  
0.490125   1.26698    0.360014   0.104738  
0.557797   1.29983    0.567305   0.142345  
0.56104    1.21667    0.389963   0.0814716 
0.600743   1.16359    0.299207   0.0725928 
0.558981   1.24306    0.236368   0.0555837 
0.563473   1.15882    0.0740026  0.0490484 
0.491419   1.20016    -0.030259  0.0924828 
0.491419   1.20016    -0.030259  0.06728   
0.502339   1.11177    0.123706   0.0705758 
0.600999   1.15007    0.219556   0.115008  
0.600999   1.15007    0.219556   0.0464364 
0.667638   1.08756    -0.00890757 0.0584143 
0.577454   1.05123    -0.0689853 0.0470136 
0.662052   1.01294    -0.0582607 0.0603074 
0.685081   0.985164   0.0568253  0.080169  
0.724296   1.08499    0.231005   0.0981133 
0.72209    1.12049    0.348752   0.119375  
0.755483   1.20714    0.723695   0.122119  
0.808785   1.24299    0.928741   0.111305  
0.743084   1.1443     0.533938   0.0929931 
0.762527   1.14343    0.4248     0.197939  
0.762527   1.14343    0.4248     0.0853402 
0.860089   1.05056    0.416205   0.0975838 
0.910571   1.01638    0.567705   0.0687424 
0.875095   0.9809     0.227193   0.074556  
0.939492   0.996434   0.431046   0.0867024 
0.957925   0.965354   0.372488   0.0574331 
0.88044    0.91812    0.151122   0.0540366 
0.958695   0.841882   0.0715457  0.0496609 
0.888612   0.87339    -0.0285521 0.0408931 
0.846498   0.833855   -0.161638  0.0373462 
0.857536   0.885648   -0.092583  0.0653454 
0.857536   0.885648   -0.092583  0.04733   
0.933099   0.846892   -0.0194608 0.0272157 
0.849018   0.784992   -0.279407  0.0300785 
0.875401   0.769279   -0.276267  0.0176803 
0.866456   0.723443   -0.364964  0.0301071 
0.811634   0.799555   -0.272917  0.0396097 
0.870568   0.860188   -0.12749   0.0333535 
0.970345   0.760765   -0.163382  0.0266959 
0.964103   0.68154    -0.260603  0.0151137 
0.962013   0.672958   -0.334486  0.0212068 
0.862943   0.73255    -0.356485  0.0259276 
0.900752   0.745183   -0.302117  0.0272801 
0.960731   0.722847   -0.239138  0.0489689 
1.02559    0.798175   0.060658   0.0326175 
0.973533   0.753502   -0.162093  0.0713381 
0.973533   0.753502   -0.162093  0.0146833 
0.903223   0.664278   -0.377928  0.0241103 
0.849916   0.707289   -0.326289  0.0225004 
0.907001   0.656991   -0.360825  0.00971318
0.81808    0.565677   -0.438172  0.00903857
0.80461    0.567795   -0.408616  0.0225972 
0.80461    0.567795   -0.408616  0.02516   
0.8602     0.473513   -0.170649  0.044206  
0.930803   0.381038   0.507669   0.0410957 
1.01776    0.396323   0.308152   0.0498237 
0.995862   0.355242   0.760201   0.0398962 
1.00264    0.391441   0.426886   0.0422113 
0.917107   0.391694   0.372376   0.0313808 
0.976823   0.421123   0.174887   0.020647  
0.964934   0.48276    -0.148917  0.011987  
0.970179   0.553847   -0.294549  0.0143011 
0.890804   0.530926   -0.314208  0.0114537 
0.972923   0.566564   -0.30169   0.0171346 
0.942712   0.625099   -0.340246  0.00992182
0.877987   0.565871   -0.402578  0.0145578 
0.792043   0.529363   -0.372599  0.0291379 
0.79754    0.451637   -0.0853034 0.0568927 
0.731691   0.366049   0.659895   0.0336802 
0.759777   0.433261   0.0442187  0.0261899 
0.74149    0.469909   -0.220172  0.0344196 
0.811597   0.427032   0.120137   0.0613312 
0.811597   0.427032   0.120137   0.0273032 
0.806538   0.469668   -0.181352  0.0191196 
0.749022   0.501892   -0.357743  0.00655993
0.816668   0.601453   -0.449329  0.00569986
0.73421    0.631907   -0.4366    0.00807687
0.809999   0.657786   -0.440819  0.0191067 
0.74017    0.756249   -0.355474  0.00969079
0.709252   0.708265   -0.4098    0.00923365
0.764427   0.671048   -0.430945  0.00878525
0.668234   0.679735   -0.392616  0.0118111 
0.642945   0.735346   -0.357531  0.0181294 
0.715475   0.759976   -0.333623  0.0115973 
0.620574   0.730579   -0.328962  0.0191317 
0.63516    0.820165   -0.287997  0.0237636 
0.590418   0.878052   -0.286174  0.016414  
0.509813   0.787539   -0.248052  0.0148352 
0.434958   0.781891   -0.232157  0.0165606 
0.423482   0.695393   -0.165363  0.0195677 
0.387686   0.618713   -0.0190623 0.0220486 
0.287969   0.659956   0.00200843 0.0229785 
0.277037   0.641395   0.0809916  0.0193857 
0.340654   0.686007   -0.0637784 0.0217143 
0.301665   0.615893   0.143065   0.0199088 
0.393485   0.607237   -0.0418622 0.0263102 
0.393485   0.607237   -0.0418622 0.0218868 
0.338009   0.580136   0.142196   0.0215508 
0.425395   0.533593   -0.0216258 0.0212363 
0.367622   0.499529   0.260986   0.0279609 
0.312103   0.454183   0.436409   0.0331713 
0.319469   0.381469   0.559644   0.0286944 
0.340066   0.448916   0.357584   0.0298711 
0.351563   0.396307   0.47614    0.0201452 
0.428353   0.436064   0.220258   0.0176946 
0.425289   0.513681   0.0772264  0.0200733 
0.425935   0.515962   0.0388747  0.0223121 
0.425935   0.515962   0.0388747  0.0212795 
0.49209    0.446791   0.00520704 0.0456877 
0.558333   0.379203   0.297964   0.0231956 
0.560158   0.464813   -0.130055  0.0188522 
0.462771   0.486203   0.0175097  0.0243931 
0.370113   0.453056   0.310177   0.0264104 
0.31386    0.492164   0.386602   0.040334  
0.247288   0.397963   0.816385   0.0405005 
0.247288   0.397963   0.816385   0.0281583 
0.314431   0.422791   0.540264   0.0227818 
0.365619   0.432277   0.381451   0.0284555 
0.29842    0.491882   0.384186   0.0271251 
0.283512   0.530321   0.306116   0.0296656 
0.313893   0.486778   0.330769   0.0338528 
0.313893   0.486778   0.330769   0.0273009 
0.336422   0.48887    0.281757   0.0279297 
0.263484   0.504887   0.470733   0.0316324 
0.168666   0.55301    0.401903   0.0372519 
0.126111   0.504417   0.619439   0.0256122 
0.21577    0.60252    0.219745   0.0232021 
0.18395    0.689319   0.0316868  0.0209567 
0.179428   0.722192   -0.0254053 0.0173811 
0.100839   0.812792   -0.0930592 0.0210308 
0.100839   0.812792   -0.0930592 0.0198083 
0.140842   0.747131   -0.0142786 0.0178449 
0.0918311  0.835979   -0.15169   0.017887  
0.161318   0.798095   -0.135355  0.0181471 
0.124938   0.810542   -0.126351  0.0159778 
0.111952   0.902521   -0.248828  0.0186093 
0.1014     0.977549   -0.256792  0.0164084 
0.194597   0.878789   -0.218636  0.0212386 
0.143469   0.92698    -0.238938  0.0164422 
0.179855   0.87971    -0.229143  0.0164764 
0.10185    0.963178   -0.25717   0.023991  
0.0551775  0.996849   -0.239812  0.0159408 
0.0577544  0.907012   -0.206133  0.0178472 
-0.0253057 0.835195   -0.162139  0.0192938 
-0.124772  0.757505   -0.0239117 0.021627  
-0.200424  0.722086   -0.0586172 0.0226073 
-0.123625  0.720479   0.0147436  0.0249115 
-0.153903  0.678611   0.0365774  0.0237673 
-0.0765305 0.653103   0.207778   0.0257212 
-0.0722357 0.623031   0.296433   0.0303334 
-0.149467  0.559032   0.431407   0.0323852 
-0.172986  0.480977   0.711752   0.0450684 
-0.0876488 0.466553   0.85991    0.0319787 
-0.0475807 0.535279   0.543262   0.0269978 
-0.0916103 0.60331    0.317579   0.0249052 
-0.0771266 0.669788   0.13784    0.0242087 
-0.172141  0.66647    0.0667129  0.0267858 
-0.172141  0.66647    0.0667129  0.0206793 
-0.123132  0.732615   -0.0219555 0.0175783 
-0.129556  0.807676   -0.135005  0.0214112 
-0.119637  0.732826   -0.0263015 0.0219744 
-0.124995  0.704129   0.0317797  0.0210287 
-0.0365253 0.734344   0.0543401  0.0201292 
0.017986   0.755086   -0.0482842 0.0218252 
-0.0538451 0.724869   0.0232097  0.0192437 
-0.0979865 0.786324   -0.100297  0.0176576 
-0.130681  0.817492   -0.16676   0.0162269 
-0.069834  0.886216   -0.204303  0.0177881 
-0.0547787 0.923089   -0.194874  0.016489  
-0.070529  0.946213   -0.245506  0.0172187 
0.00903592 0.991663   -0.240398  0.0157766 
0.00704028 0.934728   -0.220131  0.0199642 
-0.0729867 0.933573   -0.194933  0.0237779 
-0.170978  0.992892   -0.238234  0.0166639 
-0.209349  0.893618   -0.220082  0.018194  
-0.265017  0.801581   -0.177004  0.0163556 
-0.268405  0.855732   -0.215707  0.0171481 
-0.344415  0.869535   -0.224346  0.0165221 
-0.344415  0.869535   -0.224346  0.0172841 
-0.358748  0.891692   -0.25459   0.0222247 
-0.42393   0.98541    -0.287087  0.0617793 
-0.516064  1.08506    0.0228912  0.0354036 
-0.45912   1.09298    -0.174056  0.0307879 
-0.522809  1.01831    -0.189836  0.0280143 
-0.527266  0.946469   -0.225699  0.0238816 
-0.536718  0.93881    -0.268077  0.0288635 
-0.536718  0.93881    -0.268077  0.0329653 
-0.536718  0.93881    -0.268077  0.014438  
-0.584484  0.85622    -0.306364  0.026472  
-0.506631  0.851764   -0.233986  0.013902  
-0.503084  0.775393   -0.278557  0.0161062 
-0.446594  0.760404   -0.250421  0.0146792 
-0.48858   0.750598   -0.254333  0.0143306 
-0.483565  0.716655   -0.216511  0.0132803 
-0.536787  0.650661   -0.24411   0.0137482 
-0.517401  0.641706   -0.210801  0.013046  
-0.542745  0.60019    -0.234873  0.0106396 
-0.618506  0.561233   -0.295306  0.0218795 
-0.60541   0.472395   -0.164986  0.0465834 
-0.598394  0.385628   0.195902   0.077143  
-0.543703  0.315146   1.22722    0.0276358 
-0.452798  0.40927    0.184508   0.0272095 
-0.508565  0.426871   0.0167325  0.0271119 
-0.5519    0.430182   0.0302388  0.0134294 
-0.620926  0.525937   -0.255859  0.00940656
-0.626399  0.610646   -0.348377  0.0134346 
-0.531738  0.709417   -0.286345  0.0150905 
-0.456288  0.737715   -0.227958  0.0145003 
-0.517079  0.774396   -0.280547  0.0171045 
-0.426618  0.841785   -0.218429  0.0192382 
-0.361151  0.851304   -0.224808  0.017023  
-0.359078  0.770233   -0.209143  0.0149298 
-0.449225  0.754321   -0.212857  0.0172151 
-0.445812  0.84049    -0.281653  0.0161364 
-0.406344  0.743268   -0.18533   0.0183737 
-0.350364  0.696355   -0.0989792 0.0184087 
-0.370947  0.663162   -0.0506867 0.020392  
-0.313056  0.667174   -0.0229728 0.0182266 
-0.37867   0.61435    0.01578    0.018313  
-0.415513  0.622488   -0.067398  0.0252712 
-0.333961  0.56061    0.0643996  0.0222879 
-0.332925  0.625783   0.0215091  0.0239058 
-0.266983  0.642027   0.072654   0.020657  
-0.244107  0.707383   -0.0216256 0.0185428 
-0.23318   0.776331   -0.107469  0.0173455 
-0.261961  0.767229   -0.126134  0.0174533 
-0.20901   0.816755   -0.189002  0.0179771 
-0.259582  0.780686   -0.18181   0.0164759 
-0.295316  0.807026   -0.174287  0.0160312 
-0.219256  0.891203   -0.237173  0.0176115 
-0.157251  0.839374   -0.172824  0.0180078 
-0.115952  0.815154   -0.160485  0.0203381 
-0.174849  0.722174   0.0304079  0.0230619 
-0.159861  0.685895   0.0377111  0.0251622 
-0.23902   0.587247   0.222177   0.0307385 
-0.243444  0.517936   0.379075   0.0450434 
-0.243444  0.517936   0.379075   0.0486382 
-0.19705   0.437645   0.694269   0.0353351 
-0.147545  0.493237   0.694769   0.0529592 
-0.147545  0.493237   0.694769   0.0378892 
-0.175004  0.457825   0.765664   0.0471376 
-0.175004  0.457825   0.765664   0.0304636 
-0.204712  0.54895    0.351733   0.025885  
-0.226944  0.593324   0.208682   0.0277434 
-0.193431  0.572454   0.286037   0.0271486 
-0.193431  0.572454   0.286037   0.0241539 
-0.247405  0.628309   0.103658   0.0281753 
-0.156355  0.547323   0.466851   0.0240124 
-0.237636  0.627383   0.149315   0.0262462 
-0.293028  0.5652     0.154391   0.0222208 
-0.365517  0.535208   0.146977   0.0234784 
-0.346638  0.519821   0.200626   0.0209016 
-0.395998  0.430877   0.321946   0.0334125 
-0.461111  0.39118    0.217944   0.0706454 
-0.548868  0.329981   0.928697   0.100507  
-0.474136  0.285181   1.72253    0.296084  
-0.474136  0.285181   1.72253    0.0487143 
-0.413804  0.342466   0.517512   0.0420318 
-0.457627  0.368222   0.307615   0.054216  
-0.457627  0.368222   0.307615   0.041097  
-0.53403   0.380157   0.248911   0.0707321 
-0.570581  0.327491   1.03092    0.0652907 
-0.622253  0.345969   0.711066   0.0981223 
-0.622253  0.345969   0.711066   0.0784245 
-0.622253  0.345969   0.711066   0.0491963 
-0.56749   0.372428   0.39418    0.021075  
-0.522282  0.451328   0.00726796 0.0243503 
-0.443894  0.425776   0.148106   0.0226844 
-0.478299  0.438814   0.0644684  0.0450589 
-0.478299  0.438814   0.0644684  0.03231   
-0.537431  0.410268   0.146941   0.0254025 
-0.586979  0.451495   -0.11919   0.0203662 
-0.525199  0.455208   -0.055945  0.0201591 
-0.599548  0.479408   -0.20582   0.0452981 
-0.627434  0.389216   0.311992   0.0786911 
-0.640773  0.328307   0.937451   0.0739326 
-0.6274    0.331793   1.03332    0.0623747 
-0.72044   0.360852   0.490257   0.114943  
-0.72044   0.360852   0.490257   0.061449  
-0.726499  0.353842   0.739789   0.104149  
-0.726499  0.353842   0.739789   0.0946364 
-0.661139  0.29587    1.7633     0.0817891 
-0.656268  0.309752   1.53178    0.153023  
-0.656268  0.309752   1.53178    0.186367  
-0.656268  0.309752   1.53178    0.0682486 
-0.55868   0.335591   0.890476   0.0797087 
-0.472539  0.306069   1.07065    0.0332309 
-0.456698  0.387246   0.267405   0.0572947 
-0.456698  0.387246   0.267405   0.0228962 
-0.39369   0.428838   0.280948   0.0370389 
-0.294276  0.387138   0.711179   0.0334184 
-0.209691  0.48501    0.607966   0.029029  
-0.273501  0.517563   0.34647    0.0408282 
-0.197563  0.447429   0.730569   0.0349853 
-0.185143  0.490876   0.584251   0.0346678 
-0.185143  0.490876   0.584251   0.0275858 
-0.282582  0.500135   0.398192   0.0275378 
-0.307558  0.557606   0.182628   0.0192192 
-0.401065  0.635023   -0.112064  0.021515  
-0.359996  0.598294   0.0180996  0.0242494 
-0.265969  0.620393   0.116728   0.0259645 
-0.205553  0.58243    0.304455   0.0279846 
-0.231423  0.55936    0.28181    0.0222348 
-0.308158  0.611747   0.0856663  0.0243302 
-0.308158  0.611747   0.0856663  0.0213021 
-0.359392  0.628435   -0.0678581 0.0205362 
-0.33864   0.623521   0.0673428  0.0201472 
-0.337222  0.645916   -0.0173259 0.0173051 
-0.361227  0.732676   -0.149468  0.0180802 
-0.297484  0.794625   -0.156852  0.0173837 
-0.337239  0.764433   -0.200701  0.0156738 
-0.373403  0.788694   -0.223036  0.0171684 
-0.302392  0.77911    -0.165756  0.0169393 
-0.332985  0.81326    -0.218251  0.0183767 
-0.346439  0.714094   -0.14953   0.0182971 
-0.251002  0.773036   -0.108638  0.0168931 
-0.347484  0.871896   -0.224802  0.0176764 
-0.374499  0.934201   -0.250089  0.0169905 
-0.382209  0.88645    -0.25583   0.0284348 
-0.437497  0.967593   -0.232095  0.0160984 
-0.3902    0.91248    -0.285224  0.0714351 
-0.3902    0.91248    -0.285224  0.0185681 
-0.371041  0.9455     -0.272029  0.0209458 
-0.426413  0.948834   -0.220319  0.0324679 
-0.453161  0.999216   -0.180429  0.0232865 
-0.446311  1.00696    -0.268666  0.0332005 
-0.373774  1.05322    -0.194232  0.0249317 
-0.465226  0.986222   -0.216522  0.0199499 
-0.394862  0.922305   -0.297647  0.0157692 
-0.362957  0.85934    -0.251873  0.0162845 
-0.35624   0.89509    -0.241189  0.0158782 
-0.280259  0.929329   -0.28051   0.0162164 
-0.374483  0.861953   -0.237004  0.0170122 
-0.29487   0.820001   -0.195688  0.018407  
-0.29487   0.820001   -0.195688  0.0173703 
-0.341341  0.75862    -0.178225  0.0148798 
-0.434724  0.855804   -0.283141  0.0189571 
-0.477479  0.914981   -0.260162  0.0228092 
-0.550263  0.872484   -0.272261  0.0239158 
-0.630931  0.85041    -0.253484  0.0143405 
-0.594997  0.782476   -0.313444  0.0193734 
-0.602143  0.804639   -0.302505  0.0182123 
-0.585629  0.84702    -0.294233  0.0167903 
-0.671886  0.788333   -0.32277   0.019939  
-0.631717  0.865913   -0.273933  0.0451254 
-0.713972  0.910937   -0.19901   0.0672914 
-0.767199  0.959048   0.0198213  0.0535638 
-0.719015  1.03202    0.0693024  0.110162  
-0.659151  1.12007    0.302504   0.0629991 
-0.703656  1.05896    0.14168    0.0520617 
-0.724963  1.06546    0.107298   0.0719955 
-0.630259  1.11989    0.12661    0.0448731 
-0.58598   1.08628    -0.0315092 0.0513812 
-0.51255   1.17072    0.00370278 0.0715227 
-0.553267  1.1576     0.216756   0.0959484 
-0.47185   1.179      0.221428   0.0625521 
-0.420897  1.1724     0.0846887  0.0636218 
-0.420897  1.1724     0.0846887  0.0580055 
-0.485169  1.17318    0.0662211  0.067396  
-0.417237  1.21589    0.178756   0.102385  
-0.417237  1.21589    0.178756   0.0857083 
-0.417237  1.21589    0.178756   0.0441815 
-0.432873  1.15417    -0.0776389 0.0594807 
-0.524743  1.11754    -0.0354219 0.0433659 
-0.507967  1.0597     -0.157082  0.0351922 
-0.495903  1.07684    -0.157955  0.0289651 
-0.488509  0.990717   -0.213569  0.0457675 
-0.421372  1.0338     -0.18593   0.024742  
-0.418799  1.04533    -0.238166  0.0279152 
-0.331878  1.00699    -0.227166  0.0259947 
-0.272299  1.09004    -0.226859  0.0305174 
-0.241927  1.08085    -0.207176  0.0206532 
-0.150623  1.02011    -0.261277  0.0362731 
-0.100689  1.07134    -0.183364  0.031426  
-0.134858  1.11573    -0.184723  0.019426  
-0.180084  1.04402    -0.276569  0.0181835 
-0.141148  0.990809   -0.247119  0.0168529 
-0.126222  0.942804   -0.235655  0.0218767 
-0.126222  0.942804   -0.235655  0.0143743 
-0.0878606 0.999758   -0.275963  0.0185604 
-0.146415  0.984474   -0.25723   0.016473  
-0.221706  0.905039   -0.269321  0.0296171 
-0.313557  1.00387    -0.233249  0.0259279 
-0.272218  1.04254    -0.215639  0.0525132 
-0.272218  1.04254    -0.215639  0.0353877 
-0.3496    1.13518    -0.176276  0.0294376 
-0.250685  1.12108    -0.18093   0.0462107 
-0.250685  1.12108    -0.18093   0.0627057 
-0.250685  1.12108    -0.18093   0.100827  
-0.250685  1.12108    -0.18093   0.0469683 
-0.202876  1.19384    -0.0661329 0.0917241 
-0.202876  1.19384    -0.0661329 0.0466074 
-0.278354  1.18448    -0.072034  0.057862  
-0.278354  1.18448    -0.072034  0.0606872 
-0.278354  1.18448    -0.072034  0.0859339 
-0.214734  1.28218    0.27824    0.0704272 
-0.153791  1.26643    0.0680756  0.0589957 
-0.135034  1.21284    -0.0354154 0.0717504 
-0.135034  1.21284    -0.0354154 0.0670933 
-0.199044  1.24594    0.160121   0.0744287 
-0.212209  1.2624     0.0940408  0.0591832 
-0.139952  1.24977    0.0571317  0.0580766 
-0.187056  1.29454    0.100201   0.0776495 
-0.259626  1.33097    0.237337   0.111895  
-0.213713  1.41381    0.626008   0.112167  
-0.167182  1.41575    0.551445   0.180163  
-0.0706552 1.41149    0.756458   0.0944894 
0.0269307  1.3895     0.471002   0.105404  
0.0541732  1.48103    0.645056   0.172314  
0.149748   1.48218    1.02272    0.254437  
0.0681927  1.57283    1.67982    0.225165  
0.123096   1.56473    1.83438    0.152748  
0.207282   1.49552    1.10615    0.0957751 
0.156955   1.40477    0.543178   0.205045  
0.156955   1.40477    0.543178   0.0718254 
0.233753   1.31795    0.151837   0.0605229 
0.227481   1.28796    0.121394   0.071299  
0.278909   1.21843    0.0621204  0.0577336 
0.273315   1.13892    -0.0552269 0.0411917 
0.226229   1.10823    -0.192019  0.0546419 
0.273599   1.11218    -0.171674  0.0226465 
0.199454   1.03736    -0.296347  0.0320918 
0.199454   1.03736    -0.296347  0.0146349 
0.226459   0.940658   -0.250566  0.0149707 
0.231531   0.933611   -0.256905  0.0164412 
0.231531   0.933611   -0.256905  0.0183221 
0.229726   0.848391   -0.202498  0.0156673 
0.26       0.937335   -0.295854  0.018352  
0.198476   0.903439   -0.252347  0.0170911 
0.111889   0.819225   -0.157403  0.0187319 
0.132608   0.784957   -0.120321  0.0189571 
0.132608   0.784957   -0.120321  0.0189036 
0.222253   0.769119   -0.12468   0.018688  
0.239872   0.742242   -0.0578902 0.0210676 
0.273063   0.673802   0.0457195  0.0181953 
0.331812   0.694451   -0.0413514 0.0166239 
0.389767   0.73905    -0.180575  0.0174631 
0.310178   0.760403   -0.138072  0.0144297 
0.394051   0.828076   -0.232599  0.0160589 
0.365081   0.84954    -0.223512  0.0159615 
0.278964   0.83272    -0.201036  0.0164908 
0.244548   0.851301   -0.206506  0.0168357 
0.289655   0.865885   -0.232237  0.0186282 
0.190511   0.909295   -0.2007    0.0169575 
0.158668   0.921775   -0.258024  0.0168609 
0.0815283  0.920845   -0.197228  0.0163746 
0.155052   0.863217   -0.192194  0.018143  
0.106664   0.792093   -0.0766519 0.0191993 
0.180152   0.748988   -0.0498386 0.0233259 
0.180152   0.748988   -0.0498386 0.0232164 
0.215495   0.666661   0.022037   0.023958  
0.251376   0.634908   0.137204   0.0221804 
0.262042   0.64488    0.0940464  0.0227907 
0.287973   0.590429   0.183976   0.0216546 
0.356895   0.573332   0.09894    0.0179137 
0.428371   0.625466   -0.0993068 0.0147822 
0.47722    0.686067   -0.222751  0.0155152 
0.404147   0.770201   -0.186395  0.0167405 
0.307048   0.80093    -0.178183  0.0173581 
0.217511   0.829642   -0.176451  0.0188238 
0.217511   0.829642   -0.176451  0.018809  
0.20381    0.77492    -0.106706  0.021518  
0.20381    0.77492    -0.106706  0.017113  
0.226662   0.811405   -0.131382  0.0168669 
0.143914   0.847478   -0.161942  0.018114  
0.117157   0.836048   -0.186213  0.0178633 
0.172667   0.83021    -0.182701  0.0183833 
0.0952008  0.80195    -0.12546   0.0183295 
0.110466   0.802792   -0.0930863 0.0182727 
0.0960091  0.800601   -0.150812  0.0216526 
0.0960091  0.800601   -0.150812  0.0179088 
0.0539795  0.834607   -0.150523  0.0190725 
0.0218873  0.773146   -0.0927553 0.022352  
0.0218873  0.773146   -0.0927553 0.0170163 
0.0842108  0.850222   -0.194881  0.0182599 
0.00150272 0.822893   -0.14094   0.017797  
-0.0927764 0.80286    -0.0926179 0.0198052 
-0.168943  0.74848    -0.0293192 0.016494  
-0.170015  0.836205   -0.127237  0.0167377 
-0.18648   0.901038   -0.221493  0.0168361 
-0.18648   0.901038   -0.221493  0.0155876 
-0.16415   0.940574   -0.270466  0.0237023 
-0.249519  1.01137    -0.2881    0.0336339 
-0.218165  1.0631     -0.182347  0.0261328 
-0.313901  1.00584    -0.24911   0.0452172 
-0.243985  1.06208    -0.226776  0.0213801 
-0.184048  1.03423    -0.238393  0.0566246 
-0.24811   1.07672    -0.161698  0.0412689 
-0.330511  1.10227    -0.17623   0.0518151 
-0.398977  1.13528    -0.118483  0.0937106 
-0.481272  1.14819    0.0682542  0.0548639 
-0.515159  1.13348    -0.0301533 0.0518079 
-0.463529  1.13867    -0.048994  0.0353341 
-0.405798  1.14497    -0.156803  0.0493122 
-0.384401  1.15463    -0.074963  0.0547096 
-0.28589   1.21775    -0.0482689 0.0478973 
-0.302666  1.16914    -0.0618644 0.0409372 
-0.386779  1.1038     -0.14309   0.028295  
-0.330753  1.01212    -0.245801  0.0860395 
-0.426986  1.09589    0.0197039  0.0792944 
-0.389843  1.16032    0.133082   0.0936311 
-0.428074  1.23235    0.19552    0.0649686 
-0.488925  1.21878    0.198655   0.0636422 
-0.540615  1.13675    0.0523984  0.067435  
-0.559046  1.15387    0.113987   0.0432344 
-0.475443  1.1079     -0.135709  0.0402625 
-0.419666  1.06008    -0.188695  0.0366173 
-0.320256  1.1091     -0.149403  0.0309847 
-0.314009  1.08093    -0.216612  0.0256799 
-0.401423  1.03028    -0.236639  0.0314629 
-0.388732  1.10866    -0.181296  0.0372825 
-0.455127  1.11997    -0.126802  0.0970328 
-0.477025  1.12955    0.110212   0.0770518 
-0.384631  1.21094    0.147346   0.0930239 
-0.471997  1.19716    0.266073   0.0807662 
-0.382001  1.22472    0.132237   0.0639674 
-0.423886  1.21126    0.0662314  0.0778273 
-0.393202  1.22052    0.175644   0.0729065 
-0.456029  1.22901    0.249025   0.0562582 
-0.371657  1.17886    -0.0572144 0.0637795 
-0.399573  1.21357    0.0888989  0.0377659 
-0.393078  1.13186    -0.136665  0.0731176 
-0.393078  1.13186    -0.136665  0.0247032 
-0.337186  1.07383    -0.225562  0.0261408 
-0.411506  1.02379    -0.21037   0.0677889 
-0.450237  0.960876   -0.171362  0.0292796 
-0.492394  0.976246   -0.217959  0.0318867 
-0.545562  0.994215   -0.204727  0.039925  
-0.604232  1.0496     -0.0700479 0.059689  
-0.670067  1.13069    0.176587   0.0710837 
-0.651845  1.08582    0.127257   0.0694122 
-0.698658  1.09741    0.195486   0.0880136 
-0.695929  1.07884    0.0770043  0.0510311 
-0.711755  1.0911     0.0646363  0.0575936 
-0.770492  1.00351    0.0496403  0.0653238 
-0.861307  0.965458   0.192161   0.0714539 
-0.876469  0.913521   0.174843   0.0804633 
-0.876469  0.913521   0.174843   0.0528353 
-0.866462  0.885297   0.0179262  0.0576405 
-0.861639  0.949385   0.0694841  0.0743258 
-0.844257  0.993487   0.258446   0.0533491 
-0.891672  0.946504   0.0250333  0.0713274 
-0.891672  0.946504   0.0250333  0.0620333 
-0.842278  0.925891   0.0778301  0.058451  
-0.838808  0.871922   -0.0572211 0.0480925 
-0.820101  0.891017   -0.097378  0.0339102 
-0.824719  0.83833    -0.217958  0.0277518 
-0.828671  0.831974   -0.270408  0.0392603 
-0.780012  0.897137   -0.115784  0.0394893 
-0.799094  0.980421   -0.0806947 0.0892005 
-0.842203  0.940248   0.154125   0.0489928 
-0.855163  0.884486   -0.0430569 0.0446961 
-0.81778   0.901224   -0.0518954 0.0413528 
-0.882585  0.826835   -0.13706   0.0428499 
-0.913913  0.84968    -0.0557847 0.0468206 
-0.949312  0.786668   -0.0250815 0.0317576 
-0.906809  0.80443    -0.195526  0.0314622 
-0.850219  0.776544   -0.268492  0.0130398 
-0.861306  0.705011   -0.39066   0.0282061 
-0.801372  0.80041    -0.256208  0.0341252 
-0.881411  0.787729   -0.169079  0.0213269 
-0.862827  0.730547   -0.332954  0.0173212 
-0.809708  0.649185   -0.411677  0.0143083 
-0.901229  0.666562   -0.399402  0.0483025 
-0.99528   0.749015   -0.0543721 0.0463663 
-1.00315   0.802527   0.00116359 0.0611519 
-0.994195  0.873896   0.240289   0.0681352 
-0.921839  0.950454   0.317795   0.135703  
-1.01035   1.03724    1.08044    0.081508  
-1.05799   0.944924   0.609652   0.158239  
-1.05799   0.944924   0.609652   0.0973915 
-1.05799   0.944924   0.609652   0.0804205 
-1.01511   0.849022   0.153139   0.0902688 
-1.05163   0.902116   0.628182   0.0882023 
-1.0298    0.938901   0.452544   0.0593592 
-0.954349  0.876083   0.16731    0.0526308 
-0.91255   0.891145   0.0727077  0.0360172 
-0.851799  0.876976   -0.118093  0.0777595 
-0.851799  0.876976   -0.118093  0.0397084 
-0.817198  0.862318   -0.187705  0.0424969 
-0.875137  0.907988   -0.00680886 0.0438469 
-0.778142  0.837869   -0.231882  0.0247572 
-0.743934  0.806294   -0.311512  0.035983  
-0.802459  0.895635   -0.200222  0.0561997 
-0.782721  0.974142   -0.00401176 0.0634917 
-0.823278  0.922745   0.0516548  0.0812038 
-0.842498  1.00028    0.292437   0.0866992 
-0.81776   1.00523    0.33351    0.0884132 
-0.879801  1.01868    0.386959   0.144571  
-0.907744  1.10433    0.855768   0.132865  
-0.905805  1.07766    0.814603   0.158177  
-0.823485  1.14       0.843799   0.124979  
-0.865345  1.08813    0.649743   0.122164  
-0.809097  1.18379    0.84449    0.0741937 
-0.715515  1.08429    0.204386   0.0644165 
-0.65788   1.05304    0.0600465  0.060687  
-0.620856  1.14175    0.101722   0.0413298 
-0.522806  1.14262    -0.0703929 0.120931  
-0.500025  1.17606    0.378582   0.11349   
-0.561237  1.18291    0.253594   0.0907319 
-0.544524  1.18418    0.202942   0.113847  
-0.518019  1.25544    0.439636   0.070259  
-0.430685  1.25734    0.0641229  0.119673  
-0.430685  1.25734    0.0641229  0.120684  
-0.493684  1.30617    0.648926   0.207584  
-0.490136  1.33156    0.825998   0.0909273 
-0.585288  1.26378    0.497793   0.0912516 
-0.554383  1.33636    0.56747    0.12517   
-0.573283  1.33538    0.908215   0.128156  
-0.562052  1.35846    0.895381   0.131119  
-0.566811  1.3874     1.12664    0.165734  
-0.56575   1.36173    1.05331    0.152318  
-0.501758  1.45847    1.22245    0.18702   
-0.559185  1.44229    1.39258    0.151136  
-0.592688  1.47962    1.26617    0.197109  
-0.592688  1.47962    1.26617    0.297562  
-0.592688  1.47962    1.26617    0.12513   
-0.496241  1.39462    0.690027   0.1435    
-0.433236  1.42251    1.22482    0.173175  
-0.402975  1.3424     0.999753   0.0827037 
-0.391147  1.28252    0.263805   0.0890314 
-0.414175  1.23185    0.219589   0.0607162 
-0.402901  1.17014    -0.0651322 0.0286836 
-0.305805  1.07948    -0.174514  0.0688912 
-0.362723  1.10724    -0.0812452 0.0418472 
-0.332459  1.03816    -0.192651  0.0411393 
-0.42978   1.09011    -0.155618  0.059808  
-0.485271  1.07856    0.00105337 0.0368771 
-0.494735  1.0513     -0.150096  0.0447714 
-0.558955  1.04807    -0.110107  0.032942  
-0.487036  1.03042    -0.170024  0.0465505 
-0.586618  0.95163    -0.16802   0.0418101 
-0.54026   1.03974    -0.140772  0.0377146 
-0.620498  1.0342     -0.098355  0.0364697 
-0.591358  1.04581    -0.116327  0.0477257 
-0.662863  1.07793    0.0185301  0.037401  
-0.687386  0.986115   -0.210313  0.0411294 
-0.605658  0.950766   -0.142862  0.0504053 
-0.675313  1.03547    -0.0460321 0.0639044 
-0.675313  1.03547    -0.0460321 0.0434263 
-0.59837   1.06075    -0.0474946 0.0507987 
-0.575563  1.14057    0.0421509  0.0538435 
-0.622096  1.15792    0.0842962  0.115602  
-0.622096  1.15792    0.0842962  0.109803  
-0.622096  1.15792    0.0842962  0.0903302 
-0.590236  1.19537    0.306602   0.0724678 
-0.594386  1.20434    0.22674    0.104429  
-0.516084  1.28956    0.646548   0.17649   
-0.516084  1.28956    0.646548   0.101387  
-0.605602  1.29145    0.566209   0.154184  
-0.691465  1.26992    1.12903    0.14293   
-0.648939  1.20977    0.604105   0.106579  
-0.636895  1.17931    0.500532   0.100299  
-0.653377  1.08308    0.244645   0.0648071 
-0.591603  1.10417    0.0331638  0.0766678 
-0.612227  1.13234    0.160951   0.0566023 
-0.562916  1.14444    0.108148   0.0543599 
-0.53908   1.09361    -0.041469  0.0376475 
-0.542976  1.11653    -0.101856  0.0797943 
-0.526415  1.07205    0.0147729  0.0810897 
-0.526415  1.07205    0.0147729  0.0538038 
-0.53767   1.02451    -0.112159  0.0482692 
-0.576531  1.03956    -0.0944569 0.0241391 
-0.497434  1.01642    -0.244715  0.0467671 
-0.497434  1.01642    -0.244715  0.0422803 
-0.513215  0.977403   -0.166912  0.0273853 
-0.493755  0.968743   -0.238345  0.019091  
-0.58964   0.914199   -0.266491  0.0420543 
-0.586612  0.906954   -0.179384  0.0278862 
-0.487148  0.945148   -0.230112  0.0314749 
-0.482399  1.03608    -0.161733  0.0505677 
-0.466765  1.12522    -0.0775382 0.0414339 
-0.549407  1.06335    -0.0830405 0.0973953 
-0.549407  1.06335    -0.0830405 0.0568111 
-0.575886  1.09875    0.0295787  0.0547497 
-0.672928  1.06553    0.0336939  0.0557261 
-0.574616  1.09211    -0.0216009 0.041216  
-0.502048  1.07128    -0.110267  0.0325616 
-0.591445  1.00721    -0.19485   0.0320322 
-0.569879  1.00253    -0.18168   0.0438574 
-0.622957  1.04384    -0.0580382 0.0763529 
-0.683707  0.983721   -0.0402602 0.0723706 
-0.754881  0.997194   0.0177598  0.0409464 
-0.666458  0.95023    -0.17734   0.0450755 
-0.570952  0.867602   -0.255843  0.0162863 
-0.592569  0.811916   -0.298089  0.0231942 
-0.671233  0.8283     -0.306598  0.0133256 
-0.654354  0.744297   -0.356368  0.0205642 
-0.575     0.814114   -0.307893  0.0145377 
-0.545969  0.807043   -0.290512  0.0148025 
-0.4673    0.735336   -0.230591  0.0151356 
-0.552517  0.793517   -0.308488  0.015645  
-0.453159  0.861669   -0.265642  0.0167744 
-0.355424  0.905141   -0.295155  0.0154476 
-0.398561  0.838782   -0.271965  0.0210508 
-0.415817  0.900658   -0.252481  0.0257116 
-0.424218  0.912561   -0.227399  0.0203538 
-0.382642  0.84369    -0.184402  0.0224922 
-0.339228  0.933451   -0.256522  0.0231774 
-0.268683  0.926835   -0.200215  0.0170208 
-0.21124   0.973203   -0.250209  0.0162567 
-0.289089  0.92689    -0.242898  0.0161601 
-0.326886  0.856021   -0.244977  0.0161589 
-0.331477  0.837676   -0.218219  0.0151075 
-0.342174  0.887973   -0.281515  0.0211864 
-0.409174  0.941509   -0.270674  0.0227896 
-0.394141  0.95378    -0.235385  0.0154724 
-0.337605  0.860912   -0.258363  0.0169542 
-0.337605  0.860912   -0.258363  0.0175512 
-0.249046  0.956805   -0.275789  0.0278013 
-0.163122  1.00076    -0.267472  0.0152714 
-0.162504  0.90964    -0.253119  0.0162309 
-0.201615  0.903658   -0.221371  0.0199185 
-0.226701  0.910195   -0.250263  0.0166157 
-0.300833  0.979771   -0.285118  0.0233415 
-0.350136  1.00531    -0.250868  0.0248757 
-0.284699  1.02835    -0.239115  0.0176027 
-0.200615  0.949138   -0.24997   0.0234749 
-0.238111  0.994725   -0.222366  0.0218294 
-0.240407  1.00078    -0.235401  0.0177474 
-0.334425  0.919446   -0.253465  0.036648  
-0.374169  0.938032   -0.238308  0.0307498 
-0.379323  0.969444   -0.263105  0.0207717 
-0.373504  0.967568   -0.254914  0.0255558 
-0.363368  0.961015   -0.239038  0.0283482 
-0.414976  1.03014    -0.175496  0.0215512 
-0.442681  0.959557   -0.277879  0.0166607 
-0.464018  0.873438   -0.251066  0.0170402 
-0.367274  0.818033   -0.21897   0.0168365 
-0.350751  0.772685   -0.173647  0.0162468 
-0.414814  0.767444   -0.233793  0.0142399 
-0.41837   0.852699   -0.258161  0.0152693 
-0.348134  0.855999   -0.266442  0.0214725 
-0.367835  0.796931   -0.203791  0.0151212 
-0.452141  0.781927   -0.25769   0.0140501 
-0.52098   0.767874   -0.299985  0.0154749 
-0.474288  0.842073   -0.294834  0.0155014 
-0.431199  0.78744    -0.238505  0.0168798 
-0.423351  0.886217   -0.248264  0.0162217 
-0.43482   0.86344    -0.254271  0.0158526 
-0.462333  0.864096   -0.293985  0.0194372 
-0.440156  0.803714   -0.262213  0.0165609 
-0.376686  0.890799   -0.275207  0.0158384 
-0.31105   0.914657   -0.250467  0.0202216 
-0.270956  0.903317   -0.200142  0.0191744 
-0.271119  0.811997   -0.155236  0.016065  
-0.330569  0.788153   -0.178615  0.0182506 
-0.280117  0.738777   -0.100963  0.0172205 
-0.294801  0.773053   -0.161334  0.0192753 
-0.244841  0.724353   -0.0460621 0.0183293 
-0.211707  0.753149   -0.0723771 0.0178013 
-0.246401  0.778165   -0.107689  0.0170136 
-0.230373  0.849739   -0.198934  0.0400221 
-0.157973  0.856986   -0.130848  0.0180553 
-0.164588  0.801746   -0.107574  0.0170702 
-0.208323  0.848207   -0.173777  0.0183963 
-0.208323  0.848207   -0.173777  0.0204327 
-0.269935  0.924348   -0.261304  0.0169422 
-0.278341  0.883489   -0.23529   0.0157196 
-0.294275  0.898636   -0.257953  0.0214585 
-0.389522  0.979569   -0.254036  0.0163783 
-0.464701  0.952256   -0.28335   0.034627  
-0.483555  1.0344     -0.183466  0.0257036 
-0.531394  1.0297     -0.222849  0.03407   
-0.487546  0.979884   -0.177926  0.034905  
-0.487167  1.02761    -0.184705  0.0168189 
-0.389912  0.947306   -0.289342  0.0381183 
-0.458972  1.00714    -0.195062  0.0253166 
-0.378979  1.04001    -0.228734  0.0456667 
-0.355458  1.1182     -0.0996829 0.0451323 
-0.306794  1.06984    -0.174107  0.032212  
-0.342412  0.988241   -0.193235  0.0550759 
-0.405555  1.05764    -0.0815598 0.0398979 
-0.389292  1.01572    -0.163322  0.0495887 
-0.3192    1.11076    -0.0628568 0.0608525 
-0.23829   1.14492    -0.0742992 0.0398012 
-0.218974  1.13472    -0.112685  0.0362088 
-0.24198   1.08859    -0.150826  0.0534562 
-0.16092   1.15115    -0.0652613 0.0317706 
-0.139069  1.15069    -0.200639  0.0496907 
-0.169704  1.14706    -0.09943   0.0584615 
-0.196831  1.19725    0.0147395  0.0808167 
-0.280706  1.2962     0.281832   0.11224   
-0.280706  1.2962     0.281832   0.0717746 
-0.32495   1.25865    0.173718   0.0656408 
-0.341272  1.27338    0.0696362  0.0809866 
-0.341272  1.27338    0.0696362  0.0782513 
-0.392105  1.22458    0.121941   0.0476017 
-0.386959  1.1525     -0.0160342 0.0670366 
-0.362669  1.1988     0.0554153  0.0815452 
-0.429548  1.21228    0.250394   0.105021  
-0.455779  1.27665    0.543739   0.0841846 
-0.398419  1.31618    0.393361   0.0850174 
-0.38236   1.32491    0.460206   0.105164  
-0.306569  1.35644    0.378575   0.120045  
-0.351052  1.34574    0.525958   0.281668  
-0.351052  1.34574    0.525958   0.13452   
-0.285693  1.29552    0.240146   0.0702067 
-0.298471  1.27566    0.116141   0.0641887 
-0.344395  1.19093    0.0698853  0.0381374 
-0.257019  1.1415     -0.132888  0.0498892 
-0.165001  1.23478    -0.070488  0.0706692 
-0.153261  1.26974    0.0674736  0.0548585 
-0.150727  1.25423    0.0367944  0.0429075 
-0.162325  1.16946    -0.0910528 0.08927   
-0.186456  1.25888    0.121153   0.0423337 
-0.110842  1.17159    -0.14887   0.0986771 
-0.14471   1.23632    0.303402   0.0525445 
-0.168445  1.18308    -0.0454239 0.0339889 
-0.0733701 1.094      -0.195184  0.0369594 
-0.0244125 1.02659    -0.20974   0.0321379 
-0.0454191 1.10055    -0.237775  0.0206224 
-0.0958125 1.04667    -0.229486  0.0212717 
-0.0482334 1.0166     -0.258117  0.0233149 
-0.0700228 0.974746   -0.245895  0.0262748 
-0.158497  1.0276     -0.227675  0.018093  
-0.0807005 0.979217   -0.272034  0.0147985 
-0.177543  0.939776   -0.238783  0.0163345 
-0.137513  0.961803   -0.259283  0.0490704 
-0.194821  1.05811    -0.171358  0.0304871 
-0.260633  1.06774    -0.20386   0.0423951 
-0.312529  1.11592    -0.121302  0.0591337 
-0.360778  1.19354    0.0024808  0.0522569 
-0.455695  1.21852    0.069937   0.0732942 
-0.370735  1.20558    0.108002   0.0489069 
-0.299629  1.15424    -0.0595753 0.0302089 
-0.242878  1.06372    -0.203487  0.0306602 
-0.233097  1.01641    -0.233899  0.019094  
-0.195955  0.942682   -0.246005  0.0232053 
-0.191028  1.0174     -0.272655  0.0159609 
-0.258466  0.968806   -0.30395   0.0333153 
-0.299349  1.03582    -0.221843  0.0220401 
-0.251915  0.958901   -0.226978  0.0230496 
-0.266744  0.913745   -0.226089  0.018222  
-0.29308   0.852561   -0.220111  0.0163471 
-0.213859  0.854145   -0.19788   0.015986  
-0.259213  0.900939   -0.285784  0.017499  
-0.24957   0.821882   -0.168342  0.0185878 
-0.259898  0.753816   -0.103463  0.016716  
-0.205015  0.836871   -0.16144   0.0163551 
-0.144088  0.864505   -0.222455  0.0176153 
-0.144088  0.864505   -0.222455  0.0161753 
-0.22038   0.870729   -0.225336  0.0158314 
-0.145396  0.930663   -0.262641  0.0179062 
-0.125917  0.841088   -0.15686   0.0202354 
-0.179119  0.898253   -0.222087  0.0166602 
-0.171311  0.874467   -0.255131  0.016235  
-0.182165  0.843935   -0.167081  0.0168883 
-0.192514  0.854878   -0.182033  0.0176119 
-0.129543  0.810975   -0.109741  0.018008  
-0.144147  0.814187   -0.13989   0.0193566 
-0.173145  0.726451   0.0151869  0.020469  
-0.147365  0.726271   -0.0068978 0.0188253 
-0.103846  0.779165   -0.0753254 0.0194452 
-0.123614  0.763298   -0.058393  0.0219966 
-0.0637151 0.713266   0.0170479  0.0197381 
-0.0269721 0.775305   -0.0651749 0.023584  
-0.0269721 0.775305   -0.0651749 0.0227698 
-0.0343703 0.695037   0.112411   0.0221389 
-0.100536  0.715397   0.0296669  0.0226415 
-0.017418  0.728639   -0.0344279 0.0199486 
-0.102019  0.768766   -0.0710471 0.0224131 
-0.0477678 0.720096   -0.00163322 0.026738  
-0.0477678 0.720096   -0.00163322 0.0230722 
0.0456945  0.687794   0.127925   0.0212349 
-0.0363004 0.71034    0.0907279  0.0270885 
0.0158826  0.625478   0.246215   0.0284223 
0.0913036  0.60499    0.349328   0.0336606 
0.12847    0.515175   0.586719   0.0357617 
0.0793889  0.527109   0.543572   0.0337707 
0.0770055  0.542483   0.564644   0.0362656 
0.0473039  0.529874   0.549108   0.0366713 
0.023803   0.512748   0.660546   0.0416955 
0.114624   0.441283   1.06228    0.0393659 
0.125903   0.469768   0.828382   0.0439433 
0.0790992  0.453182   0.966873   0.043153  
0.0331107  0.462779   0.912409   0.0596142 
0.0331107  0.462779   0.912409   0.0419142 
0.0750517  0.494135   0.639399   0.035826  
0.106847   0.525097   0.556256   0.0277743 
0.0105923  0.613793   0.310887   0.0294837 
-0.0341876 0.585448   0.401485   0.0246251 
-0.0988884 0.636259   0.221311   0.0294972 
-0.0988884 0.636259   0.221311   0.0252247 
-0.111511  0.66668    0.0838485  0.0222905 
-0.0896829 0.680661   0.15143    0.0243084 
-0.180053  0.638603   0.137719   0.0268314 
-0.176109  0.621979   0.193875   0.0245896 
-0.113708  0.650325   0.227909   0.0232416 
-0.193708  0.649784   0.139633   0.0244333 
-0.154468  0.670494   0.0660485  0.0283212 
-0.16994   0.578478   0.312265   0.0309406 
-0.137085  0.540754   0.47847    0.0349583 
-0.127769  0.546408   0.410911   0.0259759 
-0.0840399 0.613757   0.291346   0.027902  
-0.0809108 0.624549   0.229768   0.0234655 
0.00839069 0.67747    0.153434   0.0259008 
0.056611   0.640736   0.240578   0.0235398 
0.115706   0.671427   0.128312   0.0200072 
0.181712   0.746144   -0.0581146 0.0190871 
0.102166   0.785703   -0.130169  0.0193991 
0.0606447  0.766236   -0.0394705 0.0190105 
0.0961176  0.778871   -0.105508  0.0190849 
0.114053   0.750289   -0.0338809 0.0186935 
0.0259135  0.788992   -0.0745052 0.0183723 
0.0719449  0.813396   -0.109531  0.0199762 
0.0287397  0.758872   -0.0387291 0.0223366 
0.119452   0.726229   -0.0249988 0.0188503 
0.0260186  0.791607   -0.0595474 0.0219869 
0.0136945  0.717809   0.0186403  0.0177539 
-0.00408923 0.810906   -0.153738  0.0187475 
0.0316808  0.830862   -0.130867  0.0199686 
0.120739   0.784916   -0.0942137 0.0180409 
0.0943026  0.827643   -0.144654  0.0182603 
0.0155361  0.862221   -0.149899  0.0177387 
-0.0353686 0.798343   -0.0782628 0.0161407 
0.06336    0.89057    -0.183863  0.0149951 
0.000904132 0.901865   -0.196196  0.0170082 
0.00971712 0.955393   -0.263189  0.0157779 
