#MU        SIGMA      ENERGY     ERROR     
1.29203    0.702558   1.14187    0.0497172 
1.21954    0.668863   0.519567   0.0462949 
1.15438    0.662229   0.215251   0.0564479 
1.15438    0.662229   0.215251   0.0366649 
1.07735    0.674527   -0.00680388 0.0356692 
1.10562    0.663717   0.0543574  0.0175095 
1.06501    0.591335   -0.151981  0.0243634 
1.0189     0.661066   -0.184951  0.0200285 
1.11393    0.585486   -0.0171251 0.0210675 
1.05825    0.618319   -0.175501  0.0303943 
0.974424   0.692291   -0.22666   0.00992094
0.883093   0.625749   -0.422131  0.0101243 
0.929367   0.56641    -0.371355  0.0145107 
0.999397   0.541454   -0.227808  0.011367  
0.951621   0.546243   -0.28201   0.0119204 
0.903248   0.55086    -0.369677  0.013008  
0.944706   0.539047   -0.322824  0.0306954 
0.912357   0.442916   0.0124615  0.0229581 
0.950701   0.469693   -0.0982754 0.0159257 
0.900491   0.520011   -0.289386  0.00817264
0.884261   0.616603   -0.428639  0.0159221 
0.983304   0.591552   -0.292159  0.0155647 
1.0692     0.497122   -0.0408496 0.0109213 
0.971315   0.571104   -0.317089  0.00926724
0.90998    0.583109   -0.402287  0.0163853 
0.974763   0.508229   -0.20995   0.0132738 
1.03315    0.533054   -0.17304   0.0130308 
1.09396    0.526266   -0.0245845 0.0181947 
1.04721    0.47545    0.00429803 0.0380742 
1.04721    0.47545    0.00429803 0.0245675 
1.13138    0.429411   0.30126    0.0222213 
1.22407    0.42549    0.468454   0.0198619 
1.23762    0.435609   0.523232   0.0161282 
1.14956    0.459511   0.243457   0.0161967 
1.09245    0.486511   0.0206175  0.0264936 
1.00624    0.445962   0.0465602  0.0172979 
0.942719   0.509381   -0.270607  0.015829  
1.01198    0.510295   -0.17008   0.0207353 
1.08897    0.562704   -0.0988908 0.0176883 
1.09334    0.544096   -0.0520894 0.0203462 
1.04537    0.631968   -0.185577  0.0102202 
0.956166   0.58957    -0.355305  0.0144298 
0.920209   0.536147   -0.33665   0.0160673 
0.920209   0.536147   -0.33665   0.0145533 
0.920209   0.536147   -0.33665   0.0303913 
0.925383   0.438222   0.0708681  0.0378814 
0.992554   0.396873   0.312289   0.0212711 
0.980064   0.477183   -0.092471  0.010805  
0.951002   0.562811   -0.332123  0.0112803 
0.960721   0.556214   -0.307051  0.0142131 
0.999116   0.516858   -0.186293  0.0133249 
0.906483   0.536499   -0.344144  0.00963277
0.959717   0.577687   -0.339859  0.0126771 
0.941301   0.536235   -0.300012  0.0234209 
1.00442    0.459778   0.0343972  0.0119894 
0.907267   0.55349    -0.373542  0.0181572 
0.887846   0.506342   -0.250059  0.0171038 
0.844609   0.513777   -0.319234  0.018616  
0.914695   0.492619   -0.181004  0.010556  
0.88333    0.562958   -0.382608  0.00729205
0.827271   0.609393   -0.440009  0.0132005 
0.858019   0.538217   -0.386431  0.0230549 
0.813537   0.485765   -0.295358  0.0108508 
0.879466   0.554473   -0.387631  0.0258479 
0.79303    0.471227   -0.210147  0.0373994 
0.839405   0.410817   0.254121   0.0534335 
0.779039   0.369772   0.549824   0.0354755 
0.836616   0.426751   0.0649948  0.0673272 
0.836616   0.426751   0.0649948  0.042895  
0.831183   0.388199   0.455877   0.0401756 
0.770313   0.402158   0.309147   0.0460566 
0.797344   0.380133   0.513904   0.0308254 
0.750195   0.443564   -0.0675829 0.0160877 
0.769121   0.519311   -0.351214  0.0185288 
0.815329   0.507898   -0.304947  0.0160929 
0.875969   0.512931   -0.281069  0.0243559 
0.973398   0.453071   0.0406989  0.0472258 
0.973398   0.453071   0.0406989  0.04989   
0.964697   0.372876   0.50516    0.029933  
1.03992    0.417638   0.31148    0.0427232 
0.976883   0.383103   0.415397   0.0585234 
1.00886    0.335336   0.992722   0.0449184 
0.97443    0.381568   0.476325   0.0587879 
0.894095   0.350338   0.845473   0.0430012 
0.80814    0.391886   0.403825   0.0347649 
0.752538   0.429574   0.0319466  0.0482201 
0.76932    0.380382   0.413016   0.0770788 
0.76932    0.380382   0.413016   0.0319398 
0.822034   0.448804   -0.100568  0.0348637 
0.766471   0.436669   -0.0228459 0.0575278 
0.766471   0.436669   -0.0228459 0.017924  
0.667992   0.504384   -0.288509  0.0112285 
0.758241   0.546558   -0.395274  0.00899761
0.835045   0.584144   -0.436127  0.00669715
0.789173   0.618756   -0.437879  0.00658337
0.710902   0.630217   -0.422478  0.0180576 
0.756553   0.719968   -0.375054  0.0163931 
0.69616    0.766969   -0.357234  0.0203781 
0.743394   0.782321   -0.338586  0.0379458 
0.71824    0.84976    -0.205895  0.0214568 
0.789146   0.814983   -0.301767  0.0259151 
0.72229    0.897774   -0.23792   0.0305932 
0.734155   0.854697   -0.236845  0.0329411 
0.693418   0.85371    -0.238959  0.0401454 
0.679418   0.940774   -0.159793  0.0656021 
0.639654   0.963294   -0.165774  0.0586394 
0.696914   1.05916    0.02959    0.0795854 
0.696914   1.05916    0.02959    0.107068  
0.777561   1.1537     0.465985   0.11442   
0.856984   1.17069    0.740213   0.129863  
0.92026    1.10879    0.863304   0.146946  
1.00409    1.07667    1.28478    0.0751188 
0.926699   0.995482   0.319521   0.0762591 
0.865331   0.996247   0.240426   0.0502869 
0.765448   0.979432   -0.0576755 0.0340782 
0.726206   0.93579    -0.18907   0.031685  
0.662318   0.943332   -0.232418  0.0355349 
0.676236   0.902579   -0.190955  0.0356996 
0.752853   0.845641   -0.181022  0.0364198 
0.812704   0.858382   -0.185498  0.0274428 
0.752694   0.807254   -0.287704  0.0196639 
0.72972    0.838223   -0.304565  0.022099  
0.651812   0.864698   -0.29443   0.0450616 
0.722554   0.939117   -0.104539  0.0460823 
0.665203   0.91899    -0.151366  0.026044  
0.645138   0.946698   -0.271113  0.0360026 
0.738293   0.882082   -0.156093  0.0311846 
0.817309   0.82045    -0.236625  0.0372643 
0.82069    0.85808    -0.18918   0.0385478 
0.888893   0.827853   -0.09797   0.045864  
0.885962   0.886603   -0.0242624 0.0236946 
0.828312   0.822607   -0.275941  0.022937  
0.781517   0.771011   -0.322397  0.01114   
0.724792   0.699545   -0.399363  0.0188039 
0.81328    0.786247   -0.347509  0.0190748 
0.714382   0.752819   -0.336489  0.00868893
0.648574   0.668354   -0.367748  0.00872291
0.692236   0.575325   -0.377455  0.019129  
0.763784   0.495551   -0.307097  0.0308671 
0.705251   0.442464   -0.099048  0.017286  
0.623554   0.496168   -0.225927  0.0330093 
0.617305   0.425263   0.0260081  0.0675302 
0.617305   0.425263   0.0260081  0.0392571 
0.585209   0.403069   0.132735   0.0483831 
0.488357   0.354357   0.519748   0.130465  
0.488357   0.354357   0.519748   0.0274582 
0.465924   0.41124    0.191159   0.0246376 
0.396979   0.450161   0.204288   0.020384  
0.391631   0.53073    0.0892684  0.0246638 
0.462739   0.432302   0.0783911  0.0227492 
0.368905   0.487501   0.210803   0.0289095 
0.270197   0.547554   0.247005   0.0328321 
0.231025   0.452743   0.736713   0.0360718 
0.278297   0.421297   0.602536   0.0352265 
0.280219   0.388629   0.747683   0.0272185 
0.341339   0.46248    0.346619   0.029325  
0.247492   0.53736    0.346537   0.0236616 
0.266703   0.614596   0.144589   0.0219822 
0.229035   0.652097   0.10232    0.0204914 
0.207059   0.728426   -0.0423655 0.0182571 
0.152299   0.827699   -0.166089  0.0161425 
0.162279   0.879908   -0.214459  0.0251354 
0.191602   0.970172   -0.246108  0.0311335 
0.151633   1.06205    -0.19407   0.0242441 
0.11633    1.09937    -0.244208  0.0304303 
0.0547259  1.19291    -0.213633  0.0337648 
0.0585278  1.12403    -0.208555  0.0319282 
-0.0233583 1.1123     -0.213654  0.021312  
-0.00986768 1.05166    -0.260804  0.017832  
0.044542   0.964175   -0.223123  0.017921  
0.0384936  0.870516   -0.205149  0.0221575 
0.110479   0.95799    -0.211576  0.023507  
0.0698153  1.0373     -0.257182  0.0327559 
0.104185   1.08271    -0.265796  0.0334413 
0.175404   1.16683    -0.168199  0.0356981 
0.205547   1.15382    -0.182975  0.0840349 
0.205547   1.15382    -0.182975  0.038945  
0.286547   1.17164    -0.102726  0.0778653 
0.364738   1.14423    0.0192826  0.0326986 
0.388027   1.04797    -0.15223   0.0310153 
0.39911    1.02162    -0.19424   0.0340716 
0.452205   0.990624   -0.184705  0.0380051 
0.446563   0.98815    -0.223455  0.038984  
0.472671   1.07165    -0.175946  0.0414816 
0.475061   1.10458    -0.137155  0.0439867 
0.463632   1.00717    -0.145184  0.0354336 
0.4527     0.921107   -0.197669  0.0238248 
0.453218   0.952028   -0.224641  0.0463395 
0.519988   0.994438   -0.209013  0.0461441 
0.464565   1.08479    -0.0544765 0.0645449 
0.404031   1.17802    0.0354333  0.0979566 
0.404031   1.17802    0.0354333  0.0878789 
0.4632     1.20483    0.268735   0.0696854 
0.417237   1.19944    0.168054   0.0841123 
0.3395     1.26517    0.272838   0.0674437 
0.326039   1.24248    0.181581   0.124907  
0.295096   1.23882    0.19668    0.0856316 
0.309593   1.30211    0.297189   0.120839  
0.309593   1.30211    0.297189   0.0859613 
0.367952   1.27958    0.261753   0.113538  
0.422592   1.32691    0.615672   0.171659  
0.461955   1.37912    0.836017   0.149153  
0.552294   1.47177    1.28479    0.243892  
0.478006   1.52214    1.94657    0.329723  
0.468864   1.59775    3.16261    0.223991  
0.370047   1.49797    1.4606     0.207789  
0.352522   1.47032    1.52329    0.171838  
0.40064    1.45574    1.31775    0.19122   
0.364649   1.54859    1.40449    0.228388  
0.26557    1.62367    1.78492    0.190908  
0.211698   1.52733    1.66492    0.176425  
0.289242   1.57124    1.63883    0.252334  
0.250372   1.60937    2.24795    0.334252  
0.306728   1.57543    2.43024    0.128823  
0.258506   1.50647    1.0505     0.13416   
0.203803   1.46406    0.955273   0.105736  
0.201811   1.39154    0.66875    0.134604  
0.300476   1.45436    1.01106    0.118461  
0.374502   1.39356    0.770921   0.169471  
0.342899   1.465      1.43367    0.165506  
0.378044   1.46709    1.05545    0.229969  
0.378044   1.46709    1.05545    0.102947  
0.334684   1.37285    0.561516   0.228766  
0.385558   1.30535    0.841173   0.100687  
0.404852   1.37538    0.399474   0.207344  
0.492176   1.46869    1.61492    0.211002  
0.443397   1.49465    1.57977    0.156336  
0.507198   1.51338    1.30349    0.298308  
0.507198   1.51338    1.30349    0.207848  
0.486297   1.56635    1.95227    0.156173  
0.401826   1.49711    1.44076    0.306121  
0.401826   1.49711    1.44076    0.213712  
0.328414   1.53967    1.57937    0.278612  
0.347477   1.61834    2.28264    0.373777  
0.345182   1.69472    2.68489    0.329778  
0.304443   1.70297    3.0015     0.509661  
0.21982    1.76025    4.76571    0.310719  
0.281369   1.73214    3.11243    0.535251  
0.281369   1.73214    3.11243    0.261777  
0.346417   1.63322    2.23843    0.23762   
0.304347   1.59065    2.34239    0.223709  
0.301182   1.62021    2.12932    0.213553  
0.239374   1.57401    2.0153     0.186424  
0.164745   1.6497     1.96286    0.20759   
0.164745   1.6497     1.96286    0.295121  
0.106201   1.70109    2.79234    0.217891  
0.117843   1.60285    2.17674    0.37602   
0.184491   1.69045    3.07763    0.368459  
0.231293   1.74145    3.15665    0.202187  
0.221195   1.66049    2.03433    0.353719  
0.31207    1.69179    2.79364    0.183089  
0.355503   1.64545    1.93203    0.192669  
0.362887   1.60457    1.94694    0.299588  
0.331129   1.66623    2.94475    0.282381  
0.352231   1.67079    2.63662    0.441027  
0.311474   1.68749    3.16173    0.204538  
0.346306   1.64992    2.23566    0.463146  
0.346306   1.64992    2.23566    0.519472  
0.323553   1.59095    2.14612    0.308923  
0.25421    1.6311     2.38916    0.18606   
0.229379   1.55269    1.61786    0.202673  
0.311154   1.57885    1.87472    0.316515  
0.394063   1.63462    2.79144    0.22914   
0.407483   1.61676    2.19348    0.272549  
0.309683   1.62692    2.27661    0.169474  
0.335926   1.57567    1.47409    0.172318  
0.349933   1.51828    1.30286    0.241091  
0.349933   1.51828    1.30286    0.377753  
0.349933   1.51828    1.30286    0.213198  
0.349933   1.51828    1.30286    0.127188  
0.381215   1.44752    0.850428   0.15024   
0.425865   1.4751     0.979604   0.219549  
0.447643   1.50918    1.73638    0.194946  
0.365887   1.54895    1.727      0.189477  
0.368268   1.58235    1.68148    0.286719  
0.291218   1.58024    2.09772    0.222026  
0.246567   1.54407    1.83665    0.278647  
0.285943   1.61532    2.65817    0.245077  
0.221385   1.62946    2.15555    0.222018  
0.24324    1.62724    2.23449    0.220493  
0.21872    1.57796    1.84689    0.502612  
0.284771   1.52606    2.12848    0.139734  
0.356726   1.50591    0.980714   0.215134  
0.346932   1.53802    1.75089    0.351536  
0.346932   1.53802    1.75089    0.316044  
0.338981   1.61125    2.56702    0.291086  
0.429817   1.52104    1.98756    0.225456  
0.467894   1.57023    2.23787    0.173423  
0.559094   1.57895    1.96202    0.218389  
0.473238   1.57696    1.89161    0.28614   
0.538697   1.64557    2.80372    0.248708  
0.464255   1.56432    2.06364    0.201696  
0.401429   1.54136    1.57964    0.252987  
0.401429   1.54136    1.57964    0.2265    
0.393648   1.57311    2.09037    0.43497   
0.393648   1.57311    2.09037    0.199039  
0.359803   1.60952    1.82404    0.325024  
0.359803   1.60952    1.82404    0.176921  
0.427487   1.56692    1.59372    0.179381  
0.351851   1.52788    1.46066    0.143487  
0.266027   1.45823    0.828215   0.093057  
0.310209   1.38204    0.494955   0.125356  
0.3307     1.46801    0.847342   0.199021  
0.320742   1.48693    1.44898    0.136244  
0.358095   1.4256     0.877919   0.198341  
0.334531   1.36889    1.00566    0.0921625 
0.420597   1.31883    0.438033   0.0781209 
0.493917   1.31237    0.296588   0.17282   
0.529856   1.40337    1.24436    0.128479  
0.489226   1.37627    0.701103   0.155239  
0.412515   1.31978    0.689796   0.0879707 
0.320206   1.35644    0.47161    0.0753463 
0.262542   1.2855     0.29555    0.0793552 
0.288226   1.34103    0.318109   0.0714614 
0.270456   1.26706    0.0925661  0.0490249 
0.255391   1.18048    -0.109529  0.0514911 
0.21587    1.2166     -0.0267355 0.0494053 
0.196297   1.24589    -0.00295682 0.101406  
0.196297   1.24589    -0.00295682 0.0931929 
0.257042   1.2307     0.100617   0.0688261 
0.240342   1.30467    0.129914   0.0620955 
0.162352   1.30736    0.0909269  0.0935559 
0.19543    1.33382    0.293694   0.102258  
0.173757   1.41632    0.491177   0.0910694 
0.155621   1.44011    0.483405   0.201961  
0.155621   1.44011    0.483405   0.196395  
0.219153   1.53117    1.35202    0.219156  
0.150011   1.58424    1.86329    0.21782   
0.215042   1.66381    2.24798    0.210182  
0.247138   1.60267    2.04126    0.208045  
0.213998   1.6276     1.9136     0.25511   
0.197935   1.68688    2.40546    0.360371  
0.197935   1.68688    2.40546    0.268782  
0.228688   1.60822    2.22179    0.329637  
0.255354   1.70367    3.42329    0.452635  
0.182075   1.75521    4.01305    0.409582  
0.182075   1.75521    4.01305    0.365568  
0.156104   1.79344    3.62072    0.369043  
0.129979   1.70587    2.85435    0.232056  
0.0676443  1.67962    2.01103    0.18494   
0.0771303  1.62029    1.77954    0.428324  
0.0771303  1.62029    1.77954    0.182603  
0.00607087 1.60793    1.50098    0.192412  
0.0473136  1.6076     1.59864    0.256709  
0.130741   1.57263    2.24247    0.26871   
0.122862   1.62461    2.21724    0.181541  
0.156196   1.60138    1.71499    0.444239  
0.156196   1.60138    1.71499    0.284739  
0.205137   1.59742    2.08833    0.208451  
0.196473   1.49904    1.17791    0.214897  
0.164464   1.58265    1.81164    0.128977  
0.0654665  1.48969    0.931539   0.195179  
0.0654665  1.48969    0.931539   0.183026  
0.122351   1.56354    1.4721     0.19727   
0.0495003  1.5424     1.47771    0.189679  
0.14048    1.59265    1.58055    0.259236  
0.0542291  1.60744    2.28696    0.18255   
-0.0160806 1.54116    1.57865    0.133436  
0.0262608  1.52004    1.04972    0.169608  
-0.0195801 1.48145    1.21925    0.260302  
0.0799979  1.47359    1.2864     0.121091  
0.15591    1.41458    0.610083   0.0738908 
0.0841502  1.32345    0.197627   0.100318  
0.143136   1.32926    0.31538    0.113258  
0.144673   1.3544     0.520557   0.115555  
0.116306   1.43789    0.621871   0.0730675 
0.154521   1.42596    0.408544   0.137376  
0.104112   1.37945    0.608688   0.0589025 
0.180051   1.2935     0.12875    0.0657338 
0.091145   1.26289    0.122863   0.10526   
0.046391   1.31282    0.200777   0.117047  
-0.0179279 1.37652    0.403387   0.1878    
-0.0217469 1.46177    0.921156   0.165644  
0.030434   1.41433    0.657378   0.109776  
0.00994536 1.47162    0.663574   0.23576   
0.0391596  1.54041    1.66136    0.183593  
0.0400963  1.62789    1.88373    0.27242   
0.110032   1.61204    1.908      0.417818  
0.0873467  1.69515    3.44763    0.254728  
-0.0033787 1.64827    2.16205    0.299535  
-0.00493556 1.67959    2.91546    0.359822  
0.0310733  1.69028    3.21705    0.353298  
0.121924   1.66289    2.81081    0.239742  
0.208977   1.62861    2.20697    0.160099  
0.255741   1.59773    1.50194    0.292997  
0.229207   1.65017    2.53195    0.282247  
0.261158   1.58734    2.41419    0.354263  
0.168771   1.60106    2.26768    0.140813  
0.0934063  1.50882    1.00197    0.12304   
0.0709592  1.47237    0.823725   0.197273  
0.11757    1.56071    1.43554    0.211913  
0.0603462  1.49592    1.21536    0.228086  
0.119523   1.59072    1.94086    0.26407   
0.120027   1.55378    1.74953    0.243017  
0.105722   1.57135    1.69773    0.353117  
0.105722   1.57135    1.69773    0.280188  
0.0454604  1.5845     1.95186    0.181655  
0.00569137 1.57347    1.45288    0.224318  
0.0951481  1.53518    1.64175    0.109055  
0.0292097  1.43599    0.580342   0.108848  
0.0487234  1.42248    0.744029   0.080251  
0.11655    1.3415     0.324984   0.113498  
0.0382456  1.28562    0.33407    0.0750861 
0.0732232  1.3165     0.277451   0.172564  
0.0732232  1.3165     0.277451   0.104569  
0.000870989 1.38128    0.427241   0.0725111 
0.100749   1.38716    0.287347   0.129894  
0.0520341  1.4567     0.747413   0.145087  
0.145765   1.45637    0.813303   0.116064  
0.0737919  1.37697    0.494113   0.121458  
0.0538457  1.35945    0.625913   0.103185  
-0.018029  1.33922    0.34611    0.0764217 
0.0283585  1.31048    0.222247   0.0886714 
0.0515074  1.27717    0.200445   0.052686  
0.135325   1.2383     -0.0227006 0.0559033 
0.0550033  1.2204     -0.0140973 0.067829  
0.100583   1.27536    0.126525   0.0541432 
0.152217   1.18937    -0.0449994 0.0431564 
0.15831    1.16382    -0.0956038 0.065701  
0.131658   1.22568    0.0581521  0.0592316 
0.195089   1.15515    -0.0440398 0.0620248 
0.115199   1.21023    0.0219827  0.0579134 
0.0337237  1.24493    0.0496649  0.0428021 
0.111944   1.18245    -0.109297  0.0395521 
0.210435   1.08428    -0.194688  0.0212563 
0.117753   1.05087    -0.248459  0.0232093 
0.196278   1.00438    -0.235819  0.0305203 
0.13965    1.08781    -0.208506  0.0303372 
0.0397962  1.1265     -0.144007  0.0224491 
0.0936585  1.02676    -0.258739  0.0391262 
0.0509438  0.998754   -0.239382  0.0224188 
-0.0378485 1.07985    -0.253965  0.0247281 
-0.112209  1.00765    -0.218629  0.015317  
-0.0484171 0.909958   -0.226381  0.0161259 
0.0453342  0.885964   -0.176636  0.0186023 
0.0749003  0.9414     -0.245521  0.0182797 
0.0120924  0.923116   -0.203383  0.0180906 
-0.0307367 0.834663   -0.141383  0.0239113 
0.0110296  0.932845   -0.193081  0.0195843 
0.0685669  0.977919   -0.232455  0.0167533 
-0.00133054 0.933458   -0.228895  0.0174447 
0.00791328 0.925595   -0.220811  0.0162926 
0.0822976  0.930716   -0.245483  0.0170006 
0.180637   0.833802   -0.188448  0.0195598 
0.122178   0.758928   -0.0797355 0.0174173 
0.176875   0.799173   -0.108637  0.0214086 
0.183103   0.705438   0.0171902  0.0251915 
0.137528   0.626329   0.238503   0.0321905 
0.0844444  0.58716    0.268997   0.0267563 
0.0034104  0.628745   0.26583    0.0296884 
-0.0472876 0.582878   0.460603   0.0264956 
0.0350587  0.630218   0.232826   0.0223024 
0.108202   0.696852   0.0437702  0.0258623 
0.196097   0.615241   0.166528   0.0204013 
0.277019   0.683839   -0.00490568 0.0243746 
0.243408   0.60134    0.198986   0.0274204 
0.199706   0.599509   0.193936   0.0280725 
0.198741   0.553086   0.370013   0.0268632 
0.218157   0.579807   0.260757   0.0328037 
0.208494   0.513734   0.474986   0.029915  
0.207869   0.533608   0.476062   0.0238709 
0.228168   0.607911   0.212826   0.0246415 
0.140693   0.619417   0.314321   0.0330503 
0.0476819  0.543618   0.514862   0.0291089 
-0.0101304 0.580286   0.422541   0.0327897 
0.0835971  0.54791    0.49717    0.0265476 
0.061177   0.634427   0.224589   0.0231376 
0.0685757  0.67727    0.143486   0.0197593 
0.150276   0.773036   -0.0860213 0.0223886 
0.164472   0.705905   -0.00807551 0.0202805 
0.182004   0.724051   -0.0146911 0.0225887 
0.161942   0.671478   0.0933407  0.0188808 
0.22464    0.758986   -0.112829  0.0175544 
0.191226   0.84593    -0.224005  0.0184327 
0.184113   0.790523   -0.0951486 0.0167414 
0.0918273  0.846788   -0.166844  0.0175021 
0.0170047  0.846148   -0.154513  0.0179204 
0.0901626  0.808882   -0.111368  0.0179588 
0.060196   0.821447   -0.131888  0.0158435 
0.108057   0.851186   -0.170924  0.0178581 
0.127048   0.796312   -0.101944  0.0211198 
0.176873   0.6995     0.04723    0.0227006 
0.175764   0.672271   0.109488   0.0204995 
0.0906413  0.767479   -0.0940362 0.0211003 
0.0857157  0.750827   -0.04627   0.0209432 
0.096669   0.725241   0.00891436 0.0238094 
0.195083   0.653588   0.0972842  0.0242742 
0.176167   0.638942   0.161738   0.0219215 
0.0926839  0.70687    0.0817857  0.0289184 
0.0926839  0.70687    0.0817857  0.0257038 
0.0347746  0.639145   0.237683   0.0224956 
0.0549204  0.694335   0.103684   0.0191945 
-0.0390172 0.778506   -0.0638238 0.019618  
-0.103142  0.78111    -0.0884179 0.0158487 
-0.177166  0.859248   -0.140719  0.0198242 
-0.131632  0.759498   -0.0923611 0.0203223 
-0.131632  0.759498   -0.0923611 0.0230666 
-0.191724  0.66082    0.129305   0.0246645 
-0.240417  0.612187   0.185093   0.0202321 
-0.233445  0.69078    0.0383615  0.0248092 
-0.255331  0.60471    0.185615   0.0239089 
-0.224825  0.627479   0.166999   0.0231723 
-0.186207  0.643165   0.174953   0.0235376 
-0.128311  0.689229   0.0605984  0.0251026 
-0.0426796 0.675049   0.123711   0.0227945 
-0.116723  0.675388   0.135831   0.0228236 
-0.136343  0.667657   0.148348   0.0194898 
-0.105868  0.763977   -0.0668937 0.0193256 
-0.176463  0.75505    -0.030786  0.0221747 
-0.115975  0.711459   0.0216454  0.020571  
-0.0177891 0.731422   -0.0131847 0.0193971 
-0.0499014 0.777071   -0.0701682 0.0166656 
-0.0747249 0.871256   -0.191017  0.0183206 
-0.0337194 0.805296   -0.0991341 0.0214873 
0.0222026  0.722107   0.0521383  0.0236665 
-0.0143415 0.675886   0.113428   0.0268658 
-0.0741541 0.640986   0.17247    0.0250989 
-0.112276  0.65214    0.16191    0.0289618 
-0.169084  0.583455   0.313895   0.0299268 
-0.14749   0.587804   0.315907   0.0218791 
-0.236076  0.662385   0.0873306  0.0232646 
-0.308626  0.59005    0.133816   0.0240816 
-0.279993  0.581923   0.194888   0.0350313 
-0.234071  0.488054   0.450186   0.0368071 
-0.261279  0.413331   0.752339   0.0421644 
-0.226121  0.394533   0.934009   0.0297991 
-0.296982  0.426997   0.586991   0.0218003 
-0.380496  0.511707   0.160501   0.0283013 
-0.32284   0.480121   0.336071   0.0236465 
-0.361765  0.51746    0.143422   0.0276178 
-0.361765  0.51746    0.143422   0.028858  
-0.29877   0.542658   0.158173   0.0201016 
-0.327214  0.623289   0.0611291  0.0212914 
-0.412193  0.523628   0.0459448  0.0240873 
-0.353476  0.516228   0.223971   0.0214789 
-0.375612  0.569748   0.0639889  0.0196332 
-0.441815  0.49922    0.0397689  0.0162725 
-0.466333  0.538493   -0.0274494 0.0184395 
-0.48024   0.474444   0.0114388  0.0451742 
-0.553789  0.379729   0.281244   0.0251373 
-0.561108  0.438005   -0.0126641 0.0282723 
-0.572561  0.432127   -0.0155575 0.0307446 
-0.534844  0.412794   0.0839922  0.0184    
-0.566726  0.481542   -0.144863  0.0163888 
-0.614126  0.503851   -0.250066  0.0127962 
-0.650185  0.527327   -0.307692  0.0215463 
-0.609133  0.460801   -0.0988302 0.0293164 
-0.661092  0.448477   -0.112777  0.0126231 
-0.633419  0.537816   -0.311402  0.010436  
-0.733025  0.557422   -0.412094  0.0273513 
-0.767496  0.461775   -0.164887  0.0262754 
-0.683161  0.461891   -0.181158  0.0281728 
-0.716159  0.454539   -0.131258  0.0226376 
-0.687412  0.476122   -0.21593   0.033464  
-0.770901  0.435578   -0.00260967 0.0236784 
-0.702765  0.478972   -0.259387  0.0152034 
-0.617568  0.515549   -0.259668  0.0132955 
-0.605388  0.525802   -0.23737   0.0229061 
-0.67575   0.469993   -0.177848  0.0103582 
-0.669336  0.560711   -0.357975  0.0123692 
-0.742683  0.540392   -0.368228  0.0167921 
-0.684759  0.511822   -0.325951  0.00843977
-0.718313  0.579526   -0.411786  0.00783287
-0.677198  0.640856   -0.395348  0.00757916
-0.692351  0.605855   -0.398058  0.0101926 
-0.718163  0.566363   -0.417097  0.0208375 
-0.796565  0.493902   -0.277192  0.0272229 
-0.869543  0.462162   -0.127037  0.0324418 
-0.845192  0.430856   0.11935    0.016899  
-0.763799  0.512357   -0.340727  0.0128772 
-0.728265  0.534874   -0.378567  0.0142163 
-0.648944  0.518546   -0.274296  0.0180124 
-0.648944  0.518546   -0.274296  0.00801012
-0.727829  0.607321   -0.427769  0.0072346 
-0.700336  0.632457   -0.39641   0.0135473 
-0.774016  0.535642   -0.365942  0.0105189 
-0.691085  0.609045   -0.397672  0.00648655
-0.697605  0.61557    -0.403927  0.0104273 
-0.61754   0.631245   -0.344436  0.00795029
-0.697246  0.644322   -0.406934  0.0104888 
-0.606549  0.666923   -0.349325  0.0117897 
-0.587027  0.676298   -0.304975  0.00958521
-0.618073  0.629589   -0.332387  0.0121115 
-0.569516  0.616683   -0.293432  0.0120916 
-0.578889  0.707639   -0.332912  0.00934549
-0.652984  0.688586   -0.370081  0.00947033
-0.667703  0.679485   -0.376532  0.00999803
-0.760322  0.665375   -0.426856  0.0103905 
-0.732062  0.686541   -0.412642  0.0209531 
-0.758826  0.709853   -0.397843  0.0079088 
-0.777504  0.637522   -0.434571  0.00656495
-0.783224  0.606104   -0.440011  0.0073752 
-0.845422  0.594631   -0.421109  0.00926624
-0.83026   0.574729   -0.415533  0.0218026 
-0.813899  0.48887    -0.236618  0.0299379 
-0.752186  0.452026   -0.125571  0.0203011 
-0.81933   0.498304   -0.259844  0.019672  
-0.785426  0.502811   -0.309624  0.0121453 
-0.871782  0.542838   -0.355767  0.00845571
-0.810774  0.577569   -0.446539  0.00710698
-0.770377  0.636563   -0.437183  0.0150673 
-0.739907  0.725991   -0.396922  0.0233597 
-0.757875  0.810645   -0.314652  0.0128118 
-0.68395   0.746743   -0.37171   0.00842458
-0.688591  0.659387   -0.412465  0.0105196 
-0.621125  0.671833   -0.361417  0.00768999
-0.700456  0.588962   -0.406928  0.00853746
-0.653547  0.654184   -0.376577  0.0119749 
-0.598185  0.678337   -0.312494  0.00834375
-0.684968  0.638533   -0.39739   0.0122315 
-0.665868  0.53954    -0.326267  0.0169751 
-0.608965  0.514684   -0.263496  0.0100126 
-0.659626  0.558893   -0.334565  0.0125548 
-0.56634   0.56287    -0.233818  0.0114155 
-0.576212  0.634364   -0.285376  0.0143953 
-0.5001    0.646532   -0.174115  0.0107196 
-0.599356  0.614003   -0.321344  0.0137455 
-0.673226  0.529587   -0.351018  0.0179028 
-0.750243  0.507357   -0.287819  0.0079616 
-0.774033  0.57888    -0.436093  0.0104552 
-0.804236  0.557317   -0.423457  0.00603155
-0.762998  0.603624   -0.443806  0.00741028
-0.753939  0.670087   -0.435746  0.0173957 
-0.842963  0.742553   -0.356096  0.0333168 
-0.842963  0.742553   -0.356096  0.0165167 
-0.822842  0.686769   -0.392708  0.0119743 
-0.869219  0.639562   -0.404612  0.0140001 
-0.956463  0.567422   -0.305689  0.011818  
-0.952433  0.593231   -0.352114  0.010944  
-0.889415  0.643238   -0.412015  0.0321868 
-0.889415  0.643238   -0.412015  0.0132694 
-0.803694  0.66383    -0.417276  0.0191273 
-0.846842  0.7106     -0.361893  0.0502414 
-0.847798  0.789255   -0.205024  0.0154358 
-0.809815  0.72089    -0.394929  0.0361238 
-0.897186  0.769999   -0.198301  0.0204215 
-0.9735    0.693755   -0.288904  0.0467019 
-0.985992  0.738957   -0.0555891 0.0412818 
-1.02417   0.73676    -0.0662096 0.0613952 
-1.09665   0.795277   0.227642   0.0692741 
-1.02488   0.884055   0.35676    0.0396601 
-0.927491  0.788488   -0.136543  0.037048  
-0.857933  0.873288   -0.155869  0.0692793 
-0.915968  0.940923   0.265478   0.0809214 
-0.865253  1.03745    0.370851   0.0752506 
-0.83925   1.05327    0.345793   0.0722692 
-0.855849  1.04075    0.300639   0.0905223 
-0.830564  1.05626    0.445958   0.0526687 
-0.731695  0.991944   0.0464823  0.0352329 
-0.648543  0.972744   -0.194911  0.0466592 
-0.676322  1.01788    0.02599    0.0344174 
-0.686286  0.923984   -0.213008  0.0260459 
-0.625159  0.89121    -0.259591  0.0289414 
-0.613518  0.977409   -0.208995  0.0553064 
-0.525304  1.0044     -0.139875  0.0613896 
-0.562384  1.09866    0.0168284  0.0482836 
-0.638242  1.11091    0.0198091  0.0706835 
-0.680306  1.08825    0.107794   0.104664  
-0.730362  1.13508    0.437549   0.0950992 
-0.678651  1.07443    0.230087   0.0710063 
-0.669543  1.13999    0.169626   0.0846256 
-0.571149  1.16095    0.195432   0.0781158 
-0.579371  1.19864    0.308417   0.0833895 
-0.62619   1.20978    0.283131   0.0767467 
-0.717693  1.11625    0.247547   0.0720241 
-0.769118  1.05747    0.251459   0.0573669 
-0.683349  1.06163    0.00518547 0.0563241 
-0.712588  1.02282    0.0214521  0.0732676 
-0.672336  1.05736    0.131516   0.0653363 
-0.723853  1.01097    0.00953245 0.0650004 
-0.80508   0.929851   -0.0543084 0.0330143 
-0.815427  0.846445   -0.175489  0.0406271 
-0.821374  0.871787   -0.121811  0.0260028 
-0.852035  0.77956    -0.294541  0.0243209 
-0.869341  0.726777   -0.305541  0.0469667 
-0.930901  0.821494   -0.05172   0.054395  
-0.85461   0.883272   0.056236   0.0399862 
-0.851495  0.884174   -0.157622  0.0538704 
-0.841436  0.935777   0.0566507  0.025637  
-0.762748  0.844329   -0.285052  0.0193035 
-0.679013  0.806902   -0.323921  0.0395028 
-0.59795   0.859855   -0.248546  0.0197258 
-0.542014  0.873287   -0.258324  0.0203532 
-0.524916  0.877754   -0.280862  0.0153863 
-0.569984  0.823276   -0.313524  0.019594  
-0.510065  0.772605   -0.267975  0.0133982 
-0.531242  0.733818   -0.267349  0.017793  
-0.511532  0.79848    -0.284213  0.0148126 
-0.500372  0.703073   -0.221931  0.017239  
-0.417085  0.661773   -0.107866  0.0174526 
-0.426762  0.599851   -0.0351001 0.016525  
-0.430233  0.676026   -0.151007  0.0179466 
-0.433202  0.629251   -0.128584  0.0207824 
-0.361668  0.546345   0.156128   0.0169405 
-0.459622  0.535754   -0.0282286 0.0223089 
-0.388171  0.456657   0.250051   0.0188046 
-0.487947  0.486003   -0.0511345 0.0299623 
-0.440171  0.409473   0.116628   0.0177671 
-0.471798  0.502759   -0.0171565 0.01674   
-0.480696  0.527703   -0.0688626 0.0129634 
-0.531145  0.567529   -0.188125  0.0167304 
-0.497908  0.566453   -0.169058  0.0151157 
-0.528804  0.531334   -0.164234  0.0178734 
-0.45549   0.543825   -0.0498273 0.023948  
-0.371787  0.48745    0.208345   0.0188589 
-0.43525   0.485133   0.0784904  0.0179054 
-0.481342  0.47958    -0.020092  0.0180958 
-0.432687  0.554526   0.0244533  0.0140543 
-0.516305  0.619954   -0.21767   0.0161397 
-0.472703  0.613082   -0.161812  0.0137103 
-0.540447  0.574887   -0.212143  0.012055  
-0.555237  0.644148   -0.274328  0.0127986 
-0.547613  0.602242   -0.233719  0.0151723 
-0.50287   0.561948   -0.133633  0.0146144 
-0.520014  0.586384   -0.196002  0.0164324 
-0.452529  0.610105   -0.120312  0.0189163 
-0.412224  0.596839   -0.00394096 0.0145307 
-0.511608  0.586295   -0.155229  0.0109066 
-0.597174  0.6847     -0.320678  0.00954112
-0.63132   0.606091   -0.345935  0.0128571 
-0.63132   0.606091   -0.345935  0.0121654 
-0.562619  0.576973   -0.235691  0.0176919 
-0.495439  0.497236   -0.0798535 0.0224572 
-0.589756  0.458812   -0.0979794 0.0263173 
-0.651722  0.452713   -0.140842  0.0163578 
-0.714959  0.51587    -0.333145  0.0267419 
-0.787257  0.469072   -0.221702  0.0447784 
-0.758626  0.391543   0.406634   0.0588489 
-0.758626  0.391543   0.406634   0.0544918 
-0.758626  0.391543   0.406634   0.0777025 
-0.798943  0.314907   1.32622    0.095164  
-0.881498  0.276409   2.08354    0.0767899 
-0.865043  0.300603   1.70649    0.108829  
-0.865002  0.275557   1.81782    0.166514  
-0.865002  0.275557   1.81782    0.181183  
-0.865002  0.275557   1.81782    0.100675  
-0.931505  0.29012    1.46125    0.0487103 
-0.929346  0.365709   0.64311    0.0493764 
-0.872627  0.379631   0.454853   0.0275475 
-0.808748  0.467091   -0.190729  0.0261854 
-0.796911  0.473216   -0.259276  0.0197331 
-0.842963  0.491626   -0.204916  0.038004  
-0.831332  0.420036   0.12585    0.022296  
-0.915288  0.474496   -0.126174  0.0193988 
-0.940399  0.490779   -0.157135  0.0109249 
-0.863573  0.555763   -0.392229  0.021277  
-0.930927  0.486995   -0.199641  0.0233951 
-0.909705  0.475759   -0.128901  0.0290309 
-0.914725  0.448294   -0.0202788 0.0312657 
-0.916772  0.433764   0.100373   0.0275058 
-0.871105  0.459736   -0.105063  0.0172519 
-0.954562  0.504396   -0.200143  0.0107234 
-0.909019  0.558704   -0.364235  0.0099557 
-0.879599  0.600905   -0.417859  0.014606  
-0.875432  0.527146   -0.338325  0.0209648 
-0.92816   0.482935   -0.121522  0.0175487 
-0.854233  0.511233   -0.301045  0.0115656 
-0.953255  0.549011   -0.310463  0.0111228 
-0.933114  0.629558   -0.380514  0.0112874 
-0.902215  0.621999   -0.403239  0.0142415 
-0.971424  0.628857   -0.332807  0.0334615 
-1.04639   0.683474   -0.0829811 0.027633  
-1.03192   0.682578   -0.164371  0.0278896 
-1.06471   0.689645   -0.127469  0.0704035 
-1.06471   0.689645   -0.127469  0.0600879 
-0.970729  0.765299   -0.00211723 0.0508956 
-1.05984   0.755826   0.144611   0.0368401 
-0.985256  0.791575   -0.0969944 0.0638104 
-0.993826  0.872816   0.213065   0.0503794 
-0.940585  0.909401   0.00784359 0.0442908 
-0.93417   0.853038   -0.0110877 0.0461068 
-0.931211  0.813368   -0.0857361 0.0222264 
-0.868293  0.725579   -0.337493  0.0162187 
-0.784627  0.713958   -0.384094  0.0221228 
-0.772004  0.79196    -0.29917   0.0236549 
-0.837245  0.721403   -0.343972  0.0121434 
-0.754575  0.729282   -0.375561  0.0193504 
-0.833337  0.737889   -0.35354   0.027543  
-0.812601  0.790184   -0.297341  0.0103028 
-0.717172  0.70011    -0.391113  0.00890653
-0.662416  0.662363   -0.386489  0.00889906
-0.634423  0.611174   -0.364379  0.00802476
-0.695991  0.670508   -0.396196  0.0104857 
-0.598483  0.630288   -0.311587  0.0100437 
-0.677438  0.715656   -0.394561  0.0117694 
-0.752615  0.709415   -0.420326  0.0189046 
-0.842938  0.738764   -0.335343  0.032112  
-0.785749  0.829259   -0.223679  0.0287191 
-0.850186  0.806786   -0.26894   0.0933327 
-0.895228  0.888852   0.212702   0.0561999 
-0.908261  0.957105   0.120029   0.0538558 
-0.853632  0.931717   0.0953894  0.0791729 
-0.940877  0.980123   0.363629   0.0480669 
-0.893035  0.914973   0.0116707  0.031418  
-0.894949  0.831629   -0.174031  0.0346802 
-0.951803  0.783313   -0.154112  0.0348736 
-1.03519   0.713966   -0.0595336 0.0306478 
-1.02529   0.706315   -0.163272  0.0520104 
-1.07476   0.756441   0.120607   0.0502295 
-1.06077   0.790755   0.17408    0.035113  
-0.983959  0.762215   -0.145748  0.0518013 
-0.958576  0.856056   0.0788508  0.0473356 
-0.905163  0.91155    0.0213144  0.0677455 
-0.865148  0.91268    0.0356416  0.0432251 
-0.959789  0.837467   -0.0239864 0.0417834 
-0.877394  0.811276   -0.172537  0.0510782 
-0.866932  0.907635   0.0108425  0.0474955 
-0.785482  0.92236    -0.0621026 0.0279552 
-0.781701  0.846896   -0.27285   0.0577695 
-0.828396  0.847509   -0.154832  0.0732581 
-0.885556  0.937123   0.123468   0.0566202 
-0.835031  0.929951   0.069605   0.073732  
-0.835031  0.929951   0.069605   0.0652279 
-0.842648  0.990514   0.164418   0.0566181 
-0.9158    0.891391   0.0782971  0.049709  
-0.92688   0.898371   0.0332857  0.115159  
-0.94094   0.961796   0.522886   0.099321  
-1.00451   0.952988   0.62854    0.0666952 
-0.944485  0.911777   0.188807   0.0307152 
-0.858136  0.857243   -0.169569  0.021716  
-0.830643  0.771704   -0.290184  0.033803  
-0.924403  0.759575   -0.204095  0.0508703 
-0.847071  0.855511   -0.0416145 0.0410249 
-0.93451   0.815846   -0.101036  0.0624244 
-0.997666  0.881187   0.208679   0.045991  
-0.957632  0.81731    -0.046107  0.0250685 
-0.861846  0.756081   -0.289928  0.0285489 
-0.877807  0.826263   -0.215491  0.0219893 
-0.887919  0.734899   -0.303331  0.0305698 
-0.880969  0.775599   -0.256543  0.027599  
-0.845249  0.738052   -0.301463  0.0111594 
-0.88887   0.640781   -0.413853  0.0109288 
-0.80033   0.552636   -0.407749  0.0288306 
-0.80033   0.552636   -0.407749  0.0112343 
-0.794049  0.60537    -0.4416    0.00903718
-0.872843  0.575036   -0.415705  0.0210522 
-0.919231  0.482384   -0.126741  0.0132511 
-0.860676  0.540125   -0.359812  0.0265205 
-0.956825  0.450564   -0.0235037 0.0191789 
-0.885886  0.500569   -0.282811  0.0204813 
-0.974077  0.475146   -0.0830003 0.0115928 
-0.877674  0.545418   -0.380251  0.0105877 
-0.778506  0.556301   -0.410391  0.00773167
-0.842997  0.596717   -0.445237  0.00589973
-0.783023  0.628061   -0.44496   0.00900913
-0.799383  0.566298   -0.425089  0.0111588 
-0.87853   0.554261   -0.378813  0.0128473 
-0.945163  0.532663   -0.247837  0.0184629 
-0.895245  0.50767    -0.271767  0.0178969 
-0.872814  0.50877    -0.285871  0.0136873 
-0.860468  0.537858   -0.356983  0.015767  
-0.923486  0.605261   -0.361557  0.0159746 
-0.943677  0.666901   -0.338537  0.0396842 
-1.03012   0.732647   -0.0453679 0.0269324 
-1.05816   0.635186   -0.163937  0.0285021 
-1.02412   0.62125    -0.184439  0.0201882 
-0.935441  0.689788   -0.311486  0.019983  
-0.967189  0.64914    -0.299575  0.0252128 
-0.96537   0.683164   -0.28759   0.0192299 
-1.01082   0.62847    -0.226637  0.027799  
-0.952417  0.700998   -0.28021   0.0157232 
-0.977803  0.618312   -0.332359  0.0284976 
-1.07322   0.644943   -0.0905645 0.0180712 
-0.976251  0.652971   -0.30251   0.0392619 
-1.07064   0.696556   0.000430425 0.0169319 
-1.02835   0.615966   -0.224355  0.0303583 
-1.02835   0.615966   -0.224355  0.0271882 
-0.957803  0.708879   -0.22784   0.0444489 
-0.946509  0.79085    -0.0624965 0.0335145 
-1.00695   0.759127   -0.0948114 0.0312138 
-0.97461   0.768571   -0.153409  0.0340647 
-0.969565  0.743872   -0.177877  0.0641273 
-0.969565  0.743872   -0.177877  0.0511021 
-0.904371  0.813652   -0.161025  0.0534667 
-0.904371  0.813652   -0.161025  0.0482042 
-0.932075  0.860842   0.0203723  0.046647  
-0.99932   0.77494    -0.0289537 0.0691617 
-0.997303  0.807185   0.148224   0.042356  
-0.92881   0.737184   -0.206122  0.0149253 
-0.920927  0.659478   -0.382773  0.0111748 
-0.833372  0.639069   -0.430966  0.00742236
-0.784537  0.591236   -0.433656  0.0167332 
-0.837405  0.674856   -0.392014  0.00829885
-0.749419  0.605814   -0.440546  0.01534   
-0.782241  0.521559   -0.359541  0.0174683 
-0.859422  0.514146   -0.304896  0.0168867 
-0.881552  0.516074   -0.337365  0.0104758 
-0.922234  0.564158   -0.364507  0.0268757 
-0.850858  0.465032   -0.120916  0.0126348 
-0.853861  0.540768   -0.391454  0.0149763 
-0.765715  0.520864   -0.338501  0.0167834 
-0.691627  0.503904   -0.262694  0.0104224 
-0.621553  0.582665   -0.32891   0.0121682 
-0.571169  0.668736   -0.296921  0.0144545 
-0.498709  0.747      -0.237612  0.017255  
-0.498709  0.747      -0.237612  0.0201531 
-0.418947  0.786581   -0.22314   0.0204776 
-0.463603  0.87625    -0.264191  0.0225468 
-0.562891  0.932266   -0.281328  0.0162445 
-0.578096  0.854396   -0.314402  0.0262409 
-0.529294  0.946472   -0.262693  0.0319083 
-0.495701  1.03754    -0.189818  0.0310668 
-0.39731   1.04248    -0.20964   0.0206699 
-0.298396  0.971753   -0.254225  0.0256812 
-0.265789  0.998758   -0.214586  0.0267157 
-0.33038   1.03141    -0.208904  0.0301612 
-0.389548  0.977557   -0.222897  0.0263569 
-0.410425  0.963172   -0.223833  0.0485005 
-0.485955  1.04543    -0.105559  0.032275  
-0.462035  0.997494   -0.189773  0.114236  
-0.389136  1.03207    -0.0108421 0.0279452 
-0.429089  0.946446   -0.198433  0.0186129 
-0.477016  0.899083   -0.292905  0.0173302 
-0.379895  0.900059   -0.263674  0.0192036 
-0.339384  0.952234   -0.268788  0.0231214 
-0.430044  0.99418    -0.23078   0.0537463 
-0.434986  1.09282    -0.0622864 0.0376589 
-0.43028   1.03179    -0.205074  0.0283757 
-0.402515  1.06933    -0.196922  0.0725981 
-0.454606  1.10376    -0.0256674 0.0767144 
-0.443505  1.19066    0.0368898  0.0425761 
-0.446814  1.17815    -0.0124422 0.0469533 
-0.493944  1.10927    -0.0535047 0.0625543 
-0.509242  1.12938    0.0152047  0.0715512 
-0.503247  1.08805    -0.0918676 0.044959  
-0.514295  1.08217    -0.113883  0.0316471 
-0.512984  1.01728    -0.227941  0.0177403 
-0.456161  0.936617   -0.304338  0.0258076 
-0.456161  0.936617   -0.304338  0.0279073 
-0.46475   0.97832    -0.222254  0.0318244 
-0.391611  1.07725    -0.160486  0.0666427 
-0.474211  1.10941    -0.0490821 0.0763878 
-0.526083  1.20115    0.228853   0.111069  
-0.533109  1.26264    0.592528   0.142055  
-0.539009  1.29267    0.548992   0.14266   
-0.517598  1.35743    0.83327    0.119907  
-0.504827  1.27059    0.474229   0.138811  
-0.464628  1.35738    0.819966   0.144891  
-0.482104  1.41802    1.17035    0.124217  
-0.549101  1.40274    0.928331   0.128524  
-0.544975  1.30683    0.613768   0.126995  
-0.623088  1.22889    0.640982   0.104732  
-0.659124  1.15155    0.400665   0.0629023 
-0.650981  1.14796    0.191354   0.0996705 
-0.6697    1.17814    0.388916   0.11754   
-0.721213  1.08064    0.153867   0.0469537 
-0.655036  1.00325    -0.123478  0.0627461 
-0.689445  0.985991   -0.0978948 0.0258805 
-0.636345  0.920956   -0.233207  0.0314373 
-0.642579  0.897115   -0.243002  0.0350169 
-0.558449  0.973202   -0.208914  0.0372765 
-0.657431  0.94724    -0.180256  0.0326976 
-0.752617  0.881281   -0.22157   0.0281547 
-0.774302  0.824559   -0.283144  0.0509132 
-0.825957  0.873651   -0.0250109 0.0483209 
-0.767833  0.897324   -0.171672  0.0647408 
-0.848481  0.981314   0.1596     0.0387239 
-0.765514  0.8989     -0.160497  0.0407063 
-0.741834  0.93068    -0.114653  0.0587519 
-0.77876   1.01912    0.0864544  0.0613052 
-0.807564  1.00849    0.14832    0.0466154 
-0.728312  1.01763    -0.00196534 0.0851075 
-0.728312  1.01763    -0.00196534 0.0319073 
-0.676799  0.980562   -0.154833  0.0502172 
-0.661938  1.04216    0.0167147  0.0423045 
-0.682906  0.97866    -0.061714  0.0606066 
-0.750249  0.956284   0.0311637  0.0375121 
-0.700671  0.937704   -0.164734  0.0268246 
-0.740548  0.890429   -0.253777  0.0280466 
-0.747502  0.812667   -0.298009  0.0216237 
-0.770125  0.78555    -0.339816  0.012275  
-0.698863  0.686464   -0.382475  0.00846502
-0.722605  0.636129   -0.420209  0.0074848 
-0.686463  0.603198   -0.391408  0.011553  
-0.761779  0.636081   -0.430395  0.0192953 
-0.761779  0.636081   -0.430395  0.008697  
-0.666068  0.591058   -0.388996  0.0104112 
-0.72141   0.676325   -0.38903   0.00752792
-0.694394  0.602891   -0.39907   0.0065442 
-0.786004  0.602749   -0.456347  0.0110452 
-0.850254  0.559061   -0.405839  0.0158788 
-0.821148  0.521889   -0.350394  0.0103713 
-0.87314   0.56224    -0.384314  0.0103569 
-0.875111  0.565191   -0.395368  0.02274   
-0.964918  0.650658   -0.27898   0.0131442 
-1.01032   0.558935   -0.236194  0.0112467 
-0.921338  0.558273   -0.383373  0.0160847 
-0.979543  0.641497   -0.293314  0.0124265 
-0.987958  0.550386   -0.262093  0.0107521 
-0.952582  0.587305   -0.360846  0.0124596 
-0.931178  0.630899   -0.370502  0.0101057 
-0.911209  0.612987   -0.40451   0.0126486 
-0.830957  0.537987   -0.365401  0.0151445 
-0.83869   0.526519   -0.377963  0.0220307 
-0.772334  0.482008   -0.203246  0.021942  
-0.810275  0.485125   -0.230765  0.0312447 
-0.752905  0.436374   0.0511385  0.0523011 
-0.724314  0.38258    0.358723   0.0585632 
-0.639865  0.360281   0.637284   0.0713152 
-0.639865  0.360281   0.637284   0.0673218 
-0.639865  0.360281   0.637284   0.04974   
-0.602623  0.373938   0.40463    0.0761158 
-0.702404  0.328076   0.976302   0.0407974 
-0.770288  0.408977   0.186452   0.0187852 
-0.799621  0.505263   -0.313976  0.013822  
-0.801927  0.532833   -0.385974  0.0115745 
-0.829712  0.547633   -0.398146  0.00800693
-0.761545  0.576891   -0.426255  0.00639636
-0.772611  0.601132   -0.440796  0.0087303 
-0.747364  0.63241    -0.419905  0.00880187
-0.730932  0.571613   -0.403283  0.0179159 
-0.77284   0.505351   -0.292375  0.0310005 
-0.842819  0.437289   0.0380926  0.0565062 
-0.846172  0.348731   0.869346   0.0344206 
-0.773707  0.429738   0.071061   0.0231781 
-0.726658  0.477628   -0.247354  0.0412345 
-0.6489    0.402004   0.180495   0.0469074 
-0.621123  0.391015   0.195043   0.0913    
-0.621123  0.391015   0.195043   0.0206365 
-0.677124  0.485647   -0.260904  0.00939385
-0.671414  0.574261   -0.375689  0.0154091 
-0.688118  0.516246   -0.338904  0.00910884
-0.629108  0.615615   -0.34123   0.0122847 
-0.574517  0.696454   -0.307888  0.0132066 
-0.513964  0.730434   -0.275862  0.0199938 
-0.464826  0.826998   -0.237577  0.0175926 
-0.390002  0.834306   -0.228117  0.0153074 
-0.423129  0.850337   -0.232765  0.0274277 
-0.389949  0.898633   -0.263769  0.0190987 
-0.367955  0.923716   -0.246962  0.0182662 
-0.450075  0.837442   -0.250156  0.0164461 
-0.452932  0.745392   -0.224353  0.0134717 
-0.538289  0.742878   -0.263844  0.0119659 
-0.616369  0.740304   -0.323747  0.0186282 
-0.567325  0.820116   -0.31413   0.0104887 
-0.632991  0.737021   -0.363339  0.0110991 
-0.583654  0.647335   -0.309827  0.0112558 
-0.580638  0.65196    -0.294494  0.0149938 
-0.487047  0.663301   -0.205085  0.0153228 
-0.518566  0.744774   -0.268419  0.0144606 
-0.508495  0.783675   -0.271884  0.0126642 
-0.566812  0.744192   -0.302342  0.0249602 
-0.657475  0.837255   -0.272078  0.032046  
-0.68304   0.927951   -0.214802  0.0337631 
-0.712572  0.954004   -0.169369  0.0348319 
-0.639642  0.98835    -0.151865  0.075125  
-0.639642  0.98835    -0.151865  0.0627522 
-0.690116  1.01524    0.0410303  0.0755786 
-0.764949  1.04519    0.146375   0.0575828 
-0.861039  0.957997   0.116113   0.0442814 
-0.78278   0.953892   -0.0413703 0.0461993 
-0.724742  0.890318   -0.183628  0.0236984 
-0.687908  0.864958   -0.260033  0.016693  
-0.614424  0.831773   -0.337384  0.0191144 
-0.642651  0.81514    -0.315891  0.0134521 
-0.560377  0.760485   -0.276511  0.0170927 
-0.616321  0.822003   -0.317125  0.0164579 
-0.52528   0.753963   -0.273689  0.0172987 
-0.478446  0.835421   -0.267566  0.0141379 
-0.511553  0.743081   -0.2597    0.0166543 
-0.449013  0.716981   -0.20405   0.0197498 
-0.396316  0.639891   -0.0704201 0.0209553 
-0.351458  0.617943   0.0328674  0.0208544 
-0.252982  0.704404   -0.0242981 0.0228738 
-0.238602  0.651701   0.0707597  0.0190479 
-0.33394   0.655195   -0.000232582 0.0187621 
-0.406907  0.715293   -0.139684  0.0191098 
-0.310966  0.709283   -0.0819037 0.0196198 
-0.380417  0.614937   -0.00820096 0.0209662 
-0.440149  0.5494     -0.0750072 0.018516  
-0.403996  0.579631   0.0462837  0.0181299 
-0.413746  0.653505   -0.129391  0.014697  
-0.47526   0.707965   -0.200876  0.0162006 
-0.427556  0.728183   -0.191676  0.0171188 
-0.427556  0.728183   -0.191676  0.0138585 
-0.511302  0.785257   -0.293663  0.0192488 
-0.449963  0.866935   -0.232772  0.0346205 
-0.479473  0.936464   -0.167597  0.0167496 
-0.390401  0.874614   -0.245531  0.0161067 
-0.31148   0.841763   -0.246311  0.01802   
-0.257767  0.926587   -0.249707  0.01719   
-0.224003  0.888576   -0.237056  0.0177325 
-0.272186  0.934217   -0.231804  0.0158323 
-0.246707  0.872434   -0.242896  0.0222285 
-0.286847  0.958867   -0.26066   0.0175317 
-0.297513  0.912905   -0.248622  0.0159899 
-0.38902   0.839175   -0.254583  0.018267  
-0.318978  0.871449   -0.236697  0.0168826 
-0.291601  0.792339   -0.154549  0.0170207 
-0.356186  0.734413   -0.113441  0.0223616 
-0.356186  0.734413   -0.113441  0.0182925 
-0.380754  0.671321   -0.0933427 0.0215976 
-0.380754  0.671321   -0.0933427 0.0171512 
-0.382328  0.766698   -0.144747  0.0154077 
-0.411347  0.833126   -0.254583  0.0171451 
-0.334643  0.802311   -0.204458  0.0173861 
-0.285222  0.806999   -0.202914  0.0180771 
-0.204568  0.748871   -0.012725  0.0174487 
-0.200303  0.783534   -0.107252  0.0181505 
-0.108306  0.813143   -0.158969  0.0168346 
-0.0781313 0.891919   -0.209467  0.0162638 
-0.111028  0.984691   -0.248548  0.0199159 
-0.158387  0.989185   -0.256518  0.0307773 
-0.208543  0.997596   -0.196066  0.0187624 
-0.157877  0.930988   -0.209392  0.0194809 
-0.0914675 0.909783   -0.210413  0.022434  
-0.124776  0.932671   -0.245708  0.0174053 
-0.0344893 0.988246   -0.268002  0.0200852 
-0.0685688 1.0193     -0.274337  0.0306196 
0.0162258  1.10538    -0.210624  0.0378758 
-0.0495128 1.19428    -0.13905   0.0526172 
-0.076073  1.23438    0.0285943  0.0652367 
-0.0690703 1.26853    0.109767   0.0516055 
-0.0888147 1.23122    -0.00943992 0.0537243 
0.00496649 1.20513    -0.0672103 0.103838  
0.0434303  1.24648    0.180971   0.049771  
0.0178046  1.20622    -0.0222701 0.0589552 
0.0472703  1.25523    0.000330291 0.0450134 
0.0762014  1.24045    -0.0417413 0.0627405 
0.140314   1.21785    -0.0275594 0.071332  
0.0500862  1.23949    0.0491034  0.0516051 
-0.0436172 1.23365    -0.013533  0.0762489 
-0.0984402 1.16628    -0.0670733 0.0699433 
-0.161954  1.23431    0.0310402  0.0605364 
-0.1338    1.2569     0.0338702  0.0598187 
-0.0399106 1.23129    0.0349199  0.0447042 
-0.0895049 1.24284    -0.0196937 0.0885148 
-0.0895049 1.24284    -0.0196937 0.0760598 
-0.0994749 1.28809    0.205559   0.0561652 
-0.0610563 1.23194    -0.0499274 0.031592  
-0.101953  1.16334    -0.194528  0.0527388 
-0.0505138 1.16866    -0.103358  0.0366733 
-0.0303539 1.08896    -0.184725  0.0617306 
-0.0903373 1.11762    -0.073314  0.0282491 
-0.189339  1.05966    -0.226815  0.0255653 
-0.108745  1.05504    -0.248378  0.051089  
-0.108745  1.05504    -0.248378  0.0382896 
-0.0748689 1.07951    -0.165551  0.0600512 
-0.0516672 1.15164    -0.136394  0.0496846 
-0.0626525 1.19543    -0.0834993 0.0490688 
-0.0626525 1.19543    -0.0834993 0.0492946 
-0.119912  1.16479    -0.137862  0.0259416 
-0.114065  1.06645    -0.238732  0.0185199 
-0.171224  0.980087   -0.255187  0.0421267 
-0.199402  1.07628    -0.206989  0.019826  
-0.186946  1.0047     -0.219715  0.0235682 
-0.252047  1.04165    -0.242701  0.0314739 
-0.170973  1.09336    -0.171587  0.0208053 
-0.224249  1.06482    -0.257498  0.0169368 
-0.28639   0.98847    -0.276017  0.0197776 
-0.330437  1.00139    -0.274947  0.014912  
-0.248975  0.947282   -0.289751  0.0217244 
-0.325682  1.04657    -0.277105  0.0305595 
-0.284461  0.99793    -0.176937  0.0190571 
-0.357675  0.965995   -0.272774  0.0157783 
-0.325545  0.931255   -0.285132  0.015761  
-0.244369  0.919051   -0.238879  0.0247699 
-0.339308  0.93711    -0.252923  0.0213614 
-0.393897  0.992793   -0.2686    0.0310162 
-0.392065  0.948548   -0.219747  0.0326743 
-0.413661  1.00337    -0.202977  0.0234298 
-0.371565  0.961223   -0.23997   0.0251383 
-0.372284  0.950471   -0.258484  0.02762   
-0.279305  1.04119    -0.225814  0.0229031 
-0.375108  0.944321   -0.238023  0.0160372 
-0.279837  0.872665   -0.249088  0.0188519 
-0.280994  0.836955   -0.18337   0.0175315 
-0.199592  0.799256   -0.113881  0.0161615 
-0.135073  0.890748   -0.242126  0.0185353 
-0.11574   0.959302   -0.239746  0.0202653 
-0.158595  0.894564   -0.208517  0.0184706 
-0.241004  0.849467   -0.221109  0.0186977 
-0.170083  0.783965   -0.116739  0.0188699 
-0.217369  0.769722   -0.0988952 0.0214027 
-0.234342  0.681113   0.0335224  0.0202683 
-0.245049  0.702613   -0.0145615 0.0183555 
-0.323858  0.727095   -0.0981774 0.0169275 
-0.397696  0.685424   -0.129006  0.0187234 
-0.409487  0.597896   -0.0240483 0.0154512 
-0.499722  0.582639   -0.181075  0.0146327 
-0.530435  0.523704   -0.139749  0.0172133 
-0.44488   0.553609   -0.0143232 0.0179556 
-0.462532  0.56943    -0.129536  0.0152176 
-0.497081  0.619181   -0.190036  0.0134427 
-0.541932  0.565918   -0.21944   0.0119101 
-0.567256  0.619214   -0.268009  0.012017  
-0.615262  0.552031   -0.304136  0.0140004 
-0.536301  0.581614   -0.218014  0.0145519 
-0.517589  0.624498   -0.227103  0.0105887 
-0.612569  0.564866   -0.287607  0.0141819 
-0.52193   0.527212   -0.134505  0.0110269 
-0.575758  0.60411    -0.261295  0.0122773 
-0.557937  0.696578   -0.293641  0.0111802 
-0.61764   0.596633   -0.331279  0.0128037 
-0.554966  0.641689   -0.286148  0.0123067 
-0.5549    0.601204   -0.261816  0.0129266 
-0.544317  0.648391   -0.274741  0.0135549 
-0.562939  0.556837   -0.261259  0.0129734 
-0.530299  0.590718   -0.192074  0.0183436 
-0.50091   0.520693   -0.124961  0.0216441 
-0.403548  0.444684   0.257802   0.026952  
-0.403548  0.444684   0.257802   0.0360629 
-0.448422  0.375997   0.357321   0.0202516 
-0.438613  0.456587   0.123606   0.0161127 
-0.500793  0.521321   -0.104523  0.0171317 
-0.444578  0.548628   -0.00332329 0.0162822 
-0.468332  0.580862   -0.0987903 0.0193038 
-0.426035  0.530814   0.0184776  0.0182692 
-0.426433  0.552401   0.0060274  0.0264628 
-0.335403  0.542449   0.11274    0.0231645 
-0.320747  0.586034   0.12643    0.0307159 
-0.247885  0.488658   0.519893   0.0350475 
-0.310967  0.397266   0.560597   0.0303123 
-0.307045  0.480245   0.413531   0.0370926 
-0.2747    0.381551   0.782355   0.0378521 
-0.269183  0.41407    0.623677   0.0364712 
-0.206949  0.461098   0.639176   0.064677  
-0.206949  0.461098   0.639176   0.0299066 
-0.276741  0.485139   0.498464   0.026455  
-0.263132  0.562897   0.25044    0.0308922 
-0.233541  0.502939   0.51094    0.0394126 
-0.18218   0.423479   1.0466     0.0561765 
-0.120152  0.390529   1.34734    0.0478338 
-0.0380138 0.450599   0.953093   0.0465179 
-0.0340384 0.455546   0.899604   0.0576224 
-0.032521  0.415161   1.27468    0.0561222 
0.0652253  0.399701   1.37764    0.0401988 
0.10014    0.497537   0.651587   0.0447188 
0.00240661 0.4582     0.962416   0.0393132 
0.0455518  0.497277   0.746562   0.0423171 
-0.0328934 0.468694   0.898227   0.0344779 
-0.0762742 0.524437   0.583028   0.0306954 
-0.120881  0.566701   0.377972   0.0337235 
-0.0769503 0.532189   0.571573   0.0301491 
-0.122227  0.547176   0.529911   0.0334255 
-0.0890724 0.543286   0.438619   0.0397613 
-0.0886909 0.491085   0.677737   0.0471403 
-0.00764661 0.426912   1.20751    0.0861981 
-0.0341786 0.329793   2.19051    0.0978493 
-0.126502  0.271309   2.70495    0.128823  
-0.176043  0.17569    3.76786    0.238604  
-0.251782  0.183046   3.4973     0.110476  
-0.283389  0.229783   2.00702    0.0713372 
-0.314272  0.273459   1.1949     0.0378326 
-0.373681  0.362716   0.451038   0.037532  
-0.304199  0.336904   0.832581   0.0320318 
-0.326391  0.350933   0.766932   0.0343517 
-0.405466  0.372007   0.356565   0.0677725 
-0.327605  0.279864   1.1176     0.043686  
-0.330998  0.329205   0.737252   0.104988  
-0.330998  0.329205   0.737252   0.0377565 
-0.263686  0.39269    0.825638   0.0356565 
-0.206014  0.488933   0.597252   0.0316649 
-0.240861  0.481025   0.546266   0.0282521 
-0.290426  0.448135   0.589515   0.0300611 
-0.259259  0.482436   0.492207   0.0283677 
-0.160758  0.575261   0.380016   0.0272746 
-0.0846488 0.633889   0.206428   0.0283105 
-0.0609412 0.59116    0.408769   0.0407398 
0.0306508  0.495863   0.769286   0.044372  
0.0347329  0.453721   0.941551   0.0339226 
0.0920127  0.550255   0.432064   0.0354413 
0.12801    0.511559   0.615788   0.0277746 
0.218896   0.555475   0.385737   0.0234553 
0.249422   0.639882   0.10832    0.0216615 
0.19021    0.691809   0.0284717  0.0196546 
0.133511   0.78073    -0.0925671 0.0189936 
0.116412   0.8083     -0.150257  0.0200568 
0.0252085  0.756203   -0.0108175 0.0248674 
0.02126    0.663041   0.135492   0.0247764 
0.112405   0.63391    0.232099   0.0330647 
0.0430316  0.549897   0.474648   0.0411195 
0.0430316  0.549897   0.474648   0.0510371 
0.0338994  0.452352   0.797279   0.0545645 
-0.0443354 0.436117   1.03804    0.0373738 
-0.0990102 0.480026   0.794379   0.0391698 
-0.0207794 0.484448   0.829895   0.0529769 
-0.0207794 0.484448   0.829895   0.0328181 
-0.111656  0.54569    0.457615   0.037526  
-0.103074  0.490376   0.750984   0.0293127 
-0.0924002 0.587919   0.347659   0.0281826 
-0.130554  0.584754   0.393951   0.0229069 
-0.212763  0.641273   0.166574   0.0228766 
-0.183216  0.682046   0.0243744  0.0239344 
-0.1975    0.656798   0.0611312  0.0216898 
-0.286024  0.668366   -0.00749213 0.0249009 
-0.24608   0.618881   0.100846   0.0208773 
-0.305218  0.666699   0.0098675  0.0233842 
-0.260535  0.594803   0.292242   0.0229613 
-0.175713  0.661567   0.103755   0.0254388 
-0.205377  0.617318   0.171589   0.0259142 
-0.217209  0.602006   0.214951   0.0217804 
-0.270039  0.655589   0.0155567  0.0205241 
-0.250475  0.701306   -0.04665   0.022518  
-0.279626  0.647931   0.0113475  0.0225664 
-0.319069  0.571327   0.205451   0.0202476 
-0.370037  0.614058   0.0194996  0.0235412 
-0.322672  0.557455   0.231769   0.0285525 
-0.322672  0.557455   0.231769   0.0238631 
-0.257393  0.618845   0.108101   0.0221144 
-0.238105  0.657608   0.0936097  0.0258801 
-0.17066   0.630744   0.15739    0.0317652 
-0.140796  0.546739   0.466579   0.0302371 
-0.16797   0.55534    0.413711   0.028664  
-0.0704568 0.574129   0.438843   0.0309076 
-0.139971  0.56707    0.350484   0.0231178 
-0.169983  0.665058   0.0817513  0.0213074 
-0.136973  0.715856   -0.0101466 0.0218391 
-0.0542508 0.705281   0.0848145  0.0221029 
-0.110324  0.707252   0.020594   0.0196816 
-0.149551  0.734476   -0.00282141 0.0193833 
-0.0946345 0.755699   -0.00613621 0.0212509 
-0.05889   0.738297   -0.0323106 0.0209734 
-0.0768892 0.728272   0.00716502 0.0183584 
-0.150739  0.799322   -0.0954557 0.0187735 
-0.150008  0.768812   -0.0683234 0.01733   
-0.163561  0.862013   -0.176823  0.0159688 
-0.182049  0.868977   -0.207981  0.0154108 
-0.0911879 0.932834   -0.24526   0.0218942 
-0.0970449 1.02266    -0.254593  0.0187446 
-0.071692  0.946075   -0.214301  0.0159568 
-0.0377942 0.916665   -0.260518  0.0163138 
-0.0402958 0.875198   -0.200714  0.0177111 
0.0576361  0.907973   -0.204069  0.0154139 
0.0882241  0.942087   -0.260168  0.024613  
0.171809   0.994306   -0.274144  0.0225018 
0.145191   0.9074     -0.183802  0.0167083 
0.108672   0.8999     -0.22221   0.0160912 
0.192405   0.927      -0.232732  0.0162608 
0.173435   0.907453   -0.224452  0.0162773 
0.259954   0.837287   -0.199298  0.018285  
0.329662   0.933239   -0.282785  0.0471309 
0.28343    1.03319    -0.183998  0.0197555 
0.200096   1.00126    -0.25283   0.0176352 
0.134792   1.01403    -0.273836  0.021199  
0.0383982  1.03942    -0.25005   0.028607  
0.0509208  1.00466    -0.230507  0.0185023 
0.0616792  0.998141   -0.243485  0.0252492 
-0.0228124 1.01251    -0.22499   0.016247  
-0.0986455 0.941723   -0.229782  0.0373654 
-0.131528  1.01947    -0.183835  0.0453354 
-0.114593  1.05278    -0.209956  0.0538139 
-0.0229966 1.12953    -0.151304  0.0166366 
-0.0111792 1.0401     -0.265091  0.029778  
0.0666877  1.00694    -0.201709  0.0197367 
0.0746036  1.0318     -0.262021  0.0308733 
0.0264813  1.12119    -0.185954  0.0293419 
0.0604618  1.0843     -0.243054  0.0389294 
0.101267   1.14251    -0.0661381 0.0252522 
0.177464   1.04835    -0.256366  0.0246925 
0.104858   0.967677   -0.243303  0.0163099 
0.0373022  0.897112   -0.196715  0.0211596 
0.100279   0.949921   -0.226624  0.0331412 
0.0570203  0.947508   -0.201227  0.0158467 
0.151381   0.984921   -0.272197  0.0188951 
0.0710436  0.896305   -0.216682  0.0163619 
0.0711471  0.901021   -0.221475  0.01707   
0.0221774  0.925146   -0.228924  0.0207868 
0.0480422  0.987207   -0.262156  0.0184338 
0.0480033  0.918154   -0.231466  0.0196046 
0.00639126 0.947996   -0.240252  0.0186434 
0.0275791  0.993038   -0.237144  0.0290477 
-0.0026157 1.04208    -0.243647  0.020003  
-0.0725341 0.977512   -0.256708  0.0154563 
-0.0458464 0.917329   -0.224358  0.0165575 
0.0339803  0.885822   -0.202258  0.0156528 
0.0941886  0.917777   -0.208726  0.017519  
0.0993849  0.933488   -0.219186  0.0176304 
0.0871534  0.852076   -0.167457  0.0158225 
-0.00556729 0.894245   -0.195184  0.0189303 
-0.0735107 0.897969   -0.232507  0.0168137 
-0.0874386 0.857534   -0.180198  0.0149824 
-0.000415398 0.919379   -0.212281  0.0178277 
-0.00444232 0.84526    -0.229205  0.0155808 
0.015295   0.892901   -0.210002  0.0171959 
0.0519306  0.828108   -0.147196  0.0164775 
0.0389599  0.860204   -0.176787  0.016742  
0.13492    0.916634   -0.237563  0.0152637 
0.218622   0.896654   -0.255418  0.0153654 
0.284557   0.8753     -0.247219  0.0157222 
0.307937   0.901891   -0.294246  0.016872  
0.399377   0.945025   -0.281284  0.0264948 
0.329408   0.885794   -0.231501  0.0187103 
0.322394   0.857632   -0.229308  0.0172034 
0.28432    0.781668   -0.149168  0.0155218 
0.266459   0.87651    -0.226541  0.0264024 
0.324734   0.905195   -0.254062  0.0174085 
0.311709   0.824806   -0.211178  0.0185214 
0.25589    0.838534   -0.175755  0.0158856 
0.169438   0.922002   -0.24754   0.0219072 
0.152291   0.994592   -0.259299  0.0312518 
0.122079   1.07365    -0.238223  0.0685908 
0.0663362  1.16586    -0.0709451 0.0377357 
0.131732   1.16249    -0.140135  0.0330326 
0.03654    1.14843    -0.20424   0.0696622 
0.111669   1.17426    -0.0576451 0.0691386 
0.0507285  1.2192     0.0376125  0.0758134 
0.119433   1.23661    0.0152728  0.0957827 
0.159625   1.31775    0.347405   0.231834  
0.159625   1.31775    0.347405   0.131176  
0.159625   1.31775    0.347405   0.0683103 
0.0697239  1.2993     0.12546    0.051918  
0.0781067  1.21033    -0.072891  0.0726398 
-0.00674404 1.23844    0.0668813  0.0416958 
0.0134346  1.16891    -0.119092  0.0430069 
0.0738502  1.15276    -0.130461  0.0306928 
-0.0138659 1.08512    -0.228081  0.0206472 
0.0823842  1.05312    -0.273526  0.0306584 
-0.0115363 1.03356    -0.219689  0.0176958 
0.0158884  1.04556    -0.301645  0.0482069 
-0.0244174 0.946641   -0.203584  0.0168851 
-0.0877771 0.895395   -0.186021  0.0154956 
-0.132739  0.888486   -0.191472  0.0159251 
-0.227834  0.937109   -0.254929  0.0158457 
-0.195247  0.885921   -0.220306  0.018151  
-0.135141  0.817523   -0.108857  0.0171306 
-0.1422    0.820006   -0.125608  0.0183765 
-0.213153  0.782441   -0.1336    0.0189995 
-0.159781  0.750895   -0.00430152 0.0173472 
-0.243071  0.805528   -0.168128  0.0181957 
-0.335918  0.758738   -0.176569  0.0172369 
-0.389752  0.726136   -0.168829  0.0157029 
-0.426581  0.778725   -0.258519  0.0286225 
-0.493245  0.86283    -0.26229   0.0252457 
-0.444383  0.935248   -0.260829  0.0323136 
-0.482341  0.948253   -0.243457  0.0224516 
-0.433201  0.907318   -0.239194  0.0188465 
-0.465374  0.940468   -0.294102  0.0293461 
-0.525695  0.996668   -0.197997  0.0326977 
-0.592388  0.922968   -0.231117  0.0277487 
-0.630332  0.907368   -0.248313  0.0273232 
-0.686286  0.894154   -0.235727  0.0301102 
-0.614203  0.919216   -0.223216  0.0377794 
-0.657408  1.01361    -0.102524  0.0333185 
-0.685725  0.961348   -0.12779   0.0269691 
-0.655821  0.870817   -0.266024  0.0286846 
-0.592599  0.953484   -0.198221  0.0296086 
-0.666037  0.941667   -0.22169   0.0223831 
-0.636448  0.890354   -0.282051  0.0278103 
-0.701253  0.877527   -0.234244  0.0173566 
-0.670677  0.855509   -0.30344   0.0285046 
-0.666197  0.864854   -0.251052  0.0193249 
-0.611828  0.829861   -0.335658  0.0150942 
-0.513331  0.785906   -0.244156  0.0139746 
-0.490599  0.690636   -0.229708  0.0138291 
-0.52625   0.604756   -0.224922  0.0151787 
-0.502285  0.589791   -0.158808  0.0179669 
-0.471636  0.512995   -0.0449751 0.0155294 
-0.551861  0.499592   -0.14754   0.0161994 
-0.523916  0.541113   -0.197354  0.016066  
-0.475099  0.633123   -0.164095  0.0155422 
-0.47869   0.698435   -0.232883  0.0163442 
-0.459114  0.634585   -0.13127   0.0186142 
-0.406842  0.593612   -0.042011  0.0204804 
-0.410264  0.572627   -0.0280083 0.0183223 
-0.473543  0.486543   -0.0131259 0.0190384 
-0.476611  0.501771   -0.0526369 0.0174833 
-0.457024  0.537546   -0.0424599 0.0225787 
-0.430487  0.44131    0.159032   0.0249175 
-0.39661   0.405173   0.342434   0.0313492 
-0.343076  0.376519   0.598322   0.0503715 
-0.417083  0.333668   0.569097   0.0427208 
-0.371162  0.334679   0.671985   0.0312507 
-0.316925  0.411214   0.495703   0.0564984 
-0.412932  0.327431   0.65642    0.0328506 
-0.320832  0.42149    0.478075   0.042208  
-0.320832  0.42149    0.478075   0.0280344 
-0.317915  0.46281    0.394809   0.0348977 
-0.372271  0.381003   0.376228   0.0657441 
-0.378868  0.298397   0.969459   0.0824686 
-0.454586  0.29784    1.2663     0.0284383 
-0.446737  0.396286   0.258157   0.0312932 
-0.485913  0.396587   0.225519   0.0384188 
-0.46321   0.376155   0.284616   0.0272125 
-0.367748  0.393312   0.412249   0.0258694 
-0.353475  0.442893   0.358068   0.0253222 
-0.386971  0.444557   0.234245   0.0291651 
-0.386971  0.444557   0.234245   0.0207992 
-0.432401  0.419779   0.246537   0.0318481 
-0.438973  0.388504   0.256237   0.0679348 
-0.438973  0.388504   0.256237   0.0208156 
-0.470227  0.445582   0.0651369  0.0240263 
-0.533452  0.442856   0.0123698  0.0122689 
-0.622618  0.540843   -0.314027  0.019437  
-0.676836  0.49108    -0.247953  0.028639  
-0.616672  0.439045   -0.0625953 0.02376   
-0.691548  0.466171   -0.17737   0.0185241 
-0.790524  0.503753   -0.332516  0.0361776 
-0.786991  0.426862   0.0500205  0.0688722 
-0.786991  0.426862   0.0500205  0.0173723 
-0.753509  0.509839   -0.319744  0.0133748 
-0.774255  0.537265   -0.411488  0.00599047
-0.796866  0.611441   -0.460203  0.0071493 
-0.729704  0.595589   -0.442764  0.0158069 
-0.801311  0.678807   -0.402163  0.00676647
-0.7113    0.602042   -0.399666  0.0067328 
-0.781806  0.596389   -0.44241   0.0108886 
-0.827706  0.566011   -0.415198  0.0111603 
-0.769128  0.656182   -0.425621  0.00617532
-0.737226  0.647459   -0.432537  0.0095066 
