#MU        SIGMA      ENERGY     ERROR     
-0.19864   0.93949    -0.250326  0.0218732 
-0.283201  1.00477    -0.235799  0.0226793 
-0.269595  1.07698    -0.250521  0.0382821 
-0.363992  1.16583    -0.138192  0.0771315 
-0.326042  1.23536    0.0131381  0.0577395 
-0.41862   1.17371    -0.0872345 0.0341655 
-0.335418  1.15185    -0.187902  0.0828056 
-0.335418  1.15185    -0.187902  0.0436343 
-0.330677  1.1331     -0.119747  0.042776  
-0.273325  1.14218    -0.122037  0.0448095 
-0.208364  1.16446    -0.0709072 0.0307139 
-0.127574  1.10348    -0.221677  0.0174792 
-0.0854172 1.02111    -0.266205  0.0366442 
-0.166908  1.05631    -0.258799  0.0190078 
-0.0962683 0.991954   -0.2537    0.024352  
-0.0962433 1.02115    -0.258137  0.0163203 
-0.132428  0.972372   -0.281091  0.0161413 
-0.0580279 0.919268   -0.21711   0.0168899 
-0.11239   0.942616   -0.254789  0.0184044 
-0.0151842 0.872349   -0.179288  0.0186086 
0.0299198  0.804205   -0.110426  0.0161656 
0.0833309  0.88836    -0.19882   0.0236795 
0.0646837  0.944782   -0.232133  0.0216559 
-0.0102348 0.938983   -0.265764  0.0416628 
-0.0102348 0.938983   -0.265764  0.0189427 
-0.0221544 0.914154   -0.193801  0.0165303 
-0.0452191 0.85385    -0.166388  0.0164839 
-0.0756748 0.850029   -0.122079  0.0173842 
-0.14142   0.824627   -0.192417  0.0187557 
-0.171227  0.775763   -0.0841976 0.0165662 
-0.203379  0.861833   -0.22192   0.01539   
-0.155187  0.924178   -0.273531  0.0194808 
-0.103599  0.997945   -0.298091  0.0800198 
-0.0930571 1.05749    -0.217593  0.0172729 
-0.18203   0.966888   -0.265616  0.0265036 
-0.114765  0.963848   -0.218878  0.0168702 
-0.0637547 1.02       -0.268143  0.0251846 
-0.09867   1.06809    -0.241167  0.0435153 
-0.188154  1.16027    -0.0648609 0.0299858 
-0.285858  1.11824    -0.194788  0.0349891 
-0.219537  1.0831     -0.181376  0.0340166 
-0.181861  1.12229    -0.153539  0.0377531 
-0.222548  1.02269    -0.210035  0.0153572 
-0.233656  0.950362   -0.279766  0.0169787 
-0.254286  0.875356   -0.245064  0.0174166 
-0.308893  0.865371   -0.262551  0.0158907 
-0.276066  0.962072   -0.30188   0.0163152 
-0.18387   0.903163   -0.236855  0.0203956 
-0.201574  0.984673   -0.261997  0.0174091 
-0.203218  1.00148    -0.254658  0.0227553 
-0.24283   1.01894    -0.26409   0.0427918 
-0.160074  1.10371    -0.13356   0.0465772 
-0.161277  1.15805    -0.0872707 0.0280575 
-0.165095  1.08936    -0.218357  0.0484495 
-0.0839579 1.17197    -0.120669  0.0336194 
-0.103831  1.16469    -0.115433  0.034869  
-0.0259957 1.08317    -0.227076  0.0319106 
-0.0228287 1.14509    -0.154182  0.0219351 
-0.0122482 1.07848    -0.256473  0.0293712 
-0.100363  1.10355    -0.176578  0.0207291 
-0.0692233 1.08699    -0.277303  0.0356703 
0.0212909  1.16225    -0.137475  0.0561605 
0.0701814  1.12194    -0.099987  0.0463919 
0.104961   1.16196    -0.123509  0.0427726 
0.0600877  1.22201    -0.0438836 0.0331759 
0.0745206  1.15595    -0.196928  0.0280396 
0.165055   1.13754    -0.198157  0.0347829 
0.182473   1.06733    -0.185665  0.131935  
0.138887   1.15558    -0.0285524 0.0689829 
0.191654   1.22871    -0.00106463 0.0614771 
0.170941   1.1971     -0.0198752 0.0353601 
0.0833654  1.19188    -0.147476  0.0264212 
0.113249   1.10581    -0.237658  0.050252  
0.11367    1.20453    -0.0248417 0.035195  
0.133037   1.17597    -0.196289  0.0534469 
0.0870591  1.20928    -0.0450956 0.0415055 
-0.00828058 1.24385    -0.0286901 0.0692972 
-0.101444  1.28409    0.174984   0.0816486 
-0.179172  1.34159    0.21778    0.0707853 
-0.19004   1.36549    0.265421   0.0628477 
-0.184233  1.36536    0.228891   0.132529  
-0.144151  1.43168    0.831005   0.181061  
-0.144151  1.43168    0.831005   0.0817593 
-0.191677  1.3471     0.41574    0.101564  
-0.240672  1.35481    0.450389   0.0470094 
-0.214888  1.26912    0.0485024  0.0853599 
-0.214888  1.26912    0.0485024  0.0637594 
-0.138906  1.27191    0.0314551  0.0389522 
-0.110132  1.22823    -0.12447   0.0543549 
-0.099421  1.24782    -0.014288  0.0674504 
-0.0792707 1.245      0.0469553  0.0735163 
-0.170612  1.32724    0.314463   0.073126  
-0.222119  1.24357    0.0920064  0.0723171 
-0.175361  1.3103     0.188431   0.0657996 
-0.115487  1.22497    0.0353371  0.0545561 
-0.0909301 1.14746    -0.102838  0.0226649 
-0.0741159 1.06011    -0.271806  0.0462309 
-0.154681  1.09272    -0.150013  0.0188061 
-0.118101  1.09901    -0.272776  0.0221907 
-0.213171  1.07308    -0.237492  0.0214886 
-0.185007  1.00717    -0.261563  0.0354156 
-0.260208  1.05813    -0.202863  0.0325577 
-0.190215  1.13917    -0.195042  0.0264164 
-0.122327  1.06813    -0.220377  0.0272169 
-0.171684  1.09041    -0.208622  0.0486414 
-0.141246  1.18491    -0.0766332 0.0986947 
-0.128146  1.25898    0.141684   0.0404588 
-0.189266  1.19946    -0.0935897 0.0515488 
-0.210988  1.17071    -0.0676753 0.0419556 
-0.239615  1.10278    -0.126905  0.0414053 
-0.278855  1.1923     -0.0969042 0.0670329 
-0.23642   1.26001    0.129302   0.0518676 
-0.150748  1.22133    -0.0930224 0.0605333 
-0.0573874 1.28013    0.0967953  0.0814981 
0.0174257  1.27116    0.158305   0.0974127 
-0.0163479 1.28194    0.29168    0.0428314 
0.068163   1.24133    -0.0645576 0.0660175 
0.12643    1.23155    -0.0350175 0.0478099 
0.050741   1.16002    -0.116622  0.0775205 
0.150295   1.24935    0.015861   0.0857482 
0.0603791  1.31944    0.235323   0.058939  
0.0546963  1.24948    0.124062   0.0355017 
0.0136874  1.16973    -0.146167  0.0403702 
-0.0276568 1.23445    -0.12014   0.0664124 
0.042716   1.22043    -0.059688  0.0397845 
0.00745669 1.14635    -0.160532  0.0621334 
-0.085218  1.23516    0.0124309  0.101326  
-0.144923  1.27684    0.139149   0.0628769 
-0.120158  1.22595    0.0514298  0.041052  
-0.0906609 1.20481    -0.11195   0.0693947 
-0.134596  1.27208    0.122572   0.0945285 
-0.100493  1.34378    0.341441   0.0816419 
-0.178485  1.27514    0.332843   0.077645  
-0.272885  1.29342    0.169403   0.156009  
-0.214366  1.33081    0.499675   0.12774   
-0.219082  1.36238    0.493201   0.101412  
-0.259577  1.28137    0.399706   0.0984008 
-0.317245  1.32457    0.374149   0.0703313 
-0.257113  1.30749    0.204779   0.0552455 
-0.221014  1.32556    0.079153   0.0825496 
-0.207045  1.26511    0.137762   0.0809032 
-0.206943  1.26268    0.07775    0.082822  
-0.206943  1.26268    0.07775    0.0922185 
-0.285131  1.3466     0.396373   0.127477  
-0.219024  1.3595     0.49857    0.0934647 
-0.150312  1.38766    0.399955   0.172318  
-0.0698879 1.38967    0.649611   0.107058  
-0.0494426 1.37035    0.506068   0.0845009 
0.0230371  1.36523    0.266647   0.124159  
0.0494269  1.45739    0.85703    0.107058  
-0.0438968 1.48567    0.753489   0.263727  
-0.0438968 1.48567    0.753489   0.14643   
-0.0438968 1.48567    0.753489   0.282651  
-0.0431178 1.54392    1.56571    0.265983  
-0.10488   1.61517    1.8897     0.216856  
-0.153262  1.54612    1.63457    0.191252  
-0.233146  1.62658    1.87252    0.179899  
-0.179734  1.62123    1.94692    0.141655  
-0.163665  1.56173    1.18995    0.195073  
-0.253127  1.4681     1.06136    0.214063  
-0.253127  1.4681     1.06136    0.182568  
-0.344821  1.43348    0.917997   0.0875333 
-0.310444  1.36638    0.475853   0.143271  
-0.392489  1.43408    0.789132   0.183151  
-0.351734  1.49399    1.48969    0.173427  
-0.29968   1.45975    1.11276    0.0955    
-0.347207  1.36231    0.491178   0.0997734 
-0.421158  1.31012    0.409012   0.117543  
-0.495316  1.33425    0.638831   0.100005  
-0.447602  1.347      0.396838   0.0736397 
-0.427411  1.2524     0.163763   0.0794251 
-0.483611  1.23015    0.243768   0.0791648 
-0.497522  1.18317    0.142826   0.0866807 
-0.538069  1.13761    0.119516   0.120434  
-0.538069  1.13761    0.119516   0.0647321 
-0.612883  1.102      -0.000902611 0.0514256 
-0.580324  1.13925    0.040736   0.0533965 
-0.538046  1.09822    -0.0768478 0.0521857 
-0.597183  1.03917    -0.0547667 0.0288495 
-0.588739  0.951415   -0.214649  0.0532294 
-0.588739  0.951415   -0.214649  0.0450493 
-0.683474  1.01284    -0.119195  0.0491344 
-0.731183  0.92101    -0.109552  0.0510083 
-0.750544  0.981091   -0.0262596 0.041705  
-0.820553  0.89286    -0.0899178 0.0428272 
-0.78745   0.851364   -0.175755  0.0374552 
-0.844826  0.89106    -0.131297  0.0420356 
-0.869006  0.833928   -0.107101  0.0839317 
-0.869006  0.833928   -0.107101  0.0236464 
-0.863122  0.742227   -0.30466   0.0551618 
-0.956562  0.782487   -0.0671511 0.025422  
-0.982298  0.714903   -0.210879  0.052904  
-1.08139   0.761842   0.182852   0.0421551 
-1.10244   0.735969   0.0821988  0.0623628 
-1.15632   0.799496   0.538366   0.0472785 
-1.16075   0.724857   0.310597   0.0674592 
-1.16897   0.740823   0.513991   0.0690145 
-1.07654   0.838527   0.468002   0.0680744 
-1.11935   0.776765   0.490032   0.0329926 
-1.02722   0.72087    -0.125448  0.0419007 
-1.03975   0.751909   0.0170399  0.0311954 
-1.01574   0.695342   -0.200344  0.0141899 
-0.929477  0.612939   -0.368331  0.022213  
-0.974279  0.662551   -0.31429   0.023761  
-0.99537   0.677668   -0.252524  0.0187227 
-1.03487   0.638241   -0.218621  0.0432972 
-1.11167   0.694906   0.0649906  0.0677899 
-1.11167   0.694906   0.0649906  0.0533328 
-1.13446   0.667763   0.236221   0.0553003 
-1.17819   0.763883   0.482784   0.0682263 
-1.17819   0.763883   0.482784   0.102363  
-1.23339   0.857494   1.24261    0.106505  
-1.26635   0.899875   1.53235    0.119069  
-1.25179   0.884352   1.7053     0.149093  
-1.18209   0.979896   1.62647    0.145239  
-1.14949   1.00738    1.40045    0.101398  
-1.10287   0.995333   0.932561   0.136951  
-1.10287   0.995333   0.932561   0.123356  
-1.05189   0.911707   0.699404   0.0575931 
-1.01218   0.836839   0.132423   0.0435931 
-0.957797  0.842338   -0.0447345 0.0352102 
-1.03076   0.744977   -0.0694129 0.0356592 
-0.978863  0.771428   -0.116872  0.0369724 
-0.978863  0.771428   -0.116872  0.0227213 
-0.9016    0.715246   -0.298947  0.0124048 
-0.926445  0.641203   -0.376688  0.0116049 
-0.905892  0.549141   -0.350212  0.028212  
-0.892408  0.457655   -0.105489  0.0118594 
-0.955649  0.545719   -0.297316  0.0125304 
-1.01378   0.541948   -0.239794  0.014659  
-1.01378   0.541948   -0.239794  0.0327724 
-1.10307   0.639062   0.0316257  0.0188524 
-1.15528   0.554261   0.0771271  0.0130179 
-1.07044   0.502879   -0.0231647 0.0245526 
-1.08801   0.442128   0.173205   0.0143379 
-1.02573   0.51726    -0.141488  0.0183925 
-1.04762   0.468957   0.0372593  0.0395981 
-1.04762   0.468957   0.0372593  0.016702  
-1.01614   0.486603   -0.0791631 0.0144623 
-1.04525   0.573813   -0.200606  0.0121934 
-0.963563  0.584564   -0.339062  0.0151435 
-0.892543  0.668914   -0.382503  0.0238571 
-0.978385  0.695776   -0.253593  0.0291888 
-0.924614  0.70059    -0.313182  0.0380865 
-0.964088  0.760728   -0.189678  0.0413745 
-0.966792  0.695196   -0.211581  0.0221228 
-1.00947   0.65676    -0.257811  0.0202139 
-0.988833  0.622777   -0.279382  0.0136409 
-0.994819  0.527103   -0.228784  0.0124476 
-1.05725   0.561382   -0.181234  0.0159034 
-1.09586   0.574231   -0.0732728 0.0140337 
-1.08824   0.515843   -0.0401841 0.0223662 
-1.11643   0.434021   0.280929   0.0140273 
-1.12876   0.509378   0.0622671  0.0250181 
-1.11421   0.434263   0.25079    0.0305391 
-1.02266   0.427387   0.130183   0.0447324 
-1.09103   0.366445   0.643786   0.0668628 
-1.04695   0.326328   0.998013   0.031909  
-0.985299  0.415178   0.261239   0.056983  
-0.985299  0.415178   0.261239   0.0284488 
-0.951834  0.44956    0.0193021  0.0124006 
-0.95738   0.539784   -0.283674  0.0193758 
-1.04468   0.622315   -0.180255  0.036102  
-1.08667   0.647481   -0.00716771 0.0520559 
-1.14654   0.7171     0.244003   0.0566392 
-1.09459   0.812351   0.354134   0.0781127 
-1.09459   0.812351   0.354134   0.0582705 
-1.12106   0.729477   0.330058   0.0893807 
-1.2166    0.824551   1.02093    0.0942391 
-1.13957   0.887071   0.860831   0.128239  
-1.21654   0.903574   1.63515    0.0694463 
-1.1284    0.841125   0.650304   0.0584842 
-1.11145   0.808938   0.437564   0.0503123 
-1.14297   0.746264   0.285807   0.0559532 
-1.06116   0.818552   0.212539   0.0463659 
-1.03932   0.794457   0.0756998  0.0370605 
-1.02329   0.7725     -0.0408401 0.0196527 
-0.948152  0.690045   -0.288088  0.0229923 
-0.979433  0.660164   -0.247044  0.042795  
-0.979433  0.660164   -0.247044  0.0144113 
-0.956028  0.599097   -0.325184  0.0187261 
-0.900082  0.635945   -0.386571  0.0118919 
-0.878963  0.65596    -0.407989  0.0149305 
-0.929436  0.644976   -0.354506  0.0298262 
-1.02917   0.682974   -0.171987  0.0235675 
-1.02392   0.685215   -0.216657  0.039347  
-0.961211  0.717833   -0.202619  0.0343533 
-0.89726   0.774449   -0.220888  0.0418761 
-0.966998  0.85552    0.0267629  0.0906356 
-0.966998  0.85552    0.0267629  0.078262  
-0.944065  0.933017   0.301799   0.0845727 
-1.01338   1.00665    0.621289   0.169748  
-1.04345   0.968391   0.989662   0.132605  
-1.05164   0.997351   1.01172    0.0741997 
-0.979184  0.941409   0.366504   0.0877105 
-1.04708   0.903146   0.533624   0.0777453 
-1.08775   0.869972   0.534157   0.113798  
-1.08775   0.869972   0.534157   0.0650234 
-1.051     0.801269   0.245571   0.0575142 
-1.00525   0.788286   0.0151503  0.0451996 
-0.915586  0.807904   -0.138498  0.0170445 
-0.851947  0.738663   -0.372057  0.0177749 
-0.869147  0.75569    -0.348452  0.0361958 
-0.896264  0.787264   -0.170822  0.0409428 
-0.835904  0.823911   -0.190779  0.0538527 
-0.928458  0.860389   0.0466975  0.0635281 
-1.01499   0.902146   0.306725   0.0609829 
-1.00075   0.814364   0.206542   0.0292249 
-0.952172  0.745136   -0.193439  0.0327253 
-0.971836  0.768946   -0.165643  0.0497368 
-0.964369  0.809817   0.0119616  0.0435634 
-0.964369  0.809817   0.0119616  0.0742294 
-0.964369  0.809817   0.0119616  0.0269832 
-0.874711  0.745667   -0.284983  0.0255534 
-0.913595  0.751385   -0.28786   0.0255379 
-1.00871   0.659101   -0.203075  0.0292072 
-1.00731   0.672366   -0.212337  0.0150104 
-1.05615   0.580439   -0.167139  0.0115503 
-0.989724  0.546189   -0.234675  0.0172291 
-1.03949   0.490907   -0.0920606 0.0138053 
-1.04115   0.588541   -0.210061  0.0171927 
-1.00753   0.492973   -0.0991063 0.0226468 
-1.07059   0.450234   0.0982561  0.0129172 
-1.08061   0.517741   -0.0620334 0.0140799 
-1.08998   0.523864   -0.0622612 0.0185884 
-1.02169   0.484274   -0.086383  0.0143124 
-1.12099   0.542289   -0.0228447 0.0133329 
-1.11608   0.513465   0.0163969  0.020939  
-1.05573   0.460863   0.0562181  0.0163328 
-1.08057   0.549874   -0.0922945 0.0332729 
-1.13583   0.630807   0.0996193  0.0620606 
-1.20591   0.720064   0.539826   0.0441001 
-1.21145   0.648993   0.394565   0.0503769 
-1.11271   0.733867   0.201156   0.0728589 
-1.07473   0.808849   0.306978   0.05637   
-0.991594  0.784643   0.038918   0.0267918 
-0.961618  0.69665    -0.237036  0.025242  
-1.03142   0.656142   -0.17588   0.0160505 
-0.939288  0.656      -0.338803  0.0238219 
-0.883679  0.742841   -0.290458  0.0227557 
-0.918816  0.728356   -0.313161  0.0284959 
-0.954659  0.711329   -0.255223  0.0373231 
-1.00289   0.737702   -0.116156  0.068081  
-1.03754   0.827972   0.21167    0.0328334 
-0.947404  0.80716    -0.136958  0.0427085 
-0.874477  0.822056   -0.0960672 0.0554591 
-0.874477  0.822056   -0.0960672 0.0168286 
-0.813937  0.731823   -0.382896  0.0291946 
-0.785759  0.753753   -0.339248  0.0227657 
-0.80114   0.745949   -0.344927  0.0290125 
-0.727814  0.817263   -0.282816  0.0311303 
-0.749336  0.904619   -0.198728  0.0409551 
-0.661574  0.990219   -0.136102  0.0330245 
-0.698816  0.903325   -0.201427  0.0619726 
-0.599429  0.97969    -0.10558   0.030367  
-0.678575  0.925319   -0.225428  0.0436904 
-0.663578  0.940092   -0.147406  0.0239879 
-0.690869  0.854321   -0.292273  0.0318752 
-0.670366  0.898222   -0.203812  0.0156854 
-0.707284  0.804817   -0.347966  0.0225644 
-0.682989  0.739885   -0.323839  0.0115277 
-0.598312  0.717462   -0.329768  0.0105494 
-0.587307  0.63933    -0.290405  0.00841991
-0.656229  0.622257   -0.389819  0.00911773
-0.687408  0.716828   -0.398648  0.0174408 
-0.751295  0.731563   -0.34701   0.0180441 
-0.652646  0.738584   -0.319716  0.0100926 
-0.666487  0.68608    -0.379229  0.0143702 
-0.630522  0.779866   -0.308941  0.0107471 
-0.709716  0.718376   -0.386227  0.0101295 
-0.695645  0.716647   -0.384811  0.0130142 
-0.720991  0.716916   -0.383485  0.0291993 
-0.668186  0.81677    -0.279524  0.0125316 
-0.58627   0.741457   -0.316262  0.0118681 
-0.577546  0.644699   -0.331084  0.0129208 
-0.557294  0.567993   -0.261678  0.0137389 
-0.631257  0.520082   -0.283121  0.00967291
-0.644077  0.577882   -0.343549  0.0169963 
-0.579675  0.505926   -0.214245  0.0310372 
-0.579675  0.505926   -0.214245  0.0155254 
-0.648361  0.51704    -0.299902  0.0327835 
-0.635362  0.425819   0.0454856  0.0331511 
-0.671253  0.429026   0.0340919  0.0241202 
-0.63585   0.467419   -0.210793  0.0136753 
-0.573593  0.544585   -0.265034  0.00925011
-0.62541   0.610943   -0.346727  0.00786413
-0.717384  0.600587   -0.412034  0.00865819
-0.746858  0.661466   -0.422078  0.00825126
-0.698867  0.691306   -0.409164  0.0162601 
-0.632212  0.78076    -0.337602  0.015593  
-0.560078  0.826893   -0.286703  0.012201  
-0.621955  0.736857   -0.328591  0.0204884 
-0.530523  0.815236   -0.287196  0.0175523 
-0.468405  0.824435   -0.288749  0.0253389 
-0.521634  0.908134   -0.235664  0.0175788 
-0.439258  0.968679   -0.276115  0.0194895 
-0.38486   0.915041   -0.27367   0.0171834 
-0.316972  0.840714   -0.243715  0.0179195 
-0.238946  0.764373   -0.0675987 0.016661  
-0.296913  0.76349    -0.0909232 0.0190351 
-0.247642  0.730061   -0.0927648 0.0216919 
-0.232719  0.678064   0.0233254  0.0254367 
-0.232719  0.678064   0.0233254  0.0233559 
-0.31979   0.585318   0.10017    0.022892  
-0.356538  0.566513   0.0826395  0.0208144 
-0.401973  0.510096   0.0894036  0.0195337 
-0.403638  0.587488   -0.00325297 0.024345  
-0.335956  0.536994   0.199052   0.0310208 
-0.278688  0.448049   0.558473   0.0465063 
-0.213669  0.360676   1.1836     0.054527  
-0.128901  0.371247   1.59853    0.0769687 
-0.128901  0.371247   1.59853    0.0410533 
-0.121204  0.459423   0.853512   0.0379368 
-0.142324  0.461191   0.899623   0.0311716 
-0.154658  0.523382   0.590392   0.0317281 
-0.210192  0.474492   0.668582   0.0321092 
-0.110621  0.557204   0.407222   0.0389492 
-0.110621  0.557204   0.407222   0.0242791 
-0.154431  0.646558   0.180687   0.0201552 
-0.226976  0.718067   0.00881376 0.0221504 
-0.14402   0.691679   0.000138101 0.020744  
-0.044671  0.738538   -0.031262  0.0234328 
-0.0578175 0.709862   0.0308181  0.0190952 
-0.132372  0.764234   -0.0458816 0.023593  
-0.170879  0.683152   0.0296335  0.0262457 
-0.167293  0.597703   0.284937   0.0262576 
-0.0874514 0.607463   0.351003   0.0303576 
-0.154374  0.551503   0.427846   0.0295246 
-0.125235  0.565739   0.424619   0.0314949 
-0.175402  0.54152    0.474378   0.0311538 
-0.0828988 0.567823   0.433757   0.0246069 
-0.15664   0.622641   0.234806   0.024245  
-0.0692078 0.678399   0.123155   0.0222648 
-0.108008  0.700738   0.0736826  0.0203242 
-0.166886  0.715763   0.0199708  0.0205534 
-0.169252  0.726591   -0.0101073 0.019773  
-0.0853408 0.774358   -0.0742732 0.0199133 
-0.0785123 0.843333   -0.160217  0.0169871 
-0.11138   0.846672   -0.177636  0.0173929 
-0.149172  0.797332   -0.05321   0.0193116 
-0.069466  0.742597   0.0202007  0.0189138 
0.0262842  0.778028   -0.0671843 0.018046  
-0.0722327 0.810149   -0.124084  0.0162853 
-0.134615  0.891512   -0.218217  0.0153301 
-0.143465  0.954868   -0.251716  0.0208283 
-0.0699179 1.04939    -0.244155  0.0381216 
-0.0939944 1.14935    -0.169697  0.0289801 
-0.0109831 1.19522    -0.205603  0.0364736 
-7.34931e-05 1.20541    -0.185057  0.0680389 
0.0446293  1.26204    0.0475446  0.058903  
0.0256485  1.18711    -0.0400928 0.0879292 
-0.0231708 1.28087    0.153605   0.0540456 
0.0734415  1.21615    0.0185327  0.092931  
0.0325172  1.22218    0.089408   0.0337006 
0.122942   1.16179    -0.204941  0.0820773 
0.215499   1.09028    -0.0672657 0.0616628 
0.276646   1.17638    -0.0412137 0.0330728 
0.254383   1.11043    -0.178032  0.0221664 
0.239628   1.01595    -0.261025  0.0451043 
0.290319   1.01388    -0.191181  0.0191185 
0.384408   0.935547   -0.271446  0.0154707 
0.437568   0.903429   -0.284074  0.0356144 
0.378865   0.971782   -0.180699  0.0383321 
0.470314   0.971019   -0.239632  0.0376259 
0.487911   1.03125    -0.205732  0.0350445 
0.522133   1.03428    -0.146255  0.0280582 
0.621503   1.00341    -0.220813  0.0282905 
0.6        0.926937   -0.223171  0.0253298 
0.505444   1.01812    -0.205794  0.0434614 
0.487368   1.05739    -0.0861582 0.0210458 
0.4189     0.974949   -0.264987  0.040683  
0.511865   0.932093   -0.228798  0.0325821 
0.599462   0.971172   -0.226543  0.0216504 
0.531938   0.984851   -0.265208  0.058927  
0.578394   1.06163    -0.0395442 0.036909  
0.502329   1.07566    -0.132723  0.0419879 
0.587647   1.01963    -0.111401  0.0885022 
0.664753   1.05375    0.189493   0.0552081 
0.70311    1.04105    0.0906282  0.0765254 
0.641591   1.11098    0.137415   0.113318  
0.719133   1.17209    0.56512    0.151788  
0.799609   1.22113    1.08132    0.136317  
0.86599    1.23377    1.32584    0.168627  
0.932223   1.25546    1.72499    0.304387  
0.932223   1.25546    1.72499    0.149672  
0.933398   1.30254    1.46193    0.182385  
0.969706   1.25258    1.77922    0.208323  
1.04599    1.21583    2.18878    0.196763  
1.12464    1.13434    1.98858    0.171716  
1.1333     1.09045    1.80154    0.17462   
1.05387    1.11651    1.57582    0.137377  
1.091      1.07619    1.48051    0.184484  
1.09339    1.10683    1.68425    0.251105  
1.0363     1.20304    2.07267    0.196317  
1.00212    1.28339    2.07517    0.261721  
1.00212    1.28339    2.07517    0.206033  
0.978849   1.34499    2.24651    0.239897  
1.07788    1.26069    2.37879    0.20691   
1.14088    1.16364    2.65241    0.204825  
1.1696     1.15943    2.60711    0.286234  
1.14935    1.20001    3.13059    0.260662  
1.08218    1.28105    2.92988    0.247163  
1.03306    1.36696    3.03639    0.361195  
0.983475   1.43769    3.92195    0.252074  
0.950271   1.46936    3.01899    0.478657  
0.950271   1.46936    3.01899    0.297677  
0.950271   1.46936    3.01899    0.351113  
0.950271   1.46936    3.01899    0.373542  
0.889021   1.44956    3.19817    0.238781  
0.914162   1.43997    2.8029     0.4085    
0.914162   1.43997    2.8029     0.253922  
0.917858   1.38954    2.61815    0.303202  
0.922457   1.39255    2.71135    0.280745  
0.923377   1.39325    2.62748    0.264907  
0.823854   1.3254     1.9034     0.164373  
0.743955   1.33956    1.3865     0.268272  
0.843096   1.37478    2.53412    0.27442   
0.79569    1.39191    2.26974    0.204639  
0.764223   1.35193    1.48381    0.150291  
0.833278   1.25255    1.16767    0.255904  
0.798978   1.26438    1.47394    0.0815018 
0.759277   1.19951    0.457999   0.101609  
0.825272   1.10211    0.5661     0.11348   
0.884265   1.18933    0.857762   0.0887395 
0.914705   1.12754    0.54697    0.105816  
0.897589   1.07529    0.664744   0.108893  
0.986312   1.03451    0.729291   0.103248  
0.890567   1.10757    0.741947   0.0995428 
0.899565   1.01757    0.472551   0.0974752 
0.92676    0.994225   0.356392   0.0647055 
0.98315    0.898495   0.224057   0.0282646 
0.893114   0.810069   -0.226938  0.0434778 
0.963574   0.838318   -0.0333908 0.104229  
1.05368    0.931167   0.692639   0.0661817 
0.983842   0.896302   0.258808   0.041178  
0.966027   0.825776   -0.0320656 0.0469972 
1.02124    0.828996   0.0204746  0.0391704 
1.03003    0.770812   -0.0319308 0.046695  
1.09368    0.728571   0.133126   0.0307646 
1.05155    0.708381   -0.118001  0.0468208 
1.01373    0.770761   -0.0315029 0.0273338 
1.01567    0.680418   -0.173736  0.0322169 
0.952002   0.72659    -0.212253  0.0345963 
0.963191   0.760832   -0.0877993 0.0196769 
0.955243   0.679414   -0.310758  0.0195286 
0.962948   0.659793   -0.304098  0.0157344 
1.05108    0.574844   -0.146     0.0143096 
1.05635    0.52386    -0.132177  0.0139804 
1.0604     0.513186   -0.0593751 0.0222177 
1.0534     0.454576   0.0777456  0.0311442 
0.967669   0.433458   0.0811008  0.024092  
1.06195    0.43811    0.178505   0.0128121 
1.06839    0.531419   -0.111845  0.0143392 
0.990866   0.520538   -0.203911  0.0291815 
0.959873   0.428561   0.172045   0.023772  
1.05165    0.452319   0.0494587  0.0189569 
1.04294    0.476917   -0.0164564 0.0252589 
1.04294    0.476917   -0.0164564 0.036872  
1.07559    0.398445   0.323594   0.0188298 
1.12025    0.462016   0.168898   0.0229487 
1.0406     0.448496   0.121327   0.0167789 
1.10506    0.47777    0.0835996  0.0205669 
1.10506    0.47777    0.0835996  0.029028  
1.00649    0.428863   0.0754545  0.0389552 
1.10206    0.385837   0.531887   0.0268663 
1.10839    0.419469   0.348485   0.0143749 
1.06081    0.497851   -0.0233054 0.0153755 
0.99874    0.512742   -0.192975  0.0147368 
0.969163   0.600416   -0.301639  0.0149077 
1.02845    0.55058    -0.186537  0.0112384 
0.949743   0.551029   -0.287922  0.0184087 
0.949743   0.551029   -0.287922  0.012215  
0.937712   0.620935   -0.381028  0.0127675 
0.997989   0.543923   -0.229364  0.0169302 
0.942867   0.508489   -0.224448  0.0297558 
0.849474   0.441468   0.032701   0.0252435 
0.772368   0.472796   -0.20437   0.0250436 
0.752184   0.473449   -0.200712  0.0465171 
0.752184   0.473449   -0.200712  0.0145947 
0.697507   0.517921   -0.333549  0.0182109 
0.652554   0.495388   -0.238357  0.0336881 
0.665025   0.434363   -0.0537383 0.0415327 
0.671108   0.409758   0.183373   0.0368194 
0.741844   0.424504   0.0442351  0.0295978 
0.695563   0.447297   -0.1082    0.0354693 
0.695563   0.447297   -0.1082    0.0386718 
0.695563   0.447297   -0.1082    0.0344277 
0.695563   0.447297   -0.1082    0.0189808 
0.785741   0.500176   -0.274892  0.0382738 
0.763957   0.423365   0.0345239  0.0297779 
0.682583   0.444204   -0.024398  0.0127194 
0.631005   0.532082   -0.286563  0.0212847 
0.581284   0.473981   -0.208453  0.0156479 
0.531205   0.48393    -0.0407091 0.0172509 
0.484328   0.493935   -0.0324366 0.0326515 
0.577332   0.414761   0.0903498  0.0469863 
0.577332   0.414761   0.0903498  0.0731101 
0.554338   0.330689   0.958345   0.0631512 
0.495181   0.335531   0.735708   0.0420568 
0.398479   0.336732   0.686533   0.139315  
0.402978   0.24879    2.31088    0.0756146 
0.365648   0.284331   1.12842    0.14163   
0.365648   0.284331   1.12842    0.246703  
0.365648   0.284331   1.12842    0.131266  
0.437435   0.256028   2.23275    0.305309  
0.437435   0.256028   2.23275    0.316688  
0.437435   0.256028   2.23275    0.246946  
0.437435   0.256028   2.23275    0.133145  
0.505922   0.263758   2.31969    0.243477  
0.505922   0.263758   2.31969    0.142763  
0.488996   0.263225   1.9635     0.0848373 
0.534079   0.310906   1.01408    0.0370602 
0.531508   0.390673   0.184715   0.0271491 
0.577221   0.434084   0.0124283  0.0235396 
0.511084   0.433537   0.101551   0.0196688 
0.577153   0.474504   -0.143508  0.0433534 
0.609601   0.394838   0.18911    0.061863  
0.603523   0.35054    0.716851   0.07332   
0.578866   0.323348   1.13785    0.0594228 
0.580105   0.354678   0.533796   0.0474945 
0.602369   0.37487    0.422819   0.0674012 
0.602369   0.37487    0.422819   0.0893584 
0.646596   0.304003   1.54811    0.0960212 
0.59271    0.29494    1.7941     0.089591  
0.653493   0.307378   1.30792    0.0624787 
0.640332   0.351191   0.785847   0.0573197 
0.68141    0.366769   0.641648   0.0727677 
0.723795   0.317423   1.44471    0.0675738 
0.718025   0.33268    1.16328    0.0662881 
0.65615    0.336357   1.07311    0.037971  
0.706716   0.419768   0.0161699  0.0562847 
0.706716   0.419768   0.0161699  0.0228806 
0.792705   0.482131   -0.215342  0.0270486 
0.744821   0.465056   -0.170185  0.0127482 
0.825225   0.536574   -0.366708  0.0106651 
0.854132   0.556489   -0.392809  0.0102708 
0.890543   0.634688   -0.421868  0.0146765 
0.970356   0.6483     -0.322444  0.0186035 
0.937492   0.66366    -0.35802   0.0322714 
0.960726   0.734379   -0.200717  0.0158775 
0.871844   0.670427   -0.387858  0.0251115 
0.865909   0.767678   -0.268884  0.0306094 
0.925304   0.718806   -0.272746  0.0246622 
0.830154   0.709273   -0.354327  0.0308257 
0.896007   0.806023   -0.234373  0.0368212 
0.978892   0.733836   -0.175495  0.0245298 
1.00536    0.6516     -0.207137  0.018402  
0.944683   0.653278   -0.335457  0.023284  
0.954919   0.673624   -0.295319  0.00789133
0.862917   0.5904     -0.424847  0.0121492 
0.941132   0.614155   -0.367015  0.0120335 
1.01042    0.552235   -0.227041  0.0134214 
0.922995   0.612784   -0.37278   0.0119397 
0.909354   0.554881   -0.373998  0.0129287 
0.950684   0.537148   -0.303637  0.00881211
0.886524   0.583822   -0.411766  0.0182013 
0.886524   0.583822   -0.411766  0.0119201 
0.95144    0.553924   -0.310042  0.011888  
0.982159   0.6034     -0.317518  0.0103258 
0.978564   0.56161    -0.284958  0.0174366 
1.02886    0.491274   -0.103663  0.0137977 
1.06909    0.506031   -0.0536954 0.0128595 
1.05922    0.536463   -0.12895   0.0236273 
0.971786   0.464645   -0.0325545 0.0306987 
0.880907   0.440633   -0.0137327 0.0280191 
0.880844   0.463338   -0.164613  0.0211983 
0.835808   0.492515   -0.291954  0.0159825 
0.867569   0.521119   -0.314295  0.00967097
0.825342   0.566078   -0.422071  0.0228909 
0.864329   0.48446    -0.19951   0.00892815
0.771437   0.565692   -0.415323  0.00739234
0.680234   0.609905   -0.386214  0.00765049
0.763961   0.591554   -0.415123  0.0174184 
0.832425   0.510495   -0.327945  0.00911788
0.867139   0.574575   -0.433316  0.01966   
0.965817   0.486848   -0.153486  0.0137603 
0.990477   0.533903   -0.256878  0.0199745 
0.990477   0.533903   -0.256878  0.0180592 
0.990477   0.533903   -0.256878  0.0128194 
0.96302    0.537199   -0.285362  0.00928456
0.898165   0.589539   -0.398415  0.00803219
0.823316   0.592401   -0.44441   0.018938  
0.823316   0.592401   -0.44441   0.0119297 
0.841361   0.667418   -0.403808  0.0188926 
0.939492   0.666611   -0.314208  0.0163698 
1.02404    0.613232   -0.246725  0.0322399 
1.03767    0.702743   -0.0851343 0.0755011 
0.956001   0.794786   0.114622   0.0656961 
0.99402    0.893838   0.293873   0.156414  
0.99402    0.893838   0.293873   0.0522527 
0.984438   0.894489   0.0813129  0.0683771 
0.984438   0.894489   0.0813129  0.0643088 
0.984438   0.894489   0.0813129  0.0508993 
1.08352    0.822689   0.227578   0.102448  
1.15613    0.894178   0.968922   0.0668807 
1.11625    0.809482   0.516183   0.0776991 
1.14641    0.870228   0.730866   0.0799734 
1.08206    0.882133   0.494549   0.124367  
1.16983    0.917764   1.37578    0.109573  
1.14044    0.919005   1.12858    0.10497   
1.1336     0.946771   0.93466    0.113852  
1.1336     0.946771   0.93466    0.101236  
1.06658    0.948304   0.886238   0.0781249 
0.997817   0.867205   0.281118   0.0472757 
1.02465    0.786106   0.0558896  0.0311193 
0.99514    0.718204   -0.157608  0.0325013 
1.09057    0.667978   -0.0202781 0.0152252 
1.00729    0.618261   -0.295964  0.0235653 
1.00767    0.68498    -0.225296  0.0318946 
1.0153     0.695801   -0.16005   0.0119024 
0.929276   0.596556   -0.371231  0.0280226 
1.02073    0.658817   -0.182955  0.0156647 
0.961405   0.607017   -0.341149  0.0145181 
0.970578   0.610753   -0.320641  0.0157632 
0.910071   0.518996   -0.297633  0.00917549
0.834549   0.603008   -0.452825  0.00986626
0.786758   0.561524   -0.435963  0.0084955 
0.700511   0.572275   -0.380055  0.0226627 
0.754284   0.47942    -0.194618  0.0339303 
0.725437   0.432707   -0.0508661 0.0280603 
0.807873   0.458065   -0.149164  0.0296165 
0.838454   0.445598   -0.032762  0.0267698 
0.851272   0.463388   -0.140377  0.0314143 
0.878408   0.435526   0.119584   0.022918  
0.787526   0.480942   -0.25391   0.023638  
0.710353   0.477034   -0.269851  0.0259991 
0.706927   0.464307   -0.17463   0.0120362 
0.622826   0.554454   -0.327517  0.0125514 
0.553828   0.594886   -0.244182  0.0137832 
0.519364   0.590004   -0.187827  0.0111572 
0.594909   0.605925   -0.295631  0.0113628 
0.590074   0.657413   -0.302788  0.0127951 
0.541682   0.646772   -0.251433  0.0113115 
0.629784   0.715664   -0.359203  0.0116772 
0.569614   0.655265   -0.290788  0.013848  
0.539583   0.729904   -0.309654  0.0148363 
0.502214   0.669544   -0.249464  0.0229949 
0.548971   0.719438   -0.264037  0.0146555 
0.51571    0.783194   -0.264323  0.0159067 
0.487356   0.779925   -0.270758  0.0150747 
0.493773   0.689946   -0.256155  0.0140148 
0.515636   0.635815   -0.212064  0.0185289 
0.427308   0.636988   -0.12343   0.0152179 
0.502492   0.606165   -0.206809  0.0173164 
0.420389   0.682203   -0.139031  0.0174968 
0.418915   0.614289   -0.0423017 0.0150794 
0.488413   0.576658   -0.151922  0.0176849 
0.424011   0.618169   -0.0719063 0.0198167 
0.37489    0.633707   -0.0608248 0.0218594 
0.373735   0.536188   0.115999   0.0222739 
0.314037   0.612304   0.07981    0.02145   
0.375943   0.576689   0.0426103  0.019086  
0.436959   0.53085    -0.0178544 0.0197426 
0.389666   0.60257    -0.0101962 0.0178602 
0.397261   0.652868   -0.0735524 0.0182226 
0.328431   0.725102   -0.114011  0.0177301 
0.399471   0.715392   -0.156081  0.0203079 
0.315298   0.675551   -0.0262855 0.0191397 
0.271758   0.749056   -0.109097  0.0178033 
0.243676   0.755758   -0.0939518 0.0198331 
0.29355    0.682715   0.00450371 0.0237911 
0.287393   0.627832   0.0744343  0.0271755 
0.262092   0.568111   0.237189   0.0218036 
0.256899   0.661061   0.0679913  0.0250869 
0.263404   0.618742   0.0742686  0.0240522 
0.22995    0.607202   0.172525   0.0223808 
0.166824   0.680999   0.0801278  0.0200804 
0.245086   0.686309   0.0460345  0.0244961 
0.231396   0.62449    0.126138   0.033177  
0.145922   0.534219   0.454836   0.0423207 
0.153705   0.450392   0.831838   0.0460981 
0.222803   0.373797   1.0769     0.0313414 
0.28276    0.425677   0.640994   0.0461517 
0.28276    0.425677   0.640994   0.0291376 
0.333623   0.462846   0.325774   0.0235516 
0.288668   0.557998   0.256727   0.0222245 
0.343496   0.558611   0.144684   0.0230613 
0.246769   0.63758    0.12899    0.0220495 
0.261154   0.674009   0.0248416  0.0243696 
0.261154   0.674009   0.0248416  0.0246573 
0.242813   0.584972   0.233063   0.0253388 
0.302096   0.547125   0.229409   0.0272551 
0.316215   0.470885   0.416087   0.0349401 
0.316215   0.470885   0.416087   0.0270241 
0.400318   0.431155   0.238428   0.0143101 
0.490977   0.524148   -0.060895  0.0150923 
0.539884   0.502486   -0.115741  0.0297327 
0.625314   0.438981   -0.0776448 0.0494412 
0.684543   0.383928   0.418074   0.025123  
0.643492   0.45698    -0.159081  0.023397  
0.726413   0.471903   -0.168626  0.0240054 
0.656561   0.465352   -0.151621  0.0197522 
0.635875   0.484391   -0.220737  0.0123738 
0.581335   0.567544   -0.264842  0.0112954 
0.587565   0.57523    -0.277415  0.0123098 
0.560917   0.583039   -0.259163  0.0137287 
0.511262   0.618754   -0.192442  0.0121725 
0.565288   0.702718   -0.296994  0.0139517 
0.565288   0.702718   -0.296994  0.0104367 
0.595326   0.603267   -0.28917   0.00873791
0.669844   0.67618    -0.394525  0.0061878 
0.710925   0.633368   -0.4097    0.00773177
0.67233    0.604721   -0.382486  0.0104205 
0.614567   0.578053   -0.313843  0.0108594 
0.605579   0.569884   -0.302225  0.017306  
0.509314   0.506802   -0.112457  0.0188    
0.428015   0.594118   -0.0685074 0.0189634 
0.430414   0.53444    0.0193485  0.0177649 
0.473348   0.504731   -0.0334748 0.0278184 
0.376925   0.453686   0.241582   0.0191045 
0.409217   0.53944    0.0738296  0.0239924 
0.38996    0.447506   0.25449    0.0202444 
0.484346   0.457279   0.0247985  0.0212467 
0.437451   0.453282   0.127333   0.018689  
0.47222    0.482871   -0.0240852 0.0153304 
0.503116   0.549572   -0.168265  0.0232438 
0.582309   0.454134   -0.121146  0.0232036 
0.488348   0.435003   0.108443   0.0513983 
0.565879   0.366933   0.444945   0.0911248 
0.60912    0.304945   1.44898    0.105135  
0.634258   0.289085   1.60505    0.184467  
0.634258   0.289085   1.60505    0.0587396 
0.646935   0.362415   0.576705   0.0560628 
0.706879   0.360392   0.695807   0.0915046 
0.706879   0.360392   0.695807   0.0600679 
0.797091   0.339341   1.08738    0.0410482 
0.762359   0.407822   0.21677    0.0334996 
0.800248   0.440483   0.0261186  0.0433815 
0.791945   0.403353   0.25534    0.0310815 
0.84305    0.432916   0.0987307  0.0541054 
0.780367   0.368612   0.605233   0.0502096 
0.786164   0.388267   0.278552   0.0418415 
0.797204   0.392706   0.409454   0.0293298 
0.771852   0.452422   -0.136558  0.0202354 
0.730491   0.488853   -0.247501  0.0398577 
0.780828   0.408503   0.244067   0.0522633 
0.724516   0.368052   0.671146   0.0520068 
0.642215   0.375825   0.387295   0.0673764 
0.642215   0.375825   0.387295   0.0349829 
0.547791   0.400378   0.142197   0.0651033 
0.49865    0.330977   0.763931   0.0397227 
0.548417   0.405933   0.0867114  0.0209757 
0.510444   0.461432   -0.0396384 0.014653  
0.524486   0.555621   -0.188534  0.0226287 
0.618759   0.469032   -0.129854  0.0190689 
0.666246   0.493419   -0.25998   0.0112801 
0.682605   0.548548   -0.354838  0.0220477 
0.643353   0.469717   -0.151619  0.0255339 
0.643554   0.455137   -0.110873  0.0365623 
0.60724    0.409815   0.069317   0.036415  
0.564922   0.408943   0.133099   0.0260656 
0.584783   0.443557   -0.0346081 0.0199422 
0.591798   0.472171   -0.151661  0.015643  
0.511393   0.543153   -0.154688  0.0166062 
0.499527   0.532861   -0.119727  0.0139097 
0.544001   0.606648   -0.280472  0.0143963 
0.513456   0.633533   -0.227682  0.0149482 
0.513456   0.633533   -0.227682  0.0158215 
0.448779   0.719592   -0.184834  0.0160149 
0.450446   0.681115   -0.171373  0.0130712 
0.544796   0.709041   -0.290815  0.0124984 
0.545035   0.629706   -0.25661   0.0141009 
0.495988   0.724015   -0.241236  0.0132942 
0.513565   0.78171    -0.312538  0.0148984 
0.543223   0.792      -0.275096  0.0226819 
0.570091   0.841955   -0.262055  0.0166334 
0.547978   0.78101    -0.305346  0.0127444 
0.589414   0.772686   -0.339929  0.0157906 
0.589414   0.772686   -0.339929  0.013778  
0.594176   0.751308   -0.31895   0.0128396 
0.633381   0.761632   -0.341763  0.0118977 
0.569223   0.681984   -0.308379  0.0136788 
0.534557   0.746297   -0.276584  0.0109918 
0.598513   0.659049   -0.337014  0.0141771 
0.513171   0.6959     -0.235958  0.0137664 
0.51953    0.634875   -0.218666  0.0155626 
0.496679   0.558381   -0.142945  0.01407   
0.51257    0.643081   -0.235878  0.0128986 
0.555732   0.680919   -0.301873  0.0154834 
0.487428   0.615115   -0.165781  0.0127703 
0.54134    0.681828   -0.277895  0.0128131 
0.556275   0.738587   -0.285353  0.00933258
0.644806   0.661825   -0.357396  0.00943827
0.706977   0.565364   -0.39818   0.00795843
0.701414   0.593344   -0.407525  0.00875393
0.677762   0.666378   -0.388265  0.00859064
0.764418   0.66677    -0.409784  0.00879803
0.780659   0.576051   -0.430584  0.0161059 
0.689423   0.510298   -0.320278  0.0293144 
0.689423   0.510298   -0.320278  0.0129619 
0.596638   0.547901   -0.298807  0.0142154 
0.597689   0.513939   -0.232004  0.0280271 
0.656345   0.447497   -0.0766156 0.0238077 
0.727535   0.476677   -0.24223   0.0358865 
0.684022   0.425364   0.0650882  0.0725795 
0.684022   0.425364   0.0650882  0.040134  
0.658215   0.401557   0.242425   0.041532  
0.665068   0.400341   0.222817   0.0177764 
0.623831   0.494481   -0.237627  0.0266147 
0.702899   0.462631   -0.156877  0.0263698 
0.616561   0.454437   -0.140311  0.0520833 
0.616561   0.454437   -0.140311  0.0214526 
0.631036   0.477224   -0.195102  0.0176032 
0.533486   0.505163   -0.154718  0.0137297 
0.532751   0.563292   -0.198985  0.0114148 
0.575977   0.57848    -0.238271  0.0133835 
0.545771   0.540797   -0.187849  0.0226056 
0.523079   0.451937   -0.0316449 0.0335975 
0.529966   0.409107   0.0882409  0.0156761 
0.591715   0.498091   -0.18796   0.0280537 
0.656644   0.447163   -0.0639912 0.028788  
0.584165   0.42882    0.0312538  0.0322675 
0.527785   0.411181   0.0568196  0.0733259 
0.560233   0.326517   1.01368    0.0832441 
0.530632   0.315632   1.05429    0.126933  
0.530632   0.315632   1.05429    0.0496746 
0.515672   0.360783   0.453926   0.0968799 
0.515672   0.360783   0.453926   0.0652731 
0.49522    0.328087   0.773191   0.0731214 
0.576868   0.327033   1.03475    0.062505  
0.55891    0.340715   0.821066   0.0368223 
0.568153   0.408801   0.0846756  0.0192726 
0.470856   0.462699   0.0281362  0.0226552 
0.397397   0.495565   0.115032   0.0275139 
0.34244    0.507973   0.16711    0.0273919 
0.415437   0.421449   0.20448    0.0169811 
0.514042   0.48628    -0.0770231 0.0200762 
0.592274   0.47788    -0.206465  0.013073  
0.568022   0.541787   -0.240932  0.0124267 
0.574807   0.559826   -0.263763  0.0159977 
0.545448   0.51952    -0.195491  0.0125759 
0.578488   0.557195   -0.259439  0.0160106 
0.57007    0.495241   -0.172047  0.0300749 
0.606781   0.428365   0.00965104 0.0232126 
0.638317   0.467445   -0.170751  0.0100811 
0.735058   0.559976   -0.407723  0.00677997
0.702074   0.655858   -0.417216  0.0166727 
0.766458   0.741933   -0.37198   0.0475917 
0.842999   0.781984   -0.221411  0.0221671 
0.826921   0.764041   -0.327617  0.0149361 
0.861946   0.677901   -0.395818  0.00748616
0.830666   0.614113   -0.448193  0.0140813 
0.902531   0.530232   -0.324876  0.00847158
0.824379   0.624008   -0.452234  0.00692413
0.754339   0.641448   -0.433175  0.00794003
0.750937   0.57853    -0.427535  0.00856001
0.676583   0.677046   -0.384617  0.00644754
0.73265    0.619596   -0.426453  0.00860101
0.766077   0.661937   -0.435894  0.0074753 
0.679677   0.604207   -0.371069  0.00686189
0.700383   0.626462   -0.411271  0.00967236
0.635023   0.683179   -0.357334  0.0105505 
0.608944   0.591225   -0.329461  0.011421  
0.569787   0.614759   -0.264462  0.0116388 
0.572572   0.612955   -0.267918  0.0083897 
0.640427   0.631215   -0.36608   0.0143725 
0.680155   0.625942   -0.389177  0.013902  
0.772676   0.708947   -0.39271   0.00751509
0.752507   0.646164   -0.429789  0.0159425 
0.832909   0.688133   -0.3759    0.0202627 
0.880026   0.743755   -0.335582  0.0275416 
0.919119   0.736674   -0.288258  0.0273947 
0.955005   0.71838    -0.224507  0.0348608 
0.889284   0.744718   -0.24543   0.0651389 
0.949479   0.842169   0.130565   0.0455267 
0.921738   0.880353   0.00729425 0.0568841 
0.951408   0.932006   0.184463   0.0902912 
0.951408   0.932006   0.184463   0.0593523 
0.878283   0.91034    0.150052   0.0489667 
0.96855    0.82411    0.0411526  0.0234205 
0.92771    0.751373   -0.259999  0.0456821 
0.92771    0.751373   -0.259999  0.0573947 
0.990273   0.845167   0.102128   0.0694633 
0.967784   0.924444   0.310257   0.0985235 
1.0171     0.83274    0.265253   0.0524476 
0.981924   0.851607   0.138961   0.0417423 
0.890843   0.817473   -0.151015  0.0309621 
0.92427    0.746849   -0.193275  0.0305174 
0.898513   0.78137    -0.22875   0.0505297 
0.982123   0.798013   0.0462801  0.0664197 
0.982123   0.798013   0.0462801  0.0419184 
1.03892    0.725415   -0.01775   0.0330172 
1.10389    0.650723   0.0316875  0.0466754 
1.06328    0.722255   0.0517387  0.0413993 
0.985171   0.81923    -0.0171397 0.0911163 
0.985171   0.81923    -0.0171397 0.101442  
1.06587    0.903382   0.687441   0.0729873 
1.03893    0.823217   0.345432   0.0441763 
1.00156    0.750787   -0.0580157 0.0497155 
1.06109    0.768428   0.175794   0.0659799 
1.09114    0.850346   0.490386   0.0726993 
1.09114    0.850346   0.490386   0.0596415 
1.08554    0.825263   0.35819    0.078705  
1.01072    0.869356   0.296564   0.0811607 
1.01849    0.897441   0.341602   0.0790662 
1.11223    0.88997    0.678947   0.0703028 
1.09173    0.878007   0.547038   0.0827205 
1.18337    0.81286    0.824322   0.11754   
1.18337    0.81286    0.824322   0.102509  
1.11561    0.910364   0.877745   0.118654  
1.20632    0.879897   1.26732    0.107712  
1.18394    0.864339   1.08802    0.112596  
1.21134    0.907016   1.3098     0.136476  
1.20744    0.972156   1.8347     0.203668  
1.25141    1.04009    2.68969    0.175049  
1.34067    0.986744   2.84261    0.174404  
1.25278    1.07385    2.52304    0.248219  
1.16165    1.15314    2.77554    0.145888  
1.06869    1.11778    1.64201    0.0976112 
0.972848   1.07002    0.666615   0.102584  
1.03688    0.985022   0.859048   0.103514  
1.05346    0.995716   0.868538   0.121187  
1.09908    0.944775   1.02697    0.0759285 
1.08409    0.852073   0.517302   0.0710531 
1.10025    0.789272   0.39725    0.0647386 
1.12233    0.794345   0.49163    0.145885  
1.12233    0.794345   0.49163    0.0992915 
1.14967    0.884747   0.872761   0.0830678 
1.18926    0.817563   0.793444   0.0627902 
1.11108    0.783078   0.257514   0.0576527 
1.02849    0.828645   0.179036   0.0607262 
1.06689    0.770324   0.251847   0.0670507 
1.02257    0.864124   0.267992   0.0487977 
1.01658    0.815176   0.0331941  0.0524258 
1.06239    0.799456   0.175683   0.0482584 
1.09813    0.718929   0.19433    0.0177618 
1.00119    0.630608   -0.283442  0.0213617 
1.08658    0.619541   -0.0764948 0.0170498 
1.15364    0.543495   0.106011   0.0199672 
1.11541    0.585333   -0.0325409 0.0145191 
1.16082    0.513748   0.121518   0.0256569 
1.07119    0.613107   -0.04749   0.0125292 
0.972016   0.582817   -0.319823  0.011861  
0.958526   0.557852   -0.30933   0.0129838 
1.05009    0.575911   -0.192802  0.0172909 
1.06722    0.588725   -0.120804  0.0127658 
1.00054    0.588257   -0.276675  0.0132328 
0.996012   0.60702    -0.282328  0.0189316 
1.01468    0.62749    -0.260138  0.0117474 
0.988151   0.547068   -0.260722  0.0252954 
0.981961   0.451692   0.0252365  0.0215821 
1.02822    0.451674   0.112229   0.0162672 
1.08391    0.486845   0.0147662  0.0238865 
1.03139    0.457191   0.0252397  0.0308291 
0.965736   0.43257    0.0572694  0.042083  
0.965736   0.43257    0.0572694  0.0322471 
0.870515   0.438395   0.0113745  0.0532548 
0.822225   0.370095   0.470605   0.0519488 
0.899213   0.365447   0.636866   0.0823153 
0.973739   0.292438   1.57637    0.0535306 
0.928654   0.36113    0.584324   0.0986474 
0.941238   0.280808   1.83549    0.107042  
1.02505    0.274056   2.00104    0.155119  
1.02505    0.274056   2.00104    0.0560382 
1.09369    0.341827   0.849354   0.0300511 
1.12346    0.403866   0.440145   0.0504515 
1.1211     0.36306    0.606284   0.105328  
1.1211     0.36306    0.606284   0.0457547 
1.21046    0.365405   0.748817   0.0491629 
1.20365    0.357125   0.778178   0.0887979 
1.20365    0.357125   0.778178   0.0656185 
1.11625    0.328501   0.913774   0.0620405 
1.11625    0.328501   0.913774   0.0586821 
1.11794    0.339526   0.948185   0.0501983 
1.09191    0.354295   0.703433   0.0984686 
1.08329    0.280199   1.67692    0.0432088 
1.16541    0.369004   0.683893   0.0197582 
1.09472    0.461546   0.0956286  0.0180517 
1.06746    0.478788   -0.0148962 0.0254444 
1.102      0.437785   0.230604   0.0314368 
1.16663    0.398771   0.447143   0.0545625 
1.11571    0.345528   0.754111   0.0498904 
1.12695    0.36349    0.611782   0.0987451 
1.12695    0.36349    0.611782   0.0197031 
1.18927    0.462679   0.256189   0.0283515 
1.25322    0.542195   0.415337   0.0413648 
1.22702    0.640428   0.507405   0.0367098 
1.15867    0.679066   0.164      0.0730443 
1.15867    0.679066   0.164      0.0367868 
1.06863    0.699627   -0.0555595 0.04606   
1.04219    0.742114   0.0373863  0.0222606 
0.962572   0.661452   -0.277759  0.0204033 
0.88404    0.716308   -0.340755  0.0335365 
0.948036   0.722787   -0.191901  0.026358  
0.900104   0.721717   -0.304928  0.0101144 
0.898026   0.625867   -0.406091  0.0136265 
0.992883   0.609964   -0.304329  0.0210206 
0.961728   0.680731   -0.298241  0.0163507 
1.03916    0.619519   -0.224422  0.0119305 
1.00119    0.548798   -0.258408  0.023123  
0.928207   0.47688    -0.149839  0.0245144 
0.850516   0.4738     -0.1658    0.0125421 
0.927268   0.543209   -0.332314  0.0243179 
0.847149   0.463258   -0.0833057 0.045301  
0.837718   0.388663   0.30699    0.0350821 
0.924444   0.426999   0.0777444  0.0650333 
0.924444   0.426999   0.0777444  0.0157802 
0.917977   0.520153   -0.281675  0.0121465 
0.892219   0.543745   -0.362418  0.0193071 
0.892219   0.543745   -0.362418  0.0101347 
0.915096   0.583528   -0.371607  0.00900696
0.889891   0.582992   -0.400709  0.00890603
0.846284   0.571294   -0.409956  0.00986704
0.88629    0.634152   -0.428294  0.0107533 
0.806938   0.676101   -0.421291  0.00695103
0.790137   0.592316   -0.43898   0.00600627
0.733966   0.633136   -0.429693  0.0104499 
0.70074    0.6985     -0.38847   0.00888732
0.664476   0.619505   -0.382789  0.0104688 
0.740184   0.554742   -0.399864  0.00729801
0.764241   0.612781   -0.444413  0.00907941
0.814438   0.572679   -0.416306  0.0133832 
0.791946   0.534318   -0.403336  0.0288075 
0.781521   0.455576   -0.110992  0.0158234 
0.786661   0.522717   -0.359633  0.00904286
0.716908   0.573089   -0.417677  0.00823673
0.716483   0.573258   -0.398723  0.00802348
0.693513   0.618287   -0.402287  0.0193495 
0.756084   0.676066   -0.397168  0.0166094 
0.817814   0.676644   -0.392138  0.0124251 
0.742174   0.729682   -0.394517  0.0394181 
0.792195   0.767147   -0.275527  0.0196537 
0.858058   0.732377   -0.334042  0.0374105 
0.832182   0.816363   -0.19569   0.0189575 
0.734134   0.760292   -0.350495  0.0186636 
0.798462   0.724559   -0.387384  0.0254303 
0.699666   0.801602   -0.338698  0.0159486 
0.662698   0.823296   -0.33853   0.0155814 
0.645809   0.767555   -0.318237  0.017882  
0.581139   0.848207   -0.279402  0.0191328 
0.497927   0.841299   -0.239278  0.0247787 
0.564251   0.882866   -0.300195  0.0419876 
0.499944   0.935047   -0.239608  0.0248319 
0.524097   0.916447   -0.247879  0.033918  
0.588268   0.931958   -0.191707  0.0428044 
0.534708   1.02156    -0.0931433 0.0263834 
0.501267   0.981121   -0.235841  0.0155688 
0.427099   0.976077   -0.305346  0.026577  
0.383027   1.00925    -0.257207  0.0379168 
0.335178   1.07969    -0.163423  0.0579586 
0.425427   1.07487    -0.135396  0.0572721 
0.449983   1.13277    0.0242259  0.0682808 
0.514345   1.18126    0.12093    0.0903447 
0.579769   1.2048     0.383993   0.0664613 
0.637875   1.12188    0.191001   0.106844  
0.618302   1.13961    0.250782   0.063479  
0.71765    1.04699    0.0639354  0.0986751 
0.74819    1.08079    0.297341   0.0344363 
0.657903   1.00157    -0.185346  0.0468986 
0.692061   1.01261    -0.0493027 0.0552215 
0.762347   1.0646     0.106802   0.0999947 
0.835292   1.11852    0.614738   0.103547  
0.92204    1.04507    0.6405     0.0664234 
0.87056    1.05383    0.27577    0.0706823 
0.86708    0.971563   0.289195   0.09819   
0.952647   1.0181     0.570537   0.131831  
0.952647   1.0181     0.570537   0.120742  
0.920108   1.07856    0.727634   0.097561  
0.934749   0.998155   0.534935   0.0588776 
0.947472   0.946807   0.248059   0.101426  
1.00927    0.992787   0.716574   0.102774  
1.00927    0.992787   0.716574   0.0930978 
0.975399   0.970535   0.521774   0.11478   
1.07522    1.04314    1.15997    0.155682  
1.07522    1.04314    1.15997    0.135112  
1.07522    1.04314    1.15997    0.190666  
1.07522    1.04314    1.15997    0.135655  
1.07522    1.04314    1.15997    0.13728   
1.13312    0.959627   1.26237    0.12204   
1.13312    0.959627   1.26237    0.154108  
1.08692    1.0471     1.50262    0.155877  
1.14485    1.03916    1.88921    0.112808  
1.06492    0.956441   0.956725   0.0852133 
0.977063   0.912608   0.377284   0.0706874 
0.901736   0.993402   0.252388   0.076801  
0.927127   0.972993   0.376325   0.081609  
0.881893   0.989103   0.268875   0.0935021 
0.888304   0.990526   0.419748   0.115823  
0.888304   0.990526   0.419748   0.11313   
0.980914   1.06264    0.809573   0.162856  
0.913793   1.16204    1.19999    0.128203  
0.824982   1.13486    0.617869   0.0812491 
0.759394   1.09046    0.294714   0.0989727 
0.759394   1.09046    0.294714   0.0758176 
0.796221   1.04933    0.263326   0.0557929 
0.879908   0.992479   0.154945   0.121627  
0.879908   0.992479   0.154945   0.0597245 
0.81226    0.982794   0.0444741  0.0505843 
0.797864   0.996955   0.034613   0.0492786 
0.801827   0.946908   -0.0579643 0.0766462 
0.780241   0.94209    -0.0148693 0.0568651 
0.839327   0.950781   0.0715238  0.050123  
0.886568   0.862828   -0.0168904 0.0355252 
0.794595   0.883455   -0.178854  0.0327245 
0.819212   0.798063   -0.237945  0.0368256 
0.819212   0.798063   -0.237945  0.0262499 
0.864667   0.734535   -0.337567  0.0132231 
0.788124   0.740129   -0.404951  0.0146143 
0.692337   0.716228   -0.365111  0.00741696
0.743703   0.670124   -0.426365  0.00802952
0.710022   0.584871   -0.400668  0.0160693 
0.790941   0.515761   -0.320541  0.010053  
0.741446   0.556716   -0.399639  0.00798653
0.815344   0.645494   -0.44897   0.00885762
0.802304   0.572865   -0.434342  0.00924017
0.762798   0.566516   -0.416437  0.0196817 
0.736695   0.494676   -0.278342  0.0134712 
0.63941    0.53595    -0.343025  0.0116124 
0.587859   0.588965   -0.292328  0.0132635 
0.527026   0.617943   -0.217713  0.0175478 
0.429131   0.579868   -0.0446501 0.0214763 
0.339429   0.585469   0.0876563  0.0203687 
0.329122   0.655116   -0.00977204 0.0186313 
0.4215     0.593094   -0.0371843 0.0220114 
0.338102   0.617767   0.0137758  0.0261682 
0.249227   0.57444    0.261576   0.0250307 
0.151868   0.655872   0.0874507  0.0219484 
0.107414   0.697899   0.0643437  0.0267066 
0.198153   0.619482   0.172307   0.0186594 
0.294489   0.717756   -0.05241   0.0156074 
0.353836   0.792149   -0.177099  0.0150611 
0.44444    0.760657   -0.220158  0.0151377 
0.469334   0.670816   -0.204166  0.0152975 
0.481577   0.660995   -0.215967  0.0178062 
0.422083   0.639505   -0.0853718 0.0139269 
0.499812   0.66297    -0.212242  0.0149434 
0.483509   0.646205   -0.185789  0.0183284 
0.388155   0.672367   -0.118558  0.0177339 
0.436274   0.590259   -0.0739941 0.015572  
0.481958   0.495611   -0.00234403 0.01293   
0.571614   0.553064   -0.250639  0.0169468 
0.586041   0.499317   -0.188279  0.0127526 
0.527703   0.582211   -0.157411  0.0108255 
0.605803   0.676087   -0.34492   0.00952839
0.635869   0.609819   -0.362499  0.0121522 
0.552075   0.663977   -0.259572  0.0135972 
0.52238    0.673098   -0.275762  0.0129029 
0.554257   0.708053   -0.309312  0.00868677
0.651669   0.673226   -0.358234  0.0112916 
0.639753   0.733232   -0.358508  0.0151155 
0.639967   0.812917   -0.334845  0.0283182 
0.593061   0.869807   -0.294022  0.0148045 
0.501714   0.845784   -0.282094  0.0145765 
0.416916   0.854582   -0.261287  0.0178142 
0.333317   0.946383   -0.258882  0.0176708 
0.315261   0.954221   -0.292809  0.0175834 
0.315261   0.954221   -0.292809  0.0216927 
0.388089   1.01349    -0.255974  0.0221377 
0.305252   1.00445    -0.287022  0.0169183 
0.344459   0.912209   -0.275377  0.0162861 
0.31186    0.891251   -0.216286  0.0158609 
0.408783   0.854175   -0.252111  0.0177177 
0.472716   0.905023   -0.290295  0.0197508 
0.524457   0.865608   -0.276551  0.0132593 
0.541431   0.803573   -0.323997  0.0167725 
0.445315   0.823088   -0.278595  0.0207771 
0.437535   0.894837   -0.25879   0.0152454 
0.44139    0.863965   -0.263977  0.020015  
0.513179   0.894626   -0.29126   0.0251599 
0.433152   0.952101   -0.222506  0.0235787 
0.398841   0.973723   -0.243057  0.0141312 
0.425619   0.898951   -0.284619  0.0234913 
0.387128   0.994854   -0.202987  0.0244923 
0.346692   1.04843    -0.246923  0.0183331 
0.291411   0.971152   -0.282564  0.0328157 
0.314162   1.0638     -0.180902  0.0203469 
0.329375   1.03861    -0.290737  0.028159  
0.295138   0.996265   -0.239257  0.0303716 
0.36105    1.08768    -0.194088  0.0271053 
0.418664   1.02493    -0.220363  0.0306107 
0.501265   0.977673   -0.192101  0.0231732 
0.495776   0.938305   -0.284457  0.0294128 
0.55275    0.941029   -0.256123  0.0321705 
0.624257   0.998171   -0.175862  0.0334277 
0.591674   0.915549   -0.247976  0.0339573 
0.554052   0.932469   -0.165967  0.0285838 
0.606504   0.968556   -0.213882  0.0388314 
0.614747   0.957563   -0.19617   0.03139   
0.644511   0.97527    -0.153316  0.0331411 
0.593336   0.903972   -0.20247   0.0441133 
0.577927   0.963477   -0.231784  0.0231459 
0.515596   0.936487   -0.239915  0.0191277 
0.463192   0.882522   -0.26235   0.0471031 
0.54973    0.968342   -0.196159  0.0241562 
0.547526   0.91915    -0.250912  0.0342959 
0.508887   1.01742    -0.195737  0.0394773 
0.432343   1.05352    -0.143803  0.0437128 
0.343397   1.09599    -0.117433  0.0457956 
0.260329   1.08987    -0.0847672 0.0281112 
0.160744   1.05953    -0.216929  0.0389342 
0.167537   0.99495    -0.191837  0.0413695 
0.144093   1.04903    -0.194642  0.0218495 
0.218406   0.961398   -0.250112  0.0212561 
0.165111   1.03383    -0.27161   0.0212176 
0.259968   0.943922   -0.244386  0.0266937 
0.323405   1.03698    -0.226867  0.0236822 
0.420498   0.969567   -0.236014  0.049812  
0.449162   1.06639    -0.124217  0.0538194 
0.538996   1.16348    0.120609   0.12723   
0.509762   1.21621    0.43059    0.0693499 
0.458744   1.16776    0.0873861  0.203722  
0.402137   1.21433    0.25619    0.0347188 
0.33621    1.15141    -0.127372  0.0556709 
0.386871   1.17026    0.0471364  0.0496916 
0.311297   1.1774     -0.0417434 0.0552429 
0.225655   1.18991    -0.00197109 0.0857503 
0.245671   1.27372    0.0821561  0.0402983 
0.175779   1.24323    -0.0521858 0.0709116 
0.146057   1.26071    0.162386   0.0527748 
0.20054    1.22026    0.0383364  0.0598521 
0.172379   1.28129    0.0707081  0.0849912 
0.261181   1.30767    0.248549   0.0714502 
0.22501    1.22874    -0.0120019 0.081358  
0.211184   1.28841    0.131344   0.0687387 
0.12155    1.25902    0.130984   0.0481276 
0.131711   1.20326    -0.0261273 0.0759894 
0.0865319  1.28541    0.0715067  0.0635815 
0.148236   1.2903     0.150729   0.0998849 
0.0723462  1.36742    0.34157    0.0835377 
0.041355   1.41513    0.4679     0.114835  
0.0160031  1.44989    0.478871   0.206713  
0.0160031  1.44989    0.478871   0.0787406 
-0.0306879 1.36051    0.334845   0.115195  
-0.113651  1.37272    0.502614   0.166937  
-0.149828  1.43409    0.972549   0.0885715 
-0.209215  1.38832    0.40763    0.0966201 
-0.188494  1.32421    0.376719   0.140096  
-0.277634  1.40991    0.772383   0.282146  
-0.277634  1.40991    0.772383   0.148087  
-0.201747  1.49078    1.07255    0.163681  
-0.225626  1.39233    0.817192   0.0857817 
-0.312377  1.44441    0.61818    0.208451  
-0.383101  1.46438    1.08451    0.199052  
-0.431928  1.56314    1.9588     0.224599  
-0.513354  1.62589    2.24631    0.280407  
-0.530119  1.60674    2.33385    0.307776  
-0.530119  1.60674    2.33385    0.276094  
-0.482613  1.69825    3.17121    0.444838  
-0.482613  1.69825    3.17121    0.520274  
-0.482613  1.69825    3.17121    0.259251  
-0.53536   1.68038    2.88223    0.340862  
-0.519344  1.67027    3.20751    0.428302  
-0.452688  1.61039    2.67925    0.370137  
-0.516755  1.6139     2.94386    0.286769  
-0.447595  1.54861    2.18534    0.320326  
-0.447595  1.54861    2.18534    0.292411  
-0.415466  1.62288    2.80973    0.252699  
-0.386547  1.64797    2.66915    0.22904   
-0.485943  1.63183    2.18198    0.227768  
-0.427506  1.61517    2.55804    0.465401  
-0.483074  1.70892    4.11126    0.327117  
-0.509941  1.74143    3.76227    0.335265  
-0.590402  1.75188    3.60265    0.419759  
-0.61159   1.69182    3.26253    0.375669  
-0.527054  1.63796    3.33175    0.478864  
-0.55625   1.6556     3.80524    0.43948   
-0.550457  1.63912    3.26583    0.359613  
-0.550457  1.63912    3.26583    0.36793   
-0.550457  1.63912    3.26583    0.298866  
-0.500227  1.56542    2.69849    0.309747  
-0.540281  1.57981    2.40569    0.332484  
-0.572849  1.58245    3.22867    0.262134  
-0.506467  1.57276    2.46057    0.358541  
-0.506467  1.57276    2.46057    0.359757  
-0.408004  1.65939    3.42726    0.277044  
-0.450362  1.58449    2.46149    0.239294  
-0.450362  1.58449    2.46149    0.171884  
-0.361942  1.60957    1.80649    0.233828  
-0.345859  1.52988    1.69409    0.194627  
-0.412289  1.53304    1.84836    0.171406  
-0.327038  1.53116    1.43952    0.242131  
-0.373492  1.60114    2.36037    0.313108  
-0.393656  1.6464     2.82705    0.228083  
-0.309465  1.66477    2.39688    0.253177  
-0.309465  1.66477    2.39688    0.270637  
-0.232625  1.60694    2.24454    0.119639  
-0.24452   1.53119    0.948573   0.246014  
-0.24452   1.53119    0.948573   0.164258  
-0.24452   1.53119    0.948573   0.16225   
-0.236771  1.55709    1.43998    0.214346  
-0.295872  1.51522    1.47387    0.1432    
-0.303475  1.46427    0.944759   0.184806  
-0.283394  1.4023     0.818047   0.079376  
-0.313479  1.31291    0.239077   0.102938  
-0.297624  1.34135    0.384702   0.135249  
-0.314262  1.38072    0.722728   0.152352  
-0.365397  1.37049    0.670992   0.111001  
-0.401483  1.32773    0.471062   0.0957986 
-0.337701  1.25388    0.180444   0.0855564 
-0.370863  1.19904    0.0921577  0.0642504 
-0.371847  1.24396    0.16479    0.0822208 
-0.383823  1.18963    0.156797   0.0590299 
-0.376468  1.13707    -0.00181816 0.0539325 
-0.338934  1.14862    -0.0736636 0.095878  
-0.429373  1.23756    0.267681   0.135265  
-0.429373  1.23756    0.267681   0.0528477 
-0.359714  1.14633    -0.0314797 0.034944  
-0.370478  1.10905    -0.128195  0.0481517 
-0.370478  1.10905    -0.128195  0.0290005 
-0.378083  1.07531    -0.226699  0.0534496 
-0.435402  1.05155    -0.129253  0.0292252 
-0.351074  0.982791   -0.231475  0.018577  
-0.285461  0.938841   -0.234193  0.0163944 
-0.208719  0.890804   -0.23054   0.0163855 
-0.268803  0.871521   -0.217839  0.0206457 
-0.312044  0.953046   -0.238123  0.0160133 
-0.36734   0.952519   -0.291058  0.0178404 
-0.336721  0.941129   -0.257061  0.0219182 
-0.420251  0.935703   -0.265325  0.0782295 
-0.516946  1.01121    -0.159007  0.0783878 
-0.516946  1.01121    -0.159007  0.0284664 
-0.449826  1.03439    -0.225688  0.0316533 
-0.367582  1.03843    -0.219619  0.0379234 
-0.279688  1.10612    -0.125292  0.0324304 
-0.188678  1.06057    -0.201824  0.0256982 
-0.251685  1.02296    -0.224192  0.0268014 
-0.330672  1.00213    -0.237306  0.0504271 
-0.372095  1.07392    -0.143762  0.0485194 
-0.330941  1.14147    -0.100584  0.0246827 
-0.287858  1.08926    -0.231403  0.0305952 
-0.242098  1.09854    -0.183756  0.021213  
-0.203818  1.05027    -0.274824  0.0375703 
-0.203818  1.05027    -0.274824  0.022665  
-0.181461  1.01527    -0.238272  0.0226925 
-0.0834286 1.07055    -0.232771  0.0275977 
-0.0719497 1.15701    -0.177148  0.0367297 
-0.0195183 1.11471    -0.185992  0.0305249 
0.065722   1.06886    -0.179563  0.029082  
-0.0251203 0.989295   -0.247283  0.019345  
0.00860731 0.958855   -0.235137  0.0230239 
0.0527116  1.03544    -0.250792  0.0185929 
0.0536193  0.937017   -0.201143  0.0152755 
0.0545693  0.978276   -0.274694  0.0248727 
0.0692543  1.02669    -0.232624  0.0243374 
0.137066   1.07638    -0.238871  0.0456882 
0.0905094  1.13053    -0.147701  0.0605497 
0.163835   1.1926     0.0129359  0.0510431 
0.138691   1.2916     0.0144142  0.0756785 
0.173525   1.26311    0.0761576  0.0535863 
0.150458   1.24186    0.0273968  0.0811292 
0.0610366  1.26631    0.105207   0.0867536 
0.0503566  1.34462    0.28236    0.0748733 
0.0268177  1.30189    0.193589   0.0790813 
0.0256294  1.30961    0.224627   0.0637316 
0.110415   1.26236    0.086336   0.110993  
0.0879899  1.35987    0.518392   0.0999428 
0.113271   1.42719    0.507761   0.117646  
0.0655306  1.45426    0.777867   0.182399  
0.101409   1.40862    0.803635   0.0737641 
0.0789987  1.31961    0.246795   0.0827822 
0.0576897  1.2627     0.108043   0.101456  
-0.0285747 1.34471    0.438938   0.109193  
0.0701514  1.36223    0.46066    0.0985984 
0.0560546  1.36984    0.526888   0.0809729 
0.0267434  1.30966    0.263622   0.136743  
-0.057655  1.35211    0.444729   0.073158  
-0.150074  1.30042    0.161924   0.0749801 
-0.133078  1.20362    -0.10912   0.0839863 
-0.0975939 1.29556    0.171501   0.105789  
-0.105412  1.37606    0.680779   0.0967599 
-0.0450754 1.41952    0.511337   0.0981551 
-0.116702  1.36363    0.502249   0.0825971 
-0.211459  1.38825    0.388686   0.157716  
-0.211459  1.38825    0.388686   0.102211  
-0.175313  1.36576    0.46606    0.187384  
-0.17711   1.3757     0.5854     0.12515   
-0.181492  1.43878    0.931308   0.168355  
-0.114716  1.43264    0.753385   0.168039  
-0.0741591 1.48784    1.15962    0.1681    
-0.0876234 1.50107    1.07521    0.149237  
-0.146142  1.40802    0.864512   0.129386  
-0.122985  1.46381    0.862648   0.172081  
-0.122985  1.46381    0.862648   0.23762   
-0.122985  1.46381    0.862648   0.10779   
-0.0328638 1.39058    0.427247   0.138663  
-0.0870988 1.37793    0.615409   0.074392  
-0.0798125 1.38216    0.231253   0.119788  
-0.175958  1.41864    0.67486    0.171318  
-0.103387  1.50067    1.16757    0.157461  
-0.151368  1.53782    1.30339    0.237824  
-0.22913   1.52957    1.4124     0.190328  
-0.31609   1.61976    1.59063    0.298821  
-0.234241  1.53571    1.60128    0.281028  
-0.24213   1.62733    2.22768    0.457941  
-0.24213   1.62733    2.22768    0.325617  
-0.156592  1.59       2.21878    0.246016  
-0.247014  1.58065    2.20729    0.317954  
-0.24095   1.49254    1.49307    0.272933  
-0.308247  1.57364    2.16425    0.201936  
-0.361044  1.50553    1.19108    0.252356  
-0.417541  1.517      1.70277    0.129803  
-0.348938  1.41873    0.892048   0.129878  
-0.289174  1.41872    0.744371   0.237362  
-0.364555  1.46852    1.31989    0.144434  
-0.349407  1.42179    0.952693   0.119852  
-0.276168  1.34974    0.625791   0.220999  
-0.375295  1.37529    0.932364   0.199335  
-0.351103  1.40239    1.026      0.142382  
-0.440636  1.33243    0.573332   0.112152  
-0.440636  1.33243    0.573332   0.0896116 
