#MU        SIGMA      ENERGY     ERROR     
-0.787131  0.629568   -0.446864  0.0104553 
-0.787131  0.629568   -0.446864  0.0149159 
-0.787131  0.629568   -0.446864  0.0193819 
-0.787131  0.629568   -0.446864  0.0108921 
-0.787131  0.629568   -0.446864  0.00790022
-0.835973  0.597116   -0.441887  0.00974188
-0.835973  0.597116   -0.441887  0.00891381
-0.79105   0.570667   -0.433311  0.00655908
-0.738743  0.604809   -0.434738  0.0180329 
-0.738743  0.604809   -0.434738  0.00616284
-0.742323  0.654809   -0.432072  0.0127955 
-0.742323  0.654809   -0.432072  0.0169266 
-0.742323  0.654809   -0.432072  0.0146364 
-0.742323  0.654809   -0.432072  0.0096135 
-0.742323  0.654809   -0.432072  0.0185344 
-0.742323  0.654809   -0.432072  0.00982669
-0.809867  0.563438   -0.425055  0.0125313 
-0.809867  0.563438   -0.425055  0.0212602 
-0.809867  0.563438   -0.425055  0.0113186 
-0.809867  0.563438   -0.425055  0.0101614 
-0.809867  0.563438   -0.425055  0.0144413 
-0.809867  0.563438   -0.425055  0.00827385
-0.792264  0.579746   -0.427846  0.0176333 
-0.792264  0.579746   -0.427846  0.00746746
-0.716031  0.587515   -0.425537  0.00741655
-0.73514   0.6681     -0.425166  0.0202545 
-0.73514   0.6681     -0.425166  0.00571049
-0.757072  0.618278   -0.439502  0.00847181
-0.757072  0.618278   -0.439502  0.0156    
-0.757072  0.618278   -0.439502  0.0117372 
-0.757072  0.618278   -0.439502  0.00716651
-0.757072  0.618278   -0.439502  0.00996928
-0.803799  0.663588   -0.441571  0.0137848 
-0.803799  0.663588   -0.441571  0.0307848 
-0.803799  0.663588   -0.441571  0.0111721 
-0.803799  0.663588   -0.441571  0.0097547 
-0.803799  0.663588   -0.441571  0.0086993 
-0.776899  0.640094   -0.444543  0.0101542 
-0.776899  0.640094   -0.444543  0.0118844 
-0.776899  0.640094   -0.444543  0.0108063 
-0.776899  0.640094   -0.444543  0.0230036 
-0.776899  0.640094   -0.444543  0.0118306 
-0.776899  0.640094   -0.444543  0.00813608
-0.776899  0.640094   -0.444543  0.0118834 
-0.776899  0.640094   -0.444543  0.00621865
-0.747322  0.635529   -0.440641  0.00639776
-0.735631  0.654727   -0.436205  0.00725286
-0.812437  0.602609   -0.436949  0.00670405
-0.844605  0.611344   -0.44314   0.014028  
-0.844605  0.611344   -0.44314   0.0142763 
-0.844605  0.611344   -0.44314   0.0087997 
-0.844605  0.611344   -0.44314   0.0118368 
-0.844605  0.611344   -0.44314   0.0174149 
-0.844605  0.611344   -0.44314   0.0101777 
-0.844605  0.611344   -0.44314   0.0142757 
-0.844605  0.611344   -0.44314   0.0102464 
-0.844605  0.611344   -0.44314   0.0168501 
-0.844605  0.611344   -0.44314   0.0100689 
-0.844605  0.611344   -0.44314   0.0189237 
-0.844605  0.611344   -0.44314   0.0130438 
-0.844605  0.611344   -0.44314   0.00825342
-0.844605  0.611344   -0.44314   0.0149202 
-0.844605  0.611344   -0.44314   0.0160651 
-0.844605  0.611344   -0.44314   0.0114376 
-0.844605  0.611344   -0.44314   0.0105385 
-0.844605  0.611344   -0.44314   0.0132988 
-0.844605  0.611344   -0.44314   0.0104065 
-0.815679  0.557911   -0.448016  0.00878573
-0.815679  0.557911   -0.448016  0.0238147 
-0.815679  0.557911   -0.448016  0.0169514 
-0.815679  0.557911   -0.448016  0.0286807 
-0.815679  0.557911   -0.448016  0.0140597 
-0.815679  0.557911   -0.448016  0.00788922
-0.822833  0.5834     -0.441161  0.00689684
-0.786956  0.594121   -0.443909  0.0114957 
-0.786956  0.594121   -0.443909  0.00706891
-0.786956  0.594121   -0.443909  0.0122852 
-0.786956  0.594121   -0.443909  0.0187276 
-0.786956  0.594121   -0.443909  0.00824982
-0.786956  0.594121   -0.443909  0.0122917 
-0.786956  0.594121   -0.443909  0.0134735 
-0.786956  0.594121   -0.443909  0.0105472 
-0.786956  0.594121   -0.443909  0.00609347
-0.786956  0.594121   -0.443909  0.0114263 
-0.786956  0.594121   -0.443909  0.00589069
-0.774773  0.633206   -0.444172  0.0103876 
-0.774773  0.633206   -0.444172  0.00928914
-0.773416  0.687166   -0.434846  0.00607141
-0.773416  0.687166   -0.434846  0.019029  
-0.773416  0.687166   -0.434846  0.0118249 
-0.773416  0.687166   -0.434846  0.00729761
-0.773416  0.687166   -0.434846  0.00651097
-0.728757  0.610741   -0.430797  0.00801241
-0.728757  0.610741   -0.430797  0.00786635
-0.728757  0.610741   -0.430797  0.00783828
-0.728757  0.610741   -0.430797  0.011555  
-0.728757  0.610741   -0.430797  0.0130296 
-0.780067  0.630641   -0.440522  0.00684024
-0.780067  0.630641   -0.440522  0.0115158 
-0.780067  0.630641   -0.440522  0.0167471 
-0.780067  0.630641   -0.440522  0.00637152
-0.742014  0.643422   -0.447304  0.0178147 
-0.742014  0.643422   -0.447304  0.00847295
-0.742014  0.643422   -0.447304  0.00829209
-0.742014  0.643422   -0.447304  0.00949533
-0.742014  0.643422   -0.447304  0.00827698
-0.742014  0.643422   -0.447304  0.012813  
-0.742014  0.643422   -0.447304  0.0113356 
-0.742014  0.643422   -0.447304  0.00920752
-0.742014  0.643422   -0.447304  0.00762382
-0.768628  0.649634   -0.446976  0.0100772 
-0.768628  0.649634   -0.446976  0.0119961 
-0.768628  0.649634   -0.446976  0.00929788
-0.768628  0.649634   -0.446976  0.0106161 
-0.847435  0.630857   -0.435796  0.00888568
-0.861711  0.633672   -0.434328  0.0163074 
-0.861711  0.633672   -0.434328  0.00963972
-0.861711  0.633672   -0.434328  0.0189739 
-0.861711  0.633672   -0.434328  0.0109658 
-0.861711  0.633672   -0.434328  0.00827926
-0.775445  0.661891   -0.431568  0.0277481 
-0.775445  0.661891   -0.431568  0.00998165
-0.775445  0.661891   -0.431568  0.0168076 
-0.775445  0.661891   -0.431568  0.00793608
-0.775445  0.661891   -0.431568  0.00751578
-0.704011  0.623928   -0.403854  0.00655439
-0.707243  0.620145   -0.40898   0.0214498 
-0.796754  0.677324   -0.410766  0.0102908 
-0.796754  0.677324   -0.410766  0.00818043
-0.796754  0.677324   -0.410766  0.0121133 
-0.795911  0.665664   -0.424463  0.0105562 
-0.795911  0.665664   -0.424463  0.0155693 
-0.795911  0.665664   -0.424463  0.00785295
-0.734496  0.605738   -0.42873   0.00649122
-0.734496  0.605738   -0.42873   0.011523  
-0.734496  0.605738   -0.42873   0.00853511
-0.734496  0.605738   -0.42873   0.00765222
-0.712553  0.62942    -0.414752  0.0142562 
-0.712553  0.62942    -0.414752  0.00728789
-0.709947  0.651587   -0.425874  0.0177526 
-0.709947  0.651587   -0.425874  0.00681599
-0.709947  0.651587   -0.425874  0.00852131
-0.709947  0.651587   -0.425874  0.00673313
-0.809584  0.629345   -0.447084  0.0247816 
-0.809584  0.629345   -0.447084  0.0104747 
-0.809584  0.629345   -0.447084  0.012761  
-0.809584  0.629345   -0.447084  0.0116891 
-0.809584  0.629345   -0.447084  0.0215471 
-0.809584  0.629345   -0.447084  0.0119968 
-0.809584  0.629345   -0.447084  0.0125828 
-0.809584  0.629345   -0.447084  0.00847148
-0.782651  0.66822    -0.438144  0.00942839
-0.754997  0.65677    -0.439085  0.0141778 
-0.754997  0.65677    -0.439085  0.0264996 
-0.754997  0.65677    -0.439085  0.00938544
-0.754997  0.65677    -0.439085  0.00731863
-0.708278  0.60196    -0.417127  0.0130157 
-0.708278  0.60196    -0.417127  0.0123278 
-0.708278  0.60196    -0.417127  0.00957524
-0.708278  0.60196    -0.417127  0.0097675 
-0.708278  0.60196    -0.417127  0.0102823 
-0.708278  0.60196    -0.417127  0.0103065 
-0.708278  0.60196    -0.417127  0.0200617 
-0.708278  0.60196    -0.417127  0.00826933
-0.803188  0.646197   -0.443166  0.00848871
-0.74814   0.573487   -0.423423  0.00726935
-0.74814   0.573487   -0.423423  0.0072555 
-0.74814   0.573487   -0.423423  0.0137776 
-0.74814   0.573487   -0.423423  0.00890331
-0.772178  0.651673   -0.437379  0.00771619
-0.86027   0.614859   -0.431802  0.0124293 
-0.86027   0.614859   -0.431802  0.00634003
-0.777392  0.633125   -0.451744  0.00769465
-0.777392  0.633125   -0.451744  0.00702652
-0.777392  0.633125   -0.451744  0.00767031
-0.748091  0.642331   -0.426575  0.0166321 
-0.748091  0.642331   -0.426575  0.00607888
-0.739872  0.607358   -0.440714  0.00946731
-0.739872  0.607358   -0.440714  0.0105337 
-0.739872  0.607358   -0.440714  0.0111334 
-0.739872  0.607358   -0.440714  0.00870287
-0.739872  0.607358   -0.440714  0.00761037
-0.739872  0.607358   -0.440714  0.016922  
-0.739872  0.607358   -0.440714  0.00700994
-0.739872  0.607358   -0.440714  0.00991215
-0.739872  0.607358   -0.440714  0.0145107 
-0.739872  0.607358   -0.440714  0.013983  
-0.739872  0.607358   -0.440714  0.0064666 
-0.824416  0.635892   -0.451253  0.00742489
-0.824416  0.635892   -0.451253  0.00658224
-0.824416  0.635892   -0.451253  0.0278694 
-0.824416  0.635892   -0.451253  0.00739458
-0.824416  0.635892   -0.451253  0.0105583 
-0.824416  0.635892   -0.451253  0.0191562 
-0.824416  0.635892   -0.451253  0.0116555 
-0.824416  0.635892   -0.451253  0.0202834 
-0.824416  0.635892   -0.451253  0.0111805 
-0.824416  0.635892   -0.451253  0.0126619 
-0.824416  0.635892   -0.451253  0.0124573 
-0.824416  0.635892   -0.451253  0.0145861 
-0.824416  0.635892   -0.451253  0.00743611
-0.824416  0.635892   -0.451253  0.00857954
-0.824416  0.635892   -0.451253  0.00936353
-0.824416  0.635892   -0.451253  0.0153916 
-0.824416  0.635892   -0.451253  0.0212325 
-0.824416  0.635892   -0.451253  0.0140267 
-0.824416  0.635892   -0.451253  0.00883637
-0.824416  0.635892   -0.451253  0.0058886 
-0.813659  0.603588   -0.457348  0.00631815
-0.813659  0.603588   -0.457348  0.0125577 
-0.813659  0.603588   -0.457348  0.0085348 
-0.813659  0.603588   -0.457348  0.0189676 
-0.813659  0.603588   -0.457348  0.0107398 
-0.813659  0.603588   -0.457348  0.0122698 
-0.813659  0.603588   -0.457348  0.00922935
-0.813659  0.603588   -0.457348  0.0157912 
-0.813659  0.603588   -0.457348  0.008579  
-0.813659  0.603588   -0.457348  0.0112323 
-0.813659  0.603588   -0.457348  0.00903621
-0.813659  0.603588   -0.457348  0.00858054
-0.813659  0.603588   -0.457348  0.0129478 
-0.813659  0.603588   -0.457348  0.00852974
-0.813659  0.603588   -0.457348  0.00852252
-0.810672  0.581955   -0.438036  0.0159371 
-0.810672  0.581955   -0.438036  0.0102354 
-0.810672  0.581955   -0.438036  0.0161869 
-0.810672  0.581955   -0.438036  0.00737003
-0.789794  0.591899   -0.438107  0.0070342 
-0.797633  0.626556   -0.441041  0.0170154 
-0.797633  0.626556   -0.441041  0.0140331 
-0.797633  0.626556   -0.441041  0.0119624 
-0.797633  0.626556   -0.441041  0.00753862
-0.783516  0.597141   -0.448974  0.0116862 
-0.783516  0.597141   -0.448974  0.0246437 
-0.783516  0.597141   -0.448974  0.0079191 
-0.783516  0.597141   -0.448974  0.014455  
-0.783516  0.597141   -0.448974  0.00695378
-0.783516  0.597141   -0.448974  0.00621947
-0.783516  0.597141   -0.448974  0.010295  
-0.783516  0.597141   -0.448974  0.0135238 
-0.783516  0.597141   -0.448974  0.00835487
-0.783516  0.597141   -0.448974  0.00694908
-0.783516  0.597141   -0.448974  0.00736293
-0.783516  0.597141   -0.448974  0.0145473 
-0.783516  0.597141   -0.448974  0.00959175
-0.783516  0.597141   -0.448974  0.0126821 
-0.783516  0.597141   -0.448974  0.0109266 
-0.783516  0.597141   -0.448974  0.0187044 
-0.783516  0.597141   -0.448974  0.0191185 
-0.783516  0.597141   -0.448974  0.0135872 
-0.783516  0.597141   -0.448974  0.0119155 
-0.783516  0.597141   -0.448974  0.00846179
-0.783516  0.597141   -0.448974  0.00893065
-0.783516  0.597141   -0.448974  0.00990384
-0.783516  0.597141   -0.448974  0.014354  
-0.783516  0.597141   -0.448974  0.0060359 
-0.783516  0.597141   -0.448974  0.0103072 
-0.783516  0.597141   -0.448974  0.0090084 
-0.783516  0.597141   -0.448974  0.00728061
-0.783516  0.597141   -0.448974  0.0163836 
-0.783516  0.597141   -0.448974  0.0129873 
-0.783516  0.597141   -0.448974  0.013393  
-0.783516  0.597141   -0.448974  0.00708903
-0.783516  0.597141   -0.448974  0.00702322
-0.783516  0.597141   -0.448974  0.0148223 
-0.783516  0.597141   -0.448974  0.00935461
-0.783516  0.597141   -0.448974  0.00925766
-0.783516  0.597141   -0.448974  0.013281  
-0.783516  0.597141   -0.448974  0.011866  
-0.783516  0.597141   -0.448974  0.00780314
-0.828871  0.649622   -0.450335  0.00988734
-0.828871  0.649622   -0.450335  0.00811161
-0.840805  0.592439   -0.441787  0.0106997 
-0.840805  0.592439   -0.441787  0.018261  
-0.840805  0.592439   -0.441787  0.0156614 
-0.840805  0.592439   -0.441787  0.00848316
-0.840805  0.592439   -0.441787  0.00988467
-0.840805  0.592439   -0.441787  0.0118697 
-0.840805  0.592439   -0.441787  0.00897632
-0.831249  0.618347   -0.450983  0.00658717
-0.831249  0.618347   -0.450983  0.0176355 
-0.831249  0.618347   -0.450983  0.0132904 
-0.831249  0.618347   -0.450983  0.0136005 
-0.831249  0.618347   -0.450983  0.0102767 
-0.761973  0.604184   -0.423501  0.0105223 
-0.856945  0.60264    -0.415854  0.0130444 
-0.856945  0.60264    -0.415854  0.0272136 
-0.856945  0.60264    -0.415854  0.0169986 
-0.856945  0.60264    -0.415854  0.0106616 
-0.899146  0.66099    -0.411811  0.0220268 
-0.899146  0.66099    -0.411811  0.011922  
-0.899146  0.66099    -0.411811  0.0289889 
-0.899146  0.66099    -0.411811  0.0138658 
-0.899146  0.66099    -0.411811  0.0222244 
-0.899146  0.66099    -0.411811  0.0142775 
-0.899146  0.66099    -0.411811  0.00646617
-0.823923  0.614911   -0.446683  0.0084595 
-0.823923  0.614911   -0.446683  0.0131058 
-0.823923  0.614911   -0.446683  0.00915926
-0.823923  0.614911   -0.446683  0.0109563 
-0.823923  0.614911   -0.446683  0.00910525
-0.823923  0.614911   -0.446683  0.0166368 
-0.823923  0.614911   -0.446683  0.016235  
-0.823923  0.614911   -0.446683  0.0149006 
-0.823923  0.614911   -0.446683  0.0121134 
-0.823923  0.614911   -0.446683  0.0114898 
-0.823923  0.614911   -0.446683  0.00611192
-0.772024  0.628708   -0.439255  0.0089893 
-0.772024  0.628708   -0.439255  0.00924571
-0.772024  0.628708   -0.439255  0.0172436 
-0.772024  0.628708   -0.439255  0.00735226
-0.772024  0.628708   -0.439255  0.00704334
-0.785691  0.590963   -0.451617  0.0100154 
-0.785691  0.590963   -0.451617  0.009246  
-0.785691  0.590963   -0.451617  0.0150885 
-0.785691  0.590963   -0.451617  0.00821361
-0.785691  0.590963   -0.451617  0.00689923
-0.785691  0.590963   -0.451617  0.0117332 
-0.785691  0.590963   -0.451617  0.0111852 
-0.785691  0.590963   -0.451617  0.011814  
-0.785691  0.590963   -0.451617  0.00789824
-0.785691  0.590963   -0.451617  0.0199936 
-0.785691  0.590963   -0.451617  0.0109288 
-0.785691  0.590963   -0.451617  0.012282  
-0.785691  0.590963   -0.451617  0.00795583
-0.785691  0.590963   -0.451617  0.0103136 
-0.785691  0.590963   -0.451617  0.0114379 
-0.785691  0.590963   -0.451617  0.00786472
-0.785691  0.590963   -0.451617  0.0127758 
-0.785691  0.590963   -0.451617  0.0131952 
-0.785691  0.590963   -0.451617  0.00807677
-0.785691  0.590963   -0.451617  0.00842717
-0.785691  0.590963   -0.451617  0.00953811
-0.785691  0.590963   -0.451617  0.0111481 
-0.785691  0.590963   -0.451617  0.0101235 
-0.785691  0.590963   -0.451617  0.00889449
-0.785691  0.590963   -0.451617  0.011858  
-0.785691  0.590963   -0.451617  0.0141766 
-0.785691  0.590963   -0.451617  0.0179585 
-0.785691  0.590963   -0.451617  0.0176563 
-0.785691  0.590963   -0.451617  0.0169707 
-0.785691  0.590963   -0.451617  0.0170177 
-0.785691  0.590963   -0.451617  0.015389  
-0.785691  0.590963   -0.451617  0.0200986 
-0.785691  0.590963   -0.451617  0.0181695 
-0.785691  0.590963   -0.451617  0.0184967 
-0.785691  0.590963   -0.451617  0.0154183 
-0.785691  0.590963   -0.451617  0.00652158
-0.785691  0.590963   -0.451617  0.00675127
-0.785691  0.590963   -0.451617  0.00989328
-0.785691  0.590963   -0.451617  0.007445  
-0.785691  0.590963   -0.451617  0.0108556 
-0.785691  0.590963   -0.451617  0.00898922
-0.786793  0.649251   -0.43749   0.00799488
-0.786793  0.649251   -0.43749   0.0106657 
-0.786793  0.649251   -0.43749   0.0111644 
-0.786793  0.649251   -0.43749   0.0104929 
-0.786793  0.649251   -0.43749   0.00844918
-0.786793  0.649251   -0.43749   0.0210193 
-0.786793  0.649251   -0.43749   0.007939  
-0.786793  0.649251   -0.43749   0.0116425 
-0.786793  0.649251   -0.43749   0.0094267 
-0.786793  0.649251   -0.43749   0.00802582
-0.786793  0.649251   -0.43749   0.0125039 
-0.786793  0.649251   -0.43749   0.0207512 
-0.786793  0.649251   -0.43749   0.00744988
-0.810009  0.596342   -0.430462  0.00644477
-0.757884  0.646914   -0.441168  0.0109665 
-0.757884  0.646914   -0.441168  0.00733841
-0.757884  0.646914   -0.441168  0.0108435 
-0.757884  0.646914   -0.441168  0.00915258
-0.757884  0.646914   -0.441168  0.00670823
-0.757884  0.646914   -0.441168  0.0195082 
-0.757884  0.646914   -0.441168  0.011763  
-0.757884  0.646914   -0.441168  0.0123412 
-0.757884  0.646914   -0.441168  0.0136152 
-0.757884  0.646914   -0.441168  0.0121873 
-0.757884  0.646914   -0.441168  0.00993911
-0.757884  0.646914   -0.441168  0.0190328 
-0.757884  0.646914   -0.441168  0.0165088 
-0.757884  0.646914   -0.441168  0.0118739 
-0.757884  0.646914   -0.441168  0.00997572
-0.757884  0.646914   -0.441168  0.00700648
-0.815158  0.604154   -0.44318   0.00807265
-0.815158  0.604154   -0.44318   0.00615951
-0.778335  0.627127   -0.4487    0.0115243 
-0.778335  0.627127   -0.4487    0.0105001 
-0.778335  0.627127   -0.4487    0.00616171
-0.778335  0.627127   -0.4487    0.0108544 
-0.778335  0.627127   -0.4487    0.0139099 
-0.778335  0.627127   -0.4487    0.010642  
-0.778335  0.627127   -0.4487    0.00955786
-0.778335  0.627127   -0.4487    0.0110026 
-0.778335  0.627127   -0.4487    0.00846761
-0.778335  0.627127   -0.4487    0.00936205
-0.778335  0.627127   -0.4487    0.00703063
-0.778335  0.627127   -0.4487    0.0092213 
-0.778335  0.627127   -0.4487    0.0087895 
-0.778335  0.627127   -0.4487    0.0115571 
-0.778335  0.627127   -0.4487    0.0115157 
-0.778335  0.627127   -0.4487    0.015366  
-0.778335  0.627127   -0.4487    0.0108754 
-0.778335  0.627127   -0.4487    0.0107349 
-0.778335  0.627127   -0.4487    0.0132205 
-0.778335  0.627127   -0.4487    0.0082356 
-0.778335  0.627127   -0.4487    0.00936014
-0.778335  0.627127   -0.4487    0.0103302 
-0.778335  0.627127   -0.4487    0.00803318
-0.830957  0.627967   -0.444752  0.00800934
-0.830957  0.627967   -0.444752  0.00943531
-0.830957  0.627967   -0.444752  0.0291168 
-0.830957  0.627967   -0.444752  0.00904844
-0.830957  0.627967   -0.444752  0.0116566 
-0.830957  0.627967   -0.444752  0.00825565
-0.830957  0.627967   -0.444752  0.0147734 
-0.830957  0.627967   -0.444752  0.00786428
-0.812622  0.629735   -0.442092  0.00816513
-0.812622  0.629735   -0.442092  0.0129643 
-0.812622  0.629735   -0.442092  0.00733191
-0.812622  0.629735   -0.442092  0.0122698 
-0.774597  0.682894   -0.428112  0.00826879
-0.776088  0.660205   -0.431817  0.0111541 
-0.776088  0.660205   -0.431817  0.01004   
-0.776088  0.660205   -0.431817  0.0110833 
-0.776088  0.660205   -0.431817  0.00762129
-0.776088  0.660205   -0.431817  0.0109752 
-0.776088  0.660205   -0.431817  0.0221774 
-0.776088  0.660205   -0.431817  0.0093475 
-0.743594  0.666678   -0.42244   0.0135707 
-0.743594  0.666678   -0.42244   0.00723762
-0.745123  0.660084   -0.426899  0.0102161 
-0.745123  0.660084   -0.426899  0.0195746 
-0.745123  0.660084   -0.426899  0.0116963 
-0.745123  0.660084   -0.426899  0.0070107 
-0.73392   0.632863   -0.428504  0.00940839
-0.73392   0.632863   -0.428504  0.00668125
-0.73392   0.632863   -0.428504  0.0161146 
-0.73392   0.632863   -0.428504  0.00838261
-0.800294  0.644664   -0.443689  0.0155772 
-0.800294  0.644664   -0.443689  0.0121904 
-0.800294  0.644664   -0.443689  0.0104185 
-0.800294  0.644664   -0.443689  0.015574  
-0.800294  0.644664   -0.443689  0.0153435 
-0.800294  0.644664   -0.443689  0.00938164
-0.800294  0.644664   -0.443689  0.0135582 
-0.800294  0.644664   -0.443689  0.0215122 
-0.800294  0.644664   -0.443689  0.00712989
-0.800294  0.644664   -0.443689  0.0116755 
-0.800294  0.644664   -0.443689  0.0102292 
-0.800294  0.644664   -0.443689  0.0208006 
-0.800294  0.644664   -0.443689  0.00614163
-0.769461  0.625901   -0.45617   0.0114838 
-0.769461  0.625901   -0.45617   0.0111595 
-0.769461  0.625901   -0.45617   0.0146222 
-0.769461  0.625901   -0.45617   0.0120053 
-0.769461  0.625901   -0.45617   0.00657755
-0.769461  0.625901   -0.45617   0.00719383
-0.769461  0.625901   -0.45617   0.0231981 
-0.769461  0.625901   -0.45617   0.0143544 
-0.769461  0.625901   -0.45617   0.0212074 
-0.769461  0.625901   -0.45617   0.00704149
-0.798945  0.592695   -0.461157  0.0108675 
-0.798945  0.592695   -0.461157  0.00715022
-0.798945  0.592695   -0.461157  0.00700775
-0.798945  0.592695   -0.461157  0.00604499
-0.798945  0.592695   -0.461157  0.00711034
-0.798945  0.592695   -0.461157  0.00615323
-0.798945  0.592695   -0.461157  0.0144941 
-0.798945  0.592695   -0.461157  0.0111949 
-0.798945  0.592695   -0.461157  0.0125913 
-0.798945  0.592695   -0.461157  0.00664966
-0.798945  0.592695   -0.461157  0.0102295 
-0.798945  0.592695   -0.461157  0.00774723
-0.798945  0.592695   -0.461157  0.00976562
-0.798945  0.592695   -0.461157  0.00904199
-0.798945  0.592695   -0.461157  0.00951047
-0.798945  0.592695   -0.461157  0.0191069 
-0.798945  0.592695   -0.461157  0.0159417 
-0.798945  0.592695   -0.461157  0.0110629 
-0.798945  0.592695   -0.461157  0.0127207 
-0.798945  0.592695   -0.461157  0.00591946
-0.798945  0.592695   -0.461157  0.0162702 
-0.798945  0.592695   -0.461157  0.0125547 
-0.798945  0.592695   -0.461157  0.0214518 
-0.798945  0.592695   -0.461157  0.00773598
-0.798945  0.592695   -0.461157  0.0150336 
-0.798945  0.592695   -0.461157  0.00927039
-0.798945  0.592695   -0.461157  0.00643073
-0.798945  0.592695   -0.461157  0.0111252 
-0.798945  0.592695   -0.461157  0.0142019 
-0.798945  0.592695   -0.461157  0.00889901
-0.798945  0.592695   -0.461157  0.00663654
-0.798945  0.592695   -0.461157  0.0182238 
-0.798945  0.592695   -0.461157  0.00889579
-0.798945  0.592695   -0.461157  0.00561768
-0.798945  0.592695   -0.461157  0.0143316 
-0.798945  0.592695   -0.461157  0.0108226 
-0.798945  0.592695   -0.461157  0.00766979
-0.798945  0.592695   -0.461157  0.0158697 
-0.798945  0.592695   -0.461157  0.0100807 
-0.798945  0.592695   -0.461157  0.0186251 
-0.798945  0.592695   -0.461157  0.01018   
-0.798945  0.592695   -0.461157  0.00712037
-0.812771  0.593211   -0.446384  0.00610128
-0.812771  0.593211   -0.446384  0.0111562 
-0.812771  0.593211   -0.446384  0.0195052 
-0.812771  0.593211   -0.446384  0.0114605 
-0.800724  0.628925   -0.438441  0.00830056
-0.800724  0.628925   -0.438441  0.00933634
-0.800724  0.628925   -0.438441  0.0153129 
-0.839578  0.651199   -0.404043  0.0232909 
-0.839578  0.651199   -0.404043  0.0301975 
-0.839578  0.651199   -0.404043  0.00883982
-0.780228  0.662181   -0.442911  0.00707865
-0.780228  0.662181   -0.442911  0.009536  
-0.715984  0.569031   -0.398699  0.0157083 
-0.715984  0.569031   -0.398699  0.00915793
-0.689727  0.658997   -0.39508   0.0112113 
-0.689727  0.658997   -0.39508   0.0121225 
-0.689727  0.658997   -0.39508   0.00701735
-0.707939  0.617155   -0.406543  0.0148041 
-0.707939  0.617155   -0.406543  0.00807106
-0.671256  0.614868   -0.397035  0.0108894 
-0.706148  0.552015   -0.401989  0.00993725
-0.706148  0.552015   -0.401989  0.00752223
-0.697755  0.635669   -0.397566  0.0107168 
-0.697755  0.635669   -0.397566  0.00750912
-0.682414  0.60475    -0.397509  0.00868045
-0.682414  0.60475    -0.397509  0.0096575 
-0.682414  0.60475    -0.397509  0.0105578 
-0.682414  0.60475    -0.397509  0.00931028
-0.682414  0.60475    -0.397509  0.0100164 
-0.682414  0.60475    -0.397509  0.00983433
-0.775536  0.668456   -0.416309  0.0258052 
-0.775536  0.668456   -0.416309  0.0168567 
-0.775536  0.668456   -0.416309  0.0278519 
-0.775536  0.668456   -0.416309  0.00855578
-0.738559  0.576774   -0.431324  0.00832394
-0.738559  0.576774   -0.431324  0.00695764
-0.738559  0.576774   -0.431324  0.00991555
-0.832628  0.647275   -0.42077   0.0260857 
-0.832628  0.647275   -0.42077   0.00624317
-0.752579  0.612336   -0.445281  0.0132477 
-0.752579  0.612336   -0.445281  0.00592222
-0.801256  0.643858   -0.45544   0.0156554 
-0.801256  0.643858   -0.45544   0.0176926 
-0.801256  0.643858   -0.45544   0.0273075 
-0.801256  0.643858   -0.45544   0.0094404 
-0.801256  0.643858   -0.45544   0.00761059
-0.801256  0.643858   -0.45544   0.0203709 
-0.801256  0.643858   -0.45544   0.00979568
-0.801256  0.643858   -0.45544   0.00794986
-0.801256  0.643858   -0.45544   0.0136173 
-0.801256  0.643858   -0.45544   0.00666125
-0.801256  0.643858   -0.45544   0.0174303 
-0.801256  0.643858   -0.45544   0.0271113 
-0.801256  0.643858   -0.45544   0.011616  
-0.801256  0.643858   -0.45544   0.00698601
-0.801256  0.643858   -0.45544   0.0130178 
-0.801256  0.643858   -0.45544   0.00675707
-0.801256  0.643858   -0.45544   0.0135057 
-0.801256  0.643858   -0.45544   0.00748493
-0.801256  0.643858   -0.45544   0.0108638 
-0.801256  0.643858   -0.45544   0.0108211 
-0.801256  0.643858   -0.45544   0.0135122 
-0.801256  0.643858   -0.45544   0.00906894
-0.801256  0.643858   -0.45544   0.0191778 
-0.801256  0.643858   -0.45544   0.00711189
-0.801256  0.643858   -0.45544   0.0118265 
-0.801256  0.643858   -0.45544   0.00610929
-0.792027  0.609519   -0.444607  0.00646993
-0.793967  0.62855    -0.452098  0.00890285
-0.793967  0.62855    -0.452098  0.00803039
-0.793967  0.62855    -0.452098  0.00766174
-0.793012  0.581052   -0.449406  0.0197045 
-0.793012  0.581052   -0.449406  0.009867  
-0.793012  0.581052   -0.449406  0.0177856 
-0.793012  0.581052   -0.449406  0.0121387 
-0.793012  0.581052   -0.449406  0.0143821 
-0.793012  0.581052   -0.449406  0.00821952
-0.793012  0.581052   -0.449406  0.00593163
-0.793012  0.581052   -0.449406  0.0218208 
-0.793012  0.581052   -0.449406  0.00679596
-0.856523  0.637884   -0.443682  0.00718168
-0.856523  0.637884   -0.443682  0.028921  
-0.856523  0.637884   -0.443682  0.0374156 
-0.856523  0.637884   -0.443682  0.0164032 
-0.856523  0.637884   -0.443682  0.00820484
-0.856523  0.637884   -0.443682  0.0161835 
-0.856523  0.637884   -0.443682  0.00963562
-0.856523  0.637884   -0.443682  0.0159702 
-0.856523  0.637884   -0.443682  0.0124294 
-0.856523  0.637884   -0.443682  0.00817831
-0.856523  0.637884   -0.443682  0.00809967
-0.856523  0.637884   -0.443682  0.0136475 
-0.856523  0.637884   -0.443682  0.0109193 
-0.856523  0.637884   -0.443682  0.0125551 
-0.856523  0.637884   -0.443682  0.028823  
-0.856523  0.637884   -0.443682  0.0171419 
-0.856523  0.637884   -0.443682  0.0151588 
-0.856523  0.637884   -0.443682  0.00796252
-0.790236  0.584575   -0.441584  0.0100154 
-0.790236  0.584575   -0.441584  0.0118712 
-0.790236  0.584575   -0.441584  0.0129928 
-0.790236  0.584575   -0.441584  0.00594161
-0.771642  0.632326   -0.440256  0.00957318
-0.813821  0.566197   -0.441971  0.0080516 
-0.813821  0.566197   -0.441971  0.0131928 
-0.813821  0.566197   -0.441971  0.0114756 
-0.813821  0.566197   -0.441971  0.00898952
-0.813821  0.566197   -0.441971  0.0097582 
-0.813821  0.566197   -0.441971  0.00915944
-0.844332  0.622079   -0.442669  0.00986085
-0.844332  0.622079   -0.442669  0.00982271
-0.844332  0.622079   -0.442669  0.0213977 
-0.844332  0.622079   -0.442669  0.00755808
-0.77117   0.626884   -0.438504  0.0110826 
-0.77117   0.626884   -0.438504  0.0123901 
-0.77117   0.626884   -0.438504  0.0144185 
-0.77117   0.626884   -0.438504  0.00926818
-0.77117   0.626884   -0.438504  0.0129549 
-0.841707  0.653991   -0.426157  0.00851838
-0.836164  0.641051   -0.451111  0.0153984 
-0.836164  0.641051   -0.451111  0.00732572
-0.863646  0.611741   -0.44373   0.0120714 
-0.863646  0.611741   -0.44373   0.0117542 
-0.863646  0.611741   -0.44373   0.0113959 
-0.863646  0.611741   -0.44373   0.0106438 
-0.863646  0.611741   -0.44373   0.0108811 
-0.863646  0.611741   -0.44373   0.00780621
-0.810004  0.607554   -0.442557  0.008194  
-0.810004  0.607554   -0.442557  0.00763211
-0.810004  0.607554   -0.442557  0.00634792
-0.77871   0.639012   -0.443007  0.0144357 
-0.77871   0.639012   -0.443007  0.0102868 
-0.77871   0.639012   -0.443007  0.0114325 
-0.77871   0.639012   -0.443007  0.0064352 
-0.77871   0.639012   -0.443007  0.0158284 
-0.77871   0.639012   -0.443007  0.0103334 
-0.77871   0.639012   -0.443007  0.0196168 
-0.77871   0.639012   -0.443007  0.010255  
-0.77871   0.639012   -0.443007  0.0126123 
-0.77871   0.639012   -0.443007  0.00727955
-0.853067  0.619255   -0.445379  0.0105247 
-0.853067  0.619255   -0.445379  0.0100695 
-0.853067  0.619255   -0.445379  0.00678844
-0.853067  0.619255   -0.445379  0.00906731
-0.790624  0.616843   -0.450848  0.0236841 
-0.790624  0.616843   -0.450848  0.0100796 
-0.790624  0.616843   -0.450848  0.0111496 
-0.790624  0.616843   -0.450848  0.0068678 
-0.790624  0.616843   -0.450848  0.0115963 
-0.790624  0.616843   -0.450848  0.0170636 
-0.790624  0.616843   -0.450848  0.0133683 
-0.790624  0.616843   -0.450848  0.0103636 
-0.790624  0.616843   -0.450848  0.00647343
-0.790624  0.616843   -0.450848  0.0115285 
-0.790624  0.616843   -0.450848  0.0173836 
-0.790624  0.616843   -0.450848  0.00688699
-0.790624  0.616843   -0.450848  0.00670091
-0.790624  0.616843   -0.450848  0.0114676 
-0.790624  0.616843   -0.450848  0.00928961
-0.790624  0.616843   -0.450848  0.0104703 
-0.790624  0.616843   -0.450848  0.00764472
-0.7881    0.627276   -0.431963  0.00911289
-0.829551  0.610144   -0.448673  0.00682225
-0.829551  0.610144   -0.448673  0.0108921 
-0.829551  0.610144   -0.448673  0.00698978
-0.818202  0.630436   -0.441739  0.0254688 
-0.818202  0.630436   -0.441739  0.007638  
-0.818202  0.630436   -0.441739  0.00733465
-0.818202  0.630436   -0.441739  0.0173883 
-0.818202  0.630436   -0.441739  0.00946318
-0.818202  0.630436   -0.441739  0.00947057
-0.818202  0.630436   -0.441739  0.0205396 
-0.818202  0.630436   -0.441739  0.0103978 
-0.818202  0.630436   -0.441739  0.010227  
-0.818202  0.630436   -0.441739  0.00595179
-0.794185  0.612313   -0.440681  0.00941657
-0.827829  0.604866   -0.44695   0.014786  
-0.827829  0.604866   -0.44695   0.00716017
-0.803251  0.64116    -0.456282  0.010324  
-0.803251  0.64116    -0.456282  0.00909289
-0.803251  0.64116    -0.456282  0.0234847 
-0.803251  0.64116    -0.456282  0.00734227
-0.803251  0.64116    -0.456282  0.0179854 
-0.803251  0.64116    -0.456282  0.0161062 
-0.803251  0.64116    -0.456282  0.0115999 
-0.803251  0.64116    -0.456282  0.0103527 
-0.803251  0.64116    -0.456282  0.0097349 
-0.803251  0.64116    -0.456282  0.00898036
-0.803251  0.64116    -0.456282  0.0121868 
-0.803251  0.64116    -0.456282  0.0124789 
-0.803251  0.64116    -0.456282  0.00656219
-0.803251  0.64116    -0.456282  0.012839  
-0.803251  0.64116    -0.456282  0.017413  
-0.803251  0.64116    -0.456282  0.0086126 
-0.803251  0.64116    -0.456282  0.0107476 
-0.803251  0.64116    -0.456282  0.0113278 
-0.803251  0.64116    -0.456282  0.00701101
-0.802476  0.593445   -0.447696  0.0119027 
-0.802476  0.593445   -0.447696  0.0172364 
-0.802476  0.593445   -0.447696  0.0189733 
-0.802476  0.593445   -0.447696  0.0188274 
-0.802476  0.593445   -0.447696  0.019575  
-0.802476  0.593445   -0.447696  0.0176137 
-0.802476  0.593445   -0.447696  0.010745  
-0.802476  0.593445   -0.447696  0.00837943
-0.842026  0.640034   -0.44106   0.00873414
-0.842026  0.640034   -0.44106   0.00989093
-0.842026  0.640034   -0.44106   0.0204258 
-0.842026  0.640034   -0.44106   0.00664777
-0.832801  0.598649   -0.444214  0.0163191 
-0.832801  0.598649   -0.444214  0.0113169 
-0.832801  0.598649   -0.444214  0.015371  
-0.832801  0.598649   -0.444214  0.0142447 
-0.832801  0.598649   -0.444214  0.0125471 
-0.832801  0.598649   -0.444214  0.0148877 
-0.832801  0.598649   -0.444214  0.0108046 
-0.832801  0.598649   -0.444214  0.0099945 
-0.832801  0.598649   -0.444214  0.0138066 
-0.832801  0.598649   -0.444214  0.0143453 
-0.832801  0.598649   -0.444214  0.00812373
-0.809375  0.580282   -0.436506  0.0109738 
-0.809375  0.580282   -0.436506  0.00782029
-0.793466  0.620122   -0.443525  0.0115833 
-0.793466  0.620122   -0.443525  0.0125365 
-0.793466  0.620122   -0.443525  0.00648385
-0.782882  0.641812   -0.442273  0.0106588 
-0.854184  0.607642   -0.433282  0.0141472 
-0.854184  0.607642   -0.433282  0.0121292 
-0.854184  0.607642   -0.433282  0.00979094
-0.854184  0.607642   -0.433282  0.0147068 
-0.854184  0.607642   -0.433282  0.0101854 
-0.854184  0.607642   -0.433282  0.016986  
-0.854184  0.607642   -0.433282  0.0142968 
-0.854184  0.607642   -0.433282  0.0091805 
-0.854184  0.607642   -0.433282  0.00705668
-0.782877  0.585513   -0.427345  0.00798405
-0.8028    0.584181   -0.436743  0.00819618
-0.848068  0.605073   -0.434446  0.0098765 
-0.848068  0.605073   -0.434446  0.0132771 
-0.848068  0.605073   -0.434446  0.00988393
-0.848068  0.605073   -0.434446  0.0215963 
-0.848068  0.605073   -0.434446  0.0182322 
-0.848068  0.605073   -0.434446  0.00653325
-0.808472  0.614795   -0.444733  0.00965451
-0.808472  0.614795   -0.444733  0.00807565
-0.808472  0.614795   -0.444733  0.00716218
-0.808472  0.614795   -0.444733  0.0106048 
-0.808472  0.614795   -0.444733  0.0119726 
-0.808472  0.614795   -0.444733  0.0154209 
-0.808472  0.614795   -0.444733  0.0137344 
-0.808472  0.614795   -0.444733  0.00615033
-0.808472  0.614795   -0.444733  0.0280402 
-0.808472  0.614795   -0.444733  0.00652844
-0.739754  0.604746   -0.435505  0.00725638
-0.739754  0.604746   -0.435505  0.00630634
-0.748647  0.632358   -0.440227  0.00845778
-0.814758  0.609871   -0.445281  0.00831525
-0.814758  0.609871   -0.445281  0.0081713 
-0.814758  0.609871   -0.445281  0.0120903 
-0.841239  0.675147   -0.41623   0.00822978
-0.780632  0.680138   -0.437892  0.0214632 
-0.780632  0.680138   -0.437892  0.0164923 
-0.780632  0.680138   -0.437892  0.0172281 
-0.780632  0.680138   -0.437892  0.00734693
-0.780632  0.680138   -0.437892  0.0191837 
-0.780632  0.680138   -0.437892  0.00849096
-0.825269  0.653383   -0.443866  0.0125393 
-0.825269  0.653383   -0.443866  0.00693559
-0.825269  0.653383   -0.443866  0.0090512 
-0.825269  0.653383   -0.443866  0.0174496 
-0.825269  0.653383   -0.443866  0.0133374 
-0.825269  0.653383   -0.443866  0.00736771
-0.815898  0.593074   -0.443335  0.00863843
-0.795962  0.680832   -0.441101  0.00660004
-0.746156  0.600472   -0.440995  0.00889173
-0.823801  0.637756   -0.436201  0.00998462
-0.823801  0.637756   -0.436201  0.00691376
-0.823801  0.637756   -0.436201  0.0234737 
-0.823801  0.637756   -0.436201  0.0119574 
-0.823801  0.637756   -0.436201  0.00835615
-0.823801  0.637756   -0.436201  0.0126807 
-0.823801  0.637756   -0.436201  0.0146459 
-0.823801  0.637756   -0.436201  0.00688571
-0.732622  0.596866   -0.422824  0.011642  
-0.732622  0.596866   -0.422824  0.00908255
-0.732622  0.596866   -0.422824  0.0100894 
-0.732622  0.596866   -0.422824  0.0132704 
-0.732622  0.596866   -0.422824  0.00731643
-0.730015  0.596407   -0.42729   0.00788555
-0.730015  0.596407   -0.42729   0.0201861 
-0.730015  0.596407   -0.42729   0.00880161
-0.730015  0.596407   -0.42729   0.0110266 
-0.730015  0.596407   -0.42729   0.0100042 
-0.730015  0.596407   -0.42729   0.00613386
-0.766942  0.640484   -0.447071  0.0095555 
-0.766942  0.640484   -0.447071  0.0148655 
-0.766942  0.640484   -0.447071  0.00944833
-0.766942  0.640484   -0.447071  0.00768153
-0.766942  0.640484   -0.447071  0.00870384
-0.841305  0.606621   -0.447613  0.00850444
-0.744317  0.578483   -0.420082  0.00608092
-0.770642  0.650092   -0.454384  0.0137023 
-0.770642  0.650092   -0.454384  0.00977288
-0.770642  0.650092   -0.454384  0.0157995 
-0.770642  0.650092   -0.454384  0.00838478
-0.770642  0.650092   -0.454384  0.015782  
-0.770642  0.650092   -0.454384  0.0210301 
-0.770642  0.650092   -0.454384  0.0104877 
-0.770642  0.650092   -0.454384  0.0138323 
-0.770642  0.650092   -0.454384  0.011839  
-0.770642  0.650092   -0.454384  0.00784875
-0.770642  0.650092   -0.454384  0.00666381
-0.770642  0.650092   -0.454384  0.0154238 
-0.770642  0.650092   -0.454384  0.00832339
-0.770642  0.650092   -0.454384  0.0111098 
-0.770642  0.650092   -0.454384  0.00689947
-0.770642  0.650092   -0.454384  0.0294024 
-0.770642  0.650092   -0.454384  0.00756706
-0.770642  0.650092   -0.454384  0.00911339
-0.770642  0.650092   -0.454384  0.00697789
-0.770642  0.650092   -0.454384  0.0100696 
-0.770642  0.650092   -0.454384  0.00816049
-0.770642  0.650092   -0.454384  0.00661654
-0.770642  0.650092   -0.454384  0.00979806
-0.770642  0.650092   -0.454384  0.0244003 
-0.770642  0.650092   -0.454384  0.00597316
-0.800028  0.617494   -0.463175  0.00811984
-0.800028  0.617494   -0.463175  0.00841017
-0.800028  0.617494   -0.463175  0.0109725 
-0.800028  0.617494   -0.463175  0.00612402
-0.800028  0.617494   -0.463175  0.00816721
-0.800028  0.617494   -0.463175  0.0116791 
-0.800028  0.617494   -0.463175  0.00783521
-0.800028  0.617494   -0.463175  0.00947901
-0.800028  0.617494   -0.463175  0.00584678
-0.800028  0.617494   -0.463175  0.0128569 
-0.800028  0.617494   -0.463175  0.0135424 
-0.800028  0.617494   -0.463175  0.0129697 
-0.800028  0.617494   -0.463175  0.008168  
-0.800028  0.617494   -0.463175  0.00752705
-0.800028  0.617494   -0.463175  0.0102306 
-0.800028  0.617494   -0.463175  0.0131443 
-0.800028  0.617494   -0.463175  0.00680117
-0.800028  0.617494   -0.463175  0.00937622
-0.800028  0.617494   -0.463175  0.00681714
-0.800028  0.617494   -0.463175  0.0151451 
-0.800028  0.617494   -0.463175  0.00685856
-0.778661  0.605793   -0.444089  0.00959781
-0.778661  0.605793   -0.444089  0.0123634 
-0.778661  0.605793   -0.444089  0.00927228
-0.778661  0.605793   -0.444089  0.0138111 
-0.778661  0.605793   -0.444089  0.0101831 
-0.824217  0.664174   -0.436676  0.0132815 
-0.824217  0.664174   -0.436676  0.0218884 
-0.824217  0.664174   -0.436676  0.0140935 
-0.824217  0.664174   -0.436676  0.0130273 
-0.824217  0.664174   -0.436676  0.00643175
-0.815229  0.603747   -0.450887  0.0169611 
-0.815229  0.603747   -0.450887  0.00827349
-0.816032  0.621535   -0.448952  0.0127045 
-0.816032  0.621535   -0.448952  0.0150393 
-0.816032  0.621535   -0.448952  0.0148896 
-0.816032  0.621535   -0.448952  0.00711082
-0.816032  0.621535   -0.448952  0.0162843 
-0.816032  0.621535   -0.448952  0.00927114
-0.816032  0.621535   -0.448952  0.0153653 
-0.816032  0.621535   -0.448952  0.0143191 
-0.816032  0.621535   -0.448952  0.00884921
-0.816032  0.621535   -0.448952  0.0150036 
-0.816032  0.621535   -0.448952  0.0142594 
-0.816032  0.621535   -0.448952  0.00925376
-0.816032  0.621535   -0.448952  0.00905846
-0.832233  0.625135   -0.437967  0.00876182
-0.768477  0.572862   -0.418775  0.00774087
-0.736278  0.592168   -0.430315  0.00879773
-0.736278  0.592168   -0.430315  0.0178972 
-0.736278  0.592168   -0.430315  0.0069562 
-0.748359  0.595345   -0.427464  0.0102696 
-0.748072  0.65525    -0.403384  0.00917856
-0.741732  0.650884   -0.425199  0.00727584
-0.70961   0.681854   -0.422136  0.0263731 
-0.70961   0.681854   -0.422136  0.00914313
-0.70961   0.681854   -0.422136  0.0103731 
-0.70961   0.681854   -0.422136  0.00675242
-0.710962  0.605374   -0.418005  0.00987264
-0.710962  0.605374   -0.418005  0.0111734 
-0.778214  0.66822    -0.435543  0.0213121 
-0.778214  0.66822    -0.435543  0.00839177
-0.778214  0.66822    -0.435543  0.0162154 
-0.778214  0.66822    -0.435543  0.0250038 
-0.778214  0.66822    -0.435543  0.00826907
-0.778214  0.66822    -0.435543  0.010817  
-0.824894  0.641595   -0.428387  0.0174373 
-0.824894  0.641595   -0.428387  0.0114853 
-0.824894  0.641595   -0.428387  0.00674332
-0.742853  0.617257   -0.442246  0.0135309 
-0.742853  0.617257   -0.442246  0.00915953
-0.742853  0.617257   -0.442246  0.00602605
-0.742853  0.617257   -0.442246  0.00859166
-0.742853  0.617257   -0.442246  0.00884525
-0.742853  0.617257   -0.442246  0.0086109 
-0.830309  0.656129   -0.440851  0.0304699 
-0.830309  0.656129   -0.440851  0.0239953 
-0.830309  0.656129   -0.440851  0.00669828
-0.771105  0.627331   -0.441849  0.0055582 
-0.764146  0.637802   -0.444885  0.00788223
-0.831669  0.588782   -0.439449  0.0166619 
-0.831669  0.588782   -0.439449  0.00810851
-0.831669  0.588782   -0.439449  0.0112566 
-0.831669  0.588782   -0.439449  0.0146241 
-0.831669  0.588782   -0.439449  0.0152859 
-0.831669  0.588782   -0.439449  0.0148855 
-0.831669  0.588782   -0.439449  0.0142819 
-0.767342  0.651194   -0.435277  0.0129956 
-0.767342  0.651194   -0.435277  0.0108638 
-0.734899  0.684399   -0.416593  0.00865787
-0.734899  0.684399   -0.416593  0.00606392
-0.738408  0.637127   -0.420902  0.0142022 
-0.826578  0.683769   -0.409644  0.0187664 
-0.826578  0.683769   -0.409644  0.00762591
-0.833155  0.588369   -0.426228  0.00630724
-0.749146  0.606824   -0.431466  0.0100707 
-0.749146  0.606824   -0.431466  0.0106146 
-0.749146  0.606824   -0.431466  0.0117495 
-0.749146  0.606824   -0.431466  0.00636561
-0.762732  0.618377   -0.439997  0.0123361 
-0.762732  0.618377   -0.439997  0.0091639 
-0.762732  0.618377   -0.439997  0.0111519 
-0.796936  0.712722   -0.416827  0.00701891
-0.719403  0.632798   -0.421735  0.0133527 
-0.719403  0.632798   -0.421735  0.00920319
-0.719403  0.632798   -0.421735  0.00709905
-0.719403  0.632798   -0.421735  0.00991175
-0.719403  0.632798   -0.421735  0.00616777
-0.767346  0.634622   -0.442867  0.0104202 
-0.767346  0.634622   -0.442867  0.00731355
-0.761304  0.584129   -0.426276  0.00804623
-0.804719  0.579356   -0.440318  0.0122921 
-0.804719  0.579356   -0.440318  0.0143186 
-0.804719  0.579356   -0.440318  0.0218852 
-0.804719  0.579356   -0.440318  0.0122553 
-0.804719  0.579356   -0.440318  0.00809413
-0.804719  0.579356   -0.440318  0.00947689
-0.804719  0.579356   -0.440318  0.0103372 
-0.804719  0.579356   -0.440318  0.00622816
-0.784985  0.600344   -0.445623  0.00707021
-0.844625  0.614368   -0.4541    0.0056783 
-0.844625  0.614368   -0.4541    0.0173186 
-0.844625  0.614368   -0.4541    0.0221889 
-0.844625  0.614368   -0.4541    0.0129605 
-0.844625  0.614368   -0.4541    0.0109097 
-0.844625  0.614368   -0.4541    0.0158167 
-0.844625  0.614368   -0.4541    0.0118427 
-0.844625  0.614368   -0.4541    0.0119462 
-0.844625  0.614368   -0.4541    0.012879  
-0.844625  0.614368   -0.4541    0.0145491 
-0.844625  0.614368   -0.4541    0.00712772
-0.844625  0.614368   -0.4541    0.0277321 
-0.844625  0.614368   -0.4541    0.00710534
-0.844625  0.614368   -0.4541    0.0109762 
-0.844625  0.614368   -0.4541    0.0121055 
-0.844625  0.614368   -0.4541    0.0129585 
-0.844625  0.614368   -0.4541    0.0107363 
-0.844625  0.614368   -0.4541    0.0124484 
-0.844625  0.614368   -0.4541    0.00588096
-0.830188  0.631979   -0.452486  0.00726441
-0.830188  0.631979   -0.452486  0.0103916 
-0.830188  0.631979   -0.452486  0.00856918
-0.764088  0.664778   -0.436298  0.0083839 
-0.788764  0.642348   -0.442037  0.013062  
-0.788764  0.642348   -0.442037  0.0147469 
-0.788764  0.642348   -0.442037  0.011295  
-0.788764  0.642348   -0.442037  0.0113718 
-0.788764  0.642348   -0.442037  0.0113796 
-0.788764  0.642348   -0.442037  0.00942656
-0.788764  0.642348   -0.442037  0.00969676
-0.788764  0.642348   -0.442037  0.00944365
-0.801847  0.602907   -0.444578  0.0146051 
-0.801847  0.602907   -0.444578  0.00781572
-0.750283  0.578746   -0.415187  0.0104805 
-0.694324  0.665557   -0.398109  0.0141165 
-0.697367  0.738339   -0.361311  0.0108164 
-0.697367  0.738339   -0.361311  0.0241514 
-0.697367  0.738339   -0.361311  0.0124456 
-0.697367  0.738339   -0.361311  0.0107961 
-0.788092  0.69524    -0.414529  0.0193711 
-0.788092  0.69524    -0.414529  0.0116944 
-0.825907  0.660953   -0.430888  0.00921837
-0.825907  0.660953   -0.430888  0.00883188
-0.843089  0.602976   -0.435079  0.0115563 
-0.843089  0.602976   -0.435079  0.0164938 
-0.843089  0.602976   -0.435079  0.00966305
-0.843089  0.602976   -0.435079  0.0162005 
-0.843089  0.602976   -0.435079  0.0104852 
-0.843089  0.602976   -0.435079  0.0165621 
-0.843089  0.602976   -0.435079  0.0143427 
-0.843089  0.602976   -0.435079  0.00894268
-0.815396  0.663874   -0.445909  0.00849441
-0.774839  0.586435   -0.443683  0.0179182 
-0.774839  0.586435   -0.443683  0.0107052 
-0.774839  0.586435   -0.443683  0.0121812 
-0.774839  0.586435   -0.443683  0.00906406
-0.774839  0.586435   -0.443683  0.0166141 
-0.774839  0.586435   -0.443683  0.00800169
-0.774839  0.586435   -0.443683  0.0221151 
-0.774839  0.586435   -0.443683  0.00757339
-0.774839  0.586435   -0.443683  0.0129131 
-0.774839  0.586435   -0.443683  0.0128657 
-0.774839  0.586435   -0.443683  0.00798256
-0.774839  0.586435   -0.443683  0.0159927 
-0.774839  0.586435   -0.443683  0.00782468
-0.758648  0.579962   -0.440486  0.00920204
-0.758648  0.579962   -0.440486  0.0079755 
-0.758648  0.579962   -0.440486  0.0065741 
-0.758648  0.579962   -0.440486  0.00690096
-0.758648  0.579962   -0.440486  0.0202125 
-0.758648  0.579962   -0.440486  0.0225515 
-0.758648  0.579962   -0.440486  0.0142463 
-0.758648  0.579962   -0.440486  0.0154077 
-0.758648  0.579962   -0.440486  0.0129194 
-0.758648  0.579962   -0.440486  0.0182761 
-0.758648  0.579962   -0.440486  0.0145207 
-0.782884  0.670129   -0.427156  0.00754345
-0.69155   0.599142   -0.410096  0.00632753
-0.723999  0.625987   -0.4336    0.0111419 
-0.82332   0.662038   -0.430679  0.00868636
-0.849008  0.575268   -0.429847  0.00807975
-0.858486  0.599239   -0.431428  0.0112314 
-0.858486  0.599239   -0.431428  0.0169348 
-0.858486  0.599239   -0.431428  0.01473   
-0.858486  0.599239   -0.431428  0.00571161
-0.761839  0.615952   -0.44762   0.00856393
-0.761839  0.615952   -0.44762   0.0106978 
-0.761839  0.615952   -0.44762   0.0151221 
-0.761839  0.615952   -0.44762   0.00695335
-0.761839  0.615952   -0.44762   0.0169845 
-0.761839  0.615952   -0.44762   0.00930633
-0.761839  0.615952   -0.44762   0.00840309
-0.761839  0.615952   -0.44762   0.00759648
-0.761839  0.615952   -0.44762   0.00974685
-0.761839  0.615952   -0.44762   0.00616289
-0.787729  0.636634   -0.446613  0.00686245
-0.787729  0.636634   -0.446613  0.00874165
-0.787729  0.636634   -0.446613  0.00662688
-0.718752  0.650205   -0.437641  0.00910562
-0.718752  0.650205   -0.437641  0.0104609 
-0.718752  0.650205   -0.437641  0.0101287 
-0.718752  0.650205   -0.437641  0.0119626 
-0.718752  0.650205   -0.437641  0.0107151 
-0.718752  0.650205   -0.437641  0.0222883 
-0.718752  0.650205   -0.437641  0.0114717 
-0.718752  0.650205   -0.437641  0.00662857
-0.756203  0.614324   -0.434569  0.0065533 
-0.756203  0.614324   -0.434569  0.0154921 
-0.756203  0.614324   -0.434569  0.00701265
-0.777426  0.639776   -0.44084   0.00845542
-0.777426  0.639776   -0.44084   0.00859326
-0.851029  0.582083   -0.429212  0.0137659 
-0.851029  0.582083   -0.429212  0.0136341 
-0.851029  0.582083   -0.429212  0.0224899 
-0.851029  0.582083   -0.429212  0.0068686 
-0.810922  0.646353   -0.448928  0.0120588 
-0.810922  0.646353   -0.448928  0.00755366
-0.71965   0.596636   -0.424725  0.0109523 
-0.71965   0.596636   -0.424725  0.011099  
-0.71965   0.596636   -0.424725  0.00930015
-0.71965   0.596636   -0.424725  0.012379  
-0.71965   0.596636   -0.424725  0.00639623
-0.707746  0.625251   -0.422728  0.0122085 
-0.707746  0.625251   -0.422728  0.0132498 
-0.707746  0.625251   -0.422728  0.00709121
-0.739793  0.661445   -0.428405  0.00731656
-0.739793  0.661445   -0.428405  0.00739179
-0.80115   0.634729   -0.438975  0.0118743 
-0.80115   0.634729   -0.438975  0.0219177 
-0.80115   0.634729   -0.438975  0.0132436 
-0.80115   0.634729   -0.438975  0.0142846 
-0.80115   0.634729   -0.438975  0.0127245 
-0.80115   0.634729   -0.438975  0.00919635
-0.80115   0.634729   -0.438975  0.0108694 
-0.80115   0.634729   -0.438975  0.0196613 
-0.80115   0.634729   -0.438975  0.0079156 
-0.815888  0.648549   -0.445588  0.0170723 
-0.815888  0.648549   -0.445588  0.00921849
-0.815888  0.648549   -0.445588  0.0129354 
-0.815888  0.648549   -0.445588  0.0187144 
-0.815888  0.648549   -0.445588  0.00803785
-0.815888  0.648549   -0.445588  0.0165146 
-0.815888  0.648549   -0.445588  0.00902143
-0.815888  0.648549   -0.445588  0.0131921 
-0.815888  0.648549   -0.445588  0.00853082
-0.770397  0.64206    -0.439293  0.00999349
-0.770397  0.64206    -0.439293  0.0153508 
-0.770397  0.64206    -0.439293  0.0120742 
-0.770397  0.64206    -0.439293  0.0109282 
-0.770397  0.64206    -0.439293  0.0115875 
-0.770397  0.64206    -0.439293  0.0076524 
-0.812407  0.635567   -0.438028  0.0103159 
-0.812407  0.635567   -0.438028  0.0110555 
-0.812407  0.635567   -0.438028  0.0236583 
-0.812407  0.635567   -0.438028  0.00841378
-0.867446  0.643151   -0.445352  0.0120596 
-0.867446  0.643151   -0.445352  0.0221533 
-0.867446  0.643151   -0.445352  0.0104002 
-0.831331  0.62881    -0.42065   0.0293085 
-0.831331  0.62881    -0.42065   0.0150429 
-0.81313   0.697857   -0.408781  0.00764833
-0.781695  0.674067   -0.440527  0.00826604
-0.814469  0.629529   -0.439026  0.00682252
-0.814469  0.629529   -0.439026  0.00896063
-0.75705   0.567279   -0.418492  0.0181952 
-0.75705   0.567279   -0.418492  0.0055458 
-0.766436  0.626303   -0.450537  0.00946275
-0.766436  0.626303   -0.450537  0.00942941
-0.766436  0.626303   -0.450537  0.00809573
-0.766436  0.626303   -0.450537  0.00940316
-0.766436  0.626303   -0.450537  0.00823349
-0.766436  0.626303   -0.450537  0.00775511
-0.766436  0.626303   -0.450537  0.0228061 
-0.766436  0.626303   -0.450537  0.00893528
-0.766436  0.626303   -0.450537  0.0113159 
-0.766436  0.626303   -0.450537  0.0114119 
-0.766436  0.626303   -0.450537  0.00911411
-0.766436  0.626303   -0.450537  0.00663215
-0.766436  0.626303   -0.450537  0.0183176 
-0.766436  0.626303   -0.450537  0.00699106
-0.866048  0.613206   -0.434007  0.0196551 
-0.866048  0.613206   -0.434007  0.0144486 
-0.866048  0.613206   -0.434007  0.0156607 
-0.866048  0.613206   -0.434007  0.00987386
-0.866048  0.613206   -0.434007  0.0103063 
-0.778189  0.653147   -0.437099  0.00721768
-0.778189  0.653147   -0.437099  0.0243422 
-0.778189  0.653147   -0.437099  0.00764179
-0.778189  0.653147   -0.437099  0.00840516
-0.823692  0.657689   -0.442164  0.00869301
-0.823692  0.657689   -0.442164  0.00692592
-0.823692  0.657689   -0.442164  0.00638239
-0.811922  0.628265   -0.454826  0.0117011 
-0.811922  0.628265   -0.454826  0.0129515 
-0.811922  0.628265   -0.454826  0.012823  
-0.811922  0.628265   -0.454826  0.00955802
-0.811922  0.628265   -0.454826  0.00634934
-0.805432  0.63378    -0.452369  0.00982749
-0.805432  0.63378    -0.452369  0.0166501 
-0.805432  0.63378    -0.452369  0.0132149 
-0.805432  0.63378    -0.452369  0.00913471
-0.805432  0.63378    -0.452369  0.00954609
-0.805432  0.63378    -0.452369  0.00712247
-0.805432  0.63378    -0.452369  0.00990227
-0.805432  0.63378    -0.452369  0.00788747
-0.805432  0.63378    -0.452369  0.00866106
-0.805432  0.63378    -0.452369  0.0315266 
-0.805432  0.63378    -0.452369  0.0119669 
-0.805432  0.63378    -0.452369  0.00715264
-0.805432  0.63378    -0.452369  0.0108597 
-0.805432  0.63378    -0.452369  0.0161163 
-0.805432  0.63378    -0.452369  0.0188836 
-0.805432  0.63378    -0.452369  0.0166245 
-0.805432  0.63378    -0.452369  0.00748748
-0.805432  0.63378    -0.452369  0.010875  
-0.805432  0.63378    -0.452369  0.00875776
-0.888548  0.602278   -0.418374  0.00920602
-0.894678  0.64812    -0.430101  0.0298876 
-0.894678  0.64812    -0.430101  0.0150605 
-0.894678  0.64812    -0.430101  0.0264263 
-0.894678  0.64812    -0.430101  0.0138448 
-0.894678  0.64812    -0.430101  0.0220383 
-0.894678  0.64812    -0.430101  0.0116817 
-0.894678  0.64812    -0.430101  0.00799544
-0.862969  0.612357   -0.440672  0.00896263
-0.821179  0.570162   -0.430621  0.00591229
-0.741433  0.627683   -0.446105  0.0108854 
-0.741433  0.627683   -0.446105  0.0120251 
-0.741433  0.627683   -0.446105  0.00894728
-0.741433  0.627683   -0.446105  0.00732707
-0.787032  0.599356   -0.445603  0.0150922 
-0.787032  0.599356   -0.445603  0.0123281 
-0.787032  0.599356   -0.445603  0.00928007
-0.787032  0.599356   -0.445603  0.00954809
-0.787032  0.599356   -0.445603  0.00834655
-0.791328  0.574822   -0.437221  0.0206189 
-0.791328  0.574822   -0.437221  0.0141924 
-0.791328  0.574822   -0.437221  0.0166339 
-0.791328  0.574822   -0.437221  0.0181896 
-0.791328  0.574822   -0.437221  0.00794195
-0.754062  0.580885   -0.439773  0.00724461
-0.840101  0.622019   -0.446622  0.0100763 
-0.840101  0.622019   -0.446622  0.0276368 
-0.840101  0.622019   -0.446622  0.0111399 
-0.840101  0.622019   -0.446622  0.0108545 
-0.840101  0.622019   -0.446622  0.0115358 
-0.840101  0.622019   -0.446622  0.00790928
-0.800204  0.583964   -0.450766  0.00943502
-0.800204  0.583964   -0.450766  0.00692643
-0.800204  0.583964   -0.450766  0.0220078 
-0.800204  0.583964   -0.450766  0.014766  
-0.800204  0.583964   -0.450766  0.00968281
-0.800204  0.583964   -0.450766  0.0151425 
-0.800204  0.583964   -0.450766  0.0119722 
-0.800204  0.583964   -0.450766  0.0148863 
-0.800204  0.583964   -0.450766  0.0132804 
-0.800204  0.583964   -0.450766  0.0208926 
-0.800204  0.583964   -0.450766  0.00982552
-0.800204  0.583964   -0.450766  0.0210555 
-0.800204  0.583964   -0.450766  0.0128101 
-0.800204  0.583964   -0.450766  0.0137737 
-0.800204  0.583964   -0.450766  0.0116591 
-0.800204  0.583964   -0.450766  0.0109536 
-0.800204  0.583964   -0.450766  0.0081242 
-0.864584  0.616934   -0.441518  0.0191493 
-0.864584  0.616934   -0.441518  0.00976389
-0.855739  0.623504   -0.424012  0.0155489 
-0.855739  0.623504   -0.424012  0.0073215 
-0.85314   0.598604   -0.431859  0.0101335 
-0.85314   0.598604   -0.431859  0.011768  
-0.85314   0.598604   -0.431859  0.0124734 
-0.85314   0.598604   -0.431859  0.0148537 
-0.85314   0.598604   -0.431859  0.018382  
-0.85314   0.598604   -0.431859  0.00674043
-0.786022  0.641472   -0.4524    0.00740694
-0.786022  0.641472   -0.4524    0.0112351 
-0.786022  0.641472   -0.4524    0.00788647
-0.786022  0.641472   -0.4524    0.00624518
-0.788483  0.661759   -0.450341  0.00829322
-0.788483  0.661759   -0.450341  0.0164078 
-0.788483  0.661759   -0.450341  0.0130771 
-0.788483  0.661759   -0.450341  0.00623322
-0.788483  0.661759   -0.450341  0.00770852
-0.788483  0.661759   -0.450341  0.0159649 
-0.788483  0.661759   -0.450341  0.00717023
-0.788483  0.661759   -0.450341  0.00967678
-0.788483  0.661759   -0.450341  0.00882297
-0.788483  0.661759   -0.450341  0.00917099
-0.788483  0.661759   -0.450341  0.00742286
-0.788483  0.661759   -0.450341  0.0113499 
-0.788483  0.661759   -0.450341  0.0146327 
-0.788483  0.661759   -0.450341  0.00942649
-0.788483  0.661759   -0.450341  0.0117303 
-0.788483  0.661759   -0.450341  0.0131179 
-0.788483  0.661759   -0.450341  0.00715461
-0.788483  0.661759   -0.450341  0.00898098
-0.788483  0.661759   -0.450341  0.0131139 
-0.788483  0.661759   -0.450341  0.00661325
-0.788483  0.661759   -0.450341  0.0231478 
-0.788483  0.661759   -0.450341  0.00777193
-0.788483  0.661759   -0.450341  0.00960771
-0.788483  0.661759   -0.450341  0.0110413 
-0.788483  0.661759   -0.450341  0.00941718
-0.788483  0.661759   -0.450341  0.00740732
-0.788483  0.661759   -0.450341  0.0103146 
-0.788483  0.661759   -0.450341  0.0133968 
-0.788483  0.661759   -0.450341  0.00625879
-0.788483  0.661759   -0.450341  0.00897752
-0.788483  0.661759   -0.450341  0.00828143
-0.788483  0.661759   -0.450341  0.0133884 
-0.788483  0.661759   -0.450341  0.00717633
-0.788483  0.661759   -0.450341  0.00814195
-0.809289  0.622344   -0.438419  0.012994  
-0.809289  0.622344   -0.438419  0.0137378 
-0.809289  0.622344   -0.438419  0.0139462 
-0.809289  0.622344   -0.438419  0.00700271
-0.827519  0.596579   -0.450047  0.00819855
-0.827519  0.596579   -0.450047  0.0187223 
-0.827519  0.596579   -0.450047  0.00635521
-0.827519  0.596579   -0.450047  0.0153792 
-0.827519  0.596579   -0.450047  0.0153255 
-0.827519  0.596579   -0.450047  0.010594  
-0.827519  0.596579   -0.450047  0.0111994 
-0.827519  0.596579   -0.450047  0.0146697 
-0.827519  0.596579   -0.450047  0.00918462
-0.827519  0.596579   -0.450047  0.00977435
-0.827519  0.596579   -0.450047  0.0131437 
-0.827519  0.596579   -0.450047  0.014752  
-0.827519  0.596579   -0.450047  0.00978943
-0.827519  0.596579   -0.450047  0.0103736 
-0.827519  0.596579   -0.450047  0.0101997 
-0.827519  0.596579   -0.450047  0.0137092 
-0.827519  0.596579   -0.450047  0.0080569 
-0.792534  0.584729   -0.429728  0.00887411
-0.792534  0.584729   -0.429728  0.0186313 
-0.792534  0.584729   -0.429728  0.00894457
-0.797506  0.639175   -0.431914  0.00684373
-0.742835  0.651025   -0.435433  0.00666083
-0.70352   0.636341   -0.418721  0.0103782 
-0.70352   0.636341   -0.418721  0.00763764
-0.791446  0.587429   -0.445001  0.00961379
-0.791446  0.587429   -0.445001  0.0105125 
-0.791446  0.587429   -0.445001  0.010337  
-0.791446  0.587429   -0.445001  0.0095388 
-0.841521  0.564149   -0.426512  0.0247892 
-0.841521  0.564149   -0.426512  0.0254936 
-0.841521  0.564149   -0.426512  0.0189133 
-0.841521  0.564149   -0.426512  0.00956136
-0.841521  0.564149   -0.426512  0.0127939 
-0.841521  0.564149   -0.426512  0.0214981 
-0.841521  0.564149   -0.426512  0.0167174 
-0.841521  0.564149   -0.426512  0.0062479 
-0.742896  0.626534   -0.436852  0.0124789 
-0.742896  0.626534   -0.436852  0.00890097
-0.742896  0.626534   -0.436852  0.0115535 
-0.742896  0.626534   -0.436852  0.00880775
-0.742896  0.626534   -0.436852  0.0124906 
-0.742896  0.626534   -0.436852  0.0176804 
-0.742896  0.626534   -0.436852  0.0089262 
-0.742896  0.626534   -0.436852  0.00994202
-0.742896  0.626534   -0.436852  0.0076651 
-0.834449  0.628389   -0.4407    0.00787053
-0.815708  0.651619   -0.439857  0.00798322
-0.86368   0.601866   -0.439917  0.00735504
-0.787288  0.674034   -0.438089  0.00829791
-0.833207  0.58153    -0.443974  0.0209655 
-0.833207  0.58153    -0.443974  0.00649451
-0.751931  0.648634   -0.43349   0.00873527
-0.807515  0.578241   -0.426672  0.0090432 
-0.876543  0.640592   -0.428735  0.0100601 
-0.83027   0.634641   -0.445278  0.00590751
-0.802927  0.609679   -0.455703  0.00708454
-0.793162  0.659413   -0.439144  0.00975227
-0.793162  0.659413   -0.439144  0.00742245
-0.810232  0.588812   -0.45013   0.0146354 
-0.810232  0.588812   -0.45013   0.00820771
-0.810232  0.588812   -0.45013   0.0110654 
-0.810232  0.588812   -0.45013   0.0105516 
-0.810232  0.588812   -0.45013   0.019702  
-0.810232  0.588812   -0.45013   0.0085512 
-0.810232  0.588812   -0.45013   0.0106619 
-0.864194  0.610163   -0.426529  0.00959787
-0.864194  0.610163   -0.426529  0.0138781 
-0.864194  0.610163   -0.426529  0.00954737
-0.864194  0.610163   -0.426529  0.0107906 
-0.864194  0.610163   -0.426529  0.0125484 
-0.864194  0.610163   -0.426529  0.0133403 
-0.864194  0.610163   -0.426529  0.0149621 
-0.864194  0.610163   -0.426529  0.00957511
-0.847286  0.640799   -0.4326    0.0163241 
-0.847286  0.640799   -0.4326    0.0135042 
-0.847286  0.640799   -0.4326    0.00972351
-0.804236  0.68319    -0.432106  0.00722857
-0.804236  0.68319    -0.432106  0.0215308 
-0.804236  0.68319    -0.432106  0.0164953 
-0.804236  0.68319    -0.432106  0.0113142 
-0.789386  0.621281   -0.432306  0.0139431 
-0.789386  0.621281   -0.432306  0.0180765 
-0.789386  0.621281   -0.432306  0.00943771
-0.809188  0.660453   -0.437624  0.0138482 
-0.809188  0.660453   -0.437624  0.0182512 
-0.809188  0.660453   -0.437624  0.0259663 
-0.809188  0.660453   -0.437624  0.0132872 
-0.809188  0.660453   -0.437624  0.00562022
-0.794651  0.636467   -0.454157  0.0114488 
-0.794651  0.636467   -0.454157  0.0178327 
-0.794651  0.636467   -0.454157  0.00745313
-0.723884  0.592941   -0.417935  0.0125669 
-0.813899  0.658923   -0.438238  0.0089933 
-0.813899  0.658923   -0.438238  0.0128121 
-0.813899  0.658923   -0.438238  0.0182283 
-0.813899  0.658923   -0.438238  0.0238288 
-0.813899  0.658923   -0.438238  0.0168988 
-0.813899  0.658923   -0.438238  0.0270024 
-0.813899  0.658923   -0.438238  0.00716634
-0.758799  0.66839    -0.445522  0.0116251 
-0.758799  0.66839    -0.445522  0.00805891
-0.758799  0.66839    -0.445522  0.0152186 
-0.758799  0.66839    -0.445522  0.030575  
-0.758799  0.66839    -0.445522  0.00734262
-0.797167  0.596246   -0.449814  0.00884492
-0.797167  0.596246   -0.449814  0.0170114 
-0.797167  0.596246   -0.449814  0.00933368
-0.797167  0.596246   -0.449814  0.0079202 
-0.797167  0.596246   -0.449814  0.00928832
-0.797167  0.596246   -0.449814  0.0217588 
-0.797167  0.596246   -0.449814  0.0159009 
-0.797167  0.596246   -0.449814  0.0108604 
-0.797167  0.596246   -0.449814  0.00895729
-0.797167  0.596246   -0.449814  0.0141191 
-0.797167  0.596246   -0.449814  0.0100353 
-0.797167  0.596246   -0.449814  0.00720739
-0.797167  0.596246   -0.449814  0.0205641 
-0.797167  0.596246   -0.449814  0.0109791 
-0.797167  0.596246   -0.449814  0.00927452
-0.797167  0.596246   -0.449814  0.0107184 
-0.797167  0.596246   -0.449814  0.0102501 
-0.797167  0.596246   -0.449814  0.0178625 
-0.797167  0.596246   -0.449814  0.0138248 
-0.797167  0.596246   -0.449814  0.0102473 
-0.797167  0.596246   -0.449814  0.00892574
-0.770649  0.597283   -0.435074  0.00955432
-0.786119  0.662624   -0.42795   0.00630491
-0.81097   0.609203   -0.445989  0.0136409 
-0.81097   0.609203   -0.445989  0.00602238
-0.837378  0.617587   -0.45654   0.00962577
-0.837378  0.617587   -0.45654   0.0144446 
-0.837378  0.617587   -0.45654   0.0159969 
-0.837378  0.617587   -0.45654   0.0124764 
-0.839771  0.676486   -0.418776  0.00978706
-0.834607  0.646104   -0.449515  0.00886224
-0.834607  0.646104   -0.449515  0.0129028 
-0.834607  0.646104   -0.449515  0.0190038 
-0.834607  0.646104   -0.449515  0.00619615
-0.764328  0.62533    -0.446448  0.00959975
-0.764328  0.62533    -0.446448  0.00868022
-0.764328  0.62533    -0.446448  0.02694   
-0.764328  0.62533    -0.446448  0.00595736
-0.745145  0.611986   -0.438437  0.0067124 
-0.745145  0.611986   -0.438437  0.0108457 
-0.745145  0.611986   -0.438437  0.0160239 
-0.745145  0.611986   -0.438437  0.0098947 
-0.745145  0.611986   -0.438437  0.00754599
-0.745145  0.611986   -0.438437  0.011715  
-0.745145  0.611986   -0.438437  0.0126471 
-0.745145  0.611986   -0.438437  0.0138864 
-0.832906  0.653538   -0.436981  0.0108942 
-0.832906  0.653538   -0.436981  0.0165575 
-0.832906  0.653538   -0.436981  0.0140568 
-0.832906  0.653538   -0.436981  0.0177788 
-0.832906  0.653538   -0.436981  0.00605359
-0.790905  0.657      -0.455012  0.00770919
-0.790905  0.657      -0.455012  0.0117897 
-0.790905  0.657      -0.455012  0.00972263
-0.790905  0.657      -0.455012  0.0193842 
-0.790905  0.657      -0.455012  0.00825133
-0.790905  0.657      -0.455012  0.0179667 
-0.790905  0.657      -0.455012  0.0122762 
-0.835504  0.663631   -0.425087  0.0118978 
-0.837768  0.649957   -0.436658  0.0164968 
-0.837768  0.649957   -0.436658  0.012421  
-0.837768  0.649957   -0.436658  0.00679015
-0.794814  0.603252   -0.446253  0.00854284
-0.794814  0.603252   -0.446253  0.00600117
-0.750907  0.632811   -0.460262  0.00702766
-0.750907  0.632811   -0.460262  0.00922105
-0.750907  0.632811   -0.460262  0.00642548
-0.750907  0.632811   -0.460262  0.0089455 
-0.750907  0.632811   -0.460262  0.0135365 
-0.750907  0.632811   -0.460262  0.0108747 
-0.750907  0.632811   -0.460262  0.00839733
-0.750907  0.632811   -0.460262  0.00836007
-0.750907  0.632811   -0.460262  0.00794384
-0.750907  0.632811   -0.460262  0.00997005
-0.750907  0.632811   -0.460262  0.00658252
-0.750907  0.632811   -0.460262  0.00798831
-0.750907  0.632811   -0.460262  0.0081543 
-0.750907  0.632811   -0.460262  0.0128673 
-0.750907  0.632811   -0.460262  0.00744012
-0.750907  0.632811   -0.460262  0.00829426
-0.750907  0.632811   -0.460262  0.00760929
-0.750907  0.632811   -0.460262  0.00927459
-0.750907  0.632811   -0.460262  0.00673506
-0.750907  0.632811   -0.460262  0.0104694 
-0.750907  0.632811   -0.460262  0.00982776
-0.814057  0.667598   -0.431543  0.00793407
-0.814057  0.667598   -0.431543  0.00658486
-0.801253  0.60408    -0.4383    0.0100856 
-0.801253  0.60408    -0.4383    0.0127711 
-0.801253  0.60408    -0.4383    0.00893458
-0.801253  0.60408    -0.4383    0.0111584 
-0.801253  0.60408    -0.4383    0.015171  
-0.801253  0.60408    -0.4383    0.00725593
-0.801253  0.60408    -0.4383    0.00635821
-0.801253  0.60408    -0.4383    0.012928  
-0.801253  0.60408    -0.4383    0.0113427 
-0.801253  0.60408    -0.4383    0.016568  
-0.801253  0.60408    -0.4383    0.0135851 
-0.801253  0.60408    -0.4383    0.00995223
-0.801253  0.60408    -0.4383    0.00588503
-0.746264  0.62121    -0.430643  0.00977492
-0.746264  0.62121    -0.430643  0.0116798 
-0.746264  0.62121    -0.430643  0.0147726 
-0.746264  0.62121    -0.430643  0.00777862
-0.746264  0.62121    -0.430643  0.00907408
-0.746264  0.62121    -0.430643  0.00793718
-0.834071  0.604136   -0.428415  0.00851192
-0.757368  0.670464   -0.418687  0.0160804 
-0.757368  0.670464   -0.418687  0.013568  
-0.850206  0.613374   -0.421217  0.0096319 
-0.850206  0.613374   -0.421217  0.0115056 
-0.850206  0.613374   -0.421217  0.0079775 
-0.768892  0.665976   -0.430466  0.00841516
-0.793327  0.576989   -0.437694  0.0193869 
-0.793327  0.576989   -0.437694  0.0126878 
-0.793327  0.576989   -0.437694  0.0144608 
-0.793327  0.576989   -0.437694  0.0114117 
-0.793327  0.576989   -0.437694  0.0183958 
-0.793327  0.576989   -0.437694  0.00864868
-0.793327  0.576989   -0.437694  0.0108507 
-0.793327  0.576989   -0.437694  0.00802984
-0.793327  0.576989   -0.437694  0.0105667 
-0.793327  0.576989   -0.437694  0.00833758
-0.780447  0.627525   -0.443412  0.0156853 
-0.780447  0.627525   -0.443412  0.00998303
-0.780447  0.627525   -0.443412  0.00894267
-0.780447  0.627525   -0.443412  0.0163989 
-0.780447  0.627525   -0.443412  0.00852481
-0.780447  0.627525   -0.443412  0.0152963 
-0.780447  0.627525   -0.443412  0.012356  
-0.780447  0.627525   -0.443412  0.00679513
