#MU        SIGMA      ENERGY     ERROR     
-0.71033   0.654152   -0.428122  0.00669655
-0.745424  0.612424   -0.424935  0.00788501
-0.800069  0.594334   -0.435183  0.0131171 
-0.800069  0.594334   -0.435183  0.0100714 
-0.733659  0.66182    -0.416364  0.00875718
-0.818578  0.572068   -0.422369  0.00942816
-0.818578  0.572068   -0.422369  0.0100474 
-0.848994  0.597898   -0.426962  0.0255195 
-0.848994  0.597898   -0.426962  0.0116533 
-0.848994  0.597898   -0.426962  0.00866296
-0.85391   0.595182   -0.434964  0.0137829 
-0.85391   0.595182   -0.434964  0.0139877 
-0.85391   0.595182   -0.434964  0.00682172
-0.854834  0.623127   -0.458864  0.0110025 
-0.854834  0.623127   -0.458864  0.00865762
-0.854834  0.623127   -0.458864  0.00641363
-0.854834  0.623127   -0.458864  0.0131023 
-0.854834  0.623127   -0.458864  0.0105677 
-0.854834  0.623127   -0.458864  0.0157718 
-0.854834  0.623127   -0.458864  0.00612816
-0.854834  0.623127   -0.458864  0.012526  
-0.854834  0.623127   -0.458864  0.0206257 
-0.854834  0.623127   -0.458864  0.0101924 
-0.854834  0.623127   -0.458864  0.0151886 
-0.854834  0.623127   -0.458864  0.00846137
-0.759584  0.644797   -0.443487  0.0103833 
-0.759584  0.644797   -0.443487  0.00649329
-0.804356  0.651317   -0.456658  0.00868204
-0.804356  0.651317   -0.456658  0.00861319
-0.804356  0.651317   -0.456658  0.0223985 
-0.804356  0.651317   -0.456658  0.0150126 
-0.804356  0.651317   -0.456658  0.00555416
-0.768945  0.628428   -0.453447  0.0117333 
-0.768945  0.628428   -0.453447  0.0159758 
-0.768945  0.628428   -0.453447  0.013681  
-0.768945  0.628428   -0.453447  0.0135534 
-0.768945  0.628428   -0.453447  0.0123609 
-0.768945  0.628428   -0.453447  0.0118347 
-0.768945  0.628428   -0.453447  0.0114048 
-0.768945  0.628428   -0.453447  0.0175886 
-0.768945  0.628428   -0.453447  0.0132184 
-0.768945  0.628428   -0.453447  0.00688542
-0.768945  0.628428   -0.453447  0.00911909
-0.862386  0.588611   -0.427603  0.0200042 
-0.862386  0.588611   -0.427603  0.0107343 
-0.870003  0.62461    -0.412978  0.0238515 
-0.870003  0.62461    -0.412978  0.00890379
-0.849566  0.579443   -0.428384  0.00810365
-0.840282  0.655306   -0.442592  0.00836963
-0.759388  0.655581   -0.439229  0.00694417
-0.732914  0.594951   -0.427557  0.00643022
-0.790508  0.604368   -0.459268  0.00542957
-0.790508  0.604368   -0.459268  0.00784901
-0.790508  0.604368   -0.459268  0.0195935 
-0.790508  0.604368   -0.459268  0.00811829
-0.821251  0.60394    -0.439104  0.00676946
-0.791965  0.634093   -0.450198  0.0100326 
-0.819742  0.657187   -0.436315  0.00748729
-0.832982  0.618669   -0.451791  0.0102298 
-0.780183  0.556647   -0.412049  0.00762972
-0.759046  0.654023   -0.435356  0.00731816
-0.700441  0.651257   -0.419218  0.00869058
-0.700441  0.651257   -0.419218  0.00947352
-0.700441  0.651257   -0.419218  0.00942737
-0.751081  0.688639   -0.407727  0.015748  
-0.751081  0.688639   -0.407727  0.00989637
-0.667575  0.700516   -0.37528   0.0143118 
-0.667575  0.700516   -0.37528   0.0140903 
-0.667575  0.700516   -0.37528   0.00881316
-0.647993  0.626965   -0.380606  0.00990885
-0.667593  0.710024   -0.382516  0.0149751 
-0.667593  0.710024   -0.382516  0.0134292 
-0.667593  0.710024   -0.382516  0.017581  
-0.667593  0.710024   -0.382516  0.0328138 
-0.667593  0.710024   -0.382516  0.0113087 
-0.667593  0.710024   -0.382516  0.00829326
-0.676483  0.651263   -0.403956  0.00908974
-0.653585  0.709119   -0.372267  0.0109119 
-0.653585  0.709119   -0.372267  0.0105283 
-0.708872  0.691828   -0.402227  0.00657837
-0.73098   0.603975   -0.422689  0.0086325 
-0.800869  0.635263   -0.451024  0.00688806
-0.817998  0.650599   -0.450176  0.0105902 
-0.811156  0.559057   -0.443891  0.00781673
-0.798321  0.586348   -0.443815  0.0105272 
-0.798321  0.586348   -0.443815  0.00750686
-0.798321  0.586348   -0.443815  0.00772666
-0.798321  0.586348   -0.443815  0.00854748
-0.87601   0.618638   -0.429525  0.011779  
-0.789811  0.673697   -0.422399  0.0339599 
-0.789811  0.673697   -0.422399  0.0125017 
-0.756406  0.698904   -0.414783  0.0119946 
-0.756406  0.698904   -0.414783  0.0250589 
-0.756406  0.698904   -0.414783  0.0170821 
-0.756406  0.698904   -0.414783  0.00758872
-0.756406  0.698904   -0.414783  0.00795901
-0.727511  0.673522   -0.428349  0.00704027
-0.750654  0.626373   -0.42759   0.012256  
-0.750654  0.626373   -0.42759   0.0104959 
-0.750654  0.626373   -0.42759   0.0104659 
-0.789712  0.557234   -0.430097  0.0277338 
-0.789712  0.557234   -0.430097  0.0153852 
-0.789712  0.557234   -0.430097  0.00764839
-0.875021  0.626791   -0.43092   0.0113743 
-0.875021  0.626791   -0.43092   0.0154696 
-0.875021  0.626791   -0.43092   0.0125487 
-0.875021  0.626791   -0.43092   0.0160797 
-0.875021  0.626791   -0.43092   0.0209492 
-0.875021  0.626791   -0.43092   0.0136087 
-0.875021  0.626791   -0.43092   0.00644417
-0.839117  0.602728   -0.435252  0.0149554 
-0.839117  0.602728   -0.435252  0.0263608 
-0.839117  0.602728   -0.435252  0.0100597 
-0.839117  0.602728   -0.435252  0.0128683 
-0.839117  0.602728   -0.435252  0.0081546 
-0.839117  0.602728   -0.435252  0.0060939 
-0.750095  0.605054   -0.43979   0.00732079
-0.760654  0.601067   -0.44321   0.00786647
-0.760654  0.601067   -0.44321   0.00871618
-0.760654  0.601067   -0.44321   0.00898288
-0.760654  0.601067   -0.44321   0.0180768 
-0.760654  0.601067   -0.44321   0.0164092 
-0.760654  0.601067   -0.44321   0.0120748 
-0.760654  0.601067   -0.44321   0.0176339 
-0.760654  0.601067   -0.44321   0.0186693 
-0.760654  0.601067   -0.44321   0.00936323
-0.707782  0.640447   -0.408134  0.0105853 
-0.780209  0.552259   -0.403571  0.00773322
-0.828282  0.61966    -0.432867  0.0409421 
-0.828282  0.61966    -0.432867  0.00733247
-0.870203  0.611612   -0.434096  0.0101188 
-0.870203  0.611612   -0.434096  0.0164503 
-0.870203  0.611612   -0.434096  0.0195615 
-0.870203  0.611612   -0.434096  0.0117898 
-0.870203  0.611612   -0.434096  0.00567321
-0.784036  0.647619   -0.451465  0.00731057
-0.784036  0.647619   -0.451465  0.00625305
-0.787172  0.639717   -0.45081   0.00835862
-0.746516  0.573595   -0.411749  0.00696604
-0.749242  0.618546   -0.437307  0.0132302 
-0.749242  0.618546   -0.437307  0.0150497 
-0.749242  0.618546   -0.437307  0.0154004 
-0.749242  0.618546   -0.437307  0.0126591 
-0.749242  0.618546   -0.437307  0.00837364
-0.749242  0.618546   -0.437307  0.01555   
-0.749242  0.618546   -0.437307  0.0153622 
-0.749242  0.618546   -0.437307  0.0140777 
-0.749242  0.618546   -0.437307  0.0112305 
-0.787221  0.553838   -0.426531  0.00775484
-0.716065  0.615491   -0.415552  0.0111646 
-0.800482  0.706082   -0.408366  0.0070757 
-0.767763  0.630836   -0.437388  0.0101184 
-0.69463   0.562492   -0.394675  0.0103134 
-0.75755   0.556583   -0.407955  0.00705541
-0.701651  0.603986   -0.401046  0.011553  
-0.72965   0.639794   -0.407643  0.0111689 
-0.72965   0.639794   -0.407643  0.0116396 
-0.72965   0.639794   -0.407643  0.0100316 
-0.72965   0.639794   -0.407643  0.0114778 
-0.702678  0.725935   -0.381926  0.00975271
-0.702678  0.725935   -0.381926  0.0179745 
-0.702678  0.725935   -0.381926  0.0143329 
-0.702678  0.725935   -0.381926  0.00659002
-0.789127  0.627192   -0.4451    0.00815649
-0.789127  0.627192   -0.4451    0.00854315
-0.789127  0.627192   -0.4451    0.0098056 
-0.789127  0.627192   -0.4451    0.0149393 
-0.789127  0.627192   -0.4451    0.00946842
-0.789127  0.627192   -0.4451    0.0105447 
-0.789127  0.627192   -0.4451    0.0193205 
-0.789127  0.627192   -0.4451    0.0115267 
-0.789127  0.627192   -0.4451    0.0141292 
-0.789127  0.627192   -0.4451    0.00943762
-0.789127  0.627192   -0.4451    0.0120399 
-0.789127  0.627192   -0.4451    0.0117244 
-0.789127  0.627192   -0.4451    0.00944612
-0.789127  0.627192   -0.4451    0.0135421 
-0.826037  0.697297   -0.41899   0.0085865 
-0.870339  0.603835   -0.417696  0.0186243 
-0.870339  0.603835   -0.417696  0.0112088 
-0.870339  0.603835   -0.417696  0.0170989 
-0.870339  0.603835   -0.417696  0.0134565 
-0.851359  0.658914   -0.406126  0.0178674 
-0.851359  0.658914   -0.406126  0.011748  
-0.851359  0.658914   -0.406126  0.0232041 
-0.851359  0.658914   -0.406126  0.0155153 
-0.851359  0.658914   -0.406126  0.00952621
-0.834455  0.586232   -0.414191  0.00590848
-0.793976  0.612122   -0.44337   0.0125817 
-0.793976  0.612122   -0.44337   0.0116554 
-0.793976  0.612122   -0.44337   0.0176695 
-0.793976  0.612122   -0.44337   0.00803177
-0.793976  0.612122   -0.44337   0.00976221
-0.793976  0.612122   -0.44337   0.00726983
-0.778635  0.662438   -0.438478  0.0115649 
-0.778635  0.662438   -0.438478  0.0120482 
-0.778635  0.662438   -0.438478  0.00758335
-0.778635  0.662438   -0.438478  0.0102515 
-0.843077  0.656553   -0.424972  0.0217582 
-0.843077  0.656553   -0.424972  0.0206203 
-0.843077  0.656553   -0.424972  0.0178161 
-0.843077  0.656553   -0.424972  0.0251812 
-0.843077  0.656553   -0.424972  0.00826804
-0.843077  0.656553   -0.424972  0.0177764 
-0.843077  0.656553   -0.424972  0.00803645
-0.864962  0.644971   -0.427745  0.00714686
-0.795674  0.618442   -0.43756   0.0146148 
-0.795674  0.618442   -0.43756   0.00952306
-0.795674  0.618442   -0.43756   0.0077853 
-0.778623  0.66665    -0.443494  0.0068241 
-0.730289  0.607488   -0.434475  0.0156893 
-0.730289  0.607488   -0.434475  0.00906508
-0.791435  0.618457   -0.432922  0.00857282
-0.791435  0.618457   -0.432922  0.00599768
-0.77639   0.615588   -0.442844  0.0106615 
-0.819357  0.556132   -0.421292  0.00720072
-0.797688  0.634615   -0.444598  0.0179549 
-0.797688  0.634615   -0.444598  0.00715665
-0.812514  0.589345   -0.452366  0.00688599
-0.812514  0.589345   -0.452366  0.0173953 
-0.812514  0.589345   -0.452366  0.00991764
-0.812514  0.589345   -0.452366  0.012873  
-0.812514  0.589345   -0.452366  0.0159146 
-0.812514  0.589345   -0.452366  0.00706325
-0.812514  0.589345   -0.452366  0.0061795 
-0.803179  0.604997   -0.445426  0.00630838
-0.798091  0.620213   -0.448122  0.00926837
-0.765044  0.688039   -0.405279  0.0149001 
-0.839632  0.699571   -0.402365  0.0125664 
-0.807766  0.710707   -0.407793  0.0143793 
-0.807766  0.710707   -0.407793  0.0208855 
-0.807766  0.710707   -0.407793  0.0143777 
-0.807766  0.710707   -0.407793  0.0178803 
-0.807766  0.710707   -0.407793  0.0266128 
-0.807766  0.710707   -0.407793  0.0169967 
-0.807766  0.710707   -0.407793  0.0193429 
-0.807766  0.710707   -0.407793  0.00635255
-0.819222  0.624369   -0.455775  0.0121177 
-0.819222  0.624369   -0.455775  0.00871443
-0.819222  0.624369   -0.455775  0.00565442
-0.819222  0.624369   -0.455775  0.0293568 
-0.819222  0.624369   -0.455775  0.00614087
-0.784424  0.617034   -0.445189  0.0132477 
-0.784424  0.617034   -0.445189  0.0160213 
-0.784424  0.617034   -0.445189  0.00667389
-0.784424  0.617034   -0.445189  0.00730787
-0.797135  0.613804   -0.437851  0.00953215
-0.82326   0.668008   -0.421929  0.00795887
-0.76731   0.576438   -0.427507  0.00779491
-0.69437   0.646492   -0.401438  0.00826782
-0.69437   0.646492   -0.401438  0.0187733 
-0.69437   0.646492   -0.401438  0.0110527 
-0.69437   0.646492   -0.401438  0.0092512 
-0.776477  0.668989   -0.425116  0.00773443
-0.863451  0.635697   -0.4444    0.0118332 
-0.863451  0.635697   -0.4444    0.00923369
-0.863451  0.635697   -0.4444    0.0137597 
-0.863451  0.635697   -0.4444    0.0199641 
-0.863451  0.635697   -0.4444    0.020814  
-0.863451  0.635697   -0.4444    0.00868269
-0.863451  0.635697   -0.4444    0.0120809 
-0.863451  0.635697   -0.4444    0.0106867 
-0.863451  0.635697   -0.4444    0.0164942 
-0.863451  0.635697   -0.4444    0.0109362 
-0.863451  0.635697   -0.4444    0.0136406 
-0.863451  0.635697   -0.4444    0.0112785 
-0.863451  0.635697   -0.4444    0.0244739 
-0.863451  0.635697   -0.4444    0.00915446
-0.884127  0.578071   -0.424073  0.00728086
-0.851133  0.605928   -0.439296  0.0144125 
-0.851133  0.605928   -0.439296  0.0143323 
-0.851133  0.605928   -0.439296  0.0163242 
-0.851133  0.605928   -0.439296  0.0125387 
-0.851133  0.605928   -0.439296  0.0126673 
-0.851133  0.605928   -0.439296  0.0121702 
-0.851133  0.605928   -0.439296  0.0121871 
-0.851133  0.605928   -0.439296  0.0118215 
-0.807365  0.688741   -0.419988  0.0259591 
-0.807365  0.688741   -0.419988  0.0231422 
-0.807365  0.688741   -0.419988  0.0215814 
-0.807365  0.688741   -0.419988  0.00647265
-0.749139  0.623041   -0.440248  0.00984942
-0.749139  0.623041   -0.440248  0.0178848 
-0.749139  0.623041   -0.440248  0.00981383
-0.81113   0.645685   -0.437231  0.011789  
-0.81113   0.645685   -0.437231  0.0140089 
-0.81113   0.645685   -0.437231  0.0196959 
-0.81113   0.645685   -0.437231  0.00990211
-0.81113   0.645685   -0.437231  0.0228006 
-0.81113   0.645685   -0.437231  0.00827056
-0.773691  0.637251   -0.437001  0.00732629
-0.841254  0.592586   -0.438802  0.019015  
-0.841254  0.592586   -0.438802  0.0116617 
-0.751926  0.545232   -0.404863  0.013668  
-0.751926  0.545232   -0.404863  0.00827194
-0.783281  0.642424   -0.448995  0.0103088 
-0.783281  0.642424   -0.448995  0.0225186 
-0.783281  0.642424   -0.448995  0.0118664 
-0.783281  0.642424   -0.448995  0.0103115 
-0.769864  0.556763   -0.412184  0.00696715
-0.707199  0.642739   -0.418723  0.0103412 
-0.751059  0.557454   -0.41578   0.022893  
-0.751059  0.557454   -0.41578   0.0068354 
-0.822363  0.604637   -0.44549   0.0123075 
-0.809344  0.677266   -0.426431  0.00818944
-0.855621  0.598594   -0.432921  0.0170882 
-0.855621  0.598594   -0.432921  0.0147579 
-0.855621  0.598594   -0.432921  0.0179472 
-0.855621  0.598594   -0.432921  0.0110943 
-0.855621  0.598594   -0.432921  0.012773  
-0.855621  0.598594   -0.432921  0.00625084
-0.774455  0.603395   -0.455195  0.00708621
-0.705996  0.604807   -0.421204  0.00935024
-0.705996  0.604807   -0.421204  0.00629469
-0.752733  0.645035   -0.429821  0.0173776 
-0.752733  0.645035   -0.429821  0.010695  
-0.752733  0.645035   -0.429821  0.0144029 
-0.752733  0.645035   -0.429821  0.00801595
-0.752733  0.645035   -0.429821  0.00572704
-0.748764  0.622535   -0.439419  0.00598383
-0.766143  0.616184   -0.445543  0.0131641 
-0.831268  0.687995   -0.411602  0.0222613 
-0.831268  0.687995   -0.411602  0.0170287 
-0.831268  0.687995   -0.411602  0.0273231 
-0.831268  0.687995   -0.411602  0.0082037 
-0.871652  0.593272   -0.419592  0.0109659 
-0.871652  0.593272   -0.419592  0.0179146 
-0.871652  0.593272   -0.419592  0.0126476 
-0.871652  0.593272   -0.419592  0.0100474 
-0.871652  0.593272   -0.419592  0.01426   
-0.871652  0.593272   -0.419592  0.0179321 
-0.871652  0.593272   -0.419592  0.0167994 
-0.871652  0.593272   -0.419592  0.0171935 
-0.871652  0.593272   -0.419592  0.0101798 
-0.792977  0.66158    -0.42661   0.0164212 
-0.792977  0.66158    -0.42661   0.0129299 
-0.792977  0.66158    -0.42661   0.00807727
-0.728941  0.670189   -0.4253    0.00914258
-0.728941  0.670189   -0.4253    0.0108154 
-0.728941  0.670189   -0.4253    0.00764057
-0.728941  0.670189   -0.4253    0.00655642
-0.734842  0.671947   -0.425456  0.00774607
-0.795522  0.582167   -0.425307  0.012628  
-0.881604  0.627527   -0.40711   0.0154869 
-0.861113  0.688483   -0.412939  0.0140001 
-0.861113  0.688483   -0.412939  0.0181017 
-0.861113  0.688483   -0.412939  0.0208443 
-0.861113  0.688483   -0.412939  0.03762   
-0.861113  0.688483   -0.412939  0.0119624 
-0.800327  0.673668   -0.407927  0.0158453 
-0.800327  0.673668   -0.407927  0.0160693 
-0.800327  0.673668   -0.407927  0.0221441 
-0.800327  0.673668   -0.407927  0.00650612
-0.752758  0.637159   -0.449941  0.00841979
-0.686823  0.585792   -0.39531   0.0125259 
-0.686823  0.585792   -0.39531   0.00691269
-0.75901   0.597708   -0.440533  0.011605  
-0.75901   0.597708   -0.440533  0.0111178 
-0.75901   0.597708   -0.440533  0.0083701 
-0.75901   0.597708   -0.440533  0.0309903 
-0.75901   0.597708   -0.440533  0.0150445 
-0.75901   0.597708   -0.440533  0.00734853
-0.694068  0.606028   -0.40113   0.0116926 
-0.694068  0.606028   -0.40113   0.00705447
-0.745309  0.590812   -0.428792  0.0106795 
-0.745309  0.590812   -0.428792  0.00610138
-0.763926  0.638828   -0.443959  0.00773849
-0.763926  0.638828   -0.443959  0.0121889 
-0.763926  0.638828   -0.443959  0.0130995 
-0.763926  0.638828   -0.443959  0.0117415 
-0.763926  0.638828   -0.443959  0.0105028 
-0.763926  0.638828   -0.443959  0.0104852 
-0.763926  0.638828   -0.443959  0.00747668
-0.769692  0.631964   -0.433967  0.00711543
-0.769692  0.631964   -0.433967  0.00862266
-0.83177   0.616101   -0.445456  0.0125173 
-0.756984  0.541868   -0.387629  0.00723012
-0.806102  0.604209   -0.443905  0.0108174 
-0.806102  0.604209   -0.443905  0.0120936 
-0.806102  0.604209   -0.443905  0.0090386 
-0.806102  0.604209   -0.443905  0.00881233
-0.780318  0.571355   -0.440397  0.011144  
-0.780318  0.571355   -0.440397  0.00683974
-0.780318  0.571355   -0.440397  0.0120396 
-0.780318  0.571355   -0.440397  0.0145695 
-0.780318  0.571355   -0.440397  0.00664634
-0.807895  0.593631   -0.436991  0.00683626
-0.740656  0.622033   -0.429614  0.0132144 
-0.740656  0.622033   -0.429614  0.0104099 
-0.740656  0.622033   -0.429614  0.00803232
-0.748346  0.579415   -0.43719   0.00925011
-0.818096  0.571011   -0.41678   0.0102671 
-0.840874  0.598706   -0.420686  0.0111974 
-0.852246  0.55478    -0.396978  0.00920496
-0.889236  0.61543    -0.419224  0.0141722 
-0.822292  0.648238   -0.427552  0.016401  
-0.822292  0.648238   -0.427552  0.0180753 
-0.822292  0.648238   -0.427552  0.0141844 
-0.767761  0.744868   -0.398719  0.011774  
-0.754595  0.686967   -0.405325  0.0114259 
-0.713895  0.699301   -0.396014  0.0177277 
-0.713895  0.699301   -0.396014  0.0249076 
-0.713895  0.699301   -0.396014  0.00702255
-0.78303   0.629747   -0.436917  0.00667175
-0.78303   0.629747   -0.436917  0.00873772
-0.78303   0.629747   -0.436917  0.0147932 
-0.78303   0.629747   -0.436917  0.00653689
-0.80012   0.606645   -0.442685  0.00696053
-0.729285  0.612754   -0.423551  0.0107021 
-0.729285  0.612754   -0.423551  0.0149551 
-0.729285  0.612754   -0.423551  0.00718869
-0.808831  0.662596   -0.452047  0.00886756
-0.808831  0.662596   -0.452047  0.0140041 
-0.808831  0.662596   -0.452047  0.00773899
-0.794192  0.638749   -0.450029  0.0095944 
-0.794192  0.638749   -0.450029  0.00900687
-0.794192  0.638749   -0.450029  0.0144143 
-0.794192  0.638749   -0.450029  0.00883572
-0.794192  0.638749   -0.450029  0.00977768
-0.794192  0.638749   -0.450029  0.00648219
-0.747288  0.620215   -0.430878  0.0106435 
-0.747288  0.620215   -0.430878  0.0112558 
-0.677373  0.688324   -0.380518  0.0157038 
-0.677373  0.688324   -0.380518  0.012963  
-0.677373  0.688324   -0.380518  0.0110604 
-0.677373  0.688324   -0.380518  0.0110121 
-0.677373  0.688324   -0.380518  0.00537493
-0.760206  0.642494   -0.446554  0.0162546 
-0.760206  0.642494   -0.446554  0.00625733
-0.821601  0.607232   -0.444362  0.0121092 
-0.821601  0.607232   -0.444362  0.0117364 
-0.821601  0.607232   -0.444362  0.0241358 
-0.821601  0.607232   -0.444362  0.0111208 
-0.821601  0.607232   -0.444362  0.00899214
-0.850425  0.580545   -0.43079   0.0078076 
-0.790504  0.591979   -0.430619  0.0189859 
-0.790504  0.591979   -0.430619  0.016469  
-0.790504  0.591979   -0.430619  0.0071905 
-0.768485  0.643822   -0.444068  0.00857119
-0.768485  0.643822   -0.444068  0.011692  
-0.768485  0.643822   -0.444068  0.0192376 
-0.768485  0.643822   -0.444068  0.00561594
-0.778708  0.622292   -0.448126  0.0162742 
-0.778708  0.622292   -0.448126  0.00752298
-0.749814  0.655272   -0.427864  0.00930763
-0.769474  0.567274   -0.419431  0.00731224
-0.743399  0.593066   -0.425488  0.0147708 
-0.743399  0.593066   -0.425488  0.0075648 
-0.727635  0.65734    -0.430812  0.0101419 
-0.727635  0.65734    -0.430812  0.0110187 
-0.727635  0.65734    -0.430812  0.00822556
-0.727635  0.65734    -0.430812  0.0090308 
-0.727635  0.65734    -0.430812  0.0217554 
-0.727635  0.65734    -0.430812  0.0076058 
-0.727635  0.65734    -0.430812  0.0143205 
-0.727635  0.65734    -0.430812  0.0177534 
-0.727635  0.65734    -0.430812  0.0102106 
-0.727635  0.65734    -0.430812  0.0158718 
-0.821354  0.67629    -0.404668  0.0111808 
-0.728392  0.685762   -0.396312  0.0149426 
-0.728392  0.685762   -0.396312  0.0177015 
-0.728392  0.685762   -0.396312  0.007072  
-0.762218  0.655109   -0.446349  0.0112171 
-0.762218  0.655109   -0.446349  0.00948704
-0.762218  0.655109   -0.446349  0.00672677
-0.762218  0.655109   -0.446349  0.0114443 
-0.762218  0.655109   -0.446349  0.0087917 
-0.762218  0.655109   -0.446349  0.00919017
-0.762218  0.655109   -0.446349  0.0164127 
-0.762218  0.655109   -0.446349  0.00857292
-0.691496  0.58237    -0.397699  0.00915008
-0.691496  0.58237    -0.397699  0.00858714
-0.691496  0.58237    -0.397699  0.00867903
-0.784024  0.668789   -0.42752   0.0165747 
-0.784024  0.668789   -0.42752   0.00841985
-0.844556  0.577209   -0.420299  0.0136841 
-0.769306  0.646154   -0.420724  0.00864581
-0.802196  0.639186   -0.436773  0.0121352 
-0.802196  0.639186   -0.436773  0.0112307 
-0.802196  0.639186   -0.436773  0.0268879 
-0.802196  0.639186   -0.436773  0.00658358
-0.766736  0.638983   -0.431416  0.00905621
-0.766736  0.638983   -0.431416  0.0102574 
-0.766736  0.638983   -0.431416  0.013289  
-0.766736  0.638983   -0.431416  0.0136862 
-0.766736  0.638983   -0.431416  0.0150616 
-0.781615  0.69899    -0.404158  0.0126897 
-0.803218  0.702529   -0.40835   0.0196179 
-0.803218  0.702529   -0.40835   0.0154669 
-0.762512  0.732396   -0.376083  0.0256207 
-0.762512  0.732396   -0.376083  0.00820476
-0.706465  0.6417     -0.407707  0.0105707 
-0.706465  0.6417     -0.407707  0.0112826 
-0.789517  0.548951   -0.398527  0.0104721 
-0.822841  0.642194   -0.435731  0.0124654 
-0.822841  0.642194   -0.435731  0.00712376
-0.817249  0.610269   -0.440746  0.00629552
-0.731927  0.614131   -0.428463  0.0110335 
-0.731927  0.614131   -0.428463  0.0129835 
-0.731927  0.614131   -0.428463  0.00841176
-0.818689  0.578355   -0.441151  0.0184461 
-0.818689  0.578355   -0.441151  0.0149674 
-0.818689  0.578355   -0.441151  0.01617   
-0.818689  0.578355   -0.441151  0.0108297 
-0.818689  0.578355   -0.441151  0.0156827 
-0.818689  0.578355   -0.441151  0.0148402 
-0.818689  0.578355   -0.441151  0.0164386 
-0.818689  0.578355   -0.441151  0.0148955 
-0.818689  0.578355   -0.441151  0.00932172
-0.833365  0.660573   -0.436976  0.0107371 
-0.833365  0.660573   -0.436976  0.0102446 
-0.833365  0.660573   -0.436976  0.0185256 
-0.833365  0.660573   -0.436976  0.0103273 
-0.833365  0.660573   -0.436976  0.0123259 
-0.833365  0.660573   -0.436976  0.00948492
-0.857676  0.610673   -0.434914  0.0105888 
-0.857676  0.610673   -0.434914  0.00936055
-0.857676  0.610673   -0.434914  0.00906695
-0.773757  0.659845   -0.416921  0.0147253 
-0.773757  0.659845   -0.416921  0.00708722
-0.756994  0.628524   -0.43872   0.0150182 
-0.756994  0.628524   -0.43872   0.0104966 
-0.756994  0.628524   -0.43872   0.00928742
-0.756994  0.628524   -0.43872   0.00956591
-0.756994  0.628524   -0.43872   0.007571  
-0.784322  0.65488    -0.441395  0.0156779 
-0.784322  0.65488    -0.441395  0.0101802 
-0.784322  0.65488    -0.441395  0.00970468
-0.784322  0.65488    -0.441395  0.00855977
-0.784322  0.65488    -0.441395  0.0103107 
-0.784322  0.65488    -0.441395  0.00724185
-0.754053  0.63743    -0.43345   0.0114678 
-0.790635  0.681155   -0.429949  0.0150873 
-0.790635  0.681155   -0.429949  0.0145491 
-0.841663  0.629118   -0.425154  0.0114441 
-0.841663  0.629118   -0.425154  0.0111923 
-0.836541  0.639634   -0.427946  0.0209036 
-0.836541  0.639634   -0.427946  0.0101101 
-0.836541  0.639634   -0.427946  0.0114663 
-0.836541  0.639634   -0.427946  0.0116965 
-0.836541  0.639634   -0.427946  0.017882  
-0.836541  0.639634   -0.427946  0.0197806 
-0.836541  0.639634   -0.427946  0.0156029 
-0.836541  0.639634   -0.427946  0.0104786 
-0.866497  0.681001   -0.420562  0.00823295
-0.790158  0.583135   -0.435087  0.00690328
-0.854459  0.63469    -0.453959  0.010418  
-0.854459  0.63469    -0.453959  0.00719791
-0.762873  0.663389   -0.434117  0.00928971
-0.762873  0.663389   -0.434117  0.0162696 
-0.762873  0.663389   -0.434117  0.0154143 
-0.762873  0.663389   -0.434117  0.0140798 
-0.762873  0.663389   -0.434117  0.00711416
-0.761819  0.638893   -0.438229  0.00912257
-0.761819  0.638893   -0.438229  0.0120992 
-0.761819  0.638893   -0.438229  0.0108208 
-0.761819  0.638893   -0.438229  0.00773516
-0.761819  0.638893   -0.438229  0.0123792 
-0.761819  0.638893   -0.438229  0.00931303
-0.761819  0.638893   -0.438229  0.0105169 
-0.71295   0.552628   -0.404271  0.022254  
-0.71295   0.552628   -0.404271  0.0220046 
-0.71295   0.552628   -0.404271  0.0142397 
-0.71295   0.552628   -0.404271  0.0130561 
-0.71295   0.552628   -0.404271  0.0241325 
-0.71295   0.552628   -0.404271  0.0281266 
-0.71295   0.552628   -0.404271  0.0151778 
-0.71295   0.552628   -0.404271  0.0176003 
-0.71295   0.552628   -0.404271  0.0222612 
-0.71295   0.552628   -0.404271  0.011873  
-0.71295   0.552628   -0.404271  0.0236909 
-0.71295   0.552628   -0.404271  0.0117845 
-0.71295   0.552628   -0.404271  0.00823302
-0.739134  0.612771   -0.438722  0.0138438 
-0.739134  0.612771   -0.438722  0.007987  
-0.800292  0.58025    -0.428326  0.0228543 
-0.800292  0.58025    -0.428326  0.00873272
-0.800292  0.58025    -0.428326  0.0183437 
-0.800292  0.58025    -0.428326  0.019278  
-0.800292  0.58025    -0.428326  0.0194901 
-0.800292  0.58025    -0.428326  0.00700224
-0.73182   0.670101   -0.433638  0.0178866 
-0.73182   0.670101   -0.433638  0.0069639 
-0.747457  0.594271   -0.435673  0.00816781
-0.72193   0.673105   -0.420839  0.0103394 
-0.72193   0.673105   -0.420839  0.012433  
-0.796946  0.667312   -0.415855  0.00679049
-0.819397  0.59804    -0.445593  0.0157874 
-0.819397  0.59804    -0.445593  0.00947663
-0.819397  0.59804    -0.445593  0.00771189
-0.828098  0.597863   -0.435191  0.00862231
-0.828098  0.597863   -0.435191  0.0069654 
-0.859836  0.610465   -0.435096  0.0120019 
-0.859836  0.610465   -0.435096  0.0142407 
-0.859836  0.610465   -0.435096  0.0128757 
-0.859836  0.610465   -0.435096  0.00788683
-0.788924  0.67917    -0.44025   0.0183628 
-0.788924  0.67917    -0.44025   0.0145296 
-0.788924  0.67917    -0.44025   0.0169502 
-0.788924  0.67917    -0.44025   0.00685814
-0.796796  0.6139     -0.439678  0.00743799
-0.729656  0.589908   -0.437914  0.0122708 
-0.729656  0.589908   -0.437914  0.0155962 
-0.729656  0.589908   -0.437914  0.0124367 
-0.729656  0.589908   -0.437914  0.00895591
-0.687879  0.602564   -0.408302  0.00628001
-0.739873  0.601864   -0.421001  0.011442  
-0.739873  0.601864   -0.421001  0.0159705 
-0.739873  0.601864   -0.421001  0.018442  
-0.739873  0.601864   -0.421001  0.0123448 
-0.739873  0.601864   -0.421001  0.00591886
-0.776306  0.630831   -0.449414  0.0190928 
-0.776306  0.630831   -0.449414  0.0105831 
-0.776306  0.630831   -0.449414  0.00736657
-0.776306  0.630831   -0.449414  0.0122239 
-0.710826  0.71876    -0.386609  0.0250652 
-0.710826  0.71876    -0.386609  0.0144117 
-0.784692  0.739449   -0.403314  0.00900907
-0.716207  0.666857   -0.410537  0.00895025
-0.716207  0.666857   -0.410537  0.00609171
-0.750981  0.629252   -0.431321  0.00965683
-0.750981  0.629252   -0.431321  0.0155405 
-0.750981  0.629252   -0.431321  0.00752144
-0.720232  0.59021    -0.406891  0.0106898 
-0.720232  0.59021    -0.406891  0.00722704
-0.720232  0.59021    -0.406891  0.0133774 
-0.720232  0.59021    -0.406891  0.00775192
-0.721898  0.6307     -0.421981  0.0225447 
-0.721898  0.6307     -0.421981  0.0114001 
-0.816256  0.640154   -0.43333   0.00732091
-0.818694  0.60396    -0.445686  0.014546  
-0.75317   0.645433   -0.424226  0.00814564
-0.749199  0.665525   -0.427569  0.0077808 
-0.729015  0.625388   -0.420722  0.00699767
-0.769617  0.64052    -0.432705  0.00736701
-0.8162    0.586711   -0.449815  0.0114245 
-0.8162    0.586711   -0.449815  0.022021  
-0.8162    0.586711   -0.449815  0.0167983 
-0.8162    0.586711   -0.449815  0.00640797
-0.802498  0.603914   -0.461982  0.021878  
-0.802498  0.603914   -0.461982  0.0114981 
-0.802498  0.603914   -0.461982  0.0103098 
-0.802498  0.603914   -0.461982  0.00829569
-0.802498  0.603914   -0.461982  0.0075682 
-0.802498  0.603914   -0.461982  0.0126326 
-0.802498  0.603914   -0.461982  0.0157633 
-0.802498  0.603914   -0.461982  0.0188407 
-0.802498  0.603914   -0.461982  0.0102607 
-0.802498  0.603914   -0.461982  0.0152521 
-0.802498  0.603914   -0.461982  0.00792177
-0.817789  0.602725   -0.437953  0.0127248 
-0.817789  0.602725   -0.437953  0.0127152 
-0.745974  0.658074   -0.414975  0.0206948 
-0.745974  0.658074   -0.414975  0.0090264 
-0.745974  0.658074   -0.414975  0.00835051
-0.745974  0.658074   -0.414975  0.00983366
-0.745974  0.658074   -0.414975  0.0122331 
-0.745974  0.658074   -0.414975  0.026488  
-0.745974  0.658074   -0.414975  0.00750435
-0.745974  0.658074   -0.414975  0.011041  
-0.745974  0.658074   -0.414975  0.00798944
-0.762386  0.632089   -0.429301  0.00821955
-0.762386  0.632089   -0.429301  0.0136824 
-0.762386  0.632089   -0.429301  0.00800497
-0.80791   0.655629   -0.448606  0.00677307
-0.80791   0.655629   -0.448606  0.0180938 
-0.80791   0.655629   -0.448606  0.011235  
-0.80791   0.655629   -0.448606  0.00938844
-0.80791   0.655629   -0.448606  0.00697547
-0.760285  0.593781   -0.439153  0.0103463 
-0.760285  0.593781   -0.439153  0.0050237 
-0.781432  0.6309     -0.449832  0.0100742 
-0.781432  0.6309     -0.449832  0.017854  
-0.781432  0.6309     -0.449832  0.0177085 
-0.781432  0.6309     -0.449832  0.00841683
-0.782863  0.574449   -0.426536  0.0116674 
-0.855845  0.638816   -0.405534  0.0135413 
-0.796564  0.7183     -0.399467  0.0171802 
-0.796564  0.7183     -0.399467  0.02558   
-0.796564  0.7183     -0.399467  0.0192402 
-0.796564  0.7183     -0.399467  0.0118134 
-0.796564  0.7183     -0.399467  0.011377  
-0.701494  0.708062   -0.385637  0.0095339 
-0.698891  0.676202   -0.392052  0.0177681 
-0.787129  0.726215   -0.378194  0.00927649
-0.718429  0.654305   -0.406493  0.016479  
-0.718429  0.654305   -0.406493  0.00779064
-0.800869  0.632219   -0.446949  0.0074258 
-0.800869  0.632219   -0.446949  0.0179998 
-0.800869  0.632219   -0.446949  0.00620936
-0.800869  0.632219   -0.446949  0.00678241
-0.800869  0.632219   -0.446949  0.0214957 
-0.800869  0.632219   -0.446949  0.00616194
-0.800869  0.632219   -0.446949  0.01064   
-0.800869  0.632219   -0.446949  0.0131415 
-0.800869  0.632219   -0.446949  0.0302141 
-0.800869  0.632219   -0.446949  0.0125822 
-0.800869  0.632219   -0.446949  0.00955249
-0.800869  0.632219   -0.446949  0.00814833
-0.800869  0.632219   -0.446949  0.00843075
-0.800869  0.632219   -0.446949  0.0183798 
-0.800869  0.632219   -0.446949  0.00911014
-0.800869  0.632219   -0.446949  0.0105532 
-0.800869  0.632219   -0.446949  0.005874  
-0.763991  0.620482   -0.444401  0.0118624 
-0.763991  0.620482   -0.444401  0.00891071
-0.763991  0.620482   -0.444401  0.00844567
-0.763991  0.620482   -0.444401  0.00610069
-0.764896  0.627185   -0.437587  0.00661179
-0.764896  0.627185   -0.437587  0.0114265 
-0.764896  0.627185   -0.437587  0.00973317
-0.764896  0.627185   -0.437587  0.0159084 
-0.764896  0.627185   -0.437587  0.0142601 
-0.764896  0.627185   -0.437587  0.00555689
-0.757378  0.625409   -0.442735  0.0104493 
-0.757378  0.625409   -0.442735  0.00763784
-0.799327  0.598032   -0.43726   0.0107056 
-0.799327  0.598032   -0.43726   0.01317   
-0.846815  0.64353    -0.438952  0.0169078 
-0.846815  0.64353    -0.438952  0.0140032 
-0.846815  0.64353    -0.438952  0.0133499 
-0.846815  0.64353    -0.438952  0.024539  
-0.846815  0.64353    -0.438952  0.0110632 
-0.846815  0.64353    -0.438952  0.0111055 
-0.844148  0.642064   -0.430843  0.0140934 
-0.844148  0.642064   -0.430843  0.00816873
-0.792445  0.630608   -0.443171  0.0132469 
-0.792445  0.630608   -0.443171  0.00825337
-0.792445  0.630608   -0.443171  0.00978028
-0.792445  0.630608   -0.443171  0.00725269
-0.792445  0.630608   -0.443171  0.0160201 
-0.792445  0.630608   -0.443171  0.00674771
-0.792445  0.630608   -0.443171  0.00586345
-0.778071  0.617179   -0.450068  0.0105057 
-0.778071  0.617179   -0.450068  0.00685872
-0.808042  0.592496   -0.442161  0.0104508 
-0.808042  0.592496   -0.442161  0.00709071
-0.840246  0.609826   -0.448683  0.0154259 
-0.840246  0.609826   -0.448683  0.00718741
-0.840246  0.609826   -0.448683  0.0159258 
-0.840246  0.609826   -0.448683  0.00770548
-0.840246  0.609826   -0.448683  0.00625839
-0.815813  0.626872   -0.455669  0.0147902 
-0.815813  0.626872   -0.455669  0.0125451 
-0.815813  0.626872   -0.455669  0.0076425 
-0.870291  0.604361   -0.439256  0.00991758
-0.870291  0.604361   -0.439256  0.0111606 
-0.870291  0.604361   -0.439256  0.0133571 
-0.870291  0.604361   -0.439256  0.0168794 
-0.870291  0.604361   -0.439256  0.0116433 
-0.870291  0.604361   -0.439256  0.00691215
-0.826941  0.646716   -0.446647  0.0070354 
-0.741288  0.590171   -0.432522  0.021286  
-0.741288  0.590171   -0.432522  0.00903449
-0.741288  0.590171   -0.432522  0.00715759
-0.741288  0.590171   -0.432522  0.00654839
-0.763072  0.606019   -0.449746  0.00694029
-0.821555  0.600132   -0.444387  0.0107906 
-0.821555  0.600132   -0.444387  0.014134  
-0.821555  0.600132   -0.444387  0.0133119 
-0.821555  0.600132   -0.444387  0.0123856 
-0.821555  0.600132   -0.444387  0.0122779 
-0.821555  0.600132   -0.444387  0.00776267
-0.764655  0.590974   -0.443603  0.0146782 
-0.764655  0.590974   -0.443603  0.0136878 
-0.764655  0.590974   -0.443603  0.0184823 
-0.764655  0.590974   -0.443603  0.0117695 
-0.764655  0.590974   -0.443603  0.00826573
-0.764655  0.590974   -0.443603  0.0175357 
-0.764655  0.590974   -0.443603  0.00786387
-0.699544  0.66379    -0.39564   0.00906474
-0.713745  0.605437   -0.411301  0.00767994
-0.745694  0.673956   -0.414363  0.00944132
-0.745694  0.673956   -0.414363  0.00685952
-0.783006  0.609244   -0.448406  0.00749932
-0.740611  0.585417   -0.444286  0.00707757
-0.740611  0.585417   -0.444286  0.00645501
-0.795712  0.604917   -0.443111  0.0107848 
-0.795712  0.604917   -0.443111  0.00720297
-0.793356  0.619829   -0.450948  0.0155198 
-0.793356  0.619829   -0.450948  0.0106104 
-0.793356  0.619829   -0.450948  0.00900823
-0.793356  0.619829   -0.450948  0.00863896
-0.793356  0.619829   -0.450948  0.0119003 
-0.793356  0.619829   -0.450948  0.0193115 
-0.793356  0.619829   -0.450948  0.0149866 
-0.793356  0.619829   -0.450948  0.00747243
-0.777441  0.584938   -0.436626  0.00898007
-0.809737  0.593745   -0.446633  0.00929792
-0.809737  0.593745   -0.446633  0.0089849 
-0.77208   0.65539    -0.432819  0.0086586 
-0.77208   0.65539    -0.432819  0.0101063 
-0.688905  0.702824   -0.405664  0.0212326 
-0.688905  0.702824   -0.405664  0.0107824 
-0.688905  0.702824   -0.405664  0.0181915 
-0.688905  0.702824   -0.405664  0.0111015 
-0.688905  0.702824   -0.405664  0.0190186 
-0.688905  0.702824   -0.405664  0.00754246
-0.668088  0.640822   -0.389166  0.00833091
-0.74646   0.576142   -0.41908   0.0205871 
-0.74646   0.576142   -0.41908   0.0121935 
-0.810102  0.672787   -0.417276  0.0192044 
-0.810102  0.672787   -0.417276  0.0264655 
-0.810102  0.672787   -0.417276  0.0352798 
-0.810102  0.672787   -0.417276  0.0117496 
-0.72677   0.717681   -0.408219  0.0112299 
-0.72677   0.717681   -0.408219  0.0172278 
-0.72677   0.717681   -0.408219  0.00785501
-0.682295  0.634315   -0.403793  0.0061244 
-0.762327  0.62136    -0.439379  0.00961977
-0.794525  0.637561   -0.443019  0.00693652
-0.715654  0.614437   -0.415843  0.00771985
-0.742204  0.598336   -0.441518  0.00805914
-0.822901  0.619384   -0.436164  0.0140572 
-0.822901  0.619384   -0.436164  0.0152478 
-0.800969  0.693821   -0.421699  0.00732057
-0.849576  0.649905   -0.446444  0.0154078 
-0.849576  0.649905   -0.446444  0.00622043
-0.795373  0.607652   -0.447535  0.0153803 
-0.795373  0.607652   -0.447535  0.0105833 
-0.795373  0.607652   -0.447535  0.0172271 
-0.795373  0.607652   -0.447535  0.0133053 
-0.795373  0.607652   -0.447535  0.017891  
-0.795373  0.607652   -0.447535  0.00697721
-0.795373  0.607652   -0.447535  0.00790747
-0.795373  0.607652   -0.447535  0.0109177 
-0.795373  0.607652   -0.447535  0.0144749 
-0.795373  0.607652   -0.447535  0.00997986
-0.795373  0.607652   -0.447535  0.0151998 
-0.795373  0.607652   -0.447535  0.0120099 
-0.795373  0.607652   -0.447535  0.0140713 
-0.795373  0.607652   -0.447535  0.0123188 
-0.795373  0.607652   -0.447535  0.00721277
-0.759701  0.594933   -0.443646  0.0163621 
-0.759701  0.594933   -0.443646  0.0141015 
-0.759701  0.594933   -0.443646  0.0204509 
-0.759701  0.594933   -0.443646  0.00755941
-0.759701  0.594933   -0.443646  0.00925912
-0.788138  0.578865   -0.440792  0.0177553 
-0.788138  0.578865   -0.440792  0.007399  
-0.790809  0.604473   -0.440628  0.0121436 
-0.790809  0.604473   -0.440628  0.0178025 
-0.790809  0.604473   -0.440628  0.0119155 
-0.790809  0.604473   -0.440628  0.0124535 
-0.790809  0.604473   -0.440628  0.0118465 
-0.790809  0.604473   -0.440628  0.0150541 
-0.790809  0.604473   -0.440628  0.00679289
-0.755018  0.617444   -0.431581  0.0161742 
-0.755018  0.617444   -0.431581  0.0138432 
-0.755018  0.617444   -0.431581  0.0108695 
-0.709265  0.691875   -0.389878  0.00908364
-0.709265  0.691875   -0.389878  0.00746653
-0.71311   0.630973   -0.406599  0.00964226
-0.71311   0.630973   -0.406599  0.0153929 
-0.71311   0.630973   -0.406599  0.00807836
-0.716725  0.674082   -0.409025  0.0172642 
-0.716725  0.674082   -0.409025  0.0101245 
-0.716496  0.709065   -0.381708  0.0273613 
-0.716496  0.709065   -0.381708  0.00992456
-0.716496  0.709065   -0.381708  0.0189528 
-0.747395  0.76764    -0.34267   0.0205741 
-0.755347  0.772859   -0.345374  0.0209228 
-0.755347  0.772859   -0.345374  0.0143981 
-0.755347  0.772859   -0.345374  0.0207875 
-0.755347  0.772859   -0.345374  0.0284704 
-0.755347  0.772859   -0.345374  0.0250553 
-0.755347  0.772859   -0.345374  0.0210837 
-0.755347  0.772859   -0.345374  0.0153138 
-0.709815  0.75196    -0.348319  0.0097745 
-0.799171  0.660372   -0.440648  0.0250733 
-0.799171  0.660372   -0.440648  0.00808578
-0.857181  0.609143   -0.439408  0.00605812
-0.846187  0.625304   -0.453222  0.00822059
-0.772857  0.616546   -0.437895  0.0194856 
-0.772857  0.616546   -0.437895  0.0121815 
-0.772857  0.616546   -0.437895  0.00698787
-0.755632  0.589893   -0.431939  0.00939831
-0.755632  0.589893   -0.431939  0.00740509
-0.76782   0.636106   -0.436166  0.0107165 
-0.76782   0.636106   -0.436166  0.00794889
-0.797058  0.662367   -0.430822  0.00945071
-0.797058  0.662367   -0.430822  0.00928469
-0.774642  0.679447   -0.424887  0.0074119 
-0.773691  0.651889   -0.431507  0.0113651 
-0.773691  0.651889   -0.431507  0.00544847
-0.757849  0.624783   -0.444533  0.0146024 
-0.757849  0.624783   -0.444533  0.00898739
-0.757849  0.624783   -0.444533  0.01088   
-0.757849  0.624783   -0.444533  0.0173506 
-0.757849  0.624783   -0.444533  0.0060987 
-0.777664  0.642736   -0.45041   0.0117708 
-0.777664  0.642736   -0.45041   0.00693785
-0.750339  0.665068   -0.450178  0.0189618 
-0.750339  0.665068   -0.450178  0.0090623 
-0.750339  0.665068   -0.450178  0.0216698 
-0.750339  0.665068   -0.450178  0.0267243 
-0.750339  0.665068   -0.450178  0.013004  
-0.810684  0.619173   -0.420081  0.0133734 
-0.810684  0.619173   -0.420081  0.0103532 
-0.810684  0.619173   -0.420081  0.00794451
-0.774835  0.590737   -0.442761  0.0144294 
-0.774835  0.590737   -0.442761  0.0171668 
-0.774835  0.590737   -0.442761  0.0137895 
-0.774835  0.590737   -0.442761  0.013356  
-0.861649  0.630469   -0.427054  0.0129962 
-0.832109  0.634622   -0.422619  0.0098864 
-0.772696  0.656418   -0.420594  0.0110395 
-0.772696  0.656418   -0.420594  0.0101236 
-0.772696  0.656418   -0.420594  0.0115103 
-0.792887  0.687306   -0.417326  0.0108227 
-0.758998  0.704145   -0.420289  0.0178007 
-0.758998  0.704145   -0.420289  0.00869695
-0.758998  0.704145   -0.420289  0.0129299 
-0.758998  0.704145   -0.420289  0.00746956
-0.713719  0.663284   -0.419946  0.0101082 
-0.713719  0.663284   -0.419946  0.0103114 
-0.713719  0.663284   -0.419946  0.00899899
-0.713719  0.663284   -0.419946  0.00885665
-0.717031  0.675644   -0.412434  0.00947839
-0.717031  0.675644   -0.412434  0.0114589 
-0.717031  0.675644   -0.412434  0.0128645 
-0.75658   0.697758   -0.408505  0.0110816 
-0.75658   0.697758   -0.408505  0.0258157 
-0.75658   0.697758   -0.408505  0.00663013
-0.748082  0.636877   -0.425313  0.0174553 
-0.748082  0.636877   -0.425313  0.0120826 
-0.754872  0.642412   -0.414426  0.00938879
-0.816711  0.659274   -0.437981  0.0118994 
-0.838297  0.656721   -0.413921  0.00990551
-0.838297  0.656721   -0.413921  0.0103659 
-0.838297  0.656721   -0.413921  0.0146697 
-0.838297  0.656721   -0.413921  0.00990814
-0.838297  0.656721   -0.413921  0.0100625 
-0.838297  0.656721   -0.413921  0.0103277 
-0.838297  0.656721   -0.413921  0.00988168
-0.798814  0.697853   -0.415849  0.022876  
-0.798814  0.697853   -0.415849  0.007597  
-0.714224  0.649191   -0.424981  0.0119768 
-0.714224  0.649191   -0.424981  0.0134509 
-0.714224  0.649191   -0.424981  0.014878  
-0.813452  0.667512   -0.427752  0.00853287
-0.773484  0.65898    -0.423724  0.00738729
-0.693088  0.597027   -0.399712  0.0106945 
-0.695591  0.690388   -0.379671  0.010779  
-0.695591  0.690388   -0.379671  0.0105793 
-0.749862  0.668246   -0.415886  0.00990512
-0.749862  0.668246   -0.415886  0.017829  
-0.749862  0.668246   -0.415886  0.00760853
-0.749862  0.668246   -0.415886  0.0159675 
-0.751296  0.757632   -0.368581  0.0229508 
-0.751296  0.757632   -0.368581  0.0193552 
-0.751296  0.757632   -0.368581  0.0104358 
-0.76824   0.68755    -0.429416  0.00797583
-0.76824   0.68755    -0.429416  0.0240675 
-0.76824   0.68755    -0.429416  0.027485  
-0.76824   0.68755    -0.429416  0.0149611 
-0.76824   0.68755    -0.429416  0.00663106
-0.750873  0.646905   -0.441919  0.00852777
-0.750873  0.646905   -0.441919  0.0132053 
-0.750873  0.646905   -0.441919  0.0103437 
-0.750873  0.646905   -0.441919  0.00615832
-0.814014  0.611025   -0.457619  0.0131676 
-0.814014  0.611025   -0.457619  0.0100284 
-0.814014  0.611025   -0.457619  0.023261  
-0.814014  0.611025   -0.457619  0.010087  
-0.814014  0.611025   -0.457619  0.0157216 
-0.814014  0.611025   -0.457619  0.0136776 
-0.814014  0.611025   -0.457619  0.00767963
-0.814014  0.611025   -0.457619  0.00795942
-0.814014  0.611025   -0.457619  0.00762716
-0.814014  0.611025   -0.457619  0.00968131
-0.814014  0.611025   -0.457619  0.00743511
-0.766648  0.583283   -0.441804  0.00655609
-0.766648  0.583283   -0.441804  0.0176947 
-0.766648  0.583283   -0.441804  0.0201699 
-0.766648  0.583283   -0.441804  0.00884414
-0.766648  0.583283   -0.441804  0.019875  
-0.766648  0.583283   -0.441804  0.00930745
-0.766648  0.583283   -0.441804  0.00964652
-0.766648  0.583283   -0.441804  0.0213211 
-0.766648  0.583283   -0.441804  0.0151878 
-0.766648  0.583283   -0.441804  0.0156297 
-0.766648  0.583283   -0.441804  0.0136905 
-0.766648  0.583283   -0.441804  0.00881745
-0.787391  0.647298   -0.436035  0.0202625 
-0.787391  0.647298   -0.436035  0.00958331
-0.787391  0.647298   -0.436035  0.0178104 
-0.787391  0.647298   -0.436035  0.00644694
-0.787391  0.647298   -0.436035  0.0224986 
-0.787391  0.647298   -0.436035  0.0190146 
-0.787391  0.647298   -0.436035  0.0144609 
-0.787391  0.647298   -0.436035  0.00767597
-0.77301   0.67289    -0.430354  0.0104138 
-0.812605  0.656769   -0.437205  0.0117947 
-0.812605  0.656769   -0.437205  0.0222556 
-0.812605  0.656769   -0.437205  0.00950927
-0.812605  0.656769   -0.437205  0.0132099 
-0.812605  0.656769   -0.437205  0.00955584
-0.812605  0.656769   -0.437205  0.00586855
-0.806932  0.614816   -0.440375  0.0088438 
-0.806932  0.614816   -0.440375  0.0100854 
-0.806932  0.614816   -0.440375  0.0109863 
-0.806932  0.614816   -0.440375  0.00853606
-0.806932  0.614816   -0.440375  0.0135891 
-0.806932  0.614816   -0.440375  0.00773737
-0.785961  0.581749   -0.424246  0.0214297 
-0.785961  0.581749   -0.424246  0.00789016
-0.812599  0.66918    -0.43663   0.00792775
-0.840049  0.618615   -0.429877  0.0144741 
-0.840049  0.618615   -0.429877  0.0142242 
-0.840049  0.618615   -0.429877  0.0141019 
-0.840049  0.618615   -0.429877  0.00674295
-0.80077   0.637449   -0.454704  0.00734828
-0.80077   0.637449   -0.454704  0.0153804 
-0.80077   0.637449   -0.454704  0.0245778 
-0.80077   0.637449   -0.454704  0.0146133 
-0.80077   0.637449   -0.454704  0.0208706 
-0.80077   0.637449   -0.454704  0.0296918 
-0.80077   0.637449   -0.454704  0.00616368
-0.80077   0.637449   -0.454704  0.00891941
-0.80077   0.637449   -0.454704  0.00795046
-0.801939  0.661051   -0.449031  0.0204609 
-0.801939  0.661051   -0.449031  0.0146932 
-0.801939  0.661051   -0.449031  0.0141214 
-0.801939  0.661051   -0.449031  0.00806755
-0.800281  0.580926   -0.441371  0.00668847
-0.800281  0.580926   -0.441371  0.0140053 
-0.800281  0.580926   -0.441371  0.0213425 
-0.800281  0.580926   -0.441371  0.0180446 
-0.800281  0.580926   -0.441371  0.0218993 
-0.800281  0.580926   -0.441371  0.00814862
-0.866732  0.589901   -0.440801  0.00939624
-0.866732  0.589901   -0.440801  0.00908604
-0.866732  0.589901   -0.440801  0.0101801 
-0.866732  0.589901   -0.440801  0.0173876 
-0.866732  0.589901   -0.440801  0.00839657
-0.826537  0.581872   -0.43928   0.0132922 
-0.826537  0.581872   -0.43928   0.0088327 
-0.826537  0.581872   -0.43928   0.00939555
-0.826537  0.581872   -0.43928   0.0113609 
-0.826537  0.581872   -0.43928   0.0174334 
-0.826537  0.581872   -0.43928   0.00656659
-0.826537  0.581872   -0.43928   0.00677578
-0.794421  0.641912   -0.449419  0.0174421 
-0.794421  0.641912   -0.449419  0.0124809 
-0.794421  0.641912   -0.449419  0.00704556
-0.794421  0.641912   -0.449419  0.0129262 
-0.794421  0.641912   -0.449419  0.0154207 
-0.794421  0.641912   -0.449419  0.0184717 
-0.794421  0.641912   -0.449419  0.00619615
-0.799783  0.610518   -0.442918  0.00769135
-0.783789  0.601745   -0.449459  0.00888537
-0.783789  0.601745   -0.449459  0.0142343 
-0.783789  0.601745   -0.449459  0.0146188 
-0.783789  0.601745   -0.449459  0.00750179
-0.783789  0.601745   -0.449459  0.00903271
-0.783789  0.601745   -0.449459  0.0141291 
-0.783789  0.601745   -0.449459  0.0113731 
-0.783789  0.601745   -0.449459  0.00714711
-0.783789  0.601745   -0.449459  0.0127068 
-0.783789  0.601745   -0.449459  0.016769  
-0.783789  0.601745   -0.449459  0.00769161
-0.783789  0.601745   -0.449459  0.0110565 
-0.783789  0.601745   -0.449459  0.0068749 
-0.783789  0.601745   -0.449459  0.00613388
-0.73969   0.606649   -0.430941  0.0130233 
-0.801513  0.693411   -0.415011  0.015694  
-0.801513  0.693411   -0.415011  0.0168372 
-0.801513  0.693411   -0.415011  0.00683174
-0.709014  0.629105   -0.418235  0.00677065
-0.746706  0.599901   -0.444478  0.011366  
-0.746706  0.599901   -0.444478  0.0100194 
-0.746706  0.599901   -0.444478  0.00858172
-0.845992  0.609903   -0.439504  0.00947099
-0.845992  0.609903   -0.439504  0.0171879 
-0.845992  0.609903   -0.439504  0.0164165 
-0.845992  0.609903   -0.439504  0.00706088
-0.783057  0.599897   -0.441593  0.00769065
-0.783057  0.599897   -0.441593  0.00587667
-0.766864  0.612897   -0.439489  0.0152609 
-0.766864  0.612897   -0.439489  0.0098387 
-0.766864  0.612897   -0.439489  0.00710562
-0.862478  0.602531   -0.434686  0.0163535 
-0.862478  0.602531   -0.434686  0.0155062 
-0.862478  0.602531   -0.434686  0.0129064 
-0.862478  0.602531   -0.434686  0.0145806 
-0.862478  0.602531   -0.434686  0.00827248
-0.80998   0.607811   -0.438296  0.0091483 
-0.896913  0.59811    -0.421895  0.0106364 
-0.896913  0.59811    -0.421895  0.0182556 
-0.896913  0.59811    -0.421895  0.00799821
-0.841079  0.629496   -0.4344    0.0233283 
-0.841079  0.629496   -0.4344    0.0119633 
-0.841079  0.629496   -0.4344    0.00770441
-0.842777  0.637659   -0.440728  0.00792044
-0.842777  0.637659   -0.440728  0.00814682
-0.831436  0.583436   -0.436262  0.0104741 
-0.831436  0.583436   -0.436262  0.00797267
-0.861292  0.61975    -0.435368  0.00796526
-0.821615  0.583893   -0.44913   0.0179172 
-0.821615  0.583893   -0.44913   0.0103601 
-0.821615  0.583893   -0.44913   0.00938901
-0.821615  0.583893   -0.44913   0.0202493 
-0.821615  0.583893   -0.44913   0.00722357
-0.761692  0.589565   -0.432995  0.00703822
-0.796788  0.61746    -0.443626  0.00876442
-0.796788  0.61746    -0.443626  0.0105625 
-0.796788  0.61746    -0.443626  0.00671831
-0.796788  0.61746    -0.443626  0.0103651 
-0.796788  0.61746    -0.443626  0.0102122 
-0.796788  0.61746    -0.443626  0.00869616
-0.861926  0.576415   -0.414542  0.0194463 
-0.861926  0.576415   -0.414542  0.0173055 
-0.861926  0.576415   -0.414542  0.0165199 
-0.861926  0.576415   -0.414542  0.0191136 
-0.861926  0.576415   -0.414542  0.0138929 
-0.833698  0.63662    -0.406878  0.00956855
-0.77966   0.639712   -0.427299  0.0106265 
-0.77966   0.639712   -0.427299  0.00859213
-0.77966   0.639712   -0.427299  0.00683927
-0.704552  0.616276   -0.412272  0.0085484 
-0.775695  0.640829   -0.429798  0.0147505 
-0.775695  0.640829   -0.429798  0.00685167
-0.735187  0.606846   -0.430346  0.00836958
-0.735187  0.606846   -0.430346  0.00787545
-0.735187  0.606846   -0.430346  0.00966697
-0.735187  0.606846   -0.430346  0.00907549
-0.813785  0.679731   -0.436562  0.0129508 
-0.813785  0.679731   -0.436562  0.00700975
-0.785254  0.620108   -0.44642   0.00659751
-0.785254  0.620108   -0.44642   0.010503  
-0.785254  0.620108   -0.44642   0.0148351 
-0.785254  0.620108   -0.44642   0.00798219
-0.785254  0.620108   -0.44642   0.0129923 
-0.785254  0.620108   -0.44642   0.016062  
-0.785254  0.620108   -0.44642   0.0117926 
-0.785254  0.620108   -0.44642   0.00778887
-0.798771  0.583146   -0.433646  0.0129422 
-0.798771  0.583146   -0.433646  0.0113287 
-0.798771  0.583146   -0.433646  0.0170784 
-0.798771  0.583146   -0.433646  0.0149301 
-0.798771  0.583146   -0.433646  0.0134238 
-0.798771  0.583146   -0.433646  0.0231461 
-0.798771  0.583146   -0.433646  0.0103109 
-0.798771  0.583146   -0.433646  0.0103772 
-0.872665  0.628641   -0.41604   0.0140323 
-0.872665  0.628641   -0.41604   0.0091651 
-0.895909  0.604568   -0.417087  0.00973438
-0.842057  0.643446   -0.429357  0.00822277
-0.842057  0.643446   -0.429357  0.0247018 
-0.842057  0.643446   -0.429357  0.00972374
-0.798052  0.633466   -0.431147  0.0112961 
-0.798052  0.633466   -0.431147  0.00805317
-0.786192  0.64197    -0.434916  0.0101452 
-0.786192  0.64197    -0.434916  0.0110582 
-0.786192  0.64197    -0.434916  0.0120019 
-0.786192  0.64197    -0.434916  0.00884479
-0.857209  0.595385   -0.422585  0.0154015 
-0.857209  0.595385   -0.422585  0.00856326
-0.880691  0.597813   -0.42058   0.0062117 
-0.79598   0.621715   -0.451164  0.0106391 
-0.79598   0.621715   -0.451164  0.0097512 
-0.775904  0.693892   -0.43546   0.0149226 
-0.775904  0.693892   -0.43546   0.00668614
-0.748171  0.599105   -0.445181  0.0109441 
-0.748171  0.599105   -0.445181  0.00851774
-0.748171  0.599105   -0.445181  0.0102788 
-0.748171  0.599105   -0.445181  0.0141949 
-0.748171  0.599105   -0.445181  0.0107853 
-0.748171  0.599105   -0.445181  0.00952918
-0.748171  0.599105   -0.445181  0.00924996
-0.748171  0.599105   -0.445181  0.00836392
-0.828904  0.612998   -0.445722  0.012455  
-0.828904  0.612998   -0.445722  0.0185112 
-0.828904  0.612998   -0.445722  0.00919823
-0.828904  0.612998   -0.445722  0.0203452 
-0.828904  0.612998   -0.445722  0.0104965 
-0.828904  0.612998   -0.445722  0.00569272
-0.767426  0.627716   -0.437424  0.00813409
-0.846059  0.608521   -0.436704  0.0180974 
-0.846059  0.608521   -0.436704  0.00796853
-0.846059  0.608521   -0.436704  0.0115661 
-0.846059  0.608521   -0.436704  0.0173158 
-0.846059  0.608521   -0.436704  0.011734  
-0.846059  0.608521   -0.436704  0.0106567 
-0.846059  0.608521   -0.436704  0.0164855 
-0.846059  0.608521   -0.436704  0.0212039 
-0.846059  0.608521   -0.436704  0.011148  
-0.846059  0.608521   -0.436704  0.00879966
-0.846059  0.608521   -0.436704  0.00902365
-0.846059  0.608521   -0.436704  0.012721  
-0.846059  0.608521   -0.436704  0.0103847 
-0.846059  0.608521   -0.436704  0.0071468 
-0.848923  0.623494   -0.438031  0.0189652 
-0.848923  0.623494   -0.438031  0.0119794 
-0.891371  0.64622    -0.418523  0.0288222 
-0.891371  0.64622    -0.418523  0.0167615 
-0.891371  0.64622    -0.418523  0.0165722 
-0.902166  0.673601   -0.393358  0.0177632 
-0.884475  0.679935   -0.410242  0.00673231
-0.849489  0.628747   -0.442798  0.00796374
-0.849489  0.628747   -0.442798  0.00684525
-0.766212  0.66266    -0.442706  0.0077242 
-0.766212  0.66266    -0.442706  0.0109902 
-0.755421  0.649972   -0.439072  0.00563296
-0.798725  0.611425   -0.449561  0.00692292
-0.754609  0.598548   -0.437304  0.00647393
-0.754609  0.598548   -0.437304  0.0156714 
-0.754609  0.598548   -0.437304  0.00985784
-0.754609  0.598548   -0.437304  0.0164846 
-0.754609  0.598548   -0.437304  0.00715987
-0.754609  0.598548   -0.437304  0.0178198 
-0.754609  0.598548   -0.437304  0.010669  
-0.754609  0.598548   -0.437304  0.0113948 
-0.754609  0.598548   -0.437304  0.0066137 
-0.754609  0.598548   -0.437304  0.00790038
-0.768311  0.679155   -0.433027  0.0208147 
-0.768311  0.679155   -0.433027  0.0200961 
-0.768311  0.679155   -0.433027  0.0151882 
-0.768311  0.679155   -0.433027  0.00644439
-0.785625  0.61574    -0.436561  0.0124236 
-0.785625  0.61574    -0.436561  0.0240044 
-0.785625  0.61574    -0.436561  0.00753859
-0.795879  0.622704   -0.434277  0.0138614 
-0.795879  0.622704   -0.434277  0.00777058
-0.821036  0.580168   -0.431038  0.00833114
-0.787465  0.616877   -0.434229  0.00848159
-0.79446   0.618184   -0.445219  0.0098004 
-0.819077  0.631864   -0.441947  0.0111017 
-0.819077  0.631864   -0.441947  0.010707  
-0.819077  0.631864   -0.441947  0.0116019 
-0.819077  0.631864   -0.441947  0.00813944
-0.819077  0.631864   -0.441947  0.0121127 
-0.819077  0.631864   -0.441947  0.0137348 
-0.819077  0.631864   -0.441947  0.0229189 
-0.819077  0.631864   -0.441947  0.0092968 
-0.819077  0.631864   -0.441947  0.0107202 
-0.765261  0.695492   -0.418114  0.0322449 
-0.765261  0.695492   -0.418114  0.0165073 
-0.765261  0.695492   -0.418114  0.0118857 
-0.860643  0.660731   -0.422625  0.0274796 
-0.860643  0.660731   -0.422625  0.00718573
-0.855294  0.628453   -0.445161  0.0206137 
-0.855294  0.628453   -0.445161  0.00929535
-0.855294  0.628453   -0.445161  0.0152502 
-0.855294  0.628453   -0.445161  0.0239495 
-0.855294  0.628453   -0.445161  0.0140934 
-0.919278  0.642058   -0.383159  0.0128657 
-0.919278  0.642058   -0.383159  0.0172861 
-0.929661  0.667677   -0.380589  0.00922446
-0.873933  0.608136   -0.422056  0.0177424 
-0.873933  0.608136   -0.422056  0.00981855
-0.873933  0.608136   -0.422056  0.0169349 
-0.873933  0.608136   -0.422056  0.0149077 
-0.873933  0.608136   -0.422056  0.0165279 
-0.873933  0.608136   -0.422056  0.0136292 
-0.873933  0.608136   -0.422056  0.00645051
-0.805099  0.61523    -0.450082  0.0187584 
-0.805099  0.61523    -0.450082  0.0101591 
-0.805099  0.61523    -0.450082  0.00863181
-0.805099  0.61523    -0.450082  0.00843974
-0.805099  0.61523    -0.450082  0.0134736 
-0.805099  0.61523    -0.450082  0.00819661
-0.805099  0.61523    -0.450082  0.0138552 
-0.805099  0.61523    -0.450082  0.0105337 
-0.805099  0.61523    -0.450082  0.0139194 
-0.805099  0.61523    -0.450082  0.0135139 
-0.805099  0.61523    -0.450082  0.00947913
-0.805099  0.61523    -0.450082  0.0119224 
-0.805099  0.61523    -0.450082  0.0137434 
-0.805099  0.61523    -0.450082  0.00896332
-0.805099  0.61523    -0.450082  0.0067489 
-0.805099  0.61523    -0.450082  0.00882525
-0.805099  0.61523    -0.450082  0.00790862
-0.805099  0.61523    -0.450082  0.0143306 
-0.805099  0.61523    -0.450082  0.0111502 
-0.805099  0.61523    -0.450082  0.0128428 
-0.805099  0.61523    -0.450082  0.00929641
-0.805099  0.61523    -0.450082  0.0149932 
-0.805099  0.61523    -0.450082  0.0117039 
-0.805099  0.61523    -0.450082  0.0081976 
-0.805099  0.61523    -0.450082  0.00997861
-0.805099  0.61523    -0.450082  0.0135715 
-0.805099  0.61523    -0.450082  0.0127855 
-0.805099  0.61523    -0.450082  0.00731857
-0.762271  0.585824   -0.439606  0.011916  
-0.762271  0.585824   -0.439606  0.00646489
-0.762271  0.585824   -0.439606  0.00951715
-0.762271  0.585824   -0.439606  0.0086615 
-0.762271  0.585824   -0.439606  0.00881969
-0.777335  0.642863   -0.429092  0.00901212
-0.777335  0.642863   -0.429092  0.0123632 
-0.825121  0.67459    -0.446675  0.00773788
-0.856186  0.639612   -0.441394  0.0166704 
-0.856186  0.639612   -0.441394  0.0108972 
-0.856186  0.639612   -0.441394  0.00953779
-0.856186  0.639612   -0.441394  0.00925437
-0.856186  0.639612   -0.441394  0.0202218 
-0.856186  0.639612   -0.441394  0.0114372 
-0.856186  0.639612   -0.441394  0.00945634
-0.856186  0.639612   -0.441394  0.0148058 
-0.856186  0.639612   -0.441394  0.0090986 
-0.856186  0.639612   -0.441394  0.021198  
-0.856186  0.639612   -0.441394  0.0237756 
-0.856186  0.639612   -0.441394  0.0184032 
-0.856186  0.639612   -0.441394  0.0115242 
-0.856186  0.639612   -0.441394  0.0153733 
-0.856186  0.639612   -0.441394  0.0115977 
-0.856186  0.639612   -0.441394  0.0106785 
-0.856186  0.639612   -0.441394  0.0144144 
-0.820443  0.673475   -0.42531   0.00913861
-0.825925  0.655895   -0.425889  0.0219463 
-0.825925  0.655895   -0.425889  0.0182785 
-0.825925  0.655895   -0.425889  0.0101279 
-0.825925  0.655895   -0.425889  0.0145813 
-0.825925  0.655895   -0.425889  0.00648962
-0.72612   0.607631   -0.43098   0.0113795 
-0.72612   0.607631   -0.43098   0.00715473
-0.760093  0.630111   -0.43192   0.00986078
-0.726331  0.684973   -0.403399  0.0167385 
-0.726331  0.684973   -0.403399  0.010631  
-0.784941  0.702375   -0.42967   0.0126023 
-0.784941  0.702375   -0.42967   0.00581634
-0.761249  0.624069   -0.44113   0.00599948
-0.761249  0.624069   -0.44113   0.0086672 
-0.761249  0.624069   -0.44113   0.00836611
-0.737437  0.683762   -0.430623  0.00800059
-0.737437  0.683762   -0.430623  0.029963  
-0.737437  0.683762   -0.430623  0.0168446 
-0.737437  0.683762   -0.430623  0.0169647 
-0.737437  0.683762   -0.430623  0.013941  
-0.737437  0.683762   -0.430623  0.0205185 
-0.737437  0.683762   -0.430623  0.00828067
-0.737437  0.683762   -0.430623  0.00748718
-0.731596  0.663456   -0.422597  0.00683326
-0.722701  0.600063   -0.41547   0.0134878 
-0.722701  0.600063   -0.41547   0.00956338
-0.768592  0.682159   -0.419123  0.0220391 
-0.768592  0.682159   -0.419123  0.00775568
-0.82675   0.619454   -0.442734  0.0101808 
-0.82675   0.619454   -0.442734  0.0101002 
-0.82675   0.619454   -0.442734  0.00699686
-0.862392  0.618189   -0.442665  0.013171  
-0.862392  0.618189   -0.442665  0.0140207 
-0.862392  0.618189   -0.442665  0.0138053 
-0.862392  0.618189   -0.442665  0.0164312 
-0.862392  0.618189   -0.442665  0.0175886 
-0.862392  0.618189   -0.442665  0.010223  
-0.844076  0.656529   -0.42516   0.0106049 
-0.823623  0.647588   -0.41843   0.0133845 
-0.880734  0.680036   -0.405825  0.0272615 
-0.880734  0.680036   -0.405825  0.0107826 
-0.791392  0.670555   -0.424207  0.0269396 
-0.791392  0.670555   -0.424207  0.011206  
-0.817999  0.673697   -0.438531  0.0243658 
-0.817999  0.673697   -0.438531  0.0220693 
-0.817999  0.673697   -0.438531  0.0161637 
-0.817999  0.673697   -0.438531  0.009459  
-0.817999  0.673697   -0.438531  0.0107043 
-0.817999  0.673697   -0.438531  0.0102514 
-0.817999  0.673697   -0.438531  0.0163738 
-0.817999  0.673697   -0.438531  0.0181349 
-0.817999  0.673697   -0.438531  0.00753231
-0.817999  0.673697   -0.438531  0.0110942 
-0.817999  0.673697   -0.438531  0.0118153 
-0.817999  0.673697   -0.438531  0.0176433 
-0.817999  0.673697   -0.438531  0.00753619
-0.817999  0.673697   -0.438531  0.00936803
-0.802886  0.65538    -0.431873  0.0104792 
-0.802886  0.65538    -0.431873  0.00937251
-0.802886  0.65538    -0.431873  0.0108239 
-0.802886  0.65538    -0.431873  0.00871737
-0.802886  0.65538    -0.431873  0.0125199 
-0.802886  0.65538    -0.431873  0.00931465
-0.757134  0.671481   -0.41928   0.00727   
-0.710323  0.620371   -0.409536  0.0101564 
-0.710323  0.620371   -0.409536  0.0100656 
-0.710323  0.620371   -0.409536  0.011238  
-0.710323  0.620371   -0.409536  0.00889587
-0.783651  0.668325   -0.441652  0.00904624
-0.783651  0.668325   -0.441652  0.00707387
-0.783651  0.668325   -0.441652  0.0197131 
-0.783651  0.668325   -0.441652  0.00877438
-0.776264  0.573555   -0.425263  0.00793404
-0.694398  0.606008   -0.398733  0.00910389
-0.726025  0.574436   -0.415823  0.0150734 
-0.726025  0.574436   -0.415823  0.00813249
-0.767148  0.581914   -0.419779  0.0186468 
-0.767148  0.581914   -0.419779  0.00670424
-0.740068  0.617703   -0.432071  0.00763242
-0.740068  0.617703   -0.432071  0.00861681
-0.740068  0.617703   -0.432071  0.0108691 
-0.740068  0.617703   -0.432071  0.0121249 
-0.740068  0.617703   -0.432071  0.00808159
-0.751326  0.577198   -0.427059  0.0186042 
-0.751326  0.577198   -0.427059  0.0100466 
-0.751326  0.577198   -0.427059  0.00995585
-0.807404  0.676529   -0.433859  0.0289893 
-0.807404  0.676529   -0.433859  0.00672322
-0.731063  0.60749    -0.422965  0.00811554
-0.750128  0.645165   -0.427362  0.0107602 
-0.750128  0.645165   -0.427362  0.0165841 
-0.750128  0.645165   -0.427362  0.0135587 
-0.750128  0.645165   -0.427362  0.0117192 
-0.716399  0.701987   -0.400035  0.00653231
-0.757521  0.644275   -0.438443  0.00574909
-0.780842  0.621489   -0.44004   0.00664543
-0.805571  0.609178   -0.44406   0.0091706 
-0.805571  0.609178   -0.44406   0.00684709
-0.749717  0.595939   -0.428908  0.0169835 
-0.749717  0.595939   -0.428908  0.0113777 
-0.749717  0.595939   -0.428908  0.00885149
-0.817082  0.637345   -0.434452  0.00746795
-0.773188  0.635137   -0.447887  0.0119082 
-0.773188  0.635137   -0.447887  0.0110697 
-0.773188  0.635137   -0.447887  0.00665381
-0.802219  0.613547   -0.452209  0.0200929 
-0.802219  0.613547   -0.452209  0.00985653
-0.802219  0.613547   -0.452209  0.00722083
-0.802219  0.613547   -0.452209  0.010936  
-0.802219  0.613547   -0.452209  0.0174482 
-0.802219  0.613547   -0.452209  0.0106276 
-0.802219  0.613547   -0.452209  0.00828011
-0.864218  0.609594   -0.435102  0.0149225 
-0.864218  0.609594   -0.435102  0.0224299 
-0.864218  0.609594   -0.435102  0.0101647 
-0.864218  0.609594   -0.435102  0.015986  
-0.864218  0.609594   -0.435102  0.00983494
-0.864218  0.609594   -0.435102  0.0304641 
-0.864218  0.609594   -0.435102  0.010026  
-0.876738  0.625717   -0.423537  0.0101028 
-0.876738  0.625717   -0.423537  0.0120152 
-0.876738  0.625717   -0.423537  0.0142113 
-0.876738  0.625717   -0.423537  0.00785191
-0.78516   0.661169   -0.445515  0.00706209
-0.805554  0.604432   -0.44072   0.0102628 
-0.85079   0.57062    -0.422947  0.0235533 
-0.85079   0.57062    -0.422947  0.0235175 
-0.85079   0.57062    -0.422947  0.0135331 
-0.843264  0.536071   -0.357485  0.0262784 
-0.843264  0.536071   -0.357485  0.0286801 
-0.843264  0.536071   -0.357485  0.0110616 
-0.933491  0.572842   -0.347859  0.017185  
-0.933491  0.572842   -0.347859  0.0135747 
-0.933491  0.572842   -0.347859  0.0117747 
-0.884861  0.551032   -0.389525  0.010975  
-0.824945  0.552876   -0.389544  0.026447  
-0.824945  0.552876   -0.389544  0.00953165
-0.900216  0.572087   -0.387435  0.011401  
-0.900216  0.572087   -0.387435  0.0190869 
-0.900216  0.572087   -0.387435  0.0110485 
-0.900216  0.572087   -0.387435  0.0170611 
-0.900216  0.572087   -0.387435  0.0102921 
-0.916533  0.573432   -0.375807  0.0196509 
-0.916533  0.573432   -0.375807  0.0129617 
-0.824847  0.534972   -0.360806  0.0198578 
-0.824847  0.534972   -0.360806  0.0129509 
-0.824847  0.534972   -0.360806  0.0187657 
-0.824847  0.534972   -0.360806  0.0207939 
-0.824847  0.534972   -0.360806  0.00809432
-0.750515  0.576598   -0.429684  0.00753782
-0.750515  0.576598   -0.429684  0.0168    
-0.750515  0.576598   -0.429684  0.0150296 
-0.750515  0.576598   -0.429684  0.0102952 
-0.789003  0.653945   -0.424677  0.00749773
-0.858639  0.617501   -0.446318  0.0122693 
-0.858639  0.617501   -0.446318  0.0242338 
-0.858639  0.617501   -0.446318  0.0126016 
-0.858639  0.617501   -0.446318  0.0166056 
-0.858639  0.617501   -0.446318  0.0149493 
-0.858639  0.617501   -0.446318  0.0130671 
-0.858639  0.617501   -0.446318  0.00675249
-0.783366  0.627583   -0.447571  0.0147107 
-0.783366  0.627583   -0.447571  0.0154579 
-0.783366  0.627583   -0.447571  0.00655991
-0.783366  0.627583   -0.447571  0.0117581 
-0.783366  0.627583   -0.447571  0.0122954 
-0.783366  0.627583   -0.447571  0.00786132
-0.861276  0.594054   -0.453614  0.0165657 
-0.861276  0.594054   -0.453614  0.0100589 
-0.861276  0.594054   -0.453614  0.0204016 
-0.861276  0.594054   -0.453614  0.0102524 
-0.861276  0.594054   -0.453614  0.0104474 
-0.861276  0.594054   -0.453614  0.00931677
-0.861276  0.594054   -0.453614  0.0106631 
-0.861276  0.594054   -0.453614  0.00953432
-0.813573  0.663451   -0.434286  0.0185961 
-0.813573  0.663451   -0.434286  0.00611001
-0.749132  0.61279    -0.441123  0.00726811
-0.724487  0.612196   -0.427412  0.0137459 
-0.724487  0.612196   -0.427412  0.00576232
-0.76538   0.623233   -0.439674  0.00724631
-0.76538   0.623233   -0.439674  0.0100433 
-0.76538   0.623233   -0.439674  0.00847769
-0.76538   0.623233   -0.439674  0.0237647 
-0.76538   0.623233   -0.439674  0.0162063 
-0.76538   0.623233   -0.439674  0.0150911 
-0.789689  0.668684   -0.41115   0.0155371 
-0.817114  0.712866   -0.410866  0.00825814
-0.81133   0.675163   -0.432391  0.014705  
