#MU        SIGMA      ENERGY     ERROR     
-0.532402  0.628268   -0.217131  0.0166648 
-0.443471  0.684305   -0.185069  0.0156667 
-0.424112  0.743631   -0.203627  0.0147623 
-0.464363  0.722561   -0.210538  0.0135192 
-0.519581  0.711381   -0.280365  0.0172874 
-0.445068  0.615098   -0.102711  0.0184301 
-0.389755  0.663685   -0.10648   0.0155803 
-0.422077  0.749925   -0.204153  0.0177076 
-0.517786  0.781898   -0.284896  0.016404  
-0.517786  0.781898   -0.284896  0.0230942 
-0.575557  0.81686    -0.295218  0.0166417 
-0.484877  0.875243   -0.286009  0.0156934 
-0.401374  0.792439   -0.234381  0.0159154 
-0.401374  0.792439   -0.234381  0.0158231 
-0.393515  0.784974   -0.209696  0.0178826 
-0.404141  0.820562   -0.225356  0.0155104 
-0.437638  0.78788    -0.257731  0.0158265 
-0.437638  0.78788    -0.257731  0.0158384 
-0.370687  0.8235     -0.236375  0.0150087 
-0.413278  0.802589   -0.242679  0.0193838 
-0.511721  0.845004   -0.264178  0.0149122 
-0.468874  0.763856   -0.264171  0.0165175 
-0.421579  0.706717   -0.154621  0.0141493 
-0.496089  0.749565   -0.256646  0.0148333 
-0.445727  0.803468   -0.25827   0.0169984 
-0.383149  0.731439   -0.151873  0.0206536 
-0.308881  0.672303   -0.0522555 0.0169979 
-0.347414  0.706326   -0.0875176 0.016066  
-0.442829  0.723847   -0.170588  0.015571  
-0.517337  0.790698   -0.273076  0.012712  
-0.542004  0.719403   -0.291175  0.0119616 
-0.577269  0.66478    -0.319061  0.0137448 
-0.505708  0.728356   -0.24839   0.0132377 
-0.522495  0.682716   -0.261325  0.0136203 
-0.512811  0.636191   -0.222485  0.0180814 
-0.417187  0.646775   -0.0933739 0.017804  
-0.407127  0.67405    -0.141756  0.0147472 
-0.47916   0.624573   -0.149397  0.0152589 
-0.499478  0.545388   -0.132476  0.013075  
-0.546046  0.58019    -0.229723  0.0166099 
-0.454712  0.622482   -0.11847   0.0181854 
-0.386198  0.683578   -0.097781  0.0163327 
-0.395363  0.761558   -0.190287  0.0155957 
-0.39649   0.828725   -0.236095  0.0168461 
-0.415783  0.748754   -0.199955  0.01508   
-0.511906  0.768957   -0.260851  0.0173248 
-0.471012  0.825423   -0.25075   0.0187542 
-0.503318  0.857423   -0.276816  0.0156756 
-0.468232  0.766802   -0.235516  0.0161486 
-0.37625   0.84123    -0.244319  0.0184463 
-0.37625   0.84123    -0.244319  0.0194866 
-0.29318   0.929664   -0.282066  0.0168384 
-0.303235  0.952231   -0.263411  0.0170418 
-0.31516   0.881424   -0.24587   0.0169684 
-0.24133   0.82893    -0.207508  0.0173001 
-0.273925  0.883227   -0.232472  0.0171067 
-0.266474  0.821756   -0.192266  0.0161705 
-0.331043  0.868719   -0.223214  0.0219727 
-0.35422   0.951167   -0.284402  0.0211056 
-0.371351  0.914956   -0.258781  0.019555  
-0.410381  0.959086   -0.268977  0.0315087 
-0.400211  0.904423   -0.247596  0.0191209 
-0.411219  0.889671   -0.270445  0.0158783 
-0.432103  0.817452   -0.252178  0.0322993 
-0.432103  0.817452   -0.252178  0.0188291 
-0.46618   0.881377   -0.262349  0.0271102 
-0.451044  0.960165   -0.246434  0.0330593 
-0.388856  1.03242    -0.175804  0.0265338 
-0.347876  1.04929    -0.22904   0.0240822 
-0.311337  1.02744    -0.2298    0.0667597 
-0.311337  1.02744    -0.2298    0.0288635 
-0.343424  1.05753    -0.202348  0.07453   
-0.38672   1.13882    -0.0299312 0.0670493 
-0.374987  1.19461    0.000706589 0.0582529 
-0.440636  1.11597    -0.0247009 0.0914047 
-0.485997  1.09911    0.0663684  0.0478428 
-0.506522  1.12253    0.0059642  0.0597328 
-0.506522  1.12253    0.0059642  0.055932  
-0.480328  1.03797    -0.0687172 0.0353641 
-0.446709  1.0069     -0.223118  0.0407833 
-0.526555  0.990792   -0.186308  0.054061  
-0.575161  0.916374   -0.194469  0.0415811 
-0.660669  0.912841   -0.193243  0.0255829 
-0.738724  0.908247   -0.238357  0.019702  
-0.664245  0.836704   -0.313081  0.0255395 
-0.664245  0.836704   -0.313081  0.0187102 
-0.691097  0.816077   -0.321845  0.0214257 
-0.686409  0.825064   -0.303518  0.0138165 
-0.629657  0.774992   -0.3461    0.0176384 
-0.70884   0.690939   -0.385015  0.0121346 
-0.783293  0.691428   -0.416561  0.0185093 
-0.799744  0.731644   -0.378322  0.0349795 
-0.866761  0.791029   -0.218516  0.0443712 
-0.869284  0.865781   -0.107761  0.0389298 
-0.862724  0.830447   -0.170684  0.0537684 
-0.959281  0.885334   0.128329   0.0495006 
-0.982196  0.856353   0.0411671  0.0583088 
-0.985093  0.801677   0.0515561  0.0454074 
-0.964516  0.807637   0.000184631 0.06644   
-0.964516  0.807637   0.000184631 0.040079  
-1.00273   0.780181   0.00852913 0.0464975 
-1.05816   0.718645   0.000336579 0.0536753 
-1.05816   0.718645   0.000336579 0.046102  
-1.05816   0.718645   0.000336579 0.0240722 
-1.04025   0.631647   -0.195978  0.0413478 
-1.04025   0.631647   -0.195978  0.020819  
-1.05608   0.627572   -0.194692  0.0305642 
-1.05608   0.627572   -0.194692  0.0278712 
-0.993733  0.722272   -0.197981  0.0211562 
-0.942524  0.684562   -0.313814  0.0304869 
-0.992072  0.682647   -0.192964  0.0176562 
-0.940381  0.644896   -0.349481  0.0145505 
-0.880298  0.665273   -0.405666  0.00712819
-0.781225  0.589012   -0.433304  0.00865482
-0.817768  0.573653   -0.415992  0.0201202 
-0.817768  0.573653   -0.415992  0.0159545 
-0.769515  0.519313   -0.363278  0.0252966 
-0.670209  0.466023   -0.224312  0.0413811 
-0.701196  0.408196   0.130415   0.025661  
-0.627875  0.448994   -0.120913  0.0350877 
-0.677258  0.426179   0.00151782 0.0509577 
-0.677258  0.426179   0.00151782 0.0444615 
-0.677258  0.426179   0.00151782 0.0443168 
-0.677258  0.426179   0.00151782 0.0256529 
-0.641096  0.45251    -0.102719  0.0120704 
-0.611811  0.538086   -0.270541  0.0186188 
-0.611811  0.538086   -0.270541  0.0175811 
-0.69908   0.499774   -0.288167  0.0177073 
-0.645157  0.496147   -0.236873  0.0202645 
-0.651851  0.490087   -0.265705  0.0141336 
-0.629603  0.523083   -0.293202  0.0208549 
-0.660971  0.485371   -0.25001   0.012058  
-0.579765  0.582969   -0.291058  0.0130782 
-0.56399   0.588965   -0.261588  0.0101588 
-0.635745  0.687426   -0.365724  0.00856262
-0.665137  0.588812   -0.376516  0.00715718
-0.694323  0.620725   -0.411657  0.0122333 
-0.77285   0.714149   -0.40639   0.0128894 
-0.737031  0.727366   -0.388599  0.0215457 
-0.763637  0.793135   -0.29525   0.0312824 
-0.728537  0.872005   -0.227981  0.0263296 
-0.652558  0.807309   -0.302263  0.0253747 
-0.656388  0.896955   -0.248105  0.0360488 
-0.5988    0.983265   -0.218063  0.0390407 
-0.533632  1.07604    -0.0834043 0.0520774 
-0.617211  1.03784    -0.0752213 0.086127  
-0.617211  1.03784    -0.0752213 0.0699902 
-0.617211  1.03784    -0.0752213 0.037864  
-0.616988  0.999032   -0.177786  0.0501796 
-0.616988  0.999032   -0.177786  0.0409764 
-0.538961  1.04578    -0.100845  0.0581485 
-0.558702  1.07504    0.00991774 0.051919  
-0.631985  1.06011    0.0364423  0.0788965 
-0.631436  1.13444    0.290086   0.111031  
-0.690129  1.15203    0.396326   0.109683  
-0.689296  1.23756    0.756275   0.0849177 
-0.653995  1.19591    0.429301   0.105036  
-0.664942  1.1998     0.445198   0.084117  
-0.698603  1.1031     0.157684   0.172821  
-0.698603  1.1031     0.157684   0.0533468 
-0.623959  1.12154    0.0624158  0.0784594 
-0.669352  1.12591    0.298464   0.0546068 
-0.69882   1.10212    0.0826536  0.0775974 
-0.61093   1.1863     0.302385   0.106     
-0.672656  1.19656    0.348536   0.0603172 
-0.585659  1.14109    0.0597047  0.0655054 
-0.627027  1.17517    0.180005   0.0786861 
-0.627027  1.17517    0.180005   0.15971   
-0.627027  1.17517    0.180005   0.0726501 
-0.532941  1.20065    0.153818   0.0728833 
-0.513803  1.16073    0.158115   0.047548  
-0.439981  1.0685     -0.0656314 0.0247854 
-0.450642  0.975328   -0.240672  0.0199237 
-0.492229  0.910197   -0.247796  0.0199408 
-0.588859  0.836944   -0.280575  0.0117127 
-0.672961  0.750411   -0.369353  0.019992  
-0.714036  0.804888   -0.354151  0.0308387 
-0.714036  0.804888   -0.354151  0.0249323 
-0.714036  0.804888   -0.354151  0.029115  
-0.720472  0.876514   -0.232636  0.015609  
-0.638373  0.792447   -0.335449  0.0305014 
-0.700323  0.822289   -0.267852  0.0334427 
-0.640327  0.875325   -0.199012  0.017415  
-0.688091  0.831215   -0.352858  0.0262072 
-0.690706  0.855682   -0.301052  0.0184217 
-0.706022  0.800752   -0.342336  0.0200346 
-0.796153  0.733831   -0.354978  0.0171829 
-0.812212  0.711559   -0.36258   0.0486251 
-0.812212  0.711559   -0.36258   0.0145938 
-0.742951  0.751811   -0.376037  0.0300237 
-0.742951  0.751811   -0.376037  0.0360818 
-0.753687  0.850386   -0.233063  0.0364554 
-0.799397  0.878704   -0.207482  0.0311852 
-0.756224  0.843307   -0.211372  0.0175642 
-0.688822  0.79352    -0.346205  0.0118907 
-0.601282  0.715708   -0.342791  0.0162813 
-0.661009  0.787598   -0.32882   0.0203855 
-0.662451  0.865978   -0.262093  0.015053  
-0.640663  0.784761   -0.3374    0.0177562 
-0.675357  0.75264    -0.353242  0.0111406 
-0.596836  0.673403   -0.330329  0.00985127
-0.622958  0.663704   -0.348755  0.00886703
-0.669802  0.595884   -0.389479  0.00602536
-0.737632  0.623594   -0.427687  0.00849882
-0.830364  0.578812   -0.448282  0.00941884
-0.830364  0.578812   -0.448282  0.0140567 
-0.819373  0.534917   -0.410999  0.00981177
-0.902416  0.580734   -0.391885  0.0143938 
-0.965852  0.530603   -0.266368  0.0125802 
-0.96896   0.544151   -0.301551  0.0249146 
-0.886399  0.475306   -0.214923  0.0159344 
-0.810254  0.51807    -0.352415  0.0258406 
-0.810254  0.51807    -0.352415  0.0182439 
-0.892637  0.501728   -0.259189  0.0346952 
-0.892637  0.501728   -0.259189  0.0186937 
-0.819035  0.504446   -0.305362  0.0216157 
-0.819035  0.504446   -0.305362  0.0151771 
-0.762667  0.523557   -0.344024  0.0198318 
-0.762667  0.523557   -0.344024  0.00828811
-0.783802  0.573999   -0.439251  0.00699164
-0.862613  0.602596   -0.439443  0.0119548 
-0.897189  0.635787   -0.399644  0.0133706 
-0.935654  0.537048   -0.33617   0.0114525 
-0.880121  0.554001   -0.405508  0.0165208 
-0.889831  0.509125   -0.242053  0.00770907
-0.876424  0.588874   -0.433705  0.0146033 
-0.857862  0.52598    -0.324377  0.0309404 
-0.770108  0.444613   -0.023731  0.0278881 
-0.777194  0.461363   -0.112558  0.0141217 
-0.776041  0.529714   -0.371465  0.0298855 
-0.853993  0.448728   -0.0483461 0.0127513 
-0.93552   0.539235   -0.333119  0.0115808 
-0.956082  0.603067   -0.353379  0.0103598 
-0.894617  0.567446   -0.385565  0.0120179 
-0.988975  0.574063   -0.283515  0.0122478 
-0.962203  0.573368   -0.306644  0.0132979 
-0.953559  0.631177   -0.358807  0.0189727 
-0.918702  0.646586   -0.360698  0.0314225 
-0.940741  0.703939   -0.277132  0.0368334 
-0.940741  0.703939   -0.277132  0.0148323 
-0.90007   0.606468   -0.397876  0.0139618 
-0.826447  0.53549    -0.360911  0.0165014 
-0.857415  0.519248   -0.355443  0.0238511 
-0.929045  0.46763    -0.0997204 0.0241397 
-0.926284  0.46871    -0.0862214 0.0283404 
-0.926284  0.46871    -0.0862214 0.0421764 
-0.926284  0.46871    -0.0862214 0.0214905 
-1.01303   0.4617     0.00196484 0.0247007 
-1.06157   0.441792   0.127712   0.0452558 
-1.02951   0.368355   0.521646   0.0683139 
-1.02951   0.368355   0.521646   0.0546074 
-1.02951   0.368355   0.521646   0.0795891 
-1.02951   0.368355   0.521646   0.0686686 
-0.932857  0.315841   1.23331    0.0469382 
-0.953572  0.372892   0.493391   0.0224927 
-1.02696   0.462331   -0.00582414 0.014434  
-1.00523   0.529763   -0.260168  0.0148055 
-1.01158   0.55539    -0.240075  0.0176863 
-1.01158   0.55539    -0.240075  0.0218082 
-1.01158   0.55539    -0.240075  0.0241304 
-1.0889    0.638676   -0.107233  0.0889308 
-1.04959   0.731073   0.0656437  0.0629629 
-1.04959   0.731073   0.0656437  0.0309738 
-0.954498  0.701492   -0.265202  0.0218332 
-0.892792  0.718924   -0.368046  0.0209139 
-0.881344  0.689632   -0.339301  0.0117224 
-0.823987  0.643255   -0.43764   0.023013  
-0.823987  0.643255   -0.43764   0.0151822 
-0.784051  0.711705   -0.404261  0.0118107 
-0.6958    0.703995   -0.371782  0.0135225 
-0.711825  0.733912   -0.369107  0.00780229
-0.719936  0.652734   -0.420083  0.0134956 
-0.765877  0.732639   -0.378022  0.00816669
-0.705234  0.677581   -0.406842  0.0158897 
-0.615646  0.759231   -0.30567   0.0197564 
-0.652273  0.819124   -0.307277  0.0456032 
-0.700989  0.895104   -0.198335  0.0184692 
-0.602969  0.865479   -0.304623  0.0190229 
-0.623906  0.858282   -0.295151  0.0181444 
-0.683292  0.832354   -0.339977  0.0276758 
-0.60574   0.926472   -0.230318  0.0268408 
-0.697504  0.840236   -0.28487   0.0215047 
-0.636306  0.852404   -0.301207  0.0196552 
-0.54584   0.798573   -0.272157  0.0156247 
-0.567167  0.715235   -0.292767  0.0147    
-0.514377  0.742295   -0.265555  0.0160928 
-0.585979  0.786069   -0.32022   0.013365  
-0.594052  0.748884   -0.33579   0.0115316 
-0.588281  0.700146   -0.311064  0.0128699 
-0.568833  0.732059   -0.311316  0.0123181 
-0.548009  0.685165   -0.25478   0.0125783 
-0.616448  0.738409   -0.342994  0.0138464 
-0.525053  0.785423   -0.289488  0.0203319 
-0.613665  0.81638    -0.283338  0.0204923 
-0.675467  0.879422   -0.294985  0.031713  
-0.622114  0.942294   -0.251496  0.0269344 
-0.622114  0.942294   -0.251496  0.0579421 
-0.612303  1.03044    -0.0373663 0.0401375 
-0.541322  1.01774    -0.134817  0.0254554 
-0.511366  0.943538   -0.234858  0.0566743 
-0.605715  0.919124   -0.182857  0.0365181 
-0.543377  0.962487   -0.200315  0.0346525 
-0.533431  1.00645    -0.176074  0.0484156 
-0.439826  1.09496    -0.123492  0.0276013 
-0.53001   1.02955    -0.200565  0.0508105 
-0.499638  1.07076    -0.0923389 0.0537194 
-0.501843  1.07526    -0.106516  0.0456076 
-0.43074   1.07613    -0.128905  0.0503046 
-0.402477  1.17093    -0.108184  0.0812617 
-0.388348  1.16072    0.0585169  0.0699087 
-0.388348  1.16072    0.0585169  0.054366  
-0.457695  1.10325    -0.0369753 0.033232  
-0.42508   1.04524    -0.196899  0.0286905 
-0.41057   1.01272    -0.207345  0.0289029 
-0.381191  1.03013    -0.21819   0.0315295 
-0.408889  1.07775    -0.209308  0.171087  
-0.38527   1.13484    0.152092   0.0391371 
-0.31716   1.13743    -0.161762  0.0628204 
-0.31716   1.13743    -0.161762  0.0340354 
-0.253982  1.16305    -0.156955  0.0483848 
-0.242616  1.22768    -0.0249043 0.06995   
-0.324244  1.22271    0.194893   0.0650967 
-0.287429  1.27508    0.146947   0.124734  
-0.287429  1.27508    0.146947   0.0579129 
-0.284548  1.23003    -0.0219356 0.0799307 
-0.284548  1.23003    -0.0219356 0.078588  
-0.284548  1.23003    -0.0219356 0.0636317 
-0.366625  1.25573    0.171108   0.105747  
-0.366625  1.25573    0.171108   0.0871457 
-0.413729  1.2962     0.306317   0.0797864 
-0.448988  1.25162    0.326413   0.106247  
-0.448988  1.25162    0.326413   0.0514796 
-0.407127  1.21995    0.054003   0.0980952 
-0.407127  1.21995    0.054003   0.15843   
-0.407127  1.21995    0.054003   0.0714398 
-0.407127  1.21995    0.054003   0.0551791 
-0.48858   1.14215    -0.0378487 0.0523614 
-0.48858   1.14215    -0.0378487 0.0680712 
-0.549492  1.10978    0.0355332  0.0399125 
-0.490378  1.06726    -0.125814  0.0780573 
-0.490378  1.06726    -0.125814  0.0336418 
-0.449365  1.07622    -0.201704  0.0370874 
-0.449365  1.07622    -0.201704  0.0336908 
-0.491348  0.987648   -0.188195  0.0279856 
-0.497344  0.97856    -0.211497  0.0265128 
-0.428901  0.997364   -0.237323  0.0291559 
-0.428901  0.997364   -0.237323  0.0318219 
-0.42059   1.0086     -0.237629  0.0242918 
-0.493705  1.02442    -0.262572  0.0451315 
-0.493705  1.02442    -0.262572  0.0271884 
-0.436531  0.949044   -0.253062  0.0206034 
-0.364527  0.978745   -0.261263  0.0252105 
-0.334515  1.04741    -0.251205  0.0586891 
-0.388109  1.06811    -0.147985  0.0286893 
-0.364145  1.0346     -0.224583  0.0350661 
-0.31537   1.10503    -0.182451  0.0526241 
-0.31537   1.10503    -0.182451  0.0332944 
-0.399189  1.13567    -0.181868  0.0562411 
-0.399189  1.13567    -0.181868  0.0593853 
-0.355601  1.21831    0.0310465  0.0472436 
-0.296187  1.14832    -0.105817  0.0279976 
-0.268263  1.11342    -0.209823  0.0367457 
-0.177548  1.08174    -0.210936  0.026892  
-0.2641    0.995808   -0.221205  0.0474578 
-0.332185  1.04992    -0.166853  0.0232822 
-0.428902  0.963441   -0.276486  0.0202799 
-0.33683   0.948307   -0.278922  0.016435  
-0.304304  0.94549    -0.267603  0.0468084 
-0.391522  1.04115    -0.158881  0.0327718 
-0.302843  1.10199    -0.201938  0.0333764 
-0.278848  1.11893    -0.171306  0.0561934 
-0.278848  1.11893    -0.171306  0.0343474 
-0.330244  1.08772    -0.188939  0.0411453 
-0.417593  1.0267     -0.188315  0.0340491 
-0.32907   1.06555    -0.18756   0.0230454 
-0.348885  0.985278   -0.240144  0.0190903 
-0.288146  0.899764   -0.229626  0.0199185 
-0.356322  0.926494   -0.25836   0.0277526 
-0.451713  0.920813   -0.224362  0.0311141 
-0.521938  1.00697    -0.175677  0.0602297 
-0.521938  1.00697    -0.175677  0.0433507 
-0.458345  1.0334     -0.115379  0.0509183 
-0.526554  1.11371    -0.0235964 0.059861  
-0.519909  1.11772    0.0425634  0.0554237 
-0.516113  1.05301    -0.0306915 0.0477648 
-0.540201  1.04924    -0.102914  0.0413505 
-0.537491  1.01772    -0.138622  0.0205723 
-0.55949   0.972521   -0.28079   0.0487249 
-0.594042  1.03918    -0.112782  0.0579842 
-0.594042  1.03918    -0.112782  0.0692651 
-0.594042  1.03918    -0.112782  0.0616006 
-0.626093  1.06814    0.0518057  0.0631305 
-0.54026   1.04336    -0.0482666 0.0923809 
-0.445165  1.00491    -0.0980232 0.0593703 
-0.427342  1.07172    -0.101084  0.0938392 
-0.349679  1.08239    -0.103377  0.0541122 
-0.385347  1.11026    -0.176884  0.0228538 
-0.366583  1.0554     -0.240133  0.0726268 
-0.410691  1.11645    -0.0328365 0.0738406 
-0.410691  1.11645    -0.0328365 0.0379107 
-0.402097  1.09277    -0.185011  0.0377438 
-0.485868  1.08017    -0.116036  0.0326857 
-0.429804  0.993005   -0.180521  0.025914  
-0.442451  0.901235   -0.242009  0.0203284 
-0.347825  0.993519   -0.244096  0.0645557 
-0.405441  1.03504    -0.12873   0.051735  
-0.424945  1.10189    -0.0721023 0.0366914 
-0.415253  1.0859     -0.178729  0.0526983 
-0.402094  1.17494    0.00580255 0.0553658 
-0.333542  1.11636    -0.0751436 0.0282538 
-0.358994  1.12509    -0.182165  0.042961  
-0.261484  1.03301    -0.145592  0.0217836 
-0.292682  1.01358    -0.243871  0.030068  
-0.323141  1.01752    -0.227365  0.0196252 
-0.406424  0.943799   -0.262292  0.0209632 
-0.318739  1.00431    -0.231034  0.0525608 
-0.248141  1.03578    -0.167923  0.0167525 
-0.213012  1.0282     -0.262936  0.022024  
-0.154528  1.01193    -0.257861  0.0165803 
-0.180886  0.990161   -0.24671   0.019941  
-0.0953019 0.943946   -0.200113  0.0283061 
-0.111452  1.04277    -0.251801  0.0279903 
-0.111452  1.04277    -0.251801  0.0334735 
-0.0582728 1.12189    -0.178971  0.0386399 
0.02937    1.16674    -0.148702  0.0488297 
0.10061    1.18625    -0.0651762 0.0588092 
0.020131   1.11541    -0.0836061 0.0422749 
0.00865775 1.20108    -0.105289  0.0348836 
0.0415516  1.19388    -0.156219  0.0329571 
-0.0495015 1.16325    -0.124829  0.0238438 
-0.0757793 1.09094    -0.268198  0.0227563 
-0.125629  1.06792    -0.271169  0.0212976 
-0.0412348 0.969242   -0.229282  0.0154829 
-0.107785  0.923835   -0.236822  0.0173767 
-0.0933212 0.827051   -0.132332  0.020464  
-0.0933212 0.827051   -0.132332  0.0175265 
-0.00232425 0.851678   -0.182824  0.0155453 
0.000140513 0.911956   -0.208812  0.018099  
0.0218539  0.830698   -0.171673  0.0178607 
0.0218539  0.830698   -0.171673  0.0176997 
-0.0383872 0.847235   -0.147785  0.0183671 
-0.134319  0.794429   -0.125492  0.0212317 
-0.0528217 0.709203   0.0699856  0.0186857 
-0.145726  0.780242   -0.0669135 0.0166938 
-0.21202   0.850726   -0.20489   0.0172635 
-0.292454  0.784523   -0.185025  0.0158357 
-0.366515  0.800779   -0.216999  0.0172296 
-0.383653  0.893116   -0.24091   0.0154093 
-0.357172  0.873086   -0.274085  0.0361926 
-0.357915  0.968284   -0.177464  0.035756  
-0.281276  1.05086    -0.227466  0.0594073 
-0.331901  1.1006     -0.153482  0.0295237 
-0.286524  1.03227    -0.220764  0.0283705 
-0.352064  1.00015    -0.217782  0.0318406 
-0.387942  1.09729    -0.234782  0.0519585 
-0.371092  1.05407    -0.0811153 0.0206061 
-0.299798  0.991826   -0.246237  0.0180395 
-0.384762  0.918502   -0.258723  0.0171009 
-0.3186    0.935678   -0.272538  0.0148564 
-0.361046  0.932895   -0.303491  0.0217262 
-0.282137  0.965626   -0.226258  0.0254037 
-0.326515  0.978621   -0.25619   0.0163556 
-0.398026  0.893508   -0.299746  0.027706  
-0.468588  0.970283   -0.191964  0.0214829 
-0.391675  1.01809    -0.254297  0.0582794 
-0.391675  1.01809    -0.254297  0.0259632 
-0.400401  1.00367    -0.219321  0.0296166 
-0.454114  0.986497   -0.233851  0.0246654 
-0.37929   0.893838   -0.238333  0.0154193 
-0.299119  0.950918   -0.26202   0.0183504 
-0.372785  0.855544   -0.18438   0.0155106 
-0.399788  0.795464   -0.237545  0.0178925 
-0.468562  0.869541   -0.264828  0.0161808 
-0.382206  0.854647   -0.250952  0.0166548 
-0.312779  0.948602   -0.279914  0.0209896 
-0.404595  0.967336   -0.280728  0.0251777 
-0.404595  0.967336   -0.280728  0.0447364 
-0.404595  0.967336   -0.280728  0.024291  
-0.325502  0.967297   -0.236919  0.0180311 
-0.264562  0.931379   -0.265177  0.0263588 
-0.259299  1.02818    -0.246409  0.0315913 
-0.226204  1.09513    -0.221062  0.019282  
-0.194102  1.05696    -0.307588  0.0466124 
-0.194102  1.05696    -0.307588  0.021042  
-0.107771  1.03307    -0.293127  0.028919  
-0.107771  1.03307    -0.293127  0.0170215 
-0.0748525 1.04778    -0.285797  0.0362083 
-0.123038  1.0746     -0.229031  0.0405094 
-0.123038  1.0746     -0.229031  0.0198541 
-0.109247  1.0308     -0.258276  0.0224866 
-0.0871909 0.992135   -0.215804  0.0227654 
-0.121943  1.02058    -0.235485  0.0220996 
-0.146262  1.05655    -0.27604   0.0356014 
-0.146262  1.05655    -0.27604   0.0365321 
-0.185746  1.13099    -0.16374   0.0357879 
-0.248244  1.03737    -0.192595  0.0150224 
-0.253871  0.970863   -0.26933   0.0262312 
-0.253871  0.970863   -0.26933   0.0312476 
-0.270403  1.029      -0.203913  0.0295895 
-0.178561  1.12627    -0.21222   0.0341705 
-0.193464  1.07206    -0.178334  0.034122  
-0.182976  1.02477    -0.237408  0.031235  
-0.0946532 1.10145    -0.201235  0.0204693 
-0.0905376 1.00951    -0.25604   0.0342527 
-0.0488852 0.999419   -0.184787  0.0208716 
-0.000378723 0.954763   -0.239164  0.024222  
-0.0238285 0.970885   -0.23506   0.0306189 
0.0140269  1.02073    -0.257049  0.0176893 
0.0743575  1.02096    -0.260973  0.0234894 
0.0365648  0.922695   -0.199598  0.0202211 
-0.0385526 0.938184   -0.219463  0.0155041 
0.0460848  0.932527   -0.259885  0.0200943 
0.0213719  0.937615   -0.228557  0.0229712 
0.00661434 0.975115   -0.20767   0.0161559 
0.040301   0.990648   -0.2905    0.0150328 
0.040301   0.990648   -0.2905    0.0253404 
0.108587   1.06443    -0.220561  0.0361705 
0.121026   1.10839    -0.234987  0.0369804 
0.121026   1.10839    -0.234987  0.0304232 
0.156184   1.17812    -0.168286  0.055363  
0.195426   1.25547    -0.018906  0.053377  
0.167204   1.18941    -0.0769787 0.0349314 
0.114427   1.17432    -0.136852  0.0588616 
0.140924   1.15236    -0.0325851 0.054168  
0.0960749  1.22311    -0.0733571 0.0715571 
0.0982597  1.24495    0.0802091  0.0415685 
0.104053   1.22418    -0.0938628 0.0878975 
0.104053   1.22418    -0.0938628 0.0771482 
0.150902   1.21809    0.0763886  0.0570102 
0.10665    1.22706    -0.0403431 0.0415441 
0.0462293  1.18709    -0.107847  0.0493523 
0.0346475  1.1961     -0.0790465 0.0755701 
0.0782904  1.17483    0.0493192  0.0379866 
0.0636372  1.14722    -0.153377  0.0364666 
0.122029   1.17304    -0.147048  0.0421791 
0.0271367  1.15689    -0.146666  0.0595785 
-0.0559146 1.20292    -0.0400575 0.0437971 
0.0169183  1.20212    -0.090739  0.0482871 
-0.0686621 1.16032    -0.0835359 0.0366973 
-0.100618  1.20326    -0.113719  0.0824052 
-0.100618  1.20326    -0.113719  0.0264391 
-0.0699775 1.16111    -0.239615  0.0291607 
-0.0257822 1.10683    -0.22906   0.0234759 
-0.0831575 1.03722    -0.238429  0.0206142 
-0.029787  1.06278    -0.270205  0.0339101 
-0.0959215 1.08762    -0.205084  0.0366436 
-0.172812  1.08223    -0.208859  0.0250105 
-0.135086  1.01245    -0.244122  0.0338985 
-0.11363   1.08018    -0.233828  0.0250019 
-0.109133  1.04727    -0.239961  0.0476359 
-0.10695   1.13755    -0.170134  0.0969844 
-0.10695   1.13755    -0.170134  0.0431289 
-0.10695   1.13755    -0.170134  0.0458121 
-0.106797  1.22273    -0.0327839 0.0360318 
-0.102985  1.19004    -0.136482  0.0623861 
-0.102985  1.19004    -0.136482  0.0312728 
-0.126247  1.10233    -0.191733  0.0213912 
-0.113402  1.01806    -0.255914  0.0283217 
-0.199471  1.10468    -0.191256  0.0422318 
-0.119656  1.12536    -0.129312  0.0523376 
-0.0258409 1.16149    -0.0550731 0.0549586 
-0.0788156 1.19099    -0.0297641 0.039579  
-0.0177571 1.19156    -0.126299  0.0579526 
-0.0177571 1.19156    -0.126299  0.0776754 
-0.0895119 1.24112    0.0673971  0.0477903 
-0.0500814 1.2371     -0.0571647 0.0954946 
-0.0500814 1.2371     -0.0571647 0.0566836 
-0.0856391 1.16013    -0.0858304 0.037145  
0.00479047 1.1675     -0.147614  0.0527038 
0.00479047 1.1675     -0.147614  0.0557964 
0.00479047 1.1675     -0.147614  0.0490305 
0.00479047 1.1675     -0.147614  0.026072  
0.0128016  1.07061    -0.22726   0.0245302 
0.0534095  1.10855    -0.217107  0.0410655 
0.0863126  1.0473     -0.199821  0.0267999 
0.106892   1.06235    -0.220993  0.0198203 
0.14284    1.006      -0.240868  0.0432299 
0.226859   1.09146    -0.197872  0.0696716 
0.255547   1.14719    0.00901744 0.0321713 
0.260453   1.07938    -0.197311  0.0308609 
0.351109   1.08358    -0.18978   0.0638788 
0.351109   1.08358    -0.18978   0.0431706 
0.444137   1.1031     -0.128234  0.0543215 
0.497726   1.11831    -0.136444  0.0448253 
0.503946   1.04335    -0.115253  0.0536315 
0.412352   1.10473    -0.139861  0.0293714 
0.479591   1.05099    -0.207604  0.0811201 
0.511521   1.11909    0.0389     0.054261  
0.549878   1.04042    -0.143439  0.0234347 
0.573806   0.967019   -0.270426  0.0587913 
0.573806   0.967019   -0.270426  0.0353264 
0.496133   1.05096    -0.183925  0.0407202 
0.505005   1.02015    -0.205128  0.0388703 
0.51134    0.949851   -0.233409  0.0234603 
0.469653   0.927444   -0.216884  0.0179592 
0.470274   0.857918   -0.294946  0.014994  
0.508248   0.836831   -0.289631  0.0154485 
0.420784   0.849657   -0.253586  0.0209765 
0.499593   0.840605   -0.251854  0.0163954 
0.428927   0.795407   -0.217761  0.0158965 
0.374526   0.772922   -0.203532  0.018051  
0.353619   0.701522   -0.0979607 0.0208905 
0.356237   0.632389   -0.0325398 0.0160672 
0.431203   0.725365   -0.205352  0.0193315 
0.431203   0.725365   -0.205352  0.017495  
0.356445   0.744459   -0.155099  0.0153508 
0.420794   0.736957   -0.156192  0.0167528 
0.4321     0.682767   -0.143043  0.0194671 
0.379498   0.635808   -0.0510147 0.0160862 
0.396038   0.730265   -0.177066  0.0149656 
0.469766   0.729355   -0.228602  0.0185095 
0.384841   0.654058   -0.087621  0.0167731 
0.456553   0.635261   -0.152592  0.0161977 
0.461183   0.633632   -0.147941  0.0134552 
0.536148   0.710288   -0.269178  0.0130126 
0.527548   0.62629    -0.225496  0.0142126 
0.594269   0.721412   -0.305855  0.00839678
0.691672   0.667634   -0.386069  0.0119425 
0.633651   0.726919   -0.346859  0.0140444 
0.696875   0.765738   -0.349404  0.0202119 
0.726507   0.840026   -0.297313  0.0354055 
0.658089   0.916978   -0.177791  0.0586788 
0.608989   1.00723    -0.129412  0.0251927 
0.689361   0.909494   -0.227138  0.0420391 
0.689361   0.909494   -0.227138  0.0148663 
0.593399   0.838079   -0.348506  0.0354114 
0.593399   0.838079   -0.348506  0.0247275 
0.685291   0.808608   -0.29039   0.0131592 
0.735982   0.747641   -0.391926  0.0393703 
0.735982   0.747641   -0.391926  0.0134693 
0.735982   0.747641   -0.391926  0.0111484 
0.637396   0.676369   -0.368842  0.0114442 
0.583512   0.657322   -0.305611  0.00884448
0.654292   0.61348    -0.374875  0.0119041 
0.654292   0.61348    -0.374875  0.0100722 
0.647826   0.576814   -0.353126  0.00633957
0.730031   0.619775   -0.437082  0.00942555
0.790007   0.568845   -0.418164  0.00936516
0.821529   0.572074   -0.427299  0.0198977 
0.821529   0.572074   -0.427299  0.0118337 
0.821529   0.572074   -0.427299  0.0135783 
0.910027   0.527328   -0.303052  0.0134757 
0.94962    0.622709   -0.361747  0.0296848 
1.02311    0.703824   -0.155421  0.0639395 
0.963173   0.80236    -0.0584093 0.066751  
0.963173   0.80236    -0.0584093 0.0271424 
0.990329   0.703039   -0.183141  0.023896  
0.914697   0.733112   -0.287325  0.0211612 
0.914697   0.733112   -0.287325  0.0292458 
0.868672   0.774769   -0.27807   0.0206353 
0.950744   0.698854   -0.312287  0.0412395 
0.90226    0.788638   -0.156469  0.0315408 
0.829556   0.73358    -0.317808  0.0305591 
0.820928   0.803745   -0.266542  0.0521934 
0.745229   0.895328   -0.102477  0.0237679 
0.693041   0.845638   -0.26372   0.0345404 
0.710092   0.817001   -0.275266  0.0251821 
0.79138    0.719002   -0.334202  0.010088  
0.877011   0.627215   -0.414882  0.0175443 
0.861237   0.693146   -0.379233  0.0221598 
0.833978   0.722719   -0.351178  0.0175363 
0.844689   0.715946   -0.361234  0.0207964 
0.766976   0.776224   -0.367039  0.0205801 
0.788432   0.780105   -0.349052  0.020273  
0.721384   0.852083   -0.313896  0.0450567 
0.721384   0.852083   -0.313896  0.040958  
0.715214   0.892933   -0.190326  0.0623171 
0.715214   0.892933   -0.190326  0.0320147 
0.735855   0.830597   -0.217     0.0450148 
0.764282   0.885974   -0.171857  0.0466076 
0.833205   0.964229   -0.0485935 0.0497047 
0.805297   0.972574   0.0129075  0.063652  
0.809719   0.932246   -0.0149894 0.050245  
0.794926   0.97131    0.0262188  0.0516877 
0.778399   0.873065   -0.119017  0.0442728 
0.764893   0.951472   -0.122632  0.0212332 
0.736461   0.860907   -0.30811   0.0311276 
0.789813   0.833125   -0.239004  0.0181567 
0.726439   0.773855   -0.34074   0.0103388 
0.72857    0.680791   -0.41615   0.0131556 
0.819987   0.724758   -0.392703  0.0232658 
0.867057   0.75823    -0.327958  0.0437476 
0.883359   0.816269   -0.100159  0.0382983 
0.940058   0.772874   -0.156151  0.0397496 
0.872828   0.810595   -0.161502  0.0470995 
0.84528    0.862583   -0.0751971 0.0523894 
0.88871    0.84359    -0.0989665 0.0290927 
0.873036   0.81443    -0.221013  0.0379549 
0.924301   0.827362   -0.143834  0.0479771 
0.924301   0.827362   -0.143834  0.0256577 
0.875608   0.739108   -0.313722  0.0358945 
0.868016   0.834988   -0.159056  0.058555  
0.868016   0.834988   -0.159056  0.0580944 
0.942135   0.877422   0.120735   0.0438882 
0.9482     0.828384   -0.0100977 0.0612665 
0.891368   0.908574   0.0801535  0.0739716 
0.891368   0.908574   0.0801535  0.0913662 
0.953124   0.924751   0.276911   0.0643472 
1.0054     0.840453   0.161298   0.0586808 
0.918249   0.856912   -0.0185588 0.0826789 
0.918249   0.856912   -0.0185588 0.0511689 
0.933089   0.866084   0.0828944  0.0366326 
0.987197   0.778723   -0.0894268 0.0211849 
0.888547   0.709201   -0.34224   0.0127602 
0.802593   0.659384   -0.429585  0.0300672 
0.802593   0.659384   -0.429585  0.0172846 
0.802593   0.659384   -0.429585  0.0164184 
0.716659   0.714673   -0.3912    0.0127035 
0.772094   0.688416   -0.403077  0.01374   
0.702271   0.762361   -0.369838  0.0136534 
0.665757   0.767449   -0.353053  0.018917  
0.648315   0.810894   -0.320268  0.0199995 
0.730189   0.772461   -0.328124  0.0115696 
0.655663   0.709059   -0.374486  0.00842248
0.733729   0.645822   -0.429296  0.00832023
0.794453   0.640276   -0.435198  0.0117274 
0.746395   0.712798   -0.388678  0.00653224
0.784677   0.639539   -0.447348  0.0171404 
0.869097   0.671733   -0.387311  0.00700809
0.806358   0.653218   -0.446537  0.0163627 
0.791899   0.740085   -0.352962  0.0174782 
0.853259   0.705539   -0.381222  0.020748  
0.812139   0.717237   -0.36743   0.0249584 
0.847237   0.785276   -0.27288   0.0113128 
0.803368   0.688902   -0.413474  0.0311047 
0.803368   0.688902   -0.413474  0.0188125 
0.746566   0.750322   -0.36703   0.0139686 
0.842613   0.722287   -0.383572  0.0161918 
0.81189    0.74418    -0.367172  0.0116828 
0.829699   0.732051   -0.405047  0.0218162 
0.800136   0.722413   -0.374111  0.0293055 
0.827953   0.787815   -0.304183  0.0300403 
0.827953   0.787815   -0.304183  0.0487683 
0.851041   0.831605   -0.122061  0.0478341 
0.851041   0.831605   -0.122061  0.0352881 
0.806497   0.87446    -0.1819    0.035686  
0.904103   0.816184   -0.16374   0.0338441 
0.912498   0.760122   -0.243445  0.0193785 
0.915009   0.685063   -0.341475  0.0154559 
0.901347   0.722538   -0.376159  0.00959681
0.900785   0.635203   -0.416176  0.0102702 
0.804505   0.558754   -0.411222  0.0226477 
0.84035    0.482968   -0.183181  0.0337956 
0.804479   0.436381   -0.0206046 0.0405108 
0.804479   0.436381   -0.0206046 0.0276736 
0.721566   0.456476   -0.130313  0.0111666 
0.761505   0.548213   -0.387881  0.0135058 
0.792926   0.5371     -0.390537  0.010766  
0.810053   0.55819    -0.410975  0.00728516
0.763973   0.586399   -0.43071   0.00775472
0.68218    0.61567    -0.39637   0.0109822 
0.684707   0.689306   -0.383945  0.0118737 
0.684707   0.689306   -0.383945  0.00957234
0.668139   0.642746   -0.370688  0.0100528 
0.686384   0.683176   -0.386348  0.0107247 
0.594824   0.585588   -0.27875   0.0149754 
0.605293   0.513589   -0.255906  0.0158219 
0.605293   0.513589   -0.255906  0.0112199 
0.635012   0.55452    -0.322497  0.0198574 
0.57231    0.478118   -0.172482  0.0123087 
0.574606   0.567916   -0.266878  0.0164147 
0.574606   0.567916   -0.266878  0.0136356 
0.556052   0.564401   -0.257877  0.0134533 
0.515586   0.657745   -0.230779  0.01218   
0.568517   0.679923   -0.30494   0.0148805 
0.490768   0.607901   -0.159253  0.0164323 
0.451257   0.6952     -0.209911  0.0132042 
0.533091   0.623917   -0.236172  0.016613  
0.533091   0.623917   -0.236172  0.0115348 
0.569831   0.640844   -0.300441  0.0130353 
0.666462   0.71987    -0.379159  0.021214  
0.750706   0.750019   -0.341927  0.021693  
0.777944   0.715098   -0.357231  0.0212929 
0.82322    0.682073   -0.371275  0.00720391
0.797622   0.609935   -0.433021  0.0111261 
0.805012   0.689351   -0.41234   0.00856209
0.805012   0.689351   -0.41234   0.00710682
0.734781   0.601185   -0.41748   0.00829225
0.787693   0.648159   -0.43669   0.00713051
0.688097   0.632023   -0.410521  0.0193626 
0.688097   0.632023   -0.410521  0.00860405
0.707968   0.577227   -0.406932  0.0100768 
0.694262   0.555924   -0.373794  0.011649  
0.618823   0.559482   -0.316074  0.0079851 
0.703897   0.596137   -0.394477  0.0169758 
0.703897   0.596137   -0.394477  0.0101326 
0.636847   0.695192   -0.385836  0.0083351 
0.660557   0.677598   -0.369754  0.0113023 
0.660557   0.677598   -0.369754  0.011742  
0.660557   0.677598   -0.369754  0.00804112
0.663248   0.634493   -0.384873  0.0117794 
0.656055   0.701965   -0.350486  0.00880326
0.709374   0.668926   -0.402601  0.0243442 
0.805121   0.700394   -0.378847  0.0141508 
0.798376   0.729152   -0.392831  0.0163575 
0.851917   0.676282   -0.399919  0.00835518
0.859871   0.630905   -0.424425  0.00606189
0.77861    0.624716   -0.449041  0.0108769 
0.77861    0.624716   -0.449041  0.0131057 
0.794678   0.541012   -0.385348  0.0147224 
0.722355   0.523012   -0.360802  0.0360805 
0.722355   0.523012   -0.360802  0.0189308 
0.647376   0.496145   -0.286323  0.0238098 
0.647376   0.496145   -0.286323  0.0123251 
0.715303   0.541551   -0.371553  0.0206189 
0.768147   0.497121   -0.329595  0.0329211 
0.714882   0.43338    -0.017761  0.0511932 
0.760337   0.380165   0.32069    0.0308885 
0.688481   0.441701   -0.105698  0.0141987 
0.742227   0.524554   -0.367204  0.011303  
0.832554   0.619331   -0.41542   0.0118442 
0.787574   0.546274   -0.385967  0.00726593
0.761566   0.631342   -0.436344  0.0130952 
0.761566   0.631342   -0.436344  0.00758647
0.817773   0.616547   -0.443587  0.00880794
0.853128   0.592216   -0.424644  0.0119075 
0.912585   0.552732   -0.362408  0.0248098 
0.912585   0.552732   -0.362408  0.011253  
0.851634   0.551931   -0.394759  0.00845319
0.86068    0.625009   -0.441114  0.0105171 
0.92067    0.555141   -0.335392  0.0232805 
0.851512   0.478723   -0.178696  0.0202619 
0.835838   0.496769   -0.288022  0.0158154 
0.923026   0.520807   -0.299527  0.027537  
0.923026   0.520807   -0.299527  0.0105606 
0.881471   0.560391   -0.401138  0.0253882 
0.881471   0.560391   -0.401138  0.0132687 
0.931339   0.604148   -0.371246  0.0188559 
0.931339   0.604148   -0.371246  0.0176075 
0.986328   0.623445   -0.30211   0.0171989 
0.997883   0.617652   -0.274231  0.0316057 
0.963337   0.700844   -0.23858   0.0472891 
1.02385    0.782674   0.0454883  0.0295354 
1.00907    0.727057   -0.130461  0.0416947 
1.01353    0.780628   -0.0159076 0.0464648 
1.01353    0.780628   -0.0159076 0.028602  
1.05129    0.683679   -0.0932024 0.0194265 
0.963996   0.69481    -0.303993  0.028818  
1.01527    0.660146   -0.190925  0.0230028 
1.01527    0.660146   -0.190925  0.0335707 
1.08534    0.691422   -0.035204  0.01943   
1.05091    0.602833   -0.18838   0.0154639 
1.14741    0.513371   0.0831487  0.0245334 
1.09178    0.445051   0.133063   0.0154184 
1.04247    0.497675   -0.0467859 0.0138231 
1.01348    0.590144   -0.250061  0.0273958 
1.01348    0.590144   -0.250061  0.0192614 
1.01348    0.590144   -0.250061  0.0186165 
1.05292    0.612008   -0.169129  0.0223969 
1.02552    0.644341   -0.217891  0.0295665 
1.02552    0.644341   -0.217891  0.0188754 
1.00074    0.650916   -0.280132  0.0261691 
1.00074    0.650916   -0.280132  0.0309691 
1.02163    0.713639   -0.151301  0.0334493 
1.02163    0.713639   -0.151301  0.0373701 
0.984514   0.757729   -0.0974069 0.0168512 
0.910797   0.710048   -0.382308  0.0224448 
0.849134   0.727054   -0.318206  0.0090351 
0.80653    0.653424   -0.445078  0.0196935 
0.777608   0.71978    -0.379836  0.0184615 
0.683717   0.802012   -0.328972  0.0133457 
0.618441   0.767679   -0.354496  0.0307522 
0.673738   0.832893   -0.255973  0.0178907 
0.60536    0.785844   -0.323181  0.0167501 
0.599777   0.80639    -0.330948  0.019599  
0.551165   0.814702   -0.277423  0.0126408 
0.633715   0.733998   -0.328492  0.021613  
0.723777   0.772133   -0.343781  0.0145456 
0.63783    0.755532   -0.316751  0.0263377 
0.675426   0.851142   -0.25434   0.02676   
0.706376   0.897172   -0.210976  0.0470983 
0.794206   0.937156   -0.110479  0.0491297 
0.794206   0.937156   -0.110479  0.029144  
0.727855   0.863881   -0.252585  0.0297845 
0.767891   0.870493   -0.210357  0.0289129 
0.767271   0.827689   -0.289671  0.0196485 
0.749961   0.799647   -0.329132  0.0125943 
0.660927   0.77097    -0.337588  0.027334  
0.65323    0.85481    -0.291736  0.0256156 
0.749777   0.804777   -0.28822   0.0113215 
0.72453    0.749555   -0.386831  0.0224281 
0.711047   0.807213   -0.305171  0.0207999 
0.65915    0.804312   -0.303269  0.012478  
0.704665   0.739068   -0.376342  0.00879975
0.648319   0.666204   -0.381308  0.0101586 
0.655427   0.566868   -0.356709  0.0149976 
0.716214   0.522028   -0.358415  0.00753906
0.80455    0.615259   -0.42997   0.00717279
0.706656   0.623931   -0.430856  0.00969634
0.706656   0.623931   -0.430856  0.00641854
0.721203   0.647956   -0.423779  0.00894563
0.721203   0.647956   -0.423779  0.0138146 
0.759535   0.631893   -0.43511   0.00678452
0.834298   0.601257   -0.458698  0.00934785
0.878174   0.578379   -0.419608  0.0194359 
0.878174   0.578379   -0.419608  0.00719904
0.794106   0.640361   -0.447441  0.00819787
0.721837   0.579404   -0.415206  0.00685955
0.760137   0.640728   -0.437888  0.0108417 
0.760137   0.640728   -0.437888  0.00666536
0.761449   0.631103   -0.434299  0.0155536 
0.842816   0.716617   -0.388564  0.018725  
0.75938    0.774263   -0.345827  0.0101484 
0.72208    0.681064   -0.401555  0.0134903 
0.702961   0.744665   -0.368438  0.0291156 
0.702961   0.744665   -0.368438  0.031041  
0.77476    0.769912   -0.337671  0.00764351
0.741725   0.674866   -0.42511   0.00702638
0.782113   0.599482   -0.437814  0.0143846 
0.782113   0.599482   -0.437814  0.00630446
0.720513   0.656614   -0.427392  0.00796582
0.667316   0.598613   -0.376417  0.0107372 
0.589262   0.668139   -0.317375  0.0136512 
0.51064    0.727588   -0.261611  0.0142156 
0.511652   0.820969   -0.293765  0.0185299 
0.461227   0.769977   -0.238751  0.0168636 
0.460082   0.774387   -0.233321  0.015945  
0.414413   0.745257   -0.190528  0.0183586 
0.452996   0.806221   -0.245207  0.0196884 
0.508206   0.884731   -0.248949  0.0260801 
0.514026   0.97147    -0.236072  0.0156048 
0.515693   0.882465   -0.299853  0.0229236 
0.463817   0.930794   -0.28792   0.0200252 
0.48163    0.879663   -0.247243  0.0233419 
0.54986    0.929404   -0.218396  0.0348349 
0.633276   0.9181     -0.195974  0.044314  
0.633276   0.9181     -0.195974  0.0237446 
0.534943   0.867768   -0.230536  0.0232245 
0.603088   0.893118   -0.270395  0.0544635 
0.68863    0.925537   -0.152513  0.0198038 
0.626007   0.916746   -0.26269   0.0874266 
0.585244   0.97256    -0.09398   0.0190256 
0.574734   0.923131   -0.267404  0.0435816 
0.605043   0.974131   -0.178921  0.073648  
0.60484    1.04941    0.058615   0.0365566 
0.622799   1.04966    -0.131459  0.0876818 
0.622799   1.04966    -0.131459  0.0328243 
0.538466   0.959176   -0.277089  0.0384232 
0.526091   1.02975    -0.158869  0.0305777 
0.484304   0.962456   -0.232487  0.0357356 
0.42263    1.0076     -0.182048  0.0192006 
0.46917    0.93827    -0.280261  0.0146177 
0.384047   0.88842    -0.272612  0.018752  
0.421069   0.956224   -0.253195  0.021113  
0.519195   0.881317   -0.25606   0.0311068 
0.487977   0.936838   -0.227622  0.0163877 
0.393714   0.87203    -0.271639  0.0299397 
0.475152   0.939267   -0.237262  0.024286  
0.509956   0.969556   -0.237388  0.0388307 
0.48159    0.998815   -0.234526  0.0257256 
0.568644   0.915298   -0.220676  0.0206734 
0.53333    0.932567   -0.294859  0.0245346 
0.465483   1.02248    -0.245827  0.0489312 
0.562464   1.08606    -0.0605724 0.0648709 
0.515439   1.13057    0.0907448  0.102926  
0.505899   1.14076    0.150443   0.035212  
0.556205   1.04441    -0.155301  0.0242334 
0.62162    0.949617   -0.283707  0.0302558 
0.565926   0.936259   -0.242677  0.0258894 
0.496854   0.849433   -0.241581  0.0224637 
0.58492    0.820486   -0.269613  0.0138821 
0.497725   0.763454   -0.267002  0.0130258 
0.539782   0.722044   -0.278495  0.0131865 
0.597987   0.775085   -0.299657  0.0118218 
0.602473   0.754012   -0.33628   0.0119334 
0.573427   0.693661   -0.303305  0.01434   
0.509374   0.724968   -0.254588  0.0146979 
0.4338     0.770852   -0.215052  0.0152098 
0.469866   0.793094   -0.275059  0.0289954 
0.567242   0.792566   -0.232616  0.0180177 
0.56292    0.872253   -0.301906  0.015966  
0.56292    0.872253   -0.301906  0.0193826 
0.515356   0.89068    -0.285404  0.0204591 
0.584231   0.882055   -0.265466  0.0208249 
0.62453    0.922334   -0.299306  0.0444534 
0.714071   0.97081    -0.119699  0.0798603 
0.766035   1.04908    0.193466   0.0806583 
0.705418   0.998397   0.0722229  0.047962  
0.763167   1.0287     0.0488072  0.0807274 
0.784701   1.01677    0.130762   0.0797023 
0.741864   1.01047    0.226973   0.0467571 
0.735344   0.975781   -0.0651268 0.0624478 
0.79051    0.953153   0.0290957  0.0486627 
0.793329   0.901311   -0.136128  0.0471353 
0.81334    0.902145   -0.114605  0.0368044 
0.817019   0.875243   -0.138087  0.0425161 
0.913736   0.803637   -0.114714  0.0365286 
0.870507   0.816216   -0.137912  0.0300921 
0.895426   0.729239   -0.273285  0.053007  
0.895426   0.729239   -0.273285  0.0472747 
0.895426   0.729239   -0.273285  0.0267671 
0.841852   0.820331   -0.246314  0.0333117 
0.803053   0.883376   -0.187524  0.0666036 
0.803053   0.883376   -0.187524  0.0365554 
0.803053   0.883376   -0.187524  0.0338952 
0.800635   0.882375   -0.175741  0.0331091 
0.851433   0.828358   -0.169942  0.03537   
0.785918   0.893288   -0.158338  0.0568803 
0.762254   0.984218   -0.0239334 0.0854295 
0.762254   0.984218   -0.0239334 0.0840988 
0.762254   0.984218   -0.0239334 0.109857  
0.762254   0.984218   -0.0239334 0.0643489 
0.762254   0.984218   -0.0239334 0.0331206 
0.726889   0.928848   -0.20825   0.0292667 
0.7064     0.857402   -0.244573  0.0168889 
0.665511   0.820225   -0.329271  0.0234965 
0.630939   0.824353   -0.283842  0.0144043 
0.599653   0.813289   -0.332069  0.0245262 
0.551525   0.872563   -0.247807  0.0202543 
0.532842   0.878657   -0.24564   0.0139084 
0.599426   0.796545   -0.333749  0.0154695 
0.52222    0.808746   -0.281536  0.0197817 
0.553322   0.857113   -0.278251  0.0184912 
0.490707   0.875017   -0.2636    0.0314417 
0.555951   0.950177   -0.254048  0.0204555 
0.560902   0.934525   -0.244468  0.0489955 
0.649607   0.916893   -0.209048  0.0450485 
0.649607   0.916893   -0.209048  0.0467243 
0.649607   0.916893   -0.209048  0.0230363 
0.714518   0.828043   -0.304282  0.0283412 
0.714518   0.828043   -0.304282  0.0207572 
0.780637   0.791034   -0.338905  0.0388613 
0.805231   0.801308   -0.236676  0.0132323 
0.733176   0.713088   -0.377987  0.0137448 
0.726501   0.720853   -0.392826  0.0209087 
0.794942   0.795578   -0.335949  0.0187713 
0.837842   0.719059   -0.36843   0.0159555 
0.892632   0.645073   -0.377245  0.0208071 
0.939008   0.691764   -0.318841  0.0253652 
0.956699   0.691115   -0.264305  0.0100589 
0.887105   0.632907   -0.406998  0.00800497
0.825047   0.641279   -0.444615  0.00711638
0.843098   0.600068   -0.439494  0.0133517 
0.910646   0.539648   -0.344286  0.012355  
0.830453   0.541723   -0.367352  0.0141395 
0.884075   0.53367    -0.344275  0.0119344 
0.92293    0.592964   -0.350957  0.0116735 
0.830359   0.550213   -0.405638  0.0206368 
0.816861   0.492119   -0.261852  0.0398737 
0.910242   0.398653   0.383191   0.0539777 
0.901591   0.362661   0.550323   0.035657  
0.851778   0.421383   0.114309   0.0276094 
0.9293     0.455063   -0.0476047 0.0448186 
0.9293     0.455063   -0.0476047 0.0508501 
0.9293     0.455063   -0.0476047 0.0127533 
0.967467   0.550826   -0.281041  0.0150463 
1.03238    0.589722   -0.211793  0.0163258 
1.04157    0.498654   -0.0803881 0.0161961 
0.982921   0.503915   -0.162809  0.0140448 
1.03404    0.50966    -0.105413  0.0263589 
0.970369   0.452445   0.00503358 0.0304318 
0.970369   0.452445   0.00503358 0.0191769 
0.988338   0.486144   -0.108601  0.0264458 
0.988338   0.486144   -0.108601  0.0132032 
0.911178   0.534055   -0.322277  0.0189386 
0.916814   0.498954   -0.244103  0.0107249 
0.916243   0.568572   -0.357419  0.0120821 
0.83902    0.542283   -0.357506  0.0101484 
0.740856   0.557705   -0.404094  0.0263912 
0.740856   0.557705   -0.404094  0.00599135
0.790517   0.628489   -0.456597  0.0138342 
0.790517   0.628489   -0.456597  0.00769678
0.848021   0.626135   -0.438531  0.0162553 
0.889238   0.705068   -0.368033  0.0180849 
0.889238   0.705068   -0.368033  0.027756  
0.889238   0.705068   -0.368033  0.0472988 
0.889238   0.705068   -0.368033  0.0147065 
0.797984   0.698816   -0.416071  0.0132496 
0.714091   0.744912   -0.370296  0.00943739
0.653519   0.677936   -0.36405   0.00694165
0.691701   0.643803   -0.395566  0.0161381 
0.680095   0.695638   -0.365363  0.0108843 
0.591632   0.62842    -0.291463  0.0115758 
0.622232   0.67169    -0.343717  0.0119243 
0.570169   0.735961   -0.303382  0.0133965 
0.618193   0.818172   -0.332279  0.0317425 
0.53796    0.857771   -0.26186   0.019054  
0.496704   0.860461   -0.267035  0.0178522 
0.505447   0.791315   -0.25979   0.0140501 
0.504394   0.703818   -0.218297  0.0158426 
0.504394   0.703818   -0.218297  0.0145558 
0.506158   0.618114   -0.187455  0.00989455
0.605507   0.613371   -0.307255  0.00995546
0.622053   0.66185    -0.342736  0.0079662 
0.679375   0.613028   -0.39165   0.0112121 
0.679375   0.613028   -0.39165   0.00694032
0.775367   0.615555   -0.420779  0.0103651 
0.831439   0.558841   -0.413335  0.00684682
0.741303   0.62188    -0.434729  0.00901878
0.732881   0.688378   -0.407505  0.016165  
0.727511   0.780616   -0.374497  0.0207796 
0.777439   0.77309    -0.325561  0.0220883 
0.85625    0.747809   -0.330305  0.0371939 
0.776272   0.820391   -0.226747  0.0205642 
0.864624   0.736494   -0.324114  0.0195564 
0.787858   0.770744   -0.359964  0.0225636 
0.813894   0.759904   -0.347605  0.0350758 
0.735343   0.816399   -0.232846  0.0112944 
0.646833   0.725475   -0.363817  0.0081746 
0.72411    0.625548   -0.425499  0.00791031
0.673387   0.605217   -0.392046  0.0109701 
0.588974   0.672322   -0.323594  0.0120884 
0.555177   0.625129   -0.263815  0.0146616 
0.530378   0.646723   -0.287623  0.0128334 
0.571331   0.552402   -0.221844  0.0119187 
0.580614   0.616596   -0.292653  0.00819893
0.658957   0.607013   -0.381471  0.00908668
0.671038   0.57994    -0.385483  0.0104944 
0.597826   0.646758   -0.310159  0.00763449
0.675328   0.614167   -0.370334  0.00897598
0.744853   0.710465   -0.425585  0.0250872 
0.779408   0.7834     -0.339808  0.0399724 
0.800133   0.732323   -0.345786  0.00803138
0.866644   0.636062   -0.431999  0.0287266 
0.866644   0.636062   -0.431999  0.0268974 
0.913743   0.730779   -0.299559  0.0595001 
0.913743   0.730779   -0.299559  0.0371045 
0.913743   0.730779   -0.299559  0.0405396 
0.913743   0.730779   -0.299559  0.0451143 
0.913743   0.730779   -0.299559  0.0206592 
0.907408   0.651883   -0.366379  0.0194103 
0.899505   0.691423   -0.350942  0.0380654 
0.829412   0.765708   -0.273221  0.0515183 
0.829412   0.765708   -0.273221  0.0143618 
0.752527   0.720876   -0.379987  0.00922729
0.7738     0.676478   -0.417433  0.0139189 
0.750012   0.706896   -0.40712   0.00998936
0.66466    0.684891   -0.375428  0.0207452 
0.63667    0.754275   -0.307003  0.0201298 
0.724747   0.832823   -0.283942  0.0354009 
0.724747   0.832823   -0.283942  0.0169672 
0.679957   0.794733   -0.316997  0.0219511 
0.636907   0.855856   -0.289917  0.0330129 
0.694216   0.938019   -0.187546  0.0841862 
0.694216   0.938019   -0.187546  0.0431241 
0.694216   0.938019   -0.187546  0.0495452 
0.694216   0.938019   -0.187546  0.0317659 
0.693967   0.927283   -0.203622  0.0494845 
0.792085   0.946711   -0.016252  0.0975705 
0.830191   1.0164     0.341971   0.0589107 
0.872998   0.980017   0.121955   0.0926179 
0.825218   1.05815    0.361197   0.108916  
0.825218   1.05815    0.361197   0.110667  
0.799135   1.03549    0.417832   0.0929354 
0.799135   1.03549    0.417832   0.0697623 
0.72373    1.10023    0.220025   0.0505979 
0.701754   1.02923    0.0281688  0.0574262 
0.610512   1.06548    0.0475867  0.0758084 
0.562481   1.13673    0.1334     0.0370158 
0.492782   1.08172    -0.141093  0.0555013 
0.53665    0.996695   -0.109497  0.0336955 
0.50001    1.05643    -0.179356  0.0571982 
0.59908    1.09713    -0.0112551 0.0494231 
0.636622   1.09832    -0.00830708 0.111375  
0.636622   1.09832    -0.00830708 0.0794991 
0.615778   1.14032    0.116784   0.077716  
0.562373   1.1644     0.211948   0.0660647 
0.546684   1.11971    0.00382215 0.074902  
0.524412   1.21507    0.208445   0.0541294 
0.436834   1.18995    -0.00266216 0.0750142 
0.371816   1.21675    0.125355   0.078664  
0.371816   1.21675    0.125355   0.0593132 
0.306349   1.17139    -0.0357489 0.0449935 
0.340262   1.13683    -0.107632  0.0337622 
0.248944   1.1455     -0.156895  0.0291109 
0.248466   1.07392    -0.230058  0.0437703 
0.231702   1.08292    -0.130422  0.0317943 
0.241665   1.05856    -0.159852  0.0403062 
0.278776   1.14947    -0.101038  0.0353499 
0.297315   1.12362    -0.184198  0.0365899 
0.303243   1.13023    -0.160874  0.0447211 
0.278391   1.08605    -0.146273  0.0563952 
0.191822   1.14396    -0.0868139 0.033122  
0.152388   1.16575    -0.194681  0.0482726 
0.152388   1.16575    -0.194681  0.0701994 
0.152388   1.16575    -0.194681  0.0343952 
0.0738019  1.14292    -0.18213   0.0215179 
-0.0111307 1.04679    -0.241312  0.0229693 
0.0545675  1.08146    -0.252633  0.0443704 
0.0404682  1.15938    -0.122007  0.0453107 
0.0931181  1.16858    -0.121395  0.0229181 
0.161347   1.09474    -0.280479  0.0218101 
0.145107   1.00239    -0.235212  0.0240842 
0.161965   1.06933    -0.251934  0.0297527 
0.0731827  1.07362    -0.221999  0.0229727 
0.0872818  1.06977    -0.261051  0.0324706 
0.0661528  1.01445    -0.193654  0.0222531 
0.0162043  0.965915   -0.211965  0.0352676 
0.0999958  1.05124    -0.211282  0.0165739 
0.0280398  0.951975   -0.239651  0.0182081 
0.0915017  0.899113   -0.218849  0.0179211 
0.0505946  0.810011   -0.0958916 0.0173932 
-0.00278831 0.835958   -0.135973  0.0165326 
0.0281009  0.848791   -0.150901  0.0152174 
-0.00596433 0.933553   -0.24011   0.0177818 
-0.0451351 1.01709    -0.277727  0.0203772 
-0.107543  1.03298    -0.249295  0.024005  
-0.137704  1.05311    -0.219676  0.0224684 
-0.0492111 0.977079   -0.255643  0.021043  
-0.00323035 0.968881   -0.233611  0.0216085 
0.0927521  1.02099    -0.232836  0.0167082 
0.105751   0.937712   -0.226604  0.0161779 
0.0705771  0.903486   -0.216602  0.0170909 
-0.0227811 0.959399   -0.229981  0.0207313 
0.0394716  0.992807   -0.232575  0.0151614 
-0.0433825 0.920808   -0.235821  0.0153842 
-0.0191534 0.890789   -0.199688  0.0188873 
0.0117071  0.930563   -0.22326   0.0172155 
0.0117071  0.930563   -0.22326   0.0238551 
0.0454476  1.02957    -0.236536  0.0162376 
-0.0109163 0.958526   -0.2383    0.0231347 
0.0311866  1.03939    -0.238889  0.0176156 
0.0456811  0.995753   -0.281399  0.0176457 
0.0456811  0.995753   -0.281399  0.023323  
-0.0520101 1.0221     -0.232814  0.0354367 
-0.15007   1.08888    -0.167037  0.0344461 
-0.123026  1.16707    -0.139259  0.0331873 
-0.213526  1.11662    -0.24556   0.0463569 
-0.213526  1.11662    -0.24556   0.0764346 
-0.279756  1.19375    0.0928438  0.0237759 
-0.252014  1.10658    -0.256902  0.0267656 
-0.281459  1.04392    -0.227418  0.0337015 
-0.281459  1.04392    -0.227418  0.0544319 
-0.37037   1.03967    -0.111358  0.0289912 
-0.415773  1.05553    -0.227554  0.0278936 
-0.383077  1.02329    -0.211885  0.0469982 
-0.352974  1.10211    -0.159313  0.0272841 
-0.338728  1.04644    -0.221671  0.0268617 
-0.243601  1.10798    -0.240537  0.0332159 
-0.149317  1.13483    -0.193295  0.0267198 
-0.143633  1.08162    -0.261753  0.0376829 
-0.239097  1.14907    -0.133064  0.0309758 
-0.190978  1.11082    -0.178296  0.0295757 
-0.250324  1.15182    -0.174592  0.0706752 
-0.250324  1.15182    -0.174592  0.0415054 
-0.26538   1.07933    -0.16925   0.0262872 
-0.265459  1.01293    -0.215473  0.0258043 
-0.198339  0.930582   -0.246266  0.0187179 
-0.293982  1.00185    -0.254013  0.0162306 
-0.308962  0.908334   -0.249111  0.0175343 
-0.355904  0.898339   -0.232597  0.0170133 
-0.324221  0.832867   -0.207755  0.0173901 
-0.290361  0.774215   -0.129697  0.0165768 
-0.213416  0.839031   -0.187636  0.0179819 
-0.305012  0.78513    -0.191755  0.0171372 
-0.258617  0.834176   -0.199578  0.0181068 
-0.295144  0.907092   -0.260406  0.0179803 
-0.35981   0.92988    -0.244539  0.0250491 
-0.312454  1.01733    -0.239302  0.0343102 
-0.219287  1.05818    -0.178483  0.0269451 
-0.254244  0.981549   -0.264809  0.03916   
-0.343209  1.0815     -0.205039  0.0498492 
-0.333066  1.11187    -0.114155  0.0416363 
-0.247064  1.1648     -0.086127  0.0442313 
-0.336614  1.08598    -0.137464  0.0239343 
-0.340496  0.993432   -0.251521  0.0344441 
-0.252756  1.0487     -0.207535  0.0602277 
-0.230269  1.07743    -0.192976  0.0218263 
-0.17898   0.990742   -0.246064  0.0159641 
-0.186855  0.907838   -0.24898   0.017236  
-0.138824  0.878827   -0.200264  0.0162367 
-0.109245  0.898048   -0.233008  0.0155247 
-0.0946253 0.904758   -0.223279  0.0171167 
-0.178537  0.856258   -0.183631  0.0179534 
-0.122063  0.824684   -0.173568  0.0167211 
-0.221938  0.835527   -0.177595  0.0200474 
-0.221938  0.835527   -0.177595  0.0187406 
-0.292011  0.755506   -0.154454  0.0192432 
-0.266615  0.722788   -0.0715176 0.0219716 
-0.266615  0.722788   -0.0715176 0.0191136 
-0.353282  0.666307   -0.0382688 0.0215439 
-0.27242   0.640068   0.0932988  0.0206899 
-0.296296  0.651289   0.0448147  0.02066   
-0.281013  0.667405   0.0592057  0.022049  
-0.336481  0.587496   0.0941421  0.0249401 
-0.239611  0.614986   0.208375   0.0247672 
-0.329737  0.523344   0.207438   0.0237205 
-0.280572  0.608691   0.125911   0.0273799 
-0.251835  0.581291   0.188916   0.0264826 
-0.27499   0.570216   0.182076   0.0260984 
-0.188897  0.63747    0.139317   0.0273019 
-0.188897  0.63747    0.139317   0.0291056 
-0.185802  0.556443   0.373867   0.0245638 
-0.169892  0.653802   0.142054   0.0196868 
-0.196189  0.746714   -0.110069  0.0201016 
-0.158113  0.754979   -0.0609967 0.0174982 
-0.0652523 0.814208   -0.1324    0.0182997 
-0.0056406 0.793387   -0.121205  0.0164034 
0.082677   0.85783    -0.154663  0.0161191 
0.0596849  0.88322    -0.224364  0.0196939 
0.0572729  0.939853   -0.242469  0.0189016 
-0.0277295 0.955121   -0.236301  0.0218679 
-0.110244  0.984226   -0.237838  0.017405  
-0.18825   0.95385    -0.241817  0.0167571 
-0.172761  0.911702   -0.234807  0.0174242 
-0.101226  0.964557   -0.261663  0.0179457 
-0.13051   0.924888   -0.207953  0.0214845 
-0.216902  0.898141   -0.287737  0.0168584 
-0.14399   0.903625   -0.234656  0.0158751 
-0.152349  0.904234   -0.240259  0.01712   
-0.232956  0.819842   -0.189048  0.0175374 
-0.15465   0.831632   -0.156727  0.0165335 
-0.121077  0.894217   -0.235495  0.025261  
-0.129707  0.975091   -0.208163  0.0161209 
-0.124059  0.975381   -0.272557  0.0209782 
-0.176188  1.04067    -0.278602  0.0468269 
-0.114644  1.12903    -0.192409  0.0755371 
-0.114644  1.12903    -0.192409  0.0325293 
-0.0804108 1.16249    -0.157077  0.0441663 
-0.135862  1.14101    -0.151838  0.0384377 
-0.163132  1.109      -0.194596  0.051096  
-0.0642843 1.20574    -0.0987973 0.0749658 
-0.0642843 1.20574    -0.0987973 0.0775476 
-0.0110822 1.28272    0.191981   0.0755622 
-0.0154539 1.36261    0.265515   0.0888965 
-0.00996919 1.34052    0.353308   0.0896067 
-0.0732866 1.3099     0.219657   0.157426  
-0.0832634 1.38241    0.516899   0.156922  
-0.15258   1.31639    0.400304   0.0713712 
-0.25234   1.34458    0.258931   0.110518  
-0.25234   1.34458    0.258931   0.116606  
-0.25234   1.34458    0.258931   0.115759  
-0.252458  1.41451    0.631233   0.151005  
-0.252458  1.41451    0.631233   0.115665  
-0.192007  1.35934    0.322886   0.0858595 
-0.0992465 1.36675    0.356957   0.238057  
-0.0992465 1.36675    0.356957   0.150016  
-0.0992465 1.36675    0.356957   0.205518  
-0.0992465 1.36675    0.356957   0.0672233 
-0.138325  1.2982     0.163006   0.0827439 
-0.0926331 1.31453    0.245147   0.0714972 
-0.1156    1.26234    0.0889779  0.0814641 
-0.185581  1.20315    -0.0143387 0.0569962 
-0.188551  1.12085    -0.1073    0.0180269 
-0.212352  1.05028    -0.288529  0.0514095 
-0.130935  1.14432    -0.123583  0.0257718 
-0.0927386 1.06782    -0.198807  0.0245032 
-0.0398342 1.06143    -0.253066  0.0279975 
-0.095039  1.10098    -0.217024  0.0302632 
-0.119372  1.00759    -0.200262  0.0157046 
-0.205298  0.994924   -0.275061  0.0164243 
-0.156518  0.895703   -0.22314   0.0242799 
-0.178002  0.972695   -0.272133  0.0391852 
-0.0831543 1.00747    -0.231296  0.0226852 
-0.0669494 1.08211    -0.233857  0.03629   
-0.0669494 1.08211    -0.233857  0.0657456 
-0.0204492 1.18183    -0.0632665 0.0593498 
0.0731837  1.16496    -0.0532885 0.0239719 
0.0227966  1.09215    -0.222509  0.0207747 
0.0140273  1.05534    -0.234274  0.0348636 
0.0751827  1.13518    -0.152944  0.0369205 
0.169667   1.16228    -0.141374  0.0550711 
0.261963   1.24006    -0.0248609 0.108324  
0.34485    1.27567    0.303131   0.113033  
0.34485    1.27567    0.303131   0.108533  
0.251326   1.27627    0.345427   0.0550826 
0.244507   1.24348    0.0447927  0.0869067 
0.294556   1.27233    0.316052   0.0449241 
0.252623   1.21666    -0.0747909 0.053217  
0.255756   1.2016     -0.0493268 0.046981  
0.282336   1.17624    -0.0561321 0.0453671 
0.347451   1.22384    -0.0585894 0.0473917 
0.354938   1.17197    -0.066395  0.0256458 
0.295667   1.08355    -0.250432  0.0454713 
0.346256   1.07989    -0.136008  0.0271244 
0.393602   1.01984    -0.206083  0.0512795 
0.393602   1.01984    -0.206083  0.0205864 
0.445475   0.943491   -0.251372  0.0179627 
0.428988   0.935433   -0.256373  0.0277024 
0.347705   0.991995   -0.203344  0.0355321 
0.276858   1.06363    -0.189865  0.0183899 
0.293232   0.987458   -0.256697  0.0268162 
0.312105   0.965896   -0.21911   0.029348  
0.368078   1.00764    -0.181895  0.0228169 
0.38067    1.02247    -0.24153   0.0306645 
0.407767   1.0426     -0.169618  0.0240516 
0.332925   1.00075    -0.221868  0.0195699 
0.410006   0.901713   -0.25032   0.0251724 
0.472079   0.844584   -0.249539  0.0199629 
0.420902   0.901094   -0.249845  0.0159019 
0.46512    0.819306   -0.271855  0.0158579 
0.405491   0.810202   -0.282202  0.0165192 
0.427571   0.877781   -0.256532  0.0248966 
0.337836   0.894893   -0.235385  0.0170206 
0.416762   0.863329   -0.257507  0.016609  
0.488629   0.860006   -0.284969  0.0275071 
0.444923   0.952333   -0.238133  0.0201767 
0.496817   0.855424   -0.266793  0.0148013 
0.553764   0.808475   -0.307987  0.0209154 
0.581264   0.870276   -0.262703  0.0226643 
0.655824   0.911301   -0.255054  0.0293641 
0.590661   0.930245   -0.228268  0.0400042 
0.618126   1.00581    -0.148838  0.0954203 
0.647766   1.08098    0.205674   0.0785665 
0.715162   1.15496    0.309779   0.0742517 
0.655045   1.09608    0.16038    0.0772023 
0.64468    1.13484    0.200833   0.091988  
0.555794   1.18404    0.226178   0.103799  
0.495005   1.20768    0.382914   0.123937  
0.46777    1.29151    0.572588   0.092178  
0.374755   1.3728     0.416598   0.191963  
0.374755   1.3728     0.416598   0.125864  
0.304865   1.43332    0.787754   0.129585  
0.25086    1.41377    0.664219   0.131786  
0.167648   1.48991    0.887761   0.210715  
0.167648   1.48991    0.887761   0.150076  
0.167648   1.48991    0.887761   0.174891  
0.167648   1.48991    0.887761   0.252557  
0.167648   1.48991    0.887761   0.184892  
0.167648   1.48991    0.887761   0.270336  
0.167648   1.48991    0.887761   0.237103  
0.167648   1.48991    0.887761   0.115232  
0.142158   1.45624    0.853147   0.123422  
0.167272   1.46495    0.83929    0.12129   
0.137444   1.42752    0.763794   0.129276  
0.0470925  1.49125    0.861751   0.235726  
0.0470925  1.49125    0.861751   0.183325  
0.0470925  1.49125    0.861751   0.161491  
0.0470925  1.49125    0.861751   0.185892  
0.0470925  1.49125    0.861751   0.195084  
0.0470925  1.49125    0.861751   0.115065  
0.0964234  1.4762     0.733658   0.158565  
0.0964234  1.4762     0.733658   0.152445  
0.0413279  1.43051    0.8141     0.191163  
0.0413279  1.43051    0.8141     0.0846935 
0.068408   1.35157    0.301568   0.102166  
0.068408   1.35157    0.301568   0.150335  
0.068408   1.35157    0.301568   0.115944  
0.101505   1.39252    0.527372   0.104212  
0.0717598  1.49013    0.654672   0.12375   
0.0717598  1.49013    0.654672   0.2071    
0.0717598  1.49013    0.654672   0.158453  
0.0717598  1.49013    0.654672   0.158216  
0.0717598  1.49013    0.654672   0.158199  
0.0717598  1.49013    0.654672   0.0891575 
0.0321649  1.44716    0.521935   0.170433  
0.0321649  1.44716    0.521935   0.183209  
-0.0352329 1.52902    1.41009    0.136935  
0.0212473  1.4343     0.765035   0.0842541 
0.073504   1.35307    0.279941   0.105509  
0.073504   1.35307    0.279941   0.233824  
0.073504   1.35307    0.279941   0.113586  
0.106933   1.43948    0.516393   0.146956  
0.106933   1.43948    0.516393   0.172819  
0.106933   1.43948    0.516393   0.109399  
0.145328   1.40578    0.656459   0.364467  
0.145328   1.40578    0.656459   0.127254  
0.185933   1.46015    0.771373   0.170564  
0.185933   1.46015    0.771373   0.141626  
0.185933   1.46015    0.771373   0.184467  
0.185933   1.46015    0.771373   0.112569  
0.106135   1.39624    0.560436   0.136279  
0.163407   1.34427    0.466247   0.0911302 
0.0853998  1.3462     0.316193   0.072443  
0.048155   1.36288    0.272553   0.158623  
0.048155   1.36288    0.272553   0.159432  
0.048155   1.36288    0.272553   0.0671604 
0.0876045  1.30032    0.184759   0.11459   
0.145043   1.25268    0.231177   0.0857526 
0.208377   1.27911    0.260722   0.0840115 
0.207089   1.2862     0.203986   0.0470848 
0.143396   1.18641    -0.0893412 0.083752  
0.20608    1.24043    0.0391471  0.069642  
0.12029    1.26308    0.0782615  0.0560934 
0.173584   1.21604    0.00493427 0.05893   
0.254382   1.24617    0.0321324  0.073521  
0.267999   1.16215    0.0382415  0.07222   
0.350826   1.25166    0.104986   0.0781852 
0.274993   1.29649    0.162943   0.0563524 
0.27887    1.22002    0.0365839  0.0641498 
0.18581    1.19026    0.0388413  0.0395644 
0.274678   1.13406    -0.153777  0.0319679 
0.291584   1.0448     -0.216471  0.0209654 
0.195991   0.991585   -0.294201  0.0556205 
0.195991   0.991585   -0.294201  0.0365328 
0.164122   1.07318    -0.192773  0.0179743 
0.125705   0.998987   -0.241917  0.0238114 
0.0969617  1.06769    -0.24136   0.0216416 
0.0641225  1.02545    -0.251617  0.0199513 
0.0819476  0.963815   -0.24586   0.017427  
0.0350631  0.86832    -0.219995  0.0176011 
0.0782143  0.835279   -0.150293  0.0181154 
0.0749569  0.846484   -0.124065  0.0176622 
-0.00880485 0.898108   -0.221541  0.016188  
-0.0253749 0.938348   -0.241751  0.0196981 
-0.072973  1.00827    -0.264943  0.018198  
-0.0347894 1.04302    -0.258519  0.0165381 
0.0348564  0.972305   -0.26283   0.0184021 
-0.0367832 0.977862   -0.258675  0.016622  
-0.0867344 0.920963   -0.218317  0.0171651 
0.0110184  0.88229    -0.211994  0.0168289 
0.0160826  0.848161   -0.168962  0.0182962 
0.0986631  0.837334   -0.180548  0.0160896 
0.155199   0.858305   -0.191669  0.0167282 
0.123632   0.858096   -0.198248  0.017262  
0.18963    0.93169    -0.242904  0.0160183 
0.0975957  0.891219   -0.238602  0.018441  
0.0975957  0.891219   -0.238602  0.016413  
0.0443492  0.922882   -0.215924  0.019971  
-0.0225214 0.931971   -0.228841  0.0191953 
