#MU        SIGMA      ENERGY     ERROR     
0.61075    0.59145    -0.3005    0.0149254 
0.61075    0.59145    -0.3005    0.0111367 
0.61075    0.59145    -0.3005    0.0153595 
0.640103   0.523625   -0.301267  0.0125024 
0.640103   0.523625   -0.301267  0.0110539 
0.725235   0.546724   -0.393169  0.0178068 
0.725235   0.546724   -0.393169  0.00718277
0.705651   0.600904   -0.407472  0.0102551 
0.618      0.59131    -0.32958   0.0108316 
0.618      0.59131    -0.32958   0.00807726
0.667876   0.644582   -0.39404   0.00902377
0.765166   0.672043   -0.426813  0.00743667
0.718952   0.632421   -0.423747  0.00913278
0.789577   0.574614   -0.433695  0.0143989 
0.789577   0.574614   -0.433695  0.00986886
0.888395   0.571625   -0.382099  0.0169714 
0.934647   0.515635   -0.271328  0.0282332 
0.934647   0.515635   -0.271328  0.0129977 
0.970521   0.533286   -0.254173  0.0303683 
0.970521   0.533286   -0.254173  0.0194876 
0.921655   0.498782   -0.225633  0.0135781 
1.01286    0.595397   -0.26605   0.0191967 
0.927812   0.685297   -0.339291  0.0173278 
0.92583    0.662006   -0.371419  0.00995548
0.892305   0.563983   -0.379658  0.0179188 
0.892305   0.563983   -0.379658  0.0164035 
0.892305   0.563983   -0.379658  0.00669609
0.796339   0.60609    -0.442943  0.00706338
0.820332   0.593995   -0.450578  0.0100047 
0.853341   0.654769   -0.423664  0.0118977 
0.868212   0.665515   -0.4127    0.0242324 
0.868212   0.665515   -0.4127    0.00992213
0.868212   0.665515   -0.4127    0.00954419
0.786951   0.661849   -0.422386  0.0130787 
0.805812   0.683323   -0.40532   0.0157297 
0.805812   0.683323   -0.40532   0.0140975 
0.851575   0.69242    -0.401502  0.0214678 
0.851575   0.69242    -0.401502  0.0171158 
0.84484    0.685956   -0.391101  0.0110955 
0.819944   0.659928   -0.420043  0.00763334
0.782677   0.58356    -0.43266   0.00983211
0.78434    0.559249   -0.42891   0.0109052 
0.71428    0.54627    -0.374947  0.00781883
0.712932   0.583629   -0.410967  0.00992119
0.628888   0.584954   -0.347913  0.0136232 
0.673194   0.531855   -0.356241  0.0261709 
0.673194   0.531855   -0.356241  0.0148192 
0.640569   0.518621   -0.3034    0.00871441
0.645674   0.597582   -0.353662  0.00836739
0.740673   0.668502   -0.408067  0.0103286 
0.65211    0.719207   -0.357385  0.0113273 
0.65211    0.719207   -0.357385  0.00780953
0.67116    0.626618   -0.385091  0.0102392 
0.67116    0.626618   -0.385091  0.0101654 
0.65745    0.691357   -0.374069  0.00798215
0.665143   0.634233   -0.369463  0.0102579 
0.649715   0.684961   -0.372381  0.0118562 
0.657357   0.683959   -0.374147  0.00805851
0.683655   0.59795    -0.388955  0.00903512
0.65044    0.589194   -0.357244  0.00929891
0.637471   0.650499   -0.368901  0.0133414 
0.699925   0.741279   -0.379404  0.00973711
0.630538   0.696628   -0.350195  0.0097726 
0.696706   0.681636   -0.386769  0.0068976 
0.704125   0.614743   -0.403813  0.0140271 
0.704125   0.614743   -0.403813  0.0112001 
0.784587   0.554856   -0.406694  0.00693828
0.745152   0.593965   -0.431273  0.00902475
0.745152   0.593965   -0.431273  0.00752205
0.808534   0.639708   -0.447171  0.00839812
0.841037   0.579839   -0.426072  0.0123877 
0.835049   0.673684   -0.420722  0.0212633 
0.906571   0.628537   -0.375734  0.0105752 
0.874511   0.650178   -0.414816  0.00925592
0.877838   0.614784   -0.427695  0.0150536 
0.841611   0.522346   -0.317872  0.0160006 
0.81737    0.517873   -0.363641  0.0358262 
0.81737    0.517873   -0.363641  0.0147053 
0.818883   0.527337   -0.341718  0.0160073 
0.815847   0.518989   -0.341466  0.00891852
0.849057   0.601528   -0.434851  0.015214  
0.791641   0.524231   -0.347523  0.0174331 
0.746275   0.513873   -0.355242  0.025892  
0.746275   0.513873   -0.355242  0.0105934 
0.693106   0.557591   -0.374802  0.0192816 
0.693106   0.557591   -0.374802  0.0234585 
0.693106   0.557591   -0.374802  0.0168508 
0.693106   0.557591   -0.374802  0.00918832
0.658627   0.583591   -0.370056  0.00804102
0.709673   0.592489   -0.401713  0.01231   
0.667469   0.675471   -0.38699   0.0110419 
0.690581   0.724858   -0.380236  0.0149629 
0.690581   0.724858   -0.380236  0.012045  
0.717869   0.720842   -0.39262   0.0133159 
0.725191   0.741092   -0.378677  0.0183723 
0.783671   0.75519    -0.354262  0.0309382 
0.783671   0.75519    -0.354262  0.0121999 
0.732886   0.693776   -0.404596  0.0222172 
0.796983   0.740182   -0.358317  0.0201359 
0.829343   0.751668   -0.347576  0.0137864 
0.760023   0.744356   -0.36319   0.013789  
0.761847   0.721675   -0.3939    0.0163706 
0.674673   0.775714   -0.356833  0.0159611 
0.755283   0.75034    -0.379481  0.0419827 
0.755283   0.75034    -0.379481  0.0396745 
0.7402     0.845961   -0.224645  0.054567  
0.784122   0.871168   -0.170881  0.0456604 
0.784122   0.871168   -0.170881  0.0387497 
0.768799   0.778087   -0.292351  0.0114196 
0.786664   0.693032   -0.415459  0.0173128 
0.848544   0.689185   -0.376     0.00850541
0.825102   0.661301   -0.446586  0.0110075 
0.777154   0.682769   -0.422719  0.0283038 
0.824266   0.757807   -0.349976  0.0251851 
0.824266   0.757807   -0.349976  0.0210332 
0.824266   0.757807   -0.349976  0.0159409 
0.757867   0.699676   -0.383179  0.0153799 
0.681744   0.776556   -0.349036  0.0237837 
0.760275   0.764396   -0.352905  0.0191623 
0.755449   0.752674   -0.342789  0.0223799 
0.73624    0.77952    -0.341051  0.0286871 
0.73624    0.77952    -0.341051  0.0196935 
0.73624    0.77952    -0.341051  0.0203961 
0.816759   0.742574   -0.341913  0.0176352 
0.818322   0.750121   -0.363765  0.0296751 
0.871865   0.726943   -0.298095  0.0188022 
0.889732   0.679325   -0.354018  0.0223812 
0.874478   0.687095   -0.350105  0.00841072
0.887341   0.621914   -0.414047  0.0201022 
0.887341   0.621914   -0.414047  0.0128435 
0.880786   0.641622   -0.409998  0.0121685 
0.826771   0.543043   -0.37544   0.0139933 
0.778517   0.529601   -0.36096   0.0159125 
0.772041   0.515844   -0.34208   0.032771  
0.772041   0.515844   -0.34208   0.0165315 
0.845949   0.51824    -0.336934  0.0176539 
0.851362   0.512545   -0.326566  0.0270196 
0.851362   0.512545   -0.326566  0.0125497 
0.943641   0.545148   -0.31399   0.016835  
0.943641   0.545148   -0.31399   0.0136145 
0.943641   0.545148   -0.31399   0.0223503 
0.943641   0.545148   -0.31399   0.0122356 
0.927627   0.643385   -0.371743  0.00966388
0.852266   0.638227   -0.435689  0.0204999 
0.852266   0.638227   -0.435689  0.0114597 
0.812063   0.569643   -0.421922  0.0120491 
0.812063   0.569643   -0.421922  0.00757756
0.752705   0.583929   -0.438548  0.0123836 
0.752705   0.583929   -0.438548  0.00809078
0.722723   0.585798   -0.407401  0.0138341 
0.722723   0.585798   -0.407401  0.00847914
0.666826   0.675247   -0.385814  0.00817867
0.739133   0.578897   -0.42794   0.0141982 
0.779806   0.672488   -0.40621   0.00831768
0.865487   0.598911   -0.435609  0.00806617
0.829864   0.591171   -0.443879  0.0202693 
0.829864   0.591171   -0.443879  0.00827373
0.787492   0.63971    -0.444592  0.00694294
0.725828   0.632728   -0.430019  0.0102902 
0.674599   0.703906   -0.392742  0.0111434 
0.593851   0.696369   -0.331458  0.0107554 
0.594523   0.628657   -0.326453  0.00815071
0.652932   0.608614   -0.378662  0.0137572 
0.652932   0.608614   -0.378662  0.010864  
0.714791   0.556772   -0.406746  0.00847035
0.719699   0.578505   -0.398073  0.00858462
0.80421    0.639545   -0.434316  0.00852746
0.847584   0.61464    -0.451655  0.00933935
0.772908   0.655948   -0.433413  0.0129001 
0.772908   0.655948   -0.433413  0.0175969 
0.794139   0.675025   -0.412631  0.0196932 
0.745944   0.768125   -0.374559  0.0342509 
0.745944   0.768125   -0.374559  0.0211222 
0.696081   0.827624   -0.297898  0.0485936 
0.696081   0.827624   -0.297898  0.0122606 
0.604973   0.745019   -0.339463  0.0171118 
0.590023   0.827387   -0.33516   0.0320129 
0.590023   0.827387   -0.33516   0.0392264 
0.590023   0.827387   -0.33516   0.0287693 
0.590023   0.827387   -0.33516   0.0164817 
0.561197   0.797204   -0.30881   0.0201112 
0.561197   0.797204   -0.30881   0.019958  
0.561197   0.797204   -0.30881   0.023005  
0.649124   0.852313   -0.3154    0.0469946 
0.649124   0.852313   -0.3154    0.0215923 
0.653761   0.780267   -0.331424  0.0168782 
0.745951   0.782075   -0.35643   0.0372784 
0.745951   0.782075   -0.35643   0.0190672 
0.76668    0.745436   -0.358169  0.0298333 
0.76668    0.745436   -0.358169  0.0251691 
0.76668    0.745436   -0.358169  0.0147512 
0.77911    0.750822   -0.392857  0.0207681 
0.829134   0.764875   -0.311724  0.00809585
0.73525    0.688064   -0.416753  0.0145393 
0.73525    0.688064   -0.416753  0.0264422 
0.826773   0.78629    -0.279733  0.0435038 
0.910327   0.765152   -0.239214  0.0218994 
0.877156   0.732337   -0.360062  0.0260083 
0.80725    0.801285   -0.293028  0.0363543 
0.80725    0.801285   -0.293028  0.0150942 
0.713181   0.744158   -0.35804   0.0146047 
0.716726   0.72071    -0.366494  0.0150969 
0.797924   0.714101   -0.373242  0.00970946
0.824541   0.667331   -0.426947  0.0169457 
0.80239    0.755978   -0.363621  0.0354285 
0.80239    0.755978   -0.363621  0.0227441 
0.821968   0.745343   -0.335335  0.0153864 
0.851922   0.685413   -0.388981  0.0253101 
0.851922   0.685413   -0.388981  0.00669746
0.828505   0.626873   -0.450009  0.00764206
0.828505   0.626873   -0.450009  0.00809769
0.806467   0.579464   -0.434783  0.0189431 
0.806467   0.579464   -0.434783  0.0155075 
0.774845   0.51966    -0.33029   0.0213383 
0.774845   0.51966    -0.33029   0.0139037 
0.867582   0.5847     -0.395632  0.0105216 
0.901843   0.566661   -0.392888  0.011222  
0.937026   0.568928   -0.343082  0.0139414 
1.02261    0.517498   -0.166045  0.0137446 
1.04806    0.564288   -0.205932  0.0149139 
1.05741    0.501082   -0.0594201 0.024597  
1.05741    0.501082   -0.0594201 0.0143981 
1.12473    0.527287   0.0220753  0.0195592 
1.12473    0.527287   0.0220753  0.028567  
1.09407    0.619586   -0.0372139 0.0205889 
1.05495    0.627408   -0.166443  0.021547  
1.05495    0.627408   -0.166443  0.037113  
1.05495    0.627408   -0.166443  0.0130799 
1.06725    0.575289   -0.154849  0.0223347 
1.06725    0.575289   -0.154849  0.0177868 
1.06725    0.575289   -0.154849  0.0150346 
1.01622    0.521609   -0.212751  0.0126734 
1.03746    0.555296   -0.214573  0.0112634 
0.955522   0.558371   -0.318395  0.0126431 
0.980685   0.571187   -0.314275  0.0182875 
0.92269    0.607647   -0.369295  0.0114403 
0.878672   0.659107   -0.423768  0.00763451
0.840731   0.585053   -0.426378  0.022215  
0.840731   0.585053   -0.426378  0.00685503
0.809961   0.609976   -0.439795  0.0053935 
0.783464   0.616998   -0.452276  0.00852406
0.714984   0.665077   -0.411404  0.00717329
0.734017   0.597325   -0.450175  0.0158076 
0.734017   0.597325   -0.450175  0.00713843
0.684408   0.616716   -0.399495  0.00715589
0.753509   0.612212   -0.43311   0.00733354
0.731183   0.658105   -0.435556  0.0178183 
0.731183   0.658105   -0.435556  0.00720359
0.764971   0.587428   -0.429304  0.00734   
0.78866    0.63669    -0.451342  0.0129094 
0.807128   0.542895   -0.414232  0.00846993
0.771398   0.638084   -0.425209  0.0138387 
0.84477    0.540328   -0.375795  0.0160425 
0.84477    0.540328   -0.375795  0.0161036 
0.84477    0.540328   -0.375795  0.0127607 
0.830031   0.540142   -0.382118  0.0201891 
0.830031   0.540142   -0.382118  0.0219047 
0.795033   0.491073   -0.308308  0.0301432 
0.795033   0.491073   -0.308308  0.0155285 
0.799612   0.524467   -0.360348  0.00788595
0.708615   0.586531   -0.404561  0.00975534
0.708615   0.586531   -0.404561  0.0188326 
0.708615   0.586531   -0.404561  0.0175802 
0.708615   0.586531   -0.404561  0.0177337 
0.708615   0.586531   -0.404561  0.00680509
0.721412   0.631997   -0.419051  0.0115268 
0.721412   0.631997   -0.419051  0.00692623
0.77876    0.591377   -0.441483  0.00864089
0.787289   0.611323   -0.435363  0.00786677
0.787289   0.611323   -0.435363  0.00698612
0.708029   0.620654   -0.422162  0.0100361 
0.608799   0.602644   -0.323648  0.0111073 
0.580293   0.650175   -0.309656  0.00761885
0.679436   0.608932   -0.393313  0.0108635 
0.679436   0.608932   -0.393313  0.0124634 
0.768333   0.540077   -0.393603  0.0276067 
0.768333   0.540077   -0.393603  0.00918754
0.690505   0.570372   -0.3894    0.0230946 
0.690505   0.570372   -0.3894    0.00741095
0.69579    0.621888   -0.402396  0.00898202
0.69579    0.621888   -0.402396  0.0105497 
0.770945   0.674832   -0.425058  0.0119696 
0.728858   0.678219   -0.399353  0.0177246 
0.728858   0.678219   -0.399353  0.00688672
0.802414   0.61593    -0.449037  0.00752268
0.7962     0.604555   -0.426026  0.00967295
0.857296   0.604752   -0.424794  0.0257245 
0.953189   0.676332   -0.277226  0.0101987 
0.914244   0.590966   -0.377615  0.0126018 
0.914244   0.590966   -0.377615  0.00979422
0.906783   0.593951   -0.410454  0.014098  
0.813757   0.693749   -0.417153  0.0153703 
0.873353   0.655987   -0.387189  0.00699258
0.864723   0.605569   -0.428035  0.0144289 
0.94873    0.579772   -0.331387  0.0116173 
1.0241     0.562767   -0.241943  0.0131118 
0.978595   0.593146   -0.316788  0.0144036 
0.978595   0.593146   -0.316788  0.0129457 
0.978595   0.593146   -0.316788  0.0176517 
0.924219   0.6585     -0.352827  0.0199326 
1.01414    0.641874   -0.225818  0.0104062 
0.955888   0.588006   -0.35136   0.0135534 
0.904651   0.537583   -0.330736  0.0120826 
0.87186    0.560272   -0.387025  0.0145093 
0.87186    0.560272   -0.387025  0.0106176 
0.87186    0.560272   -0.387025  0.0103212 
0.87186    0.560272   -0.387025  0.0235523 
0.87186    0.560272   -0.387025  0.0225852 
0.87186    0.560272   -0.387025  0.0100501 
0.926876   0.569315   -0.363881  0.00933455
0.950283   0.584094   -0.359936  0.012321  
0.950283   0.584094   -0.359936  0.0144452 
0.950283   0.584094   -0.359936  0.0114078 
0.950283   0.584094   -0.359936  0.0240882 
0.950283   0.584094   -0.359936  0.019831  
0.950283   0.584094   -0.359936  0.0147118 
0.927022   0.652404   -0.369806  0.0131305 
0.927022   0.652404   -0.369806  0.0267325 
0.927022   0.652404   -0.369806  0.0175884 
0.837982   0.746453   -0.363355  0.0230726 
0.759382   0.807222   -0.309778  0.0404143 
0.759382   0.807222   -0.309778  0.0142225 
0.662634   0.786674   -0.357589  0.0139012 
0.693009   0.749967   -0.368023  0.0111418 
0.694955   0.696094   -0.400516  0.0288609 
0.69643    0.758278   -0.339831  0.017974  
0.680104   0.801044   -0.326273  0.034928  
0.680104   0.801044   -0.326273  0.015962  
0.707203   0.726746   -0.377193  0.0233263 
0.707203   0.726746   -0.377193  0.00979766
0.792637   0.675346   -0.422776  0.00885002
0.80085    0.597998   -0.439955  0.016687  
0.80085    0.597998   -0.439955  0.0105765 
0.843449   0.559584   -0.405897  0.00781612
0.836409   0.639052   -0.448285  0.00619484
0.836409   0.639052   -0.448285  0.0087    
0.739252   0.683399   -0.416556  0.00722987
0.77812    0.596174   -0.446689  0.0145965 
0.77812    0.596174   -0.446689  0.010567  
0.77812    0.596174   -0.446689  0.00903412
0.705802   0.565944   -0.36648   0.00923607
0.773959   0.653879   -0.432473  0.00654888
0.716979   0.637959   -0.423881  0.00651389
0.776338   0.608764   -0.443842  0.0124671 
0.776338   0.608764   -0.443842  0.0102597 
0.807944   0.63028    -0.428607  0.013919  
0.77996    0.714474   -0.383103  0.00663617
0.812034   0.618565   -0.444823  0.012219  
0.763862   0.708917   -0.407426  0.00818079
0.693913   0.655062   -0.401142  0.0101609 
0.706108   0.694994   -0.408362  0.0133988 
0.681795   0.743132   -0.376902  0.0110801 
0.628906   0.742155   -0.364254  0.0118456 
0.615922   0.67909    -0.356078  0.0128307 
0.615922   0.67909    -0.356078  0.0121831 
0.630879   0.731357   -0.343983  0.00866859
0.650736   0.649182   -0.384812  0.0119999 
0.650736   0.649182   -0.384812  0.0113201 
0.650736   0.649182   -0.384812  0.00939087
0.650736   0.649182   -0.384812  0.00865695
0.629031   0.633006   -0.336363  0.00952753
0.698799   0.663803   -0.406446  0.00867127
0.698799   0.663803   -0.406446  0.0100886 
0.627572   0.578582   -0.340686  0.00957258
0.673781   0.603514   -0.366746  0.00839156
0.657728   0.628995   -0.381893  0.00756576
0.69121    0.594416   -0.412065  0.0102118 
0.613542   0.592744   -0.334768  0.0124515 
0.613542   0.592744   -0.334768  0.00782582
0.661244   0.605676   -0.376624  0.00973661
0.661244   0.605676   -0.376624  0.00830084
0.691776   0.582535   -0.382895  0.00796005
0.758684   0.577631   -0.431403  0.0233041 
0.758684   0.577631   -0.431403  0.00991669
0.758684   0.577631   -0.431403  0.00835906
0.659737   0.649458   -0.388376  0.0116865 
0.659737   0.649458   -0.388376  0.0127418 
0.659737   0.649458   -0.388376  0.0112856 
0.659737   0.649458   -0.388376  0.0132511 
0.659737   0.649458   -0.388376  0.0115516 
0.642711   0.721454   -0.372912  0.0139573 
0.715762   0.76487    -0.366634  0.034817  
0.809725   0.848359   -0.209264  0.0394113 
0.808734   0.829464   -0.165652  0.0386068 
0.87356    0.862312   -0.152325  0.0415526 
0.827451   0.910099   -0.10577   0.0452846 
0.848497   0.912084   -0.0615787 0.0390141 
0.836771   0.836602   -0.17648   0.0565602 
0.836771   0.836602   -0.17648   0.0497475 
0.906441   0.878289   0.0307872  0.045278  
0.95541    0.857968   0.00157366 0.0595477 
0.95541    0.857968   0.00157366 0.0890888 
0.95541    0.857968   0.00157366 0.0574944 
0.95541    0.857968   0.00157366 0.0404765 
0.977541   0.774226   -0.0726112 0.0191872 
0.943704   0.697195   -0.327134  0.0145842 
0.918826   0.640249   -0.367176  0.0122486 
0.954752   0.540471   -0.277938  0.0173754 
0.954752   0.540471   -0.277938  0.00909686
0.8743     0.624774   -0.424906  0.0238464 
0.8743     0.624774   -0.424906  0.0232238 
0.8743     0.624774   -0.424906  0.00840429
0.779577   0.572926   -0.425262  0.013644  
0.72332    0.526891   -0.349591  0.0135538 
0.799608   0.531488   -0.348191  0.0099266 
0.824765   0.565737   -0.411747  0.0135616 
0.892119   0.534087   -0.339571  0.0121888 
0.819757   0.543406   -0.37708   0.0160557 
0.849584   0.519778   -0.365759  0.0181151 
0.813772   0.504892   -0.296799  0.0219082 
0.72956    0.48364    -0.290423  0.021971  
0.65846    0.472342   -0.153673  0.0418717 
0.658391   0.402795   0.150146   0.0189526 
0.650569   0.488005   -0.212558  0.0109191 
0.607854   0.564244   -0.295691  0.00845606
0.686579   0.584361   -0.397001  0.0159393 
0.686579   0.584361   -0.397001  0.0201431 
0.686579   0.584361   -0.397001  0.0134406 
0.768268   0.53498    -0.371389  0.0154962 
0.768268   0.53498    -0.371389  0.00707622
0.750026   0.590638   -0.433082  0.0093947 
0.801884   0.652723   -0.436531  0.0169422 
0.861069   0.689813   -0.377852  0.00789452
0.781379   0.619007   -0.439557  0.0106892 
0.781379   0.619007   -0.439557  0.0122178 
0.872383   0.547295   -0.400429  0.0199448 
0.872383   0.547295   -0.400429  0.0268976 
0.872383   0.547295   -0.400429  0.019961  
0.872383   0.547295   -0.400429  0.00828874
0.801868   0.577399   -0.444141  0.0185607 
0.801868   0.577399   -0.444141  0.0171394 
0.801868   0.577399   -0.444141  0.0124373 
0.801868   0.577399   -0.444141  0.01017   
0.837179   0.642898   -0.423307  0.00735302
0.843371   0.610327   -0.436705  0.0259837 
0.843371   0.610327   -0.436705  0.0063053 
0.770459   0.636575   -0.436897  0.0126466 
0.770459   0.636575   -0.436897  0.0121838 
0.753278   0.546098   -0.428376  0.00607124
0.747734   0.61784    -0.442648  0.00719178
0.690759   0.613321   -0.409726  0.0110719 
0.676812   0.683501   -0.368524  0.0114445 
0.676812   0.683501   -0.368524  0.00770435
0.697009   0.58512    -0.373103  0.00992398
0.622604   0.670884   -0.351663  0.0110303 
0.609357   0.690002   -0.345459  0.0137058 
0.652566   0.640206   -0.373727  0.00874287
0.643291   0.593203   -0.340013  0.0119635 
0.732156   0.688753   -0.391132  0.00958288
0.652709   0.692983   -0.366579  0.0145073 
0.722703   0.729529   -0.374923  0.00866246
0.730824   0.691161   -0.418294  0.00632862
0.740778   0.670141   -0.429026  0.0169314 
0.789427   0.761884   -0.38099   0.0196825 
0.702521   0.813379   -0.350463  0.0311591 
0.615691   0.875756   -0.242287  0.0246222 
0.534715   0.941986   -0.297137  0.0182925 
0.439589   0.930856   -0.309732  0.0655523 
0.439589   0.930856   -0.309732  0.0160553 
0.439589   0.930856   -0.309732  0.0287227 
0.439589   0.930856   -0.309732  0.0247972 
0.439589   0.930856   -0.309732  0.0220623 
0.537435   0.878667   -0.252822  0.0233226 
0.475107   0.894394   -0.267651  0.0192011 
0.403677   0.846039   -0.229316  0.0167246 
0.419221   0.747822   -0.209759  0.0182701 
0.419221   0.747822   -0.209759  0.0199557 
0.419221   0.747822   -0.209759  0.0186432 
0.476446   0.82456    -0.235831  0.015577  
0.472468   0.794905   -0.27815   0.0128863 
0.551047   0.726949   -0.303557  0.0131542 
0.596499   0.766384   -0.331073  0.0146838 
0.599925   0.800461   -0.322749  0.0187306 
0.579317   0.865927   -0.286877  0.0265637 
0.624597   0.890245   -0.283959  0.0251972 
0.720353   0.819366   -0.311233  0.0274349 
0.761105   0.810494   -0.290781  0.0367391 
0.761105   0.810494   -0.290781  0.01837   
0.856598   0.717651   -0.372097  0.0108994 
0.798869   0.693809   -0.418031  0.0159139 
0.864956   0.634697   -0.409619  0.00881797
0.798154   0.679799   -0.436     0.00755513
0.736713   0.586981   -0.437617  0.0151337 
0.784957   0.670606   -0.41628   0.00607063
0.725448   0.659978   -0.431068  0.0103258 
0.725448   0.659978   -0.431068  0.00929447
0.632165   0.660596   -0.347051  0.00911591
0.722366   0.675866   -0.412901  0.0129362 
0.632125   0.711685   -0.33808   0.0108064 
0.709303   0.646358   -0.424209  0.0225061 
0.709303   0.646358   -0.424209  0.00921324
0.75066    0.682594   -0.416903  0.00792145
0.75066    0.682594   -0.416903  0.00731948
0.755383   0.656499   -0.434738  0.00784294
0.746645   0.577735   -0.41767   0.0158148 
0.746645   0.577735   -0.41767   0.00611104
0.758772   0.633638   -0.445185  0.0068384 
0.78981    0.591879   -0.447267  0.0134806 
0.745195   0.530879   -0.364954  0.0221869 
0.745195   0.530879   -0.364954  0.0225583 
0.745195   0.530879   -0.364954  0.0151432 
0.684221   0.521345   -0.336161  0.0100014 
0.771995   0.559664   -0.427386  0.0204695 
0.771995   0.559664   -0.427386  0.0096772 
0.771995   0.559664   -0.427386  0.00635249
0.770597   0.608374   -0.450026  0.0120683 
0.808881   0.654265   -0.428141  0.0134502 
0.808881   0.654265   -0.428141  0.00796378
0.874863   0.59407    -0.424683  0.0135489 
0.829746   0.673099   -0.423886  0.00938462
0.801078   0.59911    -0.447627  0.00664577
0.790421   0.608842   -0.445346  0.0153463 
0.790421   0.608842   -0.445346  0.019909  
0.790421   0.608842   -0.445346  0.0174692 
0.789847   0.513064   -0.350081  0.010297  
0.856406   0.567955   -0.40398   0.00897844
0.805301   0.662547   -0.445298  0.0135833 
0.821017   0.715417   -0.38762   0.0340421 
0.821017   0.715417   -0.38762   0.00882261
0.80382    0.663513   -0.437758  0.00796481
0.879978   0.593628   -0.418401  0.0181157 
0.879978   0.593628   -0.418401  0.0107794 
0.85592    0.561062   -0.406436  0.0189901 
0.934857   0.48709    -0.116353  0.011369  
0.84296    0.553787   -0.403616  0.0125111 
0.829087   0.541515   -0.378975  0.0140802 
0.925981   0.631403   -0.371851  0.0284686 
0.925981   0.631403   -0.371851  0.0117108 
0.835335   0.549889   -0.396882  0.0158104 
0.747891   0.516097   -0.311638  0.0131812 
0.802684   0.538386   -0.381253  0.0250149 
0.802684   0.538386   -0.381253  0.00726641
0.73853    0.603535   -0.42656   0.0109517 
0.808105   0.555443   -0.419793  0.0123487 
0.894958   0.64763    -0.409634  0.00977726
0.873312   0.588611   -0.402459  0.0099419 
0.835342   0.653752   -0.439184  0.0222939 
0.824096   0.72601    -0.34298   0.0107343 
0.758402   0.688774   -0.422934  0.00865578
0.687673   0.661303   -0.387464  0.00903005
0.648455   0.609874   -0.377244  0.0141605 
0.648455   0.609874   -0.377244  0.0127289 
0.648455   0.609874   -0.377244  0.011271  
0.566503   0.589752   -0.251001  0.016254  
0.566503   0.589752   -0.251001  0.010642  
0.598637   0.616491   -0.318809  0.0148262 
0.518409   0.533033   -0.129509  0.0203211 
0.518409   0.533033   -0.129509  0.0176609 
0.450162   0.59646    -0.0789678 0.0176047 
0.476916   0.516224   -0.053442  0.0203294 
0.476916   0.516224   -0.053442  0.0151962 
0.545726   0.529095   -0.207148  0.0143733 
0.527087   0.576788   -0.214738  0.0147861 
0.56086    0.531594   -0.227735  0.0124762 
0.600803   0.549121   -0.287856  0.014081  
0.543551   0.594111   -0.258753  0.0108627 
0.597627   0.58832    -0.282633  0.0177304 
0.558645   0.494014   -0.172994  0.0220649 
0.5983     0.462008   -0.096168  0.0289452 
0.578504   0.439231   -0.0457979 0.0180018 
0.602874   0.501827   -0.234244  0.0137708 
0.570974   0.54478    -0.252153  0.0162087 
0.521472   0.531732   -0.173102  0.0114146 
0.585969   0.569976   -0.26238   0.0104658 
0.607685   0.628855   -0.331995  0.0113214 
0.624896   0.694068   -0.341921  0.0135044 
0.54566    0.73249    -0.261745  0.0148704 
0.475392   0.791993   -0.249411  0.0163605 
0.475392   0.791993   -0.249411  0.01617   
0.475392   0.791993   -0.249411  0.016158  
0.475392   0.791993   -0.249411  0.0148862 
0.475392   0.791993   -0.249411  0.0139864 
0.51525    0.709735   -0.266847  0.0166441 
0.46505    0.801685   -0.249439  0.0165366 
0.501884   0.820199   -0.284815  0.0176457 
0.491975   0.888484   -0.267069  0.0209912 
0.394601   0.970412   -0.261157  0.0201627 
0.377243   0.912147   -0.24563   0.0200747 
0.32453    0.959293   -0.269711  0.0180404 
0.347895   0.90728    -0.225426  0.0357856 
0.418953   0.968397   -0.206127  0.0342937 
0.395188   0.916393   -0.200138  0.0158522 
0.360218   0.821383   -0.223514  0.0239785 
0.450435   0.884832   -0.260678  0.0208221 
0.366994   0.969813   -0.233773  0.0269484 
0.394422   0.983073   -0.207556  0.0329489 
0.394422   0.983073   -0.207556  0.0230305 
0.476385   0.938999   -0.271514  0.0264978 
0.540743   0.939959   -0.246868  0.0282121 
0.596312   0.970953   -0.233149  0.0322581 
0.582789   0.913486   -0.218805  0.0237029 
0.61741    0.832514   -0.280145  0.0251359 
0.635831   0.881814   -0.238673  0.0165489 
0.574084   0.819763   -0.318509  0.0167016 
0.574084   0.819763   -0.318509  0.0209641 
0.560837   0.854249   -0.285335  0.0148078 
0.501216   0.768135   -0.269467  0.0162907 
0.523783   0.831953   -0.268919  0.0147691 
0.523783   0.831953   -0.268919  0.0246031 
0.523783   0.831953   -0.268919  0.0176178 
0.498067   0.929735   -0.306806  0.0594374 
0.498067   0.929735   -0.306806  0.0316516 
0.522127   1.02535    -0.164269  0.0340127 
0.489484   1.08639    -0.160178  0.0639676 
0.489484   1.08639    -0.160178  0.0538742 
0.462052   1.14527    0.0243847  0.0308682 
0.432325   1.09428    -0.147989  0.0441551 
0.384635   1.02314    -0.187034  0.0430982 
0.458      1.09964    -0.0674401 0.0536753 
0.541337   1.08891    -0.0370838 0.0658632 
0.541337   1.08891    -0.0370838 0.0496066 
0.594309   0.995128   -0.149911  0.0502779 
0.594309   0.995128   -0.149911  0.0303438 
0.677714   0.921031   -0.244092  0.0255995 
0.700757   0.826878   -0.296578  0.0628063 
0.700757   0.826878   -0.296578  0.0232725 
0.777628   0.798753   -0.30396   0.010513  
0.787324   0.706327   -0.409811  0.00645985
0.744668   0.615867   -0.44218   0.012798  
0.809903   0.694049   -0.415623  0.0143343 
0.766084   0.710083   -0.38926   0.0160857 
0.680248   0.806378   -0.355905  0.0210451 
0.680248   0.806378   -0.355905  0.0128929 
0.614208   0.729496   -0.322189  0.0130912 
0.529251   0.661767   -0.260805  0.0182775 
0.557319   0.745617   -0.273049  0.0121245 
0.558076   0.711511   -0.295298  0.014318  
0.558076   0.711511   -0.295298  0.0132274 
0.585438   0.743279   -0.305601  0.0134252 
0.585438   0.743279   -0.305601  0.0120525 
0.584686   0.725425   -0.328406  0.010153  
0.624903   0.670672   -0.366081  0.0137462 
0.724647   0.735768   -0.392637  0.0160602 
0.724647   0.735768   -0.392637  0.0208755 
0.724647   0.735768   -0.392637  0.0165167 
0.770767   0.767629   -0.356608  0.0240456 
0.770767   0.767629   -0.356608  0.041666  
0.770767   0.767629   -0.356608  0.0268978 
0.770767   0.767629   -0.356608  0.0257997 
0.770767   0.767629   -0.356608  0.0803509 
0.770767   0.767629   -0.356608  0.0132682 
0.726595   0.739575   -0.372931  0.0194811 
0.70384    0.78565    -0.342804  0.0221691 
0.661615   0.861426   -0.269721  0.0320758 
0.661615   0.861426   -0.269721  0.0345342 
0.602212   0.943503   -0.200631  0.0332011 
0.617377   0.941335   -0.192042  0.0235855 
0.550254   0.868553   -0.253888  0.0152213 
0.529641   0.827457   -0.292256  0.0291508 
0.628174   0.911053   -0.229019  0.0186267 
0.596117   0.83071    -0.28231   0.0131849 
0.58225    0.738355   -0.322676  0.0165306 
0.58225    0.738355   -0.322676  0.0144585 
0.58225    0.738355   -0.322676  0.0133196 
0.569895   0.784609   -0.30949   0.0159112 
0.579099   0.741153   -0.304571  0.0194618 
0.579099   0.741153   -0.304571  0.0134235 
0.594624   0.793282   -0.343481  0.0147667 
0.594624   0.793282   -0.343481  0.0108221 
0.635083   0.729692   -0.371421  0.0131735 
0.635083   0.729692   -0.371421  0.0118399 
0.656717   0.724449   -0.384918  0.0120998 
0.725177   0.72061    -0.414507  0.00976866
0.63342    0.66445    -0.370245  0.00967521
0.651197   0.58462    -0.344344  0.0171834 
0.651197   0.58462    -0.344344  0.014147  
0.723914   0.523773   -0.323971  0.0190285 
0.686958   0.495682   -0.280718  0.0292326 
0.686958   0.495682   -0.280718  0.0172143 
0.775503   0.510458   -0.321424  0.0104018 
0.858178   0.55452    -0.384471  0.0105586 
0.924099   0.568154   -0.376563  0.0192681 
0.924099   0.568154   -0.376563  0.00779932
0.864202   0.591477   -0.425349  0.00832193
0.885874   0.582029   -0.389361  0.00908569
0.806615   0.641516   -0.441974  0.0109445 
0.867721   0.555263   -0.402366  0.0103648 
0.857586   0.560154   -0.393008  0.0197196 
0.857586   0.560154   -0.393008  0.0122825 
0.873028   0.54851    -0.375687  0.0180356 
0.873028   0.54851    -0.375687  0.0104311 
0.873028   0.54851    -0.375687  0.0106011 
0.896535   0.626458   -0.415478  0.0110022 
0.804165   0.555399   -0.413748  0.0240285 
0.804165   0.555399   -0.413748  0.022683  
0.804165   0.555399   -0.413748  0.0101623 
0.807788   0.560786   -0.40627   0.00853548
0.875867   0.630021   -0.437108  0.0132368 
0.973787   0.534227   -0.26773   0.0134452 
1.01035    0.547653   -0.242012  0.0170098 
0.951179   0.645521   -0.352939  0.0185558 
1.03091    0.596441   -0.19872   0.0165949 
1.03091    0.596441   -0.19872   0.0184263 
0.984277   0.6282     -0.286065  0.0199325 
0.989235   0.676227   -0.289391  0.0253781 
0.989235   0.676227   -0.289391  0.0279581 
0.989235   0.676227   -0.289391  0.0204582 
0.973047   0.670125   -0.292928  0.0147    
0.886296   0.617004   -0.401535  0.0232025 
0.886296   0.617004   -0.401535  0.0135294 
0.967908   0.538176   -0.287111  0.0135195 
0.891445   0.53065    -0.326014  0.00811248
0.878133   0.616149   -0.425375  0.00629041
0.797459   0.613678   -0.442629  0.00751471
0.880731   0.600848   -0.438482  0.0083546 
0.873554   0.596367   -0.407294  0.00684319
0.789359   0.634337   -0.453929  0.00608964
0.794172   0.626353   -0.461631  0.0104718 
0.794172   0.626353   -0.461631  0.00813514
0.695331   0.668053   -0.40529   0.0114348 
0.595825   0.663611   -0.328861  0.0105159 
0.595825   0.663611   -0.328861  0.00854166
0.688739   0.586236   -0.418187  0.0111866 
0.688739   0.586236   -0.418187  0.00987782
0.688739   0.586236   -0.418187  0.00954224
0.634405   0.606057   -0.364422  0.010067  
0.620691   0.593445   -0.33283   0.00726584
0.713592   0.60084    -0.424905  0.007711  
0.68823    0.655216   -0.417489  0.00966799
0.692031   0.676059   -0.384609  0.0192883 
0.692031   0.676059   -0.384609  0.00694978
0.738697   0.678635   -0.427201  0.0204259 
0.738697   0.678635   -0.427201  0.0154879 
0.827132   0.699332   -0.401451  0.0103409 
0.735469   0.692614   -0.409398  0.00656059
0.760713   0.604429   -0.435354  0.0112511 
0.760713   0.604429   -0.435354  0.0124667 
0.756386   0.539851   -0.370409  0.00642391
0.713155   0.609727   -0.413315  0.00766402
0.808199   0.587727   -0.434998  0.00951142
0.808199   0.587727   -0.434998  0.0121528 
0.866499   0.54554    -0.384823  0.0164957 
0.866499   0.54554    -0.384823  0.00892464
0.884237   0.608916   -0.423138  0.013763  
0.884237   0.608916   -0.423138  0.00942558
0.818673   0.685582   -0.428703  0.0129497 
0.826976   0.669407   -0.411725  0.00796841
0.789167   0.621034   -0.449978  0.0112925 
0.818811   0.679554   -0.435744  0.0209457 
0.790826   0.761672   -0.341065  0.0375828 
0.790826   0.761672   -0.341065  0.0211927 
0.842911   0.739409   -0.33366   0.0319378 
0.842911   0.739409   -0.33366   0.0210583 
0.842911   0.739409   -0.33366   0.00788715
0.744012   0.649371   -0.425881  0.00687088
0.775484   0.616231   -0.455487  0.0128131 
0.775484   0.616231   -0.455487  0.00958787
0.767251   0.563954   -0.424885  0.0165978 
0.767251   0.563954   -0.424885  0.00861321
0.800372   0.633903   -0.436739  0.00998118
0.778891   0.670658   -0.413894  0.0072311 
0.746785   0.645429   -0.43384   0.00842401
0.657977   0.584337   -0.36227   0.010996  
0.616961   0.572651   -0.328421  0.00647086
0.709861   0.63758    -0.413641  0.00785382
0.752684   0.584723   -0.42342   0.00799452
0.752684   0.584723   -0.42342   0.00797504
0.706453   0.636116   -0.41559   0.0112744 
0.706453   0.636116   -0.41559   0.0107014 
0.798534   0.701563   -0.414373  0.0076942 
0.752526   0.650968   -0.43056   0.00915329
0.780569   0.566562   -0.419101  0.0176923 
0.742511   0.507658   -0.347934  0.0280755 
0.742511   0.507658   -0.347934  0.0316047 
0.742511   0.507658   -0.347934  0.0284113 
0.742511   0.507658   -0.347934  0.037093  
0.742511   0.507658   -0.347934  0.0230958 
0.742511   0.507658   -0.347934  0.0135086 
0.790746   0.537258   -0.399468  0.0191894 
0.790746   0.537258   -0.399468  0.00909694
0.880158   0.570829   -0.386617  0.0237915 
0.971776   0.667931   -0.294189  0.0322036 
0.971776   0.667931   -0.294189  0.0112279 
0.880981   0.662626   -0.412545  0.00995885
0.880981   0.662626   -0.412545  0.0159415 
0.880981   0.662626   -0.412545  0.00744478
0.858245   0.61663    -0.450487  0.00811176
0.795819   0.653566   -0.432006  0.0137494 
0.710423   0.739044   -0.381684  0.0121391 
0.785144   0.697582   -0.406591  0.0193149 
0.785144   0.697582   -0.406591  0.0092236 
0.856877   0.612247   -0.432085  0.0128696 
0.856877   0.612247   -0.432085  0.0098631 
0.763943   0.671641   -0.426344  0.00845332
0.763943   0.671641   -0.426344  0.011448  
0.823022   0.619328   -0.429023  0.0152755 
0.823022   0.619328   -0.429023  0.00897522
0.861891   0.592591   -0.417193  0.014136  
0.835318   0.528982   -0.356682  0.00968081
0.835318   0.528982   -0.356682  0.0309242 
0.835318   0.528982   -0.356682  0.0313885 
0.835318   0.528982   -0.356682  0.0283982 
0.835318   0.528982   -0.356682  0.00826642
0.869673   0.593076   -0.417528  0.0152476 
0.869673   0.593076   -0.417528  0.0196522 
0.927539   0.680117   -0.343287  0.0279436 
0.919619   0.717196   -0.271452  0.0385043 
0.919619   0.717196   -0.271452  0.0112793 
0.858449   0.661774   -0.413892  0.0161871 
0.858449   0.661774   -0.413892  0.0149653 
0.858449   0.661774   -0.413892  0.011345  
0.844965   0.67156    -0.429182  0.0210334 
0.855709   0.692629   -0.376956  0.00918774
0.793076   0.682106   -0.434983  0.0409744 
0.793076   0.682106   -0.434983  0.0077698 
0.703995   0.591101   -0.415413  0.00919298
0.741544   0.570657   -0.412826  0.00710476
0.762742   0.623285   -0.425948  0.00832473
0.758494   0.643986   -0.42063   0.00780452
0.69957    0.590521   -0.404422  0.0116243 
0.69957    0.590521   -0.404422  0.00817469
0.660903   0.648069   -0.384605  0.0111184 
0.736352   0.72918    -0.393085  0.01032   
0.744167   0.717882   -0.414661  0.018206  
0.744167   0.717882   -0.414661  0.0187355 
0.808316   0.714343   -0.393983  0.0307644 
0.716019   0.759412   -0.294251  0.0147386 
0.81219    0.704553   -0.382334  0.02219   
0.81219    0.704553   -0.382334  0.00589865
0.771227   0.61096    -0.447593  0.00955119
0.716821   0.5667     -0.413113  0.00773316
0.723295   0.58549    -0.418031  0.00926411
0.754803   0.670006   -0.422112  0.0119192 
0.729639   0.72423    -0.382102  0.0120541 
0.712965   0.70321    -0.386145  0.0182498 
0.712965   0.70321    -0.386145  0.00989184
0.634843   0.661966   -0.363266  0.0119186 
0.580043   0.691265   -0.329243  0.00854345
0.670015   0.661651   -0.387371  0.00998443
0.670015   0.661651   -0.387371  0.0150055 
0.670015   0.661651   -0.387371  0.0113874 
0.69311    0.71905    -0.369476  0.0151801 
0.702391   0.763826   -0.345711  0.0137744 
0.643643   0.753619   -0.349915  0.0114407 
0.60521    0.6886     -0.336251  0.0128646 
0.578984   0.754395   -0.293799  0.0107672 
0.672945   0.719      -0.365156  0.0209135 
0.672945   0.719      -0.365156  0.0149755 
0.655273   0.779444   -0.318432  0.0246573 
0.58311    0.856323   -0.254351  0.0158631 
0.530258   0.858796   -0.287044  0.0168322 
0.513348   0.875591   -0.269784  0.0184186 
0.530225   0.875003   -0.304835  0.0150984 
0.526446   0.857563   -0.317014  0.0164836 
0.571788   0.758762   -0.304971  0.0199217 
0.560171   0.850422   -0.302045  0.0236761 
0.589339   0.929605   -0.227866  0.0272362 
0.632442   0.926298   -0.231013  0.0283824 
0.721424   0.829531   -0.295314  0.0309892 
0.77241    0.845821   -0.234544  0.033095  
0.787226   0.84193    -0.234015  0.0571877 
0.815326   0.925133   -0.0289324 0.0311007 
0.801051   0.856258   -0.217093  0.0207469 
0.75192    0.768616   -0.316431  0.0274528 
0.75192    0.768616   -0.316431  0.014071  
0.846204   0.711375   -0.407435  0.026166  
0.824279   0.796643   -0.260732  0.0167429 
0.762532   0.758615   -0.34425   0.0199668 
0.762532   0.758615   -0.34425   0.0266857 
0.762532   0.758615   -0.34425   0.0206071 
0.748087   0.786907   -0.306575  0.0159954 
0.668271   0.777591   -0.360008  0.0178581 
0.668271   0.777591   -0.360008  0.0243642 
0.760576   0.798528   -0.327856  0.0178619 
0.850598   0.721217   -0.377534  0.0214843 
0.848461   0.748395   -0.320361  0.0190686 
0.903126   0.687217   -0.334648  0.0257799 
0.903126   0.687217   -0.334648  0.0227583 
0.84615    0.77346    -0.315654  0.0413334 
0.815226   0.829835   -0.176859  0.0528854 
0.901243   0.85717    -0.0337319 0.0302138 
0.923926   0.777012   -0.215548  0.0299488 
0.975571   0.743331   -0.177107  0.0321269 
1.03948    0.685209   -0.127334  0.0415738 
0.968067   0.710903   -0.176897  0.0300587 
0.948763   0.780132   -0.224254  0.0593449 
0.948763   0.780132   -0.224254  0.026613  
0.924793   0.692019   -0.267427  0.0149215 
0.927657   0.650271   -0.348751  0.0103539 
0.965734   0.572832   -0.32185   0.0196365 
0.965734   0.572832   -0.32185   0.0125362 
0.945878   0.629223   -0.377817  0.0200432 
0.945878   0.629223   -0.377817  0.0124789 
0.945878   0.629223   -0.377817  0.0228585 
0.945878   0.629223   -0.377817  0.0115819 
0.960214   0.571458   -0.333484  0.00801142
0.875134   0.604247   -0.416835  0.0118326 
0.875134   0.604247   -0.416835  0.0142074 
0.877811   0.645821   -0.408705  0.0171832 
0.888131   0.626298   -0.389269  0.0169907 
0.970736   0.621541   -0.327978  0.0137829 
0.972117   0.617639   -0.352451  0.0135552 
0.895282   0.609109   -0.396478  0.0125528 
0.958557   0.643673   -0.354192  0.0232073 
0.958557   0.643673   -0.354192  0.0260609 
0.958557   0.643673   -0.354192  0.0275903 
0.958557   0.643673   -0.354192  0.0294065 
0.923486   0.733138   -0.252587  0.0569702 
0.923486   0.733138   -0.252587  0.0211561 
0.89512    0.708102   -0.329318  0.0220833 
0.955443   0.684653   -0.308784  0.0165727 
0.884671   0.640639   -0.387138  0.0140129 
0.923616   0.642505   -0.386278  0.0398533 
0.923616   0.642505   -0.386278  0.0151252 
0.838209   0.695991   -0.395509  0.016027  
0.739293   0.695681   -0.409899  0.00916965
0.6825     0.701275   -0.39422   0.0124561 
0.773184   0.709839   -0.402787  0.020333  
0.773184   0.709839   -0.402787  0.0137737 
0.741306   0.702333   -0.400489  0.0266667 
0.741306   0.702333   -0.400489  0.0059747 
0.767849   0.620586   -0.451889  0.00857882
0.671637   0.584179   -0.390617  0.0174119 
0.671637   0.584179   -0.390617  0.0125235 
0.616621   0.679111   -0.323982  0.011031  
0.598568   0.724638   -0.336377  0.0174232 
0.671142   0.769733   -0.344799  0.016792  
0.637716   0.763294   -0.333707  0.00797519
0.710456   0.678478   -0.425861  0.018633  
0.712331   0.752044   -0.35552   0.0189487 
0.734225   0.830239   -0.319409  0.0216859 
0.805022   0.74984    -0.344275  0.0253474 
0.805022   0.74984    -0.344275  0.0350079 
0.850731   0.818043   -0.190419  0.0148683 
0.766713   0.755539   -0.366357  0.0436686 
0.73435    0.851913   -0.220904  0.0441334 
0.73435    0.851913   -0.220904  0.0359858 
0.761266   0.929543   -0.150827  0.0622294 
0.761266   0.929543   -0.150827  0.0312835 
0.860849   0.837348   -0.202399  0.0350979 
0.867165   0.814976   -0.196879  0.0231805 
0.906612   0.716223   -0.313692  0.0413197 
0.906612   0.716223   -0.313692  0.0102518 
0.824684   0.636578   -0.418238  0.0119275 
0.826146   0.542485   -0.377897  0.0238006 
0.826146   0.542485   -0.377897  0.0083881 
0.750389   0.573188   -0.424248  0.0207082 
0.750389   0.573188   -0.424248  0.0148851 
0.750389   0.573188   -0.424248  0.00846387
0.784119   0.669807   -0.439521  0.0230081 
0.784119   0.669807   -0.439521  0.00680016
0.751689   0.596842   -0.434725  0.00999118
0.72778    0.673808   -0.415119  0.00876218
0.72778    0.673808   -0.415119  0.00836949
0.704277   0.682974   -0.399161  0.0141844 
0.704277   0.682974   -0.399161  0.0128726 
0.764871   0.72446    -0.404566  0.0202834 
0.764871   0.72446    -0.404566  0.00775556
0.697398   0.626543   -0.423142  0.0103685 
0.763776   0.558594   -0.406689  0.0162546 
0.776193   0.514801   -0.294625  0.0249109 
0.776193   0.514801   -0.294625  0.0152861 
0.786769   0.523165   -0.369904  0.0352944 
0.786769   0.523165   -0.369904  0.00897668
0.773165   0.569208   -0.438762  0.00752076
0.702096   0.648114   -0.418251  0.0090987 
0.770672   0.56774    -0.413274  0.013137  
0.756961   0.603108   -0.419977  0.00792486
0.79046    0.592425   -0.43087   0.00675772
0.733423   0.603551   -0.425451  0.00669688
0.737938   0.620536   -0.43707   0.00604014
0.756245   0.622695   -0.432904  0.0119677 
0.756245   0.622695   -0.432904  0.0111348 
0.756245   0.622695   -0.432904  0.00744039
0.756245   0.622695   -0.432904  0.0144008 
0.756245   0.622695   -0.432904  0.00935833
0.718948   0.56704    -0.41351   0.0128715 
0.807899   0.538432   -0.395021  0.012753  
0.899579   0.631409   -0.397582  0.01944   
0.934864   0.622507   -0.338333  0.0147013 
0.862761   0.681426   -0.417816  0.0147487 
0.862761   0.681426   -0.417816  0.0209857 
0.862761   0.681426   -0.417816  0.0082863 
0.767912   0.666322   -0.427606  0.00735604
0.723366   0.646725   -0.418302  0.00939514
0.640994   0.601314   -0.366615  0.0105901 
0.640994   0.601314   -0.366615  0.00918619
0.635444   0.627867   -0.361345  0.0136441 
0.635444   0.627867   -0.361345  0.0093198 
0.71248    0.691756   -0.40026   0.00747244
0.690578   0.60199    -0.392597  0.0179723 
0.690578   0.60199    -0.392597  0.0188291 
0.784381   0.502174   -0.290819  0.0113698 
0.790713   0.550089   -0.400992  0.0229092 
0.730404   0.481914   -0.248826  0.0269887 
0.730404   0.481914   -0.248826  0.0127222 
0.805832   0.540913   -0.404622  0.0139552 
0.8276     0.537895   -0.397211  0.0275241 
0.8276     0.537895   -0.397211  0.00719457
0.733214   0.610843   -0.436726  0.00925914
0.737055   0.688401   -0.408941  0.0227365 
0.737055   0.688401   -0.408941  0.0184155 
0.737055   0.688401   -0.408941  0.00859795
0.721356   0.699561   -0.403994  0.0233762 
0.721356   0.699561   -0.403994  0.015353  
0.721356   0.699561   -0.403994  0.0105232 
0.721356   0.699561   -0.403994  0.00899444
0.686538   0.693346   -0.400377  0.0116214 
0.686538   0.693346   -0.400377  0.00660098
0.772622   0.608924   -0.441352  0.0140869 
0.772622   0.608924   -0.441352  0.0118642 
0.820786   0.670385   -0.415456  0.0101313 
0.907187   0.594937   -0.396632  0.010604  
0.829836   0.666767   -0.421463  0.0206873 
0.829836   0.666767   -0.421463  0.00614274
0.743237   0.633118   -0.43076   0.00912596
0.771547   0.651935   -0.422773  0.010599  
0.698352   0.554479   -0.376484  0.00609539
0.738197   0.622454   -0.437199  0.00865653
0.684751   0.669002   -0.399852  0.00811939
0.692111   0.6789     -0.403057  0.0161078 
0.664677   0.772575   -0.324251  0.0250691 
0.640216   0.824893   -0.308618  0.0289634 
0.729962   0.850111   -0.232157  0.0157417 
0.719957   0.796974   -0.346014  0.0209542 
0.719957   0.796974   -0.346014  0.0335687 
0.719957   0.796974   -0.346014  0.0159448 
0.719957   0.796974   -0.346014  0.0118337 
0.647815   0.708789   -0.38372   0.0137808 
0.647815   0.708789   -0.38372   0.0203696 
0.647815   0.708789   -0.38372   0.0119277 
0.717852   0.696367   -0.38436   0.0209156 
0.782683   0.710032   -0.388664  0.0241296 
0.851561   0.780208   -0.319171  0.0145468 
0.871834   0.691618   -0.381683  0.00731359
0.843243   0.618299   -0.449378  0.0127111 
0.843243   0.618299   -0.449378  0.0063737 
0.780967   0.617427   -0.446842  0.00972385
0.833576   0.656757   -0.426525  0.0130144 
0.847225   0.675351   -0.408065  0.00776494
0.814566   0.60446    -0.436332  0.00715314
0.759618   0.62931    -0.427965  0.00685097
0.752897   0.601119   -0.447477  0.0116481 
0.752897   0.601119   -0.447477  0.00625597
0.732252   0.612473   -0.425083  0.0136567 
0.732252   0.612473   -0.425083  0.017031  
0.80833    0.512614   -0.314419  0.00711928
0.760393   0.599936   -0.430999  0.0078841 
0.842391   0.601969   -0.442939  0.0155438 
0.842391   0.601969   -0.442939  0.0127809 
0.842391   0.601969   -0.442939  0.00833567
0.85024    0.632701   -0.446378  0.00782753
0.85024    0.632701   -0.446378  0.00842237
0.752366   0.686027   -0.429321  0.0134777 
0.752366   0.686027   -0.429321  0.00978191
0.684795   0.712599   -0.377955  0.0119102 
0.767628   0.669435   -0.424602  0.00697558
0.715458   0.648112   -0.406025  0.012067  
0.710573   0.720658   -0.38441   0.0130615 
0.709159   0.727366   -0.386795  0.00913466
0.710284   0.70155    -0.414438  0.0120694 
0.635645   0.704794   -0.347818  0.0129582 
0.635645   0.704794   -0.347818  0.014132  
0.593895   0.744168   -0.317631  0.00994372
0.629877   0.663567   -0.350427  0.0112374 
0.592901   0.682895   -0.298779  0.0147442 
0.495534   0.62453    -0.186084  0.0173201 
0.495534   0.62453    -0.186084  0.0152765 
0.50672    0.537914   -0.14332   0.0148376 
0.514331   0.569562   -0.174169  0.0186197 
0.514204   0.481878   -0.102157  0.0174008 
0.514204   0.481878   -0.102157  0.0189995 
0.541792   0.474002   -0.0998668 0.0268458 
0.603007   0.447714   -0.100535  0.0152872 
0.616753   0.514513   -0.23783   0.0362505 
0.616753   0.514513   -0.23783   0.0169863 
0.570261   0.504962   -0.211297  0.0203998 
0.570261   0.504962   -0.211297  0.011966  
0.648752   0.549842   -0.334725  0.00907299
0.633856   0.643658   -0.34826   0.00648099
0.728964   0.61941    -0.420049  0.0092086 
0.728964   0.61941    -0.420049  0.00941888
0.677995   0.573306   -0.386611  0.0133345 
0.677995   0.573306   -0.386611  0.0128069 
0.74208    0.53738    -0.366735  0.0219264 
0.673037   0.483551   -0.240781  0.0113361 
0.650213   0.549495   -0.331374  0.023199  
0.650213   0.549495   -0.331374  0.0094514 
0.613293   0.645543   -0.326689  0.0103696 
0.683677   0.559043   -0.372864  0.012989  
0.683677   0.559043   -0.372864  0.0236952 
0.683677   0.559043   -0.372864  0.0237061 
0.683677   0.559043   -0.372864  0.00998773
0.612645   0.645145   -0.349739  0.0134454 
0.685734   0.710687   -0.373953  0.0142204 
0.696745   0.73508    -0.354617  0.0242197 
0.696745   0.73508    -0.354617  0.0145703 
0.77664    0.691074   -0.413014  0.0208821 
0.802362   0.748344   -0.349054  0.0190239 
0.879446   0.699456   -0.367008  0.0194876 
0.860087   0.722091   -0.33368   0.0206891 
0.857563   0.750079   -0.349925  0.028654  
0.857563   0.750079   -0.349925  0.0321955 
0.857563   0.750079   -0.349925  0.0204857 
0.928186   0.711984   -0.316006  0.039476  
0.928186   0.711984   -0.316006  0.0175702 
0.867967   0.682215   -0.379722  0.025071  
0.937124   0.701265   -0.297024  0.0134182 
0.891845   0.643282   -0.402313  0.0120942 
0.891845   0.643282   -0.402313  0.0237031 
0.891845   0.643282   -0.402313  0.0116423 
0.801136   0.64934    -0.429201  0.013989  
0.801136   0.64934    -0.429201  0.00889406
0.72333    0.571882   -0.396573  0.00982528
0.72333    0.571882   -0.396573  0.010134  
0.639158   0.567037   -0.34169   0.0122749 
0.639158   0.567037   -0.34169   0.014723  
0.558601   0.51003    -0.175407  0.0200055 
0.558601   0.51003    -0.175407  0.0226586 
0.638616   0.471041   -0.174224  0.050414  
0.638616   0.471041   -0.174224  0.0280707 
0.643591   0.450578   -0.157816  0.0515606 
0.643591   0.450578   -0.157816  0.0152722 
0.660675   0.513499   -0.290877  0.00945724
0.696391   0.566993   -0.389653  0.00731477
0.778891   0.603939   -0.434983  0.012442  
0.71451    0.540632   -0.398292  0.0095113 
0.71451    0.540632   -0.398292  0.00946696
0.71451    0.540632   -0.398292  0.0134299 
0.71451    0.540632   -0.398292  0.0274308 
0.71451    0.540632   -0.398292  0.0132509 
0.71451    0.540632   -0.398292  0.014717  
0.71451    0.540632   -0.398292  0.0217736 
0.681673   0.480204   -0.256432  0.0342244 
0.681673   0.480204   -0.256432  0.0082289 
0.705046   0.580143   -0.40462   0.0119386 
0.680304   0.54737    -0.351242  0.0126911 
0.68594    0.53824    -0.344736  0.00865671
0.658057   0.603357   -0.372895  0.0113581 
0.658057   0.603357   -0.372895  0.00626737
0.742265   0.624415   -0.431853  0.0138835 
0.742265   0.624415   -0.431853  0.0100294 
0.696662   0.688081   -0.39002   0.0186291 
0.73099    0.780384   -0.355657  0.020891  
0.74059    0.80655    -0.304029  0.0290899 
0.74059    0.80655    -0.304029  0.0142293 
0.72427    0.727381   -0.382362  0.035304  
0.798653   0.805834   -0.233817  0.0627394 
0.798653   0.805834   -0.233817  0.0224631 
0.879148   0.732487   -0.307096  0.0274839 
0.879148   0.732487   -0.307096  0.0153801 
0.840535   0.682924   -0.391224  0.0380426 
0.867924   0.776003   -0.246204  0.019696  
0.831602   0.751124   -0.342368  0.0206523 
0.733558   0.825168   -0.330371  0.0267857 
0.74144    0.85493    -0.264042  0.0395281 
0.74144    0.85493    -0.264042  0.0434383 
0.813375   0.850395   -0.168556  0.0173925 
0.746123   0.761232   -0.338978  0.0427005 
0.746123   0.761232   -0.338978  0.0352208 
0.777222   0.816126   -0.253113  0.0120098 
0.729922   0.758731   -0.385661  0.0240775 
0.729922   0.758731   -0.385661  0.0158108 
0.821631   0.742394   -0.382435  0.028231  
0.821631   0.742394   -0.382435  0.00992842
0.75027    0.722919   -0.408353  0.00727515
0.694655   0.631113   -0.414308  0.0124529 
0.737906   0.541151   -0.388196  0.00978845
0.638096   0.577992   -0.344814  0.0165717 
0.706236   0.512698   -0.284601  0.00829147
0.76607    0.575025   -0.425399  0.0116999 
0.763885   0.54434    -0.391263  0.0131587 
0.698347   0.531594   -0.328776  0.0246066 
0.698347   0.531594   -0.328776  0.0128859 
0.692841   0.530435   -0.330195  0.0100096 
0.607401   0.602774   -0.296802  0.012865  
0.607401   0.602774   -0.296802  0.0121851 
0.587293   0.698817   -0.331203  0.009956  
0.615377   0.643619   -0.333052  0.0114781 
0.615377   0.643619   -0.333052  0.0130618 
0.602082   0.738033   -0.320483  0.0237361 
0.628085   0.816924   -0.286973  0.0429575 
0.628085   0.816924   -0.286973  0.0157516 
0.704957   0.730806   -0.354467  0.0114507 
0.70983    0.68764    -0.392026  0.0276133 
0.70983    0.68764    -0.392026  0.009198  
0.626415   0.628504   -0.350866  0.0129751 
0.553559   0.647578   -0.290276  0.0116623 
0.612747   0.561575   -0.320661  0.0104642 
0.637684   0.566659   -0.338189  0.0237216 
0.721509   0.474502   -0.208696  0.0383763 
0.721509   0.474502   -0.208696  0.0291056 
0.797367   0.454432   -0.0870027 0.0215769 
0.77602    0.487364   -0.214932  0.043622  
0.77602    0.487364   -0.214932  0.00883953
0.762527   0.570175   -0.41275   0.0191477 
0.762527   0.570175   -0.41275   0.0135114 
0.762527   0.570175   -0.41275   0.00869597
0.749345   0.636266   -0.424803  0.0121118 
0.819736   0.662993   -0.429147  0.0113423 
0.895336   0.61869    -0.408431  0.00741657
0.807452   0.643931   -0.447431  0.0165792 
0.843046   0.608258   -0.406511  0.0113822 
0.843046   0.608258   -0.406511  0.00674556
0.74791    0.607125   -0.432389  0.0184488 
0.82518    0.706585   -0.394963  0.0172319 
0.793534   0.762212   -0.350012  0.0107777 
0.725771   0.712894   -0.381929  0.00751506
0.821556   0.634129   -0.438345  0.0135682 
0.91168    0.631013   -0.381683  0.0122064 
0.91168    0.631013   -0.381683  0.0121971 
0.974228   0.545258   -0.279757  0.0247425 
1.01092    0.628078   -0.229635  0.0128453 
0.913261   0.5374     -0.33222   0.0216293 
0.913261   0.5374     -0.33222   0.0302905 
0.913261   0.5374     -0.33222   0.0221995 
0.913261   0.5374     -0.33222   0.013149  
0.951013   0.545311   -0.317129  0.0167334 
0.995963   0.595351   -0.280567  0.0176845 
0.937816   0.673284   -0.339178  0.0139562 
0.839024   0.663164   -0.415215  0.0187308 
0.839024   0.663164   -0.415215  0.0177793 
0.839024   0.663164   -0.415215  0.00969008
0.881865   0.572587   -0.411193  0.0226051 
0.881865   0.572587   -0.411193  0.00821078
0.838618   0.583438   -0.430846  0.010394  
0.788655   0.556277   -0.41174   0.0131658 
0.884553   0.539819   -0.347779  0.0104586 
0.92478    0.563738   -0.358158  0.0142611 
0.92478    0.563738   -0.358158  0.0107339 
0.919359   0.62119    -0.402117  0.0108545 
0.848831   0.679386   -0.41818   0.0239586 
0.848254   0.739595   -0.352155  0.00863704
0.792061   0.671198   -0.439108  0.0162296 
0.792061   0.671198   -0.439108  0.00820679
0.759126   0.663455   -0.430501  0.0240539 
0.759126   0.663455   -0.430501  0.00750831
0.818635   0.589088   -0.432386  0.0105204 
0.818635   0.589088   -0.432386  0.0117016 
0.850978   0.668538   -0.420842  0.0180724 
0.850978   0.668538   -0.420842  0.0101746 
0.894805   0.604593   -0.400179  0.0102872 
0.930226   0.582397   -0.349054  0.00954191
0.842145   0.568117   -0.418157  0.00721648
0.803805   0.600282   -0.44104   0.0145683 
0.803805   0.600282   -0.44104   0.0136748 
0.803805   0.600282   -0.44104   0.010392  
0.890271   0.565778   -0.396309  0.0189694 
0.890271   0.565778   -0.396309  0.0119739 
0.868517   0.645019   -0.411402  0.0112686 
0.854786   0.554676   -0.382985  0.0251227 
0.854786   0.554676   -0.382985  0.0132711 
0.869789   0.537896   -0.365303  0.0122964 
0.869789   0.537896   -0.365303  0.0097031 
0.82478    0.566173   -0.427182  0.00956394
0.869382   0.566035   -0.415179  0.0133967 
0.931743   0.537893   -0.321302  0.0219236 
0.931743   0.537893   -0.321302  0.0079183 
0.872714   0.605082   -0.433101  0.0170115 
0.872714   0.605082   -0.433101  0.0139393 
0.866028   0.677851   -0.40977   0.0193545 
0.940263   0.625449   -0.345932  0.0388032 
0.940263   0.625449   -0.345932  0.011448  
0.940263   0.625449   -0.345932  0.0151217 
0.978578   0.598052   -0.325136  0.0178177 
0.978578   0.598052   -0.325136  0.017827  
0.885165   0.691918   -0.378453  0.0111768 
0.79565    0.664015   -0.422803  0.00881984
0.785234   0.660226   -0.42773   0.00726796
0.842794   0.645863   -0.450796  0.0242247 
0.842794   0.645863   -0.450796  0.0256033 
0.851772   0.696793   -0.345184  0.0154149 
0.913679   0.668034   -0.358528  0.00618607
0.81695    0.618217   -0.439396  0.015811  
0.835354   0.708024   -0.380294  0.0181805 
0.835354   0.708024   -0.380294  0.0294034 
0.835354   0.708024   -0.380294  0.00813197
0.777287   0.659858   -0.438676  0.00806734
0.852421   0.612839   -0.438243  0.015009  
0.852421   0.612839   -0.438243  0.015181  
0.851572   0.683867   -0.379093  0.0227842 
0.851572   0.683867   -0.379093  0.0150796 
0.76009    0.750685   -0.372829  0.0272843 
0.76009    0.750685   -0.372829  0.0202209 
0.83259    0.754122   -0.349657  0.0120484 
0.917966   0.654319   -0.393878  0.0126407 
0.910418   0.604185   -0.397457  0.0107716 
0.822688   0.639357   -0.432694  0.00710912
0.821986   0.621568   -0.440084  0.0153322 
0.821986   0.621568   -0.440084  0.0119499 
0.821986   0.621568   -0.440084  0.0293694 
0.837181   0.713377   -0.322593  0.0498835 
0.837181   0.713377   -0.322593  0.018873  
0.881665   0.652126   -0.389588  0.0139384 
0.798583   0.640883   -0.432346  0.00963589
0.827699   0.661097   -0.420422  0.0215184 
0.861002   0.735408   -0.327924  0.01946   
0.908782   0.707511   -0.360969  0.0218522 
0.908782   0.707511   -0.360969  0.00921983
0.870161   0.613789   -0.441013  0.0114362 
0.870161   0.613789   -0.441013  0.0132757 
0.83041    0.690325   -0.404598  0.00853488
0.760604   0.625143   -0.434287  0.00974969
0.760604   0.625143   -0.434287  0.0120084 
0.76275    0.548919   -0.403977  0.018996  
0.76275    0.548919   -0.403977  0.0126185 
0.76275    0.548919   -0.403977  0.00859927
0.819263   0.62109    -0.4337    0.00720744
0.76243    0.587551   -0.42742   0.0135396 
0.699269   0.661603   -0.393628  0.00889075
0.735791   0.568654   -0.422221  0.00687526
0.717459   0.614712   -0.417824  0.0080862 
0.803825   0.615713   -0.447799  0.0058775 
0.755756   0.618573   -0.438948  0.0115745 
0.812087   0.54541    -0.381836  0.0122875 
0.771173   0.540564   -0.387992  0.0203169 
0.771173   0.540564   -0.387992  0.00716067
0.735543   0.639782   -0.422813  0.0111058 
0.660172   0.695776   -0.360779  0.0126954 
0.590763   0.672489   -0.309291  0.0120723 
0.590763   0.672489   -0.309291  0.0138962 
0.510497   0.764618   -0.279861  0.0156452 
0.477579   0.680434   -0.23873   0.0170879 
0.477579   0.680434   -0.23873   0.0161265 
0.477579   0.680434   -0.23873   0.0133309 
0.552171   0.778897   -0.307176  0.0237773 
0.647223   0.867634   -0.294832  0.0281841 
0.673699   0.937199   -0.229486  0.0248887 
0.583827   0.85564    -0.275295  0.013323  
0.564253   0.785632   -0.317742  0.0140885 
0.564253   0.785632   -0.317742  0.0145977 
0.564253   0.785632   -0.317742  0.019293  
0.564253   0.785632   -0.317742  0.0134855 
0.48308    0.77304    -0.261708  0.0166966 
0.528153   0.812867   -0.280123  0.0204169 
0.521269   0.868109   -0.24509   0.0334596 
0.515087   0.900016   -0.260328  0.0250631 
0.515087   0.900016   -0.260328  0.0172913 
0.434051   0.856985   -0.270081  0.0152855 
0.361022   0.841709   -0.222591  0.0157374 
0.293741   0.881704   -0.285579  0.0165807 
0.314072   0.929736   -0.259064  0.0256627 
0.381193   0.988691   -0.254892  0.0294941 
0.422594   0.890709   -0.229263  0.0227126 
0.399816   0.900858   -0.243717  0.0235256 
0.496846   0.940177   -0.279614  0.0189633 
0.397929   0.864187   -0.244345  0.0197277 
0.424518   0.878278   -0.25407   0.0213614 
0.350396   0.968943   -0.268644  0.0418396 
0.350396   0.968943   -0.268644  0.0168669 
0.318037   0.889966   -0.225822  0.0225214 
0.34302    0.914775   -0.247286  0.0154258 
0.442787   0.846372   -0.274332  0.0158819 
0.423592   0.849969   -0.256948  0.0235616 
0.48607    0.937103   -0.263242  0.0239622 
0.526857   0.999338   -0.275414  0.0380529 
0.451461   1.07701    -0.138456  0.0478863 
0.543453   1.06153    -0.118113  0.0419383 
0.595579   1.02304    -0.12934   0.0455747 
0.68226    1.00056    -0.0622724 0.0622916 
0.68226    1.00056    -0.0622724 0.0621609 
0.68226    1.00056    -0.0622724 0.0717056 
0.611306   1.00314    -0.0853169 0.0333931 
0.564297   1.02058    -0.171944  0.0412977 
0.485693   1.08451    -0.103435  0.0359585 
0.497472   1.03198    -0.215481  0.0430634 
0.545663   1.03177    -0.158502  0.0315776 
0.479468   0.953984   -0.223566  0.0170557 
0.413937   0.857532   -0.291805  0.0168225 
0.413937   0.857532   -0.291805  0.0151417 
0.45101    0.762736   -0.249524  0.0156975 
0.45101    0.762736   -0.249524  0.0125926 
0.540035   0.673282   -0.248637  0.0150047 
0.501094   0.607466   -0.167517  0.0132816 
0.553291   0.542748   -0.189922  0.0151069 
0.553291   0.542748   -0.189922  0.0153492 
0.477773   0.60284    -0.128193  0.015787  
0.477773   0.60284    -0.128193  0.0142109 
0.510941   0.646773   -0.228788  0.0133687 
0.577383   0.707863   -0.308788  0.0113294 
0.58988    0.648488   -0.330207  0.0139069 
0.58988    0.648488   -0.330207  0.0129663 
0.676032   0.734702   -0.366233  0.0227014 
0.676032   0.734702   -0.366233  0.00782529
0.672464   0.63844    -0.393433  0.00800064
0.752658   0.610897   -0.431734  0.00962282
0.811384   0.56608    -0.410586  0.00902975
0.799236   0.573793   -0.434331  0.0134158 
0.896025   0.662286   -0.401518  0.00925576
0.904419   0.595886   -0.418847  0.0106178 
0.944681   0.583753   -0.352017  0.0125088 
1.03846    0.557137   -0.174526  0.0161257 
0.969114   0.510095   -0.216158  0.0229974 
0.972743   0.46791    -0.0831024 0.0332535 
0.972743   0.46791    -0.0831024 0.0498006 
0.972743   0.46791    -0.0831024 0.0255716 
0.972743   0.46791    -0.0831024 0.031474  
0.972743   0.46791    -0.0831024 0.0116319 
1.02542    0.544975   -0.195663  0.0417489 
1.07652    0.638113   -0.0784223 0.0263541 
1.07652    0.638113   -0.0784223 0.0289411 
1.07652    0.638113   -0.0784223 0.027829  
1.10295    0.62741    -0.0373743 0.0515377 
1.10295    0.62741    -0.0373743 0.0320145 
1.10295    0.62741    -0.0373743 0.0189557 
1.04848    0.608088   -0.18994   0.023198  
0.990133   0.669979   -0.273344  0.0236078 
1.03399    0.655138   -0.169328  0.023901  
0.983459   0.666317   -0.269793  0.0530094 
0.923794   0.748161   -0.160369  0.0448292 
0.920247   0.845563   -0.0585957 0.0267975 
0.884308   0.756121   -0.272671  0.015732  
0.846074   0.746051   -0.360252  0.0353963 
0.846074   0.746051   -0.360252  0.0199005 
0.802637   0.756428   -0.382025  0.0366809 
0.802637   0.756428   -0.382025  0.0265405 
0.802637   0.756428   -0.382025  0.00640343
0.776939   0.661148   -0.44882   0.0070646 
0.733631   0.596943   -0.432554  0.00837022
0.733631   0.596943   -0.432554  0.00685761
0.757687   0.598202   -0.432743  0.00846451
0.666904   0.58777    -0.378673  0.00728524
0.719627   0.676959   -0.42506   0.00800383
0.694748   0.665857   -0.400517  0.0104342 
0.602823   0.632822   -0.325238  0.0134683 
0.544975   0.63311    -0.280094  0.00992055
0.63559    0.57592    -0.341927  0.00951914
0.670686   0.663759   -0.384567  0.011699  
0.670686   0.663759   -0.384567  0.0110598 
0.683871   0.730628   -0.374927  0.0131003 
0.605277   0.773719   -0.346342  0.0129718 
0.605277   0.773719   -0.346342  0.00985212
0.685895   0.683906   -0.394206  0.0104593 
0.738865   0.720351   -0.407092  0.0339857 
0.738865   0.720351   -0.407092  0.0107521 
0.773609   0.669505   -0.419849  0.00627227
0.782829   0.616755   -0.450458  0.00948271
0.782829   0.616755   -0.450458  0.0116546 
0.782829   0.616755   -0.450458  0.00561544
0.762017   0.628738   -0.453346  0.0196639 
0.762017   0.628738   -0.453346  0.00828631
0.843515   0.606697   -0.445225  0.0114796 
0.843515   0.606697   -0.445225  0.0170309 
0.843515   0.606697   -0.445225  0.013006  
0.843515   0.606697   -0.445225  0.0157307 
0.843515   0.606697   -0.445225  0.0171646 
0.843515   0.606697   -0.445225  0.00993712
0.762478   0.561623   -0.428734  0.0111812 
0.762478   0.561623   -0.428734  0.0131128 
0.800948   0.656908   -0.408822  0.00674698
0.750005   0.618339   -0.428467  0.00782215
0.843475   0.595459   -0.437872  0.0100776 
0.942621   0.589602   -0.376373  0.0109902 
0.942621   0.589602   -0.376373  0.0112052 
0.944942   0.569685   -0.337591  0.0184766 
0.960438   0.659994   -0.300837  0.0244308 
0.960438   0.659994   -0.300837  0.0217571 
0.957229   0.670697   -0.302428  0.0373498 
0.957229   0.670697   -0.302428  0.0200286 
0.953598   0.669932   -0.313619  0.0113943 
0.85581    0.628045   -0.420634  0.0104232 
0.900719   0.637221   -0.420633  0.0181397 
0.831697   0.656103   -0.406421  0.0144028 
0.758415   0.704677   -0.411294  0.00926749
0.804991   0.657919   -0.431155  0.012944  
0.735268   0.718196   -0.391264  0.0225162 
0.735268   0.718196   -0.391264  0.0162668 
0.756219   0.725072   -0.401814  0.0203997 
0.807085   0.694367   -0.384149  0.0281803 
0.730877   0.768557   -0.313699  0.0130867 
0.673439   0.746781   -0.355339  0.0219673 
0.673439   0.746781   -0.355339  0.0283912 
0.649398   0.782757   -0.318517  0.0214166 
0.649398   0.782757   -0.318517  0.0183898 
0.610949   0.861159   -0.310547  0.0238909 
0.610949   0.861159   -0.310547  0.01874   
0.541136   0.941483   -0.310442  0.0206524 
0.638604   0.858075   -0.306274  0.0280738 
0.655245   0.856498   -0.286219  0.032914  
0.655245   0.856498   -0.286219  0.0269851 
0.655245   0.856498   -0.286219  0.0285671 
0.661453   0.81519    -0.303643  0.0154576 
0.604905   0.717526   -0.30961   0.0133349 
0.532911   0.67089    -0.267919  0.0114903 
0.591939   0.714471   -0.33347   0.0177494 
0.526166   0.812239   -0.284592  0.0153276 
0.493177   0.759763   -0.252799  0.0140897 
0.565979   0.749811   -0.283963  0.0157141 
0.505634   0.774448   -0.266707  0.013921  
0.506642   0.728935   -0.294336  0.0105155 
0.595168   0.639493   -0.321603  0.00859318
0.650217   0.643431   -0.360393  0.0138634 
0.650217   0.643431   -0.360393  0.0106285 
0.710816   0.551621   -0.376191  0.00811386
0.763649   0.643701   -0.445381  0.00817617
0.727272   0.675556   -0.419379  0.00882367
0.662422   0.659995   -0.382776  0.0092327 
0.684886   0.66425    -0.37318   0.00906477
0.647439   0.66586    -0.351398  0.00961839
0.628047   0.587245   -0.34187   0.010835  
0.706085   0.658804   -0.399799  0.0129179 
0.761831   0.744825   -0.397629  0.0322982 
0.761831   0.744825   -0.397629  0.0205171 
0.85373    0.723539   -0.351981  0.0210374 
0.90583    0.710519   -0.35646   0.0181543 
0.90583    0.710519   -0.35646   0.010517  
0.825081   0.65089    -0.415538  0.0259952 
0.825081   0.65089    -0.415538  0.00762788
0.855485   0.598758   -0.430314  0.0133542 
0.887417   0.667839   -0.40676   0.0148966 
