#MU        SIGMA      ENERGY     ERROR     
-0.694891  0.72631    -0.364747  0.0383537 
-0.772207  0.787255   -0.29144   0.0248538 
-0.74253   0.834683   -0.277836  0.0518211 
-0.813023  0.926461   -0.0621529 0.0672611 
-0.815589  1.02329    0.180342   0.0925409 
-0.91121   1.01704    0.458824   0.0873649 
-0.917986  0.918442   0.285561   0.0494356 
-0.917365  0.884957   0.0303494  0.046734  
-0.837657  0.860301   -0.0923074 0.0234556 
-0.827927  0.779224   -0.294155  0.0467924 
-0.752412  0.85714    -0.195493  0.0187358 
-0.725145  0.789923   -0.322906  0.0272464 
-0.678595  0.889119   -0.238303  0.018686  
-0.75325   0.808052   -0.349202  0.0640958 
-0.75325   0.808052   -0.349202  0.0375894 
-0.75325   0.808052   -0.349202  0.0169852 
-0.822611  0.730792   -0.386985  0.0163743 
-0.889645  0.685081   -0.387943  0.0161201 
-0.931743  0.648912   -0.354508  0.0156644 
-0.917134  0.707289   -0.360272  0.0194526 
-0.864157  0.749535   -0.346056  0.0216274 
-0.849355  0.705206   -0.359785  0.0227495 
-0.897457  0.72726    -0.306044  0.0525793 
-0.975272  0.814874   0.0904538  0.0620068 
-0.922758  0.893576   0.154941   0.0293168 
-0.866635  0.824248   -0.215532  0.0351718 
-0.776065  0.917044   -0.155286  0.048688  
-0.73203   0.97969    -0.0234965 0.0465504 
-0.820563  1.01561    0.023983   0.0637707 
-0.788517  1.03794    0.162172   0.0960057 
-0.857303  1.0553     0.467919   0.0596081 
-0.859352  1.03582    0.152139   0.0464939 
-0.771742  0.952454   -0.0694687 0.0704422 
-0.827524  1.03719    0.210918   0.112087  
-0.827524  1.03719    0.210918   0.0622852 
-0.927015  0.942192   0.193854   0.0807674 
-0.927015  0.942192   0.193854   0.051596  
-0.943003  0.877176   0.000305936 0.0429613 
-0.894667  0.844474   -0.11438   0.081463  
-0.967554  0.923124   0.3801     0.0705029 
-1.0138    0.893279   0.243404   0.0786737 
-1.03435   0.901333   0.406216   0.0834443 
-1.0043    0.924567   0.454883   0.0996824 
-0.922506  1.02447    0.561343   0.0992193 
-0.845643  0.97157    0.216158   0.0544442 
-0.842794  0.954142   0.0568069  0.112995  
-0.842794  0.954142   0.0568069  0.0426435 
-0.941948  0.859711   0.00299407 0.0803996 
-0.962505  0.91622    0.43709    0.0502768 
-0.887485  0.872799   0.00388203 0.0478409 
-0.922651  0.901887   0.0314842  0.0634101 
-0.922651  0.901887   0.0314842  0.0437444 
-0.871487  0.850552   -0.0986849 0.0451463 
-0.93923   0.771672   -0.110245  0.0241898 
-0.879946  0.68552    -0.357894  0.0102405 
-0.840535  0.653254   -0.434194  0.0275986 
-0.893899  0.749203   -0.266638  0.0296186 
-0.907956  0.738052   -0.255015  0.0455827 
-0.991283  0.769151   -0.00632204 0.0567899 
-0.991283  0.769151   -0.00632204 0.0368388 
-0.915241  0.759203   -0.215451  0.0274497 
-0.9183    0.719912   -0.289833  0.0467693 
-0.944936  0.802898   -0.0805332 0.043602  
-0.964464  0.787395   -0.102324  0.0637855 
-0.964464  0.787395   -0.102324  0.0469686 
-1.03224   0.813493   0.114037   0.0279412 
-0.945794  0.733291   -0.239461  0.0503517 
-0.945794  0.733291   -0.239461  0.0282383 
-0.946918  0.74922    -0.186202  0.0356977 
-0.920046  0.803703   -0.171698  0.066942  
-0.913574  0.896156   0.111921   0.0481704 
-0.94412   0.827559   0.00760874 0.0718998 
-0.94412   0.827559   0.00760874 0.0521119 
-1.01616   0.834126   0.0804118  0.0760063 
-1.01616   0.834126   0.0804118  0.0664504 
-1.08646   0.815905   0.43676    0.0819519 
-1.12084   0.78591    0.536101   0.0438302 
-1.15312   0.7079     0.236226   0.0316242 
-1.19439   0.610923   0.241262   0.028218  
-1.27694   0.521967   0.515033   0.0173699 
-1.18929   0.520382   0.203608   0.0191979 
-1.23813   0.493542   0.342481   0.0179481 
-1.22769   0.45701    0.422745   0.0375913 
-1.14511   0.388607   0.48294    0.0510003 
-1.14511   0.388607   0.48294    0.0559939 
-1.14511   0.388607   0.48294    0.0265544 
-1.20135   0.41227    0.514215   0.0240881 
-1.15882   0.422927   0.402715   0.0505196 
-1.15882   0.422927   0.402715   0.0332057 
-1.0663    0.410842   0.256419   0.0154624 
-1.1415    0.503505   0.113918   0.0330396 
-1.19207   0.601613   0.240366   0.0159602 
-1.1207    0.556296   0.00140531 0.0140831 
-1.09734   0.566054   -0.0798033 0.0137903 
-1.01527   0.594173   -0.256032  0.0124234 
-0.991982  0.532191   -0.245203  0.0124978 
-1.00798   0.57682    -0.254553  0.00936927
-0.920566  0.585326   -0.359265  0.0128641 
-1.0156    0.575      -0.230441  0.0135199 
-0.93307   0.658233   -0.390565  0.0122487 
-1.00478   0.569318   -0.256932  0.0174425 
-1.00478   0.569318   -0.256932  0.0264963 
-1.07645   0.648914   -0.0902184 0.0208804 
-1.0078    0.596107   -0.259202  0.0125498 
-0.964338  0.62145    -0.334932  0.0351077 
-1.00044   0.712791   -0.150574  0.0503497 
-1.03537   0.756184   0.091234   0.0433903 
-1.00813   0.822786   0.0241602  0.0455979 
-0.943083  0.775809   -0.142664  0.0263579 
-0.935685  0.742099   -0.253678  0.0678383 
-1.01128   0.833059   0.201683   0.0572532 
-1.06505   0.806088   0.317282   0.0887377 
-1.14388   0.881324   0.849793   0.0731247 
-1.21339   0.783886   0.753333   0.054296  
-1.18732   0.742411   0.493552   0.107718  
-1.18732   0.742411   0.493552   0.0588915 
-1.211     0.721751   0.62592    0.0992435 
-1.211     0.721751   0.62592    0.0550025 
-1.24909   0.676252   0.687108   0.0491385 
-1.23774   0.664524   0.592661   0.0722561 
-1.23774   0.664524   0.592661   0.026524  
-1.15674   0.587135   0.0790432  0.0310041 
-1.22802   0.577477   0.36189    0.0431792 
-1.26366   0.613482   0.545663   0.0396809 
-1.34264   0.541755   0.819452   0.0222046 
-1.29822   0.453283   0.685416   0.0362594 
-1.29822   0.453283   0.685416   0.0248146 
-1.25572   0.432864   0.530027   0.0186279 
-1.18694   0.530455   0.182486   0.0204531 
-1.17714   0.452215   0.271546   0.0272686 
-1.23523   0.529567   0.348387   0.0402692 
-1.23523   0.529567   0.348387   0.0206175 
-1.2598    0.478952   0.460159   0.0234368 
-1.22386   0.433364   0.447629   0.0445268 
-1.23601   0.360331   0.970146   0.0425325 
-1.2226    0.368965   0.820817   0.0750809 
-1.13862   0.315498   1.1965     0.0417327 
-1.12925   0.378851   0.541781   0.0550333 
-1.17944   0.337336   1.04918    0.0693777 
-1.16746   0.31774    1.20593    0.176364  
-1.16746   0.31774    1.20593    0.0324621 
-1.07096   0.408372   0.314291   0.0708533 
-1.07096   0.408372   0.314291   0.0410677 
-1.05004   0.390316   0.402917   0.0177448 
-1.05052   0.482176   -0.0256098 0.0249356 
-1.08758   0.440455   0.144678   0.013183  
-0.988148  0.527208   -0.216313  0.0126204 
-0.908618  0.618744   -0.384897  0.019538  
-0.927127  0.698533   -0.324366  0.0130554 
-0.870271  0.670608   -0.415252  0.0263864 
-0.940047  0.767166   -0.217436  0.0331424 
-0.902841  0.765104   -0.226985  0.039515  
-0.921876  0.813713   -0.113738  0.0405516 
-0.973318  0.762203   -0.0957541 0.0377485 
-0.897607  0.801459   -0.164122  0.0259    
-0.883537  0.756592   -0.289521  0.0109535 
-0.8701    0.672509   -0.426287  0.00885016
-0.794682  0.573798   -0.430848  0.0217827 
-0.861271  0.484868   -0.195338  0.011152  
-0.892764  0.55712    -0.397209  0.00986145
-0.874644  0.65555    -0.40763   0.0311154 
-0.937559  0.694724   -0.241414  0.0239306 
-0.993484  0.668531   -0.241635  0.0345559 
-1.0414    0.745212   -0.079374  0.0801073 
-1.118     0.844412   0.53165    0.054909  
-1.0927    0.788474   0.332305   0.0645999 
-1.03218   0.866174   0.31668    0.0852054 
-0.954603  0.928304   0.299059   0.0609631 
-0.895673  0.951257   0.201128   0.0695825 
-0.900771  0.979784   0.317892   0.0888936 
-0.839405  1.07507    0.298091   0.11184   
-0.839405  1.07507    0.298091   0.0735215 
-0.936951  1.00716    0.402273   0.0800405 
-0.980897  1.01889    0.508936   0.107961  
-0.980897  1.01889    0.508936   0.0780473 
-1.01591   0.937138   0.471187   0.0763429 
-0.941629  0.921023   0.33325    0.0349937 
-0.848302  0.821814   -0.212047  0.0743392 
-0.848302  0.821814   -0.212047  0.0230624 
-0.787436  0.786033   -0.318815  0.016713  
-0.774148  0.748334   -0.368984  0.0214542 
-0.748065  0.755998   -0.334945  0.00963656
-0.669782  0.689635   -0.364753  0.0091645 
-0.664827  0.676818   -0.373223  0.0108284 
-0.664827  0.676818   -0.373223  0.0114337 
-0.684707  0.729422   -0.390644  0.02439   
-0.689143  0.795944   -0.298756  0.0136646 
-0.734226  0.763444   -0.385759  0.0145109 
-0.730348  0.788167   -0.360932  0.024233  
-0.730348  0.788167   -0.360932  0.0315681 
-0.781815  0.811502   -0.270592  0.0241066 
-0.787771  0.781654   -0.314273  0.019537  
-0.704933  0.762465   -0.361094  0.014847  
-0.720374  0.776909   -0.351566  0.0147298 
-0.672837  0.770578   -0.352068  0.0273571 
-0.761092  0.833937   -0.274974  0.0611248 
-0.844387  0.928006   0.0892101  0.0345226 
-0.750877  0.889253   -0.183419  0.0408881 
-0.759581  0.922511   -0.111723  0.0212034 
-0.76292   0.83618    -0.310454  0.0263489 
-0.663369  0.917005   -0.23901   0.0343326 
-0.757337  0.925273   -0.12398   0.0500205 
-0.837006  0.910845   -0.0436467 0.0559406 
-0.822314  0.947608   0.013057   0.0544204 
-0.894643  0.898568   0.0593897  0.0928105 
-0.894643  0.898568   0.0593897  0.0784714 
-0.991111  0.907151   0.310114   0.104183  
-1.03204   0.972176   0.834456   0.0885273 
-1.05736   0.968959   0.673856   0.0662262 
-0.98023   0.918226   0.317793   0.0794163 
-1.049     0.906937   0.510105   0.073895  
-0.98879   0.899158   0.31874    0.0341418 
-0.907499  0.841826   -0.161007  0.0239834 
-0.900193  0.767433   -0.297274  0.0296942 
-0.91872   0.781047   -0.206725  0.0202023 
-0.904668  0.751622   -0.299556  0.0285379 
-0.978192  0.715182   -0.198307  0.0154045 
-0.882481  0.669074   -0.395707  0.0122865 
-0.978207  0.579113   -0.307349  0.0121157 
-0.983143  0.58694    -0.303539  0.0245673 
-1.07444   0.647683   -0.103206  0.0192848 
-1.02324   0.641374   -0.230847  0.0135685 
-0.984804  0.576792   -0.286083  0.019378  
-1.07358   0.603933   -0.104523  0.03519   
-1.17169   0.59175    0.224421   0.0406909 
-1.18515   0.649939   0.258275   0.021566  
-1.14643   0.577468   0.0604386  0.016686  
-1.18471   0.517689   0.190227   0.0221806 
-1.26233   0.478949   0.444902   0.0177367 
-1.22652   0.475758   0.382061   0.0308347 
-1.28426   0.406696   0.709938   0.0272641 
-1.2008    0.423496   0.366048   0.0558838 
-1.24683   0.336224   1.14638    0.0273962 
-1.16545   0.415911   0.3865     0.0192488 
-1.23461   0.495618   0.376747   0.0193892 
-1.22367   0.524134   0.296001   0.0157482 
-1.14723   0.543593   0.0427172  0.0163343 
-1.15333   0.468204   0.207505   0.0285401 
-1.15333   0.468204   0.207505   0.0251083 
-1.05567   0.43095    0.170447   0.0271997 
-1.1353    0.422574   0.284032   0.0377317 
-1.03764   0.395537   0.307857   0.064047  
-1.03764   0.395537   0.307857   0.0219918 
-1.12787   0.441897   0.219022   0.0174262 
-1.06398   0.48095    0.00298025 0.014662  
-1.14216   0.532392   0.0575918  0.0151058 
-1.06864   0.515366   -0.0838292 0.0242135 
-1.06864   0.515366   -0.0838292 0.0176962 
-1.09555   0.568917   -0.0512098 0.0270657 
-1.14621   0.602153   0.0838975  0.0145243 
-1.08377   0.508505   -0.0431837 0.0241329 
-1.07899   0.448575   0.098151   0.0169947 
-1.08723   0.476054   0.0590056  0.0151887 
-1.06406   0.488016   -0.00919892 0.0147113 
-1.10007   0.505216   0.020047   0.0208818 
-1.16238   0.55289    0.116044   0.0175292 
-1.18866   0.468844   0.272209   0.0312735 
-1.24922   0.563038   0.418237   0.0569425 
-1.24922   0.563038   0.418237   0.0243819 
-1.25473   0.529864   0.417482   0.0269094 
-1.32162   0.431786   0.787515   0.0389298 
-1.32162   0.431786   0.787515   0.0318135 
-1.30167   0.517223   0.605379   0.0309232 
-1.21901   0.570017   0.357516   0.0171018 
-1.19989   0.504527   0.236634   0.0270564 
-1.19989   0.504527   0.236634   0.0303605 
-1.15856   0.408546   0.417179   0.0608008 
-1.15856   0.408546   0.417179   0.0698345 
-1.15856   0.408546   0.417179   0.0145081 
-1.10731   0.491223   0.0571134  0.0146334 
-1.14151   0.490603   0.11858    0.0347339 
-1.14151   0.490603   0.11858    0.0289321 
-1.24014   0.567968   0.396979   0.0276614 
-1.24014   0.567968   0.396979   0.025707  
-1.28293   0.523663   0.5569     0.0418825 
-1.36834   0.52904    1.01132    0.0425489 
-1.36834   0.52904    1.01132    0.0295474 
-1.28317   0.534976   0.549631   0.061105  
-1.28317   0.534976   0.549631   0.0384744 
-1.25637   0.594912   0.493962   0.0589628 
-1.22422   0.665724   0.58265    0.0863807 
-1.22422   0.665724   0.58265    0.0423593 
-1.2359    0.633284   0.429959   0.0355824 
-1.24505   0.564435   0.464806   0.0161013 
-1.20204   0.490366   0.260734   0.0302081 
-1.11476   0.408973   0.344504   0.0227341 
-1.11476   0.408973   0.344504   0.0366625 
-1.08294   0.388841   0.476493   0.045176  
-0.988073  0.374556   0.505287   0.0221559 
-0.941753  0.46989    -0.0673506 0.0133648 
-0.960389  0.536604   -0.327632  0.0140537 
-0.984934  0.616534   -0.319071  0.0126763 
-1.07221   0.539316   -0.118711  0.0141381 
-0.976977  0.600795   -0.314033  0.0305677 
-0.994599  0.69527    -0.203688  0.0192459 
-1.02999   0.598264   -0.207178  0.0153793 
-0.940221  0.516999   -0.238328  0.0114217 
-0.845968  0.550645   -0.371632  0.0267251 
-0.886003  0.457896   -0.065427  0.0290721 
-0.786837  0.453564   -0.0818664 0.0476417 
-0.690686  0.384365   0.378772   0.0219861 
-0.699088  0.478236   -0.21463   0.0147481 
-0.643602  0.516705   -0.280524  0.0165067 
-0.62511   0.500553   -0.25381   0.0240763 
-0.699824  0.470249   -0.223484  0.0312726 
-0.763859  0.449883   -0.11576   0.0164178 
-0.757738  0.517272   -0.361636  0.00727348
-0.851522  0.616058   -0.441096  0.00683968
-0.783022  0.617443   -0.434164  0.00989756
-0.759971  0.68169    -0.413799  0.0076133 
-0.776456  0.606153   -0.438921  0.00793978
-0.737786  0.579005   -0.400317  0.0168306 
-0.652512  0.505185   -0.292932  0.0243236 
-0.641572  0.452754   -0.0654761 0.0170554 
-0.615971  0.500053   -0.240123  0.00842266
-0.680999  0.591904   -0.400876  0.00947335
-0.631714  0.64814    -0.362669  0.0115765 
-0.692737  0.549474   -0.37927   0.0121907 
-0.692737  0.549474   -0.37927   0.0108736 
-0.595789  0.600207   -0.329219  0.0123756 
-0.630113  0.538926   -0.306242  0.011947  
-0.667045  0.538114   -0.345001  0.0203158 
-0.693814  0.488792   -0.25499   0.0171279 
-0.665201  0.508734   -0.307316  0.013349  
-0.581517  0.528142   -0.256149  0.00890003
-0.647815  0.600635   -0.352109  0.0164304 
-0.622056  0.509129   -0.264075  0.0134269 
-0.56405   0.522483   -0.194762  0.0150633 
-0.539095  0.527197   -0.169146  0.0128757 
-0.559757  0.553742   -0.223678  0.0145535 
-0.535048  0.549806   -0.184918  0.0182127 
-0.445498  0.572589   -0.0682132 0.0185959 
-0.435863  0.556673   -0.0265455 0.0219902 
-0.399624  0.535844   0.0812929  0.019361  
-0.463695  0.508891   -0.0381363 0.0165677 
-0.448555  0.567626   -0.0417619 0.0135564 
-0.516985  0.644086   -0.243881  0.0110652 
-0.580156  0.633801   -0.297673  0.0142946 
-0.500527  0.663014   -0.211137  0.0158255 
-0.490097  0.629937   -0.196925  0.0145092 
-0.49406   0.68149    -0.253679  0.011358  
-0.580341  0.651271   -0.299434  0.0147051 
-0.491761  0.741552   -0.230948  0.0154341 
-0.467884  0.714441   -0.238465  0.0143894 
-0.450038  0.782896   -0.230417  0.0171464 
-0.441316  0.823175   -0.271028  0.0151885 
-0.375439  0.818956   -0.200455  0.0173029 
-0.379168  0.803869   -0.209521  0.0172122 
-0.32187   0.824711   -0.205138  0.0183907 
-0.282408  0.773136   -0.159978  0.0190788 
-0.265971  0.774537   -0.154967  0.0206187 
-0.191226  0.718144   0.00754778 0.0205415 
-0.227972  0.679542   0.0887381  0.0227274 
-0.181857  0.682879   0.0667671  0.0186227 
-0.193162  0.766852   -0.0782358 0.0180202 
-0.256805  0.841415   -0.220083  0.017783  
-0.299883  0.75245    -0.12127   0.0171937 
-0.276014  0.795854   -0.137349  0.0161234 
-0.225149  0.860252   -0.209108  0.0184522 
-0.30331   0.811423   -0.192812  0.0167898 
-0.371975  0.796502   -0.223697  0.0165324 
-0.371975  0.796502   -0.223697  0.0157004 
-0.443823  0.756126   -0.223088  0.0189304 
-0.443823  0.756126   -0.223088  0.0155863 
-0.436094  0.720374   -0.196523  0.0149343 
-0.419952  0.792898   -0.216212  0.0203004 
-0.493835  0.850812   -0.260489  0.0245927 
-0.472074  0.943248   -0.235597  0.0148915 
-0.498953  0.852869   -0.297254  0.0160566 
-0.412922  0.822699   -0.221043  0.0159878 
-0.375998  0.814389   -0.187048  0.0149848 
-0.446937  0.852576   -0.277076  0.0156906 
-0.388178  0.7584     -0.173307  0.0174577 
-0.331148  0.761133   -0.148027  0.0168717 
-0.291605  0.8115     -0.181634  0.0153959 
-0.253757  0.901152   -0.270812  0.0183909 
-0.267636  0.885423   -0.256213  0.0181517 
-0.284752  0.979853   -0.246295  0.0216481 
-0.259019  0.983755   -0.246155  0.0219205 
-0.181127  0.984071   -0.279737  0.0367343 
-0.152351  1.01334    -0.182527  0.0263595 
-0.0547233 1.06303    -0.243655  0.0201658 
-0.0865297 1.01306    -0.229863  0.0408564 
-0.158968  1.03083    -0.224126  0.0220009 
-0.0773852 1.06609    -0.243792  0.0524143 
-0.0773852 1.06609    -0.243792  0.035713  
-0.030489  1.15489    -0.169028  0.0444928 
0.0228035  1.1945     -0.0973333 0.0265084 
-0.0734256 1.12146    -0.262133  0.0509116 
0.0230678  1.21987    -0.0192181 0.0549883 
0.0322002  1.30325    0.0480386  0.0393955 
-0.0115828 1.25724    -0.0626658 0.141938  
0.0523544  1.32618    0.419703   0.071085  
0.131704   1.23849    0.0664125  0.0577094 
0.228676   1.22171    0.0136859  0.0649927 
0.307633   1.18499    0.000866134 0.0434418 
0.268368   1.18878    -0.0990821 0.0358765 
0.235476   1.13793    -0.169629  0.0568424 
0.300469   1.18111    -0.0515441 0.0716064 
0.368685   1.19167    0.0778809  0.0631575 
0.433654   1.21548    0.123027   0.101546  
0.433654   1.21548    0.123027   0.0865869 
0.49118    1.24522    0.341942   0.0955805 
0.427019   1.26867    0.444323   0.0884271 
0.339458   1.35789    0.335781   0.0798629 
0.309444   1.26121    0.167977   0.0398266 
0.247612   1.16565    -0.125748  0.0461323 
0.247612   1.16565    -0.125748  0.0696614 
0.249094   1.24017    0.0445121  0.0760728 
0.294473   1.23086    0.047704   0.0915763 
0.373072   1.26727    0.256868   0.088044  
0.330672   1.26502    0.279079   0.0517721 
0.418501   1.16941    0.0466556  0.0604105 
0.447      1.17153    0.0145995  0.0421165 
0.473282   1.09698    -0.0921979 0.0350605 
0.383171   1.06724    -0.176529  0.0248814 
0.422014   0.980936   -0.245913  0.0351526 
0.358783   1.01341    -0.17398   0.0297367 
0.341285   1.01089    -0.251117  0.0384996 
0.375415   1.00794    -0.192873  0.0393843 
0.445542   1.05242    -0.157444  0.0504906 
0.440277   1.06876    -0.117608  0.0623164 
0.368703   1.10155    -0.103923  0.0405906 
0.32106    1.17226    -0.099862  0.0526583 
0.365053   1.09386    -0.139874  0.050794  
0.444674   1.11554    -0.105206  0.0584457 
0.370782   1.16653    0.0521056  0.0614783 
0.36234    1.19311    0.0094093  0.0329374 
0.371921   1.09545    -0.188858  0.0559028 
0.371921   1.09545    -0.188858  0.0223422 
0.3478     1.02886    -0.276277  0.0162783 
0.35593    0.939536   -0.275948  0.0289363 
0.256122   1.02094    -0.226996  0.0186754 
0.293996   1.05159    -0.266622  0.0249001 
0.201856   1.0755     -0.221324  0.0275553 
0.188177   1.00317    -0.223511  0.0227085 
0.0984774  0.991253   -0.234716  0.0289596 
0.00735838 1.04095    -0.180433  0.0186128 
0.000268149 1.04429    -0.265644  0.0205396 
0.074747   1.01966    -0.264718  0.0163738 
0.00664447 0.927      -0.216663  0.018991  
0.0249325  1.00252    -0.260483  0.0204978 
0.0661915  1.05663    -0.245761  0.0244679 
0.0486699  1.07288    -0.221277  0.0353774 
0.00915428 1.06324    -0.20927   0.0233676 
-0.00259252 1.0835     -0.241158  0.0232367 
0.0698836  1.05545    -0.273316  0.0171978 
-0.00124604 0.995283   -0.256815  0.0163044 
-0.0493411 0.920664   -0.2432    0.0167779 
-0.0380781 0.846633   -0.141733  0.0166041 
0.00156238 0.924827   -0.220033  0.017103  
-0.0227938 0.834992   -0.17371   0.0159745 
0.00998373 0.913429   -0.247899  0.0163052 
-0.00545083 0.874379   -0.199637  0.0248673 
0.0130452  0.926458   -0.225544  0.0205342 
-0.00534751 1.02132    -0.245569  0.0214623 
-0.0113599 1.00212    -0.238392  0.015074  
0.0589067  0.937344   -0.224481  0.0228551 
0.126519   0.97497    -0.235291  0.0167795 
0.109992   0.876132   -0.177744  0.0165958 
0.13644    0.83641    -0.178322  0.0153529 
0.0930517  0.898516   -0.20685   0.0175628 
0.0536664  0.859343   -0.211714  0.0158475 
0.052599   0.871763   -0.163919  0.016072  
0.0855997  0.915979   -0.265522  0.0187559 
0.018936   0.951516   -0.209169  0.0381744 
0.0314754  1.03211    -0.233852  0.0178766 
-0.0266493 1.01082    -0.242267  0.036113  
-0.0266493 1.01082    -0.242267  0.0304738 
-0.00866377 1.10137    -0.208604  0.0307751 
0.0805582  1.13339    -0.209121  0.0736443 
0.111793   1.19929    0.00331701 0.0532287 
0.0323434  1.24695    -0.0275785 0.0813957 
0.0259975  1.34597    0.232529   0.155623  
0.0259975  1.34597    0.232529   0.119989  
0.0259975  1.34597    0.232529   0.0761617 
0.0324071  1.30796    0.262986   0.0524923 
0.118221   1.25911    0.0360161  0.122679  
0.205976   1.19999    0.265376   0.0661542 
0.199848   1.25317    0.106284   0.0614174 
0.177867   1.25737    0.0831096  0.0459393 
0.270072   1.16255    -0.0576839 0.0676107 
0.240596   1.26235    0.128739   0.0624723 
0.213284   1.29832    0.091427   0.098446  
0.211209   1.32057    0.324061   0.0625178 
0.202955   1.2864     0.0979228  0.083528  
0.202955   1.2864     0.0979228  0.107181  
0.226495   1.37652    0.503617   0.138587  
0.216385   1.4261     0.695862   0.130957  
0.150429   1.41226    0.70574    0.132762  
0.150429   1.41226    0.70574    0.0741171 
0.0910586  1.31777    0.235029   0.0921871 
0.0586538  1.33176    0.203983   0.10383   
-0.0219417 1.4074     0.5551     0.124297  
-0.0985794 1.37997    0.577861   0.0680628 
-0.127619  1.32972    0.196505   0.133126  
-0.127619  1.32972    0.196505   0.115     
-0.206906  1.36662    0.585376   0.151461  
-0.276581  1.45806    0.970903   0.212564  
-0.276581  1.45806    0.970903   0.249003  
-0.281087  1.53556    1.59792    0.258596  
-0.376279  1.56799    2.13208    0.199322  
-0.43674   1.52451    1.5878     0.158426  
-0.445617  1.44177    0.884725   0.149467  
-0.423939  1.50514    1.39476    0.183975  
-0.379074  1.48765    1.40212    0.117153  
-0.397343  1.41325    0.63178    0.33091   
-0.397343  1.41325    0.63178    0.104373  
-0.354512  1.34904    0.53541    0.14439   
-0.383521  1.4432     1.01754    0.183185  
-0.367553  1.50309    1.39234    0.338247  
-0.412434  1.51637    1.9906     0.137289  
-0.488745  1.46212    1.08028    0.264096  
-0.479576  1.44841    1.54957    0.276721  
-0.440821  1.48409    1.51979    0.145775  
-0.352544  1.4389     0.92592    0.109088  
-0.410642  1.37948    0.72901    0.142658  
-0.445282  1.35355    0.661249   0.0850335 
-0.395352  1.27624    0.278546   0.0673669 
-0.462258  1.18415    0.0481065  0.0391217 
-0.431677  1.14981    -0.113104  0.069184  
-0.521592  1.21118    0.117839   0.112327  
-0.424138  1.30452    0.484328   0.232177  
-0.363868  1.39758    1.16202    0.267885  
-0.445502  1.4702     1.8471     0.237761  
-0.517439  1.48647    1.67673    0.262334  
-0.59332   1.51853    2.2464     0.170553  
-0.507694  1.52394    1.50548    0.24173   
-0.507694  1.52394    1.50548    0.178688  
-0.439585  1.43987    1.27087    0.125557  
-0.404802  1.47156    1.1244     0.118527  
-0.319687  1.41164    0.66418    0.106834  
-0.360352  1.37948    0.64922    0.174207  
-0.360352  1.37948    0.64922    0.1604    
-0.347397  1.41464    0.869096   0.196859  
-0.396052  1.4389     1.13859    0.0903005 
-0.342471  1.34681    0.438019   0.0921958 
-0.252866  1.36263    0.427222   0.0611603 
-0.198773  1.29098    0.131355   0.0705231 
-0.198773  1.29098    0.131355   0.0892605 
-0.238142  1.37349    0.428947   0.120367  
-0.13895   1.39877    0.561904   0.222091  
-0.13895   1.39877    0.561904   0.112463  
-0.207557  1.3287     0.469205   0.105724  
-0.18682   1.41915    0.645669   0.093198  
-0.175435  1.40982    0.51881    0.189287  
-0.175435  1.40982    0.51881    0.114622  
-0.175435  1.40982    0.51881    0.091284  
-0.0813749 1.42338    0.493235   0.161713  
-0.0813749 1.42338    0.493235   0.141562  
-0.0813749 1.42338    0.493235   0.174614  
-0.13458   1.52068    1.18487    0.274596  
-0.210124  1.46811    1.41554    0.147895  
-0.202489  1.50656    0.8552     0.143499  
-0.2617    1.54407    1.26808    0.225319  
-0.166835  1.56608    1.67539    0.164354  
-0.136455  1.5225     1.13709    0.213236  
-0.136455  1.5225     1.13709    0.240535  
-0.136455  1.5225     1.13709    0.273499  
-0.15381   1.61008    1.72896    0.286986  
-0.151455  1.65222    2.50682    0.149389  
-0.121538  1.55288    1.30579    0.182736  
-0.121921  1.55058    1.4506     0.162602  
-0.184555  1.5709     1.39049    0.137959  
-0.248382  1.48246    1.16489    0.143322  
-0.253086  1.42353    0.899023   0.195496  
-0.208501  1.51712    1.19254    0.144505  
-0.275057  1.53599    1.1658     0.357325  
-0.206233  1.61556    2.41505    0.244777  
-0.301855  1.69975    2.50708    0.255319  
-0.301855  1.69975    2.50708    0.251415  
-0.216492  1.644      2.58712    0.169001  
-0.283852  1.58527    1.33708    0.329297  
-0.211159  1.61153    2.18628    0.178351  
-0.12045   1.5663     1.6725     0.20195   
-0.0936587 1.55883    1.65443    0.197504  
-0.0241099 1.59194    1.76252    0.227348  
-0.0241099 1.59194    1.76252    0.200112  
-0.0728379 1.65516    1.96362    0.253365  
-0.0728379 1.65516    1.96362    0.270944  
-0.110972  1.58764    2.0571     0.240037  
-0.118943  1.62865    2.03872    0.209791  
-0.0721719 1.60318    1.90463    0.227005  
-0.144144  1.61023    2.03364    0.442835  
-0.144144  1.61023    2.03364    0.176088  
-0.072802  1.56277    1.46195    0.210223  
-0.105787  1.62048    1.86505    0.41367   
-0.105787  1.62048    1.86505    0.209671  
-0.154865  1.55716    1.60189    0.169461  
-0.118827  1.52661    1.31508    0.174668  
-0.131194  1.46219    1.09046    0.123843  
-0.114867  1.51093    0.975213   0.131053  
-0.0537062 1.53906    0.99238    0.281222  
-0.0537062 1.53906    0.99238    0.208692  
-0.0537062 1.53906    0.99238    0.30556   
-0.0537062 1.53906    0.99238    0.177237  
-0.0570236 1.57636    1.25094    0.196993  
-0.0570236 1.57636    1.25094    0.33141   
-0.0570236 1.57636    1.25094    0.188412  
-0.0570236 1.57636    1.25094    0.163974  
-0.0153903 1.53365    1.13218    0.134831  
0.075179   1.45852    0.832132   0.128369  
-0.0165548 1.43724    0.646659   0.218697  
0.0520745  1.51037    1.37157    0.142291  
0.0661844  1.54561    1.272      0.155554  
0.12466    1.46403    0.890833   0.180317  
0.12466    1.46403    0.890833   0.128742  
0.0612098  1.44901    0.761232   0.142803  
0.010724   1.40818    0.863669   0.141916  
-0.0690146 1.38771    0.6136     0.148973  
-0.0939033 1.39376    0.637044   0.0810044 
-0.0295701 1.4184     0.429993   0.187817  
-0.0295701 1.4184     0.429993   0.123951  
-0.125976  1.4741     0.692161   0.204291  
-0.200494  1.52031    1.32406    0.281974  
-0.200494  1.52031    1.32406    0.277322  
-0.200494  1.52031    1.32406    0.241852  
-0.200494  1.52031    1.32406    0.15463   
-0.23985   1.4955     1.06079    0.197482  
-0.233053  1.5453     1.46449    0.173136  
-0.288553  1.52244    1.30579    0.244506  
-0.288553  1.52244    1.30579    0.237071  
-0.341857  1.51899    1.47143    0.152121  
-0.260925  1.46561    1.05949    0.118084  
-0.243851  1.45295    0.8801     0.0824117 
-0.189891  1.37386    0.394188   0.125268  
-0.139092  1.36989    0.521333   0.107381  
-0.112947  1.42003    0.627428   0.087679  
-0.0565713 1.37025    0.302702   0.0997709 
-0.0182576 1.31725    0.394455   0.0703392 
-0.0512172 1.30608    0.185317   0.0592439 
-0.102179  1.22141    0.0167312  0.0316577 
-0.129713  1.13443    -0.21184   0.037045  
-0.137615  1.14796    -0.165973  0.0241129 
-0.146139  1.05772    -0.267905  0.0256634 
-0.13639   1.08807    -0.243006  0.0598109 
-0.201014  1.07697    -0.144143  0.0161113 
-0.118391  0.977999   -0.278558  0.0241358 
-0.0241371 1.00192    -0.240609  0.02242   
0.0177944  1.04473    -0.25465   0.03163   
0.114444   1.05217    -0.218189  0.0164658 
0.0738097  0.96164    -0.265101  0.0191245 
0.108639   1.00836    -0.261571  0.0258815 
0.0964409  0.990985   -0.252953  0.0205695 
0.107097   1.05596    -0.271962  0.0219662 
0.0187263  1.00372    -0.244369  0.0337091 
0.0179513  1.06684    -0.196899  0.0258467 
0.0439738  1.00529    -0.207895  0.0176036 
0.0959168  0.99443    -0.248634  0.0177407 
0.101481   1.02286    -0.276736  0.0167545 
0.146353   0.945523   -0.246325  0.0178158 
0.203601   1.00329    -0.265079  0.0189141 
0.110216   0.98037    -0.258286  0.0275462 
0.0972973  1.05028    -0.20112   0.0341771 
0.148496   1.09053    -0.200935  0.0361695 
0.173581   1.13801    -0.151748  0.0377335 
0.172172   1.12852    -0.131359  0.022335  
0.146331   1.08525    -0.257853  0.0207154 
0.165274   0.995763   -0.257875  0.0264654 
0.157851   1.00363    -0.234252  0.0286528 
0.139011   1.08532    -0.23374   0.0480017 
0.0934471  1.10254    -0.162163  0.0530124 
0.0515397  1.18974    -0.060302  0.048988  
0.00242947 1.12559    -0.100313  0.030376  
0.0122115  1.12621    -0.220866  0.0371624 
-0.023177  1.20636    -0.153397  0.0524093 
0.0439401  1.21864    -0.0292948 0.0666737 
0.117537   1.24324    0.0409917  0.0694051 
0.204249   1.19007    -0.0745533 0.0412866 
0.205529   1.18462    -0.107766  0.0320963 
0.24762    1.08754    -0.203285  0.0274233 
0.24179    1.14002    -0.187057  0.0441517 
0.190199   1.19946    -0.0621224 0.068121  
0.263931   1.25778    0.132536   0.040383  
0.328595   1.16432    -0.113415  0.0420955 
0.333099   1.08749    -0.152462  0.0181132 
0.346612   0.988449   -0.277003  0.0235528 
0.311213   1.00477    -0.246131  0.0203992 
0.308682   0.981767   -0.257662  0.0295363 
0.266895   1.04667    -0.20258   0.0391953 
0.293568   1.07305    -0.148008  0.0315683 
0.345511   1.03783    -0.217597  0.023949  
0.298753   1.09735    -0.253618  0.0269286 
0.298753   1.09735    -0.253618  0.0311486 
0.368454   1.11322    -0.247694  0.0279605 
0.304005   1.04937    -0.208523  0.0311461 
0.385911   0.972878   -0.202056  0.0260203 
0.441168   0.944359   -0.224081  0.0261922 
0.39942    1.03761    -0.215667  0.0461543 
0.400798   1.07079    -0.152953  0.0374205 
0.41535    1.13423    -0.12811   0.0378781 
0.439826   1.11056    -0.152601  0.0602635 
0.374903   1.20106    0.0273404  0.0440466 
0.357421   1.12224    -0.129522  0.0704655 
0.34177    1.2095     0.109008   0.0929163 
0.428028   1.19801    0.172997   0.060205  
0.417019   1.21941    0.0617674  0.0780699 
0.413272   1.27422    0.142238   0.0570994 
0.388959   1.17765    0.00163891 0.0331847 
0.447094   1.11762    -0.19595   0.124456  
0.542463   1.21171    0.297758   0.136968  
0.542463   1.21171    0.297758   0.10464   
0.634235   1.26539    0.550261   0.156569  
0.634235   1.26539    0.550261   0.0816651 
0.589925   1.22061    0.301349   0.0723941 
0.511865   1.18475    0.14981    0.0522342 
0.440391   1.13964    -0.0326563 0.0391241 
0.386005   1.08971    -0.202378  0.0872225 
0.407254   1.16989    0.0522616  0.0448148 
0.48059    1.12617    -0.0615335 0.0454759 
0.424564   1.05159    -0.157186  0.0488452 
0.377344   1.1223     -0.0691064 0.0483967 
0.451109   1.12112    -0.11231   0.061591  
0.358838   1.14977    -0.0970261 0.0463569 
0.314846   1.12583    -0.0682211 0.0383465 
0.294711   1.08892    -0.15694   0.0415793 
0.295965   1.08807    -0.110821  0.045686  
0.356369   1.17527    -0.049826  0.0604169 
0.276244   1.19799    0.0504024  0.0478895 
0.204548   1.17826    -0.0463603 0.0318219 
0.197776   1.11837    -0.179432  0.0228257 
0.267017   1.04395    -0.257946  0.0240705 
0.323209   1.02968    -0.228723  0.0334868 
0.303956   1.09531    -0.206877  0.0275442 
0.27419    1.01099    -0.229384  0.0193809 
0.18534    1.01917    -0.245437  0.0277544 
0.225876   1.04031    -0.244439  0.0481348 
0.252613   1.12196    -0.147698  0.0357019 
0.241211   1.08811    -0.204108  0.0469893 
0.321195   1.13111    -0.0402915 0.0324705 
0.361767   1.03546    -0.199495  0.0386636 
0.327434   1.08566    -0.187182  0.0344026 
0.322232   1.16388    -0.178964  0.0649687 
0.380921   1.15744    -0.0360707 0.106916  
0.384367   1.21725    0.233983   0.0360468 
0.305503   1.13622    -0.133223  0.0273941 
0.267512   1.07212    -0.221373  0.0225127 
0.225103   1.05635    -0.249404  0.0228402 
0.18123    1.0429     -0.235287  0.0238554 
0.176012   1.0216     -0.246063  0.0451363 
0.260735   1.11272    -0.132685  0.0321348 
0.221235   1.09341    -0.173791  0.0321591 
0.200664   1.12778    -0.179121  0.02796   
0.154402   1.0879     -0.194372  0.0244701 
0.194403   1.04926    -0.221142  0.0440064 
0.173126   1.13288    -0.161572  0.0385023 
0.214289   1.1197     -0.161905  0.0516843 
0.289128   1.17618    -0.075037  0.0395452 
0.383285   1.08269    -0.133079  0.0445347 
0.412546   1.04395    -0.145479  0.0208626 
0.320316   0.977524   -0.240208  0.0185148 
0.253387   0.984299   -0.282165  0.0313897 
0.186493   1.07964    -0.229905  0.0281628 
0.214203   1.03875    -0.225363  0.0340103 
0.287247   1.11324    -0.156165  0.0465687 
0.262052   1.15457    -0.142292  0.0647563 
0.320972   1.23542    0.0932416  0.137638  
0.27143    1.28789    0.402443   0.125101  
0.288443   1.37255    0.768386   0.177426  
0.281485   1.45488    1.23603    0.105705  
0.185012   1.48861    0.626827   0.114678  
0.122492   1.41935    0.731738   0.0949099 
0.12393    1.37232    0.418255   0.0909769 
0.0620794  1.37261    0.499473   0.159256  
0.0481422  1.30521    0.433853   0.109607  
0.118684   1.40488    0.575611   0.0869047 
0.196847   1.34682    0.277647   0.143197  
0.196847   1.34682    0.277647   0.0698406 
0.146735   1.2594     0.0667711  0.048567  
0.244076   1.18574    -0.0357994 0.0469787 
0.227857   1.22379    -0.0862574 0.0346009 
0.198568   1.12691    -0.181438  0.0684621 
0.267922   1.21779    0.153358   0.0788813 
0.304559   1.31575    0.238601   0.113006  
0.368345   1.3005     0.54581    0.140157  
0.292269   1.28569    0.384626   0.078908  
0.361469   1.20071    0.0801458  0.0856093 
0.34218    1.27563    0.169747   0.0542447 
0.292363   1.18863    0.018962   0.0449333 
0.332152   1.09407    -0.194216  0.046807  
0.281338   1.13492    -0.109072  0.0222146 
0.309931   1.07799    -0.257015  0.0317062 
0.350789   1.06295    -0.255327  0.0351956 
0.411851   1.09006    -0.153693  0.0304328 
0.406706   0.990255   -0.246333  0.0269747 
0.493611   0.945219   -0.244221  0.0253769 
0.516666   0.949094   -0.230578  0.0217865 
0.455846   0.974278   -0.258685  0.0348261 
0.423754   1.0244     -0.17049   0.0263736 
0.37018    1.05709    -0.228546  0.0358259 
0.437133   1.01796    -0.177587  0.0342145 
0.516325   1.01055    -0.165943  0.0374546 
0.551962   1.03683    -0.150934  0.0693332 
0.551962   1.03683    -0.150934  0.0246454 
0.454258   0.942796   -0.253362  0.0227099 
0.41083    0.997985   -0.266777  0.017806  
0.402276   0.899626   -0.248834  0.0287704 
0.403237   0.936683   -0.210348  0.0149383 
0.39195    0.890206   -0.268684  0.0175003 
0.319668   0.816332   -0.204394  0.0175305 
0.274077   0.778312   -0.137529  0.0192756 
0.264562   0.837942   -0.174566  0.0226327 
0.364467   0.881011   -0.201432  0.0160561 
0.388272   0.86135    -0.283562  0.0176087 
0.388272   0.86135    -0.283562  0.0172139 
0.291038   0.804999   -0.182493  0.0186378 
0.249316   0.748029   -0.0650351 0.0159855 
0.313035   0.841216   -0.179199  0.0166578 
0.339349   0.806613   -0.203399  0.019913  
0.305055   0.710674   -0.0820131 0.0181591 
0.373491   0.664524   -0.056583  0.0173007 
0.310687   0.746489   -0.0944658 0.0161069 
0.360387   0.825613   -0.206503  0.0150685 
0.414597   0.87889    -0.265505  0.019546  
0.402308   0.845641   -0.248023  0.0162077 
0.368474   0.820432   -0.227176  0.0158977 
0.273456   0.877186   -0.239367  0.0160578 
0.235921   0.933241   -0.247819  0.0233619 
0.251701   1.00835    -0.231047  0.0176714 
0.1559     0.92128    -0.234717  0.0178078 
0.130854   0.956908   -0.221799  0.0151604 
0.152627   0.922956   -0.227214  0.0220291 
0.105829   0.930659   -0.198436  0.0162739 
0.121577   0.848599   -0.188682  0.0189689 
0.023001   0.769573   -0.0439812 0.0164307 
-0.0687152 0.85913    -0.181613  0.0158894 
-0.134443  0.888804   -0.21248   0.015696  
-0.230048  0.904498   -0.237095  0.0164423 
-0.229814  0.871858   -0.194557  0.01675   
-0.329342  0.815108   -0.228702  0.0209518 
-0.389176  0.905883   -0.270482  0.0163111 
-0.359181  0.847282   -0.234957  0.0169273 
-0.415214  0.895812   -0.270807  0.0167197 
-0.325093  0.801078   -0.221129  0.0199209 
-0.229896  0.728054   -0.0762684 0.0181371 
-0.283024  0.759797   -0.145577  0.0211533 
-0.281883  0.679817   -0.0546547 0.0226699 
-0.302341  0.646787   -0.00469449 0.0213846 
-0.215215  0.702738   0.0116438  0.0230328 
-0.246394  0.668851   0.0435894  0.0254953 
-0.20766   0.626508   0.148458   0.0244138 
-0.207923  0.659615   0.0586387  0.0218412 
-0.237634  0.706815   -0.0758228 0.0245829 
-0.17488   0.621393   0.232925   0.0275982 
-0.24635   0.546188   0.351225   0.0311437 
-0.268037  0.48845    0.441937   0.022757  
-0.327459  0.560322   0.148262   0.0202547 
-0.414012  0.557343   -0.00882654 0.0274633 
-0.325133  0.495692   0.309378   0.0203518 
-0.402636  0.528188   0.0854999  0.0267466 
-0.36273   0.433656   0.323452   0.047429  
-0.372012  0.343057   0.540103   0.0274645 
-0.34455   0.399561   0.486317   0.0292533 
-0.301147  0.396766   0.676337   0.0599508 
-0.326319  0.306506   0.80107    0.148972  
-0.326319  0.306506   0.80107    0.0408861 
-0.269402  0.324786   1.08921    0.0280273 
-0.324035  0.421158   0.488246   0.0280576 
-0.290984  0.501362   0.392597   0.0289228 
-0.29593   0.502921   0.320315   0.0250818 
-0.289234  0.580474   0.156948   0.0299212 
-0.206003  0.514755   0.543453   0.0345558 
-0.206003  0.514755   0.543453   0.0298003 
-0.127102  0.588238   0.309871   0.0323257 
-0.058899  0.561321   0.452174   0.0308644 
-0.133037  0.56804    0.396155   0.0364863 
-0.115526  0.508411   0.635361   0.0316728 
-0.0156343 0.570178   0.431595   0.0263401 
0.0308216  0.644907   0.19664    0.0256712 
0.0938126  0.616911   0.303539   0.033711  
0.172743   0.526153   0.485414   0.0321962 
0.0998263  0.57857    0.355445   0.0311787 
0.054591   0.566737   0.44375    0.0283056 
0.146806   0.585369   0.331759   0.0360225 
0.165708   0.504434   0.580424   0.0390163 
0.195613   0.434398   0.789569   0.0472    
0.222661   0.396208   0.863955   0.0442067 
0.215772   0.38502    0.890653   0.0295115 
0.311222   0.437258   0.493651   0.0317238 
0.228227   0.4905     0.584023   0.0346247 
0.155572   0.517041   0.507973   0.028079  
0.0916394  0.583779   0.364454   0.0248118 
0.187107   0.640182   0.141219   0.026376  
0.104029   0.620891   0.274563   0.0226046 
0.0473961  0.670442   0.191921   0.0278431 
-0.0361999 0.612208   0.310414   0.0267123 
0.0371633  0.606168   0.383099   0.0267527 
0.0351322  0.615154   0.305133   0.0247372 
-0.0251243 0.682011   0.107646   0.0189113 
-0.11264   0.774147   -0.0428588 0.0199764 
-0.0816288 0.746645   0.000480717 0.0237775 
-0.118104  0.648412   0.195657   0.0209566 
-0.177863  0.723973   -0.0351258 0.0215883 
-0.143941  0.704617   0.0454336  0.019338  
-0.225476  0.803581   -0.122964  0.0191072 
-0.178216  0.793204   -0.138897  0.019776  
-0.10508   0.741368   -0.00593483 0.0195357 
-0.126964  0.821127   -0.110392  0.0179154 
-0.0955508 0.852829   -0.156179  0.0193339 
-0.146705  0.946529   -0.240035  0.019425  
-0.185725  0.88666    -0.217249  0.0228505 
-0.178941  0.900239   -0.209437  0.0163045 
-0.191181  0.850704   -0.17192   0.0165543 
-0.236766  0.841623   -0.235686  0.0159284 
-0.317462  0.834235   -0.228974  0.0165165 
-0.34062   0.809633   -0.188294  0.0158978 
-0.319912  0.831874   -0.22103   0.019106  
-0.401473  0.893764   -0.254694  0.0157644 
-0.401473  0.893764   -0.254694  0.0154948 
-0.370471  0.79718    -0.202179  0.016058  
-0.408651  0.786052   -0.191673  0.018616  
-0.341771  0.841882   -0.184628  0.0202111 
-0.261454  0.916531   -0.235827  0.0174796 
-0.338194  0.93494    -0.25589   0.018338  
-0.407444  0.935602   -0.255521  0.0171266 
-0.388253  0.959297   -0.308522  0.0202583 
-0.334076  0.99068    -0.267142  0.0336311 
-0.429455  1.07522    -0.172106  0.0516606 
-0.51073   1.08482    -0.096899  0.0324821 
-0.60716   0.994296   -0.180435  0.0424299 
-0.678752  0.959269   -0.155928  0.0394409 
-0.740868  0.93968    -0.129627  0.0721521 
-0.776815  0.978191   0.102382   0.120285  
-0.754866  1.07019    0.428537   0.0637245 
-0.767088  1.00177    0.072833   0.05034   
-0.775873  0.989717   0.0218385  0.0736477 
-0.698597  1.05207    0.11867    0.105658  
-0.642889  1.07325    0.170898   0.0464028 
-0.559425  1.07304    -0.0585379 0.0463321 
-0.605496  1.01516    -0.130165  0.0472308 
-0.623067  1.07411    -0.0100493 0.0442321 
-0.604452  1.09682    -0.0916762 0.10707   
-0.5718    1.19494    0.352425   0.199211  
-0.5718    1.19494    0.352425   0.135636  
-0.577889  1.27081    0.676908   0.101068  
-0.608142  1.29772    0.646504   0.116221  
-0.541445  1.30844    0.555241   0.143898  
-0.597339  1.27813    0.860238   0.0931734 
-0.662763  1.24216    0.575783   0.133179  
-0.575615  1.2694     0.698225   0.120221  
-0.575615  1.2694     0.698225   0.282515  
-0.614305  1.30566    1.32442    0.175657  
-0.614305  1.30566    1.32442    0.090248  
-0.569258  1.25866    0.456738   0.0777187 
-0.491496  1.25652    0.154809   0.10696   
-0.584686  1.22535    0.493359   0.0916762 
-0.600813  1.25386    0.441383   0.0656111 
-0.613796  1.2064     0.144252   0.0481334 
-0.523574  1.11855    -0.0688813 0.0670157 
-0.523574  1.11855    -0.0688813 0.0470596 
-0.548741  1.09059    -0.0586856 0.09674   
-0.548741  1.09059    -0.0586856 0.0621921 
-0.530004  1.12909    0.0217623  0.12447   
-0.530004  1.12909    0.0217623  0.141018  
-0.596896  1.20353    0.406924   0.178594  
-0.617571  1.22283    0.829582   0.174435  
-0.709323  1.29835    1.33613    0.140763  
-0.701536  1.3806     1.24117    0.193557  
-0.701536  1.3806     1.24117    0.1976    
-0.701536  1.3806     1.24117    0.18363   
-0.749459  1.37645    1.66507    0.202992  
-0.685067  1.39933    1.73092    0.182962  
-0.619096  1.43971    1.37693    0.27744   
-0.619096  1.43971    1.37693    0.189669  
-0.599922  1.45252    1.54246    0.235271  
-0.641903  1.39005    1.73159    0.137278  
-0.657531  1.37143    1.20843    0.15856   
-0.657531  1.37143    1.20843    0.163898  
-0.726745  1.29894    1.41692    0.149323  
-0.801429  1.2413     1.0398     0.129486  
-0.765756  1.26427    0.911546   0.150834  
-0.715206  1.33357    1.29045    0.201183  
-0.810987  1.37804    1.63338    0.223535  
-0.810987  1.37804    1.63338    0.266778  
-0.810987  1.37804    1.63338    0.143751  
-0.780543  1.33193    1.35508    0.189094  
-0.802763  1.42181    1.76181    0.223562  
-0.737483  1.46701    2.23419    0.378276  
-0.737483  1.46701    2.23419    0.354611  
-0.825485  1.36952    2.50819    0.237039  
-0.917407  1.3304     1.94973    0.211166  
-0.917407  1.3304     1.94973    0.280458  
-0.917407  1.3304     1.94973    0.334175  
-0.917407  1.3304     1.94973    0.339846  
-0.917407  1.3304     1.94973    0.280015  
-0.917407  1.3304     1.94973    0.196335  
-0.99707   1.30741    2.18367    0.385195  
-0.99707   1.30741    2.18367    0.257917  
-0.99707   1.30741    2.18367    0.129231  
-0.910158  1.20751    1.10862    0.122655  
-0.900575  1.13432    0.979459   0.102025  
-0.884041  1.12701    0.759623   0.0691208 
-0.907311  1.02807    0.338392   0.129789  
-0.907311  1.02807    0.338392   0.105794  
-0.90634   1.07239    0.734737   0.071048  
-0.875954  1.02281    0.324898   0.0910812 
-0.854427  1.01948    0.330711   0.0682825 
-0.780898  1.0314     0.153474   0.125913  
-0.767935  1.10892    0.535189   0.113023  
-0.789492  1.1557     0.706449   0.170797  
-0.81735   1.24684    1.20549    0.108985  
-0.789131  1.20841    0.612329   0.13457   
-0.855131  1.16309    0.806994   0.150401  
-0.83546   1.23123    1.16918    0.168717  
-0.739553  1.30328    1.27158    0.101153  
-0.662066  1.23998    0.594959   0.129741  
-0.698732  1.28848    0.840202   0.142138  
-0.698732  1.28848    0.840202   0.110721  
-0.60685   1.25466    0.475529   0.0528546 
-0.519039  1.1792     0.0272957  0.0647776 
-0.491356  1.17364    0.213524   0.057395  
-0.440475  1.12469    0.0208121  0.0223713 
-0.380285  1.04693    -0.234549  0.0548775 
-0.324221  1.1293     -0.124107  0.0819081 
-0.327781  1.17096    0.131297   0.0435715 
-0.33325   1.13674    -0.084766  0.0541437 
-0.379913  1.19386    -0.0426164 0.131458  
-0.379913  1.19386    -0.0426164 0.0518582 
-0.419898  1.16272    -0.0214694 0.0720263 
-0.342107  1.17099    0.0230555  0.0442279 
-0.245647  1.12464    -0.162839  0.0616248 
-0.245647  1.12464    -0.162839  0.020786  
-0.216561  1.05232    -0.303048  0.035426  
-0.152459  0.990119   -0.179622  0.02012   
-0.168529  1.04857    -0.270544  0.0166827 
-0.239328  0.975105   -0.281108  0.0161148 
-0.331156  0.893184   -0.264546  0.0156276 
-0.241617  0.909775   -0.2552    0.0170532 
-0.141928  0.837913   -0.157676  0.0160823 
-0.225894  0.819349   -0.126478  0.0185021 
-0.185726  0.787884   -0.117232  0.0190037 
-0.139414  0.777009   -0.0965277 0.0188129 
-0.116931  0.784365   -0.113588  0.0187428 
-0.192767  0.789469   -0.121612  0.0176778 
-0.14514   0.876243   -0.191389  0.0164621 
-0.238246  0.894533   -0.242699  0.017418  
-0.17546   0.910521   -0.240325  0.0163329 
-0.24628   0.951261   -0.28182   0.0177356 
-0.301876  0.893964   -0.253003  0.0157147 
-0.324662  0.847778   -0.23925   0.0193697 
-0.347206  0.88152    -0.252539  0.0160695 
-0.316765  0.898758   -0.238421  0.0179887 
-0.233028  0.8022     -0.149749  0.0171351 
-0.330349  0.758027   -0.153183  0.0173369 
-0.323682  0.74311    -0.0935469 0.0171488 
-0.297545  0.793793   -0.164047  0.0160082 
-0.331631  0.796269   -0.178743  0.0179116 
-0.39378   0.79936    -0.209942  0.0154618 
-0.389205  0.76511    -0.188824  0.0163679 
-0.339581  0.77499    -0.176897  0.0164773 
-0.275471  0.787869   -0.14679   0.0203067 
-0.280226  0.711191   -0.103899  0.0183478 
-0.216498  0.775237   -0.106079  0.0180685 
-0.262193  0.75321    -0.0719256 0.0168586 
-0.314148  0.765122   -0.141055  0.0176507 
-0.355678  0.742682   -0.148412  0.0148076 
-0.37569   0.840131   -0.255383  0.0153287 
-0.43123   0.804265   -0.257427  0.0152467 
-0.338091  0.860095   -0.222565  0.0161848 
-0.330062  0.801244   -0.186357  0.0184229 
-0.299531  0.722041   -0.0802983 0.0203347 
-0.208064  0.72905    -0.0477422 0.0169669 
-0.255408  0.824566   -0.165757  0.0188683 
-0.280857  0.747969   -0.145718  0.0221549 
-0.280857  0.747969   -0.145718  0.0176471 
-0.19402   0.820589   -0.143684  0.0210318 
-0.263413  0.723316   -0.0947835 0.0172255 
-0.268549  0.796842   -0.146036  0.0165455 
-0.368122  0.760699   -0.183897  0.0174606 
-0.333766  0.745428   -0.161274  0.0167701 
-0.32739   0.817376   -0.212038  0.0187793 
-0.353835  0.909506   -0.239257  0.0262681 
-0.256408  0.996974   -0.212073  0.0197884 
-0.182442  0.927277   -0.221882  0.0507608 
-0.178081  0.951086   -0.18227   0.0166593 
-0.178238  0.861258   -0.170741  0.0170274 
-0.208955  0.863585   -0.194033  0.0173937 
-0.117671  0.909028   -0.205139  0.0166557 
-0.17455   0.862701   -0.187894  0.0204776 
-0.202817  0.921061   -0.189117  0.0159933 
-0.158183  0.889838   -0.212742  0.0161047 
-0.0962317 0.879902   -0.19397   0.0155899 
-0.193693  0.89569    -0.215113  0.0159874 
-0.241493  0.817502   -0.163804  0.0177523 
-0.164127  0.808949   -0.130001  0.0197092 
-0.16091   0.748307   -0.0620216 0.0210564 
-0.16091   0.748307   -0.0620216 0.017342  
-0.237715  0.840832   -0.183382  0.019716  
-0.26844   0.909337   -0.238365  0.0172838 
-0.286502  0.835413   -0.218144  0.0167549 
-0.35257   0.841049   -0.258076  0.0153203 
-0.36177   0.816478   -0.194572  0.0167661 
-0.353873  0.760655   -0.166537  0.0196236 
-0.338924  0.684726   -0.0772862 0.0238811 
-0.276436  0.628298   0.0671656  0.0210572 
-0.187609  0.723627   -0.0223756 0.0194761 
-0.168008  0.733947   -0.0253158 0.0205143 
-0.0854522 0.76126    -0.0708564 0.022778  
-0.0854522 0.76126    -0.0708564 0.020676  
-0.0159897 0.720133   0.0444109  0.0263117 
-0.00831213 0.625366   0.272873   0.0270346 
0.0694632  0.626705   0.219121   0.0239311 
-0.023491  0.677748   0.136131   0.0211713 
-0.0429083 0.735958   -0.00243559 0.0192069 
-0.0958114 0.768999   -0.0813735 0.0195111 
-0.112426  0.779362   -0.121953  0.019633  
-0.147652  0.773166   -0.139154  0.0188453 
-0.134154  0.788765   -0.0959644 0.0198298 
-0.106503  0.751322   -0.0184831 0.0218441 
-0.0191692 0.743312   0.00115356 0.0239875 
0.0160612  0.685584   0.137622   0.0264415 
-0.0369562 0.644549   0.22081    0.021216  
-0.13265   0.724166   0.00532929 0.0171784 
-0.104956  0.819145   -0.139958  0.016967  
-0.0668392 0.839752   -0.166619  0.019264  
0.0126367  0.768709   -0.0433358 0.0188187 
0.0137636  0.780903   -0.0571441 0.0172183 
0.0588338  0.820766   -0.0886315 0.0170873 
-0.0236431 0.848583   -0.149584  0.0162628 
-0.0450073 0.882715   -0.205115  0.0169199 
-0.10535   0.887005   -0.234168  0.0182779 
-0.116652  0.91461    -0.250117  0.0176164 
-0.043169  0.830109   -0.126727  0.0200469 
-0.128809  0.751786   -0.052419  0.0208597 
-0.0439249 0.747849   -0.0107294 0.0209292 
0.0350945  0.769104   -0.101616  0.0186304 
0.121098   0.782191   -0.0861306 0.0170829 
0.109018   0.871829   -0.172814  0.0162639 
0.0350082  0.889465   -0.19015   0.0164726 
-0.0528627 0.856894   -0.167929  0.0166843 
-0.00178299 0.883784   -0.205791  0.0176738 
0.0150539  0.833585   -0.16989   0.0172709 
0.0982895  0.831731   -0.148851  0.0175995 
0.0676667  0.841088   -0.159498  0.0171371 
-0.0151015 0.84929    -0.15943   0.0199542 
0.0397867  0.76794    -0.0408029 0.0216523 
0.0879614  0.704368   0.0787615  0.0210719 
0.156858   0.67065    0.160978   0.0224782 
0.134866   0.697461   0.0466275  0.0189878 
0.107612   0.769005   -0.0399147 0.0219355 
0.165202   0.682112   0.0675422  0.0214352 
0.161806   0.685839   0.130355   0.0197721 
0.0723343  0.776062   -0.0904738 0.0195332 
0.0041641  0.76654    -0.038378  0.0221409 
0.0555311  0.68159    0.152909   0.0251868 
0.100685   0.659629   0.131641   0.026608  
0.0168813  0.647919   0.172761   0.0222138 
0.0850814  0.708115   0.041223   0.0226112 
0.079046   0.700512   0.055406   0.0239364 
0.0436013  0.683415   0.102496   0.0242441 
0.118217   0.654354   0.153793   0.0258357 
0.180061   0.611166   0.198972   0.0331117 
0.195179   0.518613   0.48923    0.0448188 
0.108268   0.443529   1.0095     0.0421941 
0.0249161  0.462002   0.967315   0.0749868 
0.0249161  0.462002   0.967315   0.0415172 
-0.0167833 0.488389   0.74739    0.0439622 
-0.0683663 0.462176   0.875129   0.0526334 
-0.0683663 0.462176   0.875129   0.0491175 
0.0237572  0.453665   0.905291   0.0581919 
0.0934998  0.397032   1.28537    0.0776842 
0.0934998  0.397032   1.28537    0.0609924 
0.0869833  0.38108    1.39012    0.0465405 
0.171485   0.399667   1.14096    0.0374769 
0.185887   0.436788   0.92084    0.031477  
0.262853   0.49127    0.447783   0.0276161 
0.23088    0.558908   0.27976    0.0345492 
0.181471   0.496323   0.583907   0.0336417 
0.191469   0.496228   0.555603   0.0312828 
0.239926   0.467731   0.593155   0.0291712 
0.309235   0.458709   0.43821    0.0288403 
0.307256   0.440995   0.54333    0.0436017 
0.307256   0.440995   0.54333    0.0228616 
0.388225   0.458835   0.217266   0.0250407 
0.310063   0.545587   0.202935   0.0213009 
0.314933   0.624758   0.087369   0.0206857 
0.302263   0.633899   0.118241   0.0223481 
0.246351   0.674482   -0.00948298 0.0236382 
0.255342   0.642866   0.0940963  0.0191139 
0.293279   0.71903    -0.0994294 0.0191306 
0.263168   0.750791   -0.146082  0.0185312 
0.287442   0.771759   -0.167746  0.0164422 
0.276263   0.807257   -0.142371  0.0209554 
0.311765   0.899549   -0.230871  0.0154758 
0.287341   0.864464   -0.224493  0.0170621 
0.280423   0.946788   -0.270266  0.0153829 
0.312382   0.903642   -0.240576  0.0170239 
0.282146   0.874384   -0.22145   0.0166013 
0.377457   0.887068   -0.251169  0.0187572 
0.358892   0.818617   -0.180132  0.0186375 
0.35095    0.888996   -0.262357  0.0161098 
0.281656   0.829068   -0.201317  0.0180614 
0.281656   0.829068   -0.201317  0.0173628 
0.281656   0.829068   -0.201317  0.0194167 
0.235366   0.743367   -0.0615475 0.0210186 
0.241861   0.69125    -0.0218643 0.0235086 
0.299889   0.614011   0.0548371  0.020033  
0.335337   0.668843   -0.0266474 0.0178981 
0.363075   0.715038   -0.144233  0.018752  
0.310895   0.711282   -0.0647106 0.0171034 
0.368833   0.775948   -0.188067  0.015557  
0.380742   0.822006   -0.254241  0.0197684 
0.435967   0.84994    -0.223604  0.0151138 
0.384487   0.83099    -0.255691  0.0151819 
0.426501   0.798888   -0.226469  0.0189853 
0.467994   0.884616   -0.26762   0.0166889 
0.477632   0.829379   -0.260677  0.0160525 
0.564685   0.896101   -0.298101  0.0162082 
0.62609    0.799834   -0.341564  0.0231974 
0.557567   0.852393   -0.270613  0.0172636 
0.47215    0.911153   -0.286835  0.0152084 
0.441028   0.815997   -0.251344  0.016198  
0.491028   0.824951   -0.272707  0.017256  
0.428293   0.90342    -0.273004  0.0260341 
0.408787   0.927151   -0.226342  0.0441756 
0.394733   0.99324    -0.203089  0.0191754 
0.338608   0.982046   -0.267596  0.0219628 
0.384793   0.901181   -0.260935  0.0169822 
0.442846   0.846602   -0.260725  0.0205357 
0.387593   0.925067   -0.226215  0.0165389 
0.389869   0.912164   -0.284615  0.0193628 
0.367699   0.874014   -0.2428    0.0148359 
0.422075   0.847475   -0.26255   0.0197446 
0.390514   0.921865   -0.255333  0.034834  
0.379898   0.959856   -0.190498  0.0220073 
0.332086   1.00058    -0.247675  0.0211513 
0.330645   0.957676   -0.22941   0.0228055 
0.323244   0.969143   -0.243491  0.0166198 
0.23689    0.90205    -0.240392  0.016211  
0.169527   0.953166   -0.246396  0.0166176 
0.0780458  0.917229   -0.258061  0.0157917 
0.1483     0.874458   -0.21638   0.0236404 
0.177289   0.914438   -0.231909  0.0182134 
0.177289   0.914438   -0.231909  0.0174305 
0.104676   0.825      -0.144289  0.0185549 
0.0883626  0.796312   -0.109325  0.0165136 
0.0534608  0.886762   -0.213481  0.018518  
0.0580816  0.804858   -0.121175  0.0184058 
0.0429362  0.826175   -0.178736  0.0170452 
0.0556819  0.90326    -0.261031  0.0160204 
-0.0426804 0.918758   -0.220931  0.0164729 
-0.0538334 0.921666   -0.249779  0.0165301 
-0.0432094 0.87607    -0.209232  0.0152061 
0.0548831  0.906985   -0.248145  0.0161376 
0.0616031  0.935529   -0.243965  0.0209262 
0.0776839  1.01479    -0.247963  0.0289974 
0.0684715  1.10413    -0.240079  0.0413369 
0.0786971  1.16032    -0.161465  0.061061  
0.118679   1.24418    0.0602417  0.0369137 
0.0795782  1.18036    -0.166106  0.0440413 
-0.0056292 1.15411    -0.114225  0.0270008 
-0.0858559 1.09466    -0.209183  0.0277376 
-0.0500839 1.10963    -0.203094  0.0412203 
0.00321646 1.1565     -0.115397  0.035736  
-0.0912483 1.17605    -0.129131  0.07288   
-0.0912483 1.17605    -0.129131  0.0348033 
-0.0546803 1.18656    -0.129883  0.0743362 
0.0129221  1.2566     0.114162   0.0763263 
0.0596777  1.2384     0.0788736  0.0529766 
0.0413026  1.26058    -0.063066  0.0510254 
0.130095   1.25593    0.0333788  0.047259  
0.201712   1.21744    -0.0652447 0.0381463 
0.104393   1.18698    -0.153325  0.0372838 
0.19612    1.15458    -0.13864   0.0759164 
0.230674   1.21349    0.035284   0.0528728 
0.235621   1.1797     -0.00535503 0.0352465 
0.276589   1.11953    -0.190833  0.037767  
0.315351   1.10481    -0.175614  0.0605818 
0.284352   1.15191    -0.0944217 0.201948  
0.219289   1.23667    0.2805     0.0581966 
0.210647   1.13883    -0.120405  0.0359732 
0.250494   1.1144     -0.194926  0.0574917 
0.313728   1.19395    -0.0412431 0.0667541 
0.33489    1.17358    0.0592359  0.122014  
0.397613   1.25884    0.268767   0.202026  
0.477456   1.21113    0.435382   0.0606025 
0.377656   1.18062    -0.00362971 0.103819  
0.376101   1.25948    0.36764    0.100076  
0.333902   1.30379    0.418255   0.127186  
0.426149   1.29771    0.642368   0.0993336 
0.428503   1.23912    0.462996   0.154397  
0.418261   1.26121    0.409827   0.0917396 
0.337337   1.30877    0.482947   0.140544  
0.317731   1.36623    0.685258   0.0648151 
0.273534   1.29118    0.081171   0.133639  
0.273534   1.29118    0.081171   0.0964853 
0.229307   1.38758    0.4034     0.131853  
0.229307   1.38758    0.4034     0.107641  
0.13967    1.4335     0.620118   0.131723  
0.0523418  1.41492    0.671506   0.112574  
0.0320268  1.40997    0.586634   0.0839197 
-0.00921649 1.35701    0.281384   0.0869388 
-0.0527049 1.31913    0.116221   0.100437  
-0.143032  1.36036    0.433252   0.192775  
-0.0943315 1.43822    1.02125    0.0823447 
-0.16244   1.34487    0.350647   0.0841532 
-0.172028  1.30551    0.306729   0.0747953 
-0.199409  1.34413    0.239843   0.127618  
-0.29157   1.32487    0.478745   0.110439  
-0.277173  1.28442    0.200653   0.0881419 
-0.214535  1.3147     0.295683   0.146736  
-0.140051  1.38382    0.656002   0.11139   
-0.191917  1.33413    0.446633   0.0799656 
-0.192946  1.25422    0.0493103  0.0502652 
-0.0988682 1.22386    -0.0479451 0.0717076 
-0.141594  1.30338    0.204172   0.0792218 
-0.154077  1.24658    0.0711107  0.035587  
-0.244111  1.15037    -0.180424  0.0299645 
-0.337185  1.0856     -0.19814   0.0363199 
-0.387734  1.08694    -0.151578  0.0455688 
-0.465299  1.06667    -0.131127  0.0348548 
-0.39733   1.07367    -0.156728  0.0465248 
-0.420828  1.03369    -0.155453  0.0184048 
-0.376915  0.972852   -0.254879  0.0228457 
-0.371583  1.04204    -0.244794  0.0251664 
-0.368933  1.02032    -0.238021  0.0208854 
-0.347736  1.01107    -0.284116  0.0160389 
-0.330989  0.962742   -0.26329   0.0213435 
-0.364576  0.942606   -0.247996  0.0275503 
-0.356969  0.964501   -0.258745  0.0168399 
-0.439223  0.912954   -0.294004  0.0181104 
-0.47756   0.85977    -0.25058   0.0170111 
-0.470757  0.897025   -0.284008  0.0411299 
-0.533793  0.986604   -0.16485   0.0530334 
-0.533793  0.986604   -0.16485   0.0828149 
-0.560013  1.03334    -0.0868872 0.0405767 
-0.533105  0.957438   -0.141693  0.0293993 
-0.492153  0.932387   -0.236084  0.0338987 
-0.478283  1.03162    -0.191872  0.0265033 
-0.438744  0.987524   -0.25547   0.0311267 
-0.444336  1.02469    -0.210144  0.0268968 
-0.364016  1.05271    -0.258984  0.0216334 
-0.396741  0.965351   -0.269015  0.027165  
-0.3881    0.942659   -0.247513  0.0172983 
-0.416956  0.861417   -0.262772  0.0161429 
-0.33526   0.866034   -0.248051  0.0166822 
-0.317826  0.960901   -0.285463  0.0157676 
-0.315887  0.908556   -0.268807  0.018269  
-0.345452  0.906434   -0.233957  0.0181581 
-0.331147  0.954583   -0.27392   0.0225454 
-0.390642  0.959844   -0.241001  0.0157552 
-0.350298  0.940781   -0.27832   0.020009  
-0.286379  0.941529   -0.27225   0.0165989 
-0.206716  0.846293   -0.172412  0.0165844 
-0.135972  0.838868   -0.175919  0.0180696 
-0.146681  0.827895   -0.120636  0.0192263 
-0.0959779 0.784931   -0.0999273 0.0197611 
-0.107206  0.762225   -0.0758953 0.0214013 
-0.0800095 0.726587   -0.000633256 0.018123  
-0.122038  0.779414   -0.0830035 0.0187112 
-0.13547   0.83299    -0.140457  0.0186757 
-0.219839  0.783653   -0.161727  0.0169473 
-0.193473  0.818451   -0.162134  0.0170773 
-0.233385  0.823245   -0.173698  0.0184675 
-0.233385  0.823245   -0.173698  0.0180338 
-0.230916  0.862555   -0.220881  0.0177594 
-0.251165  0.957093   -0.238504  0.0197327 
-0.298507  0.861803   -0.217313  0.0173141 
-0.213641  0.79192    -0.132408  0.0173806 
-0.240187  0.817531   -0.182295  0.016839  
-0.152078  0.896689   -0.269661  0.0201791 
-0.180569  0.987076   -0.244448  0.035189  
-0.256425  0.953138   -0.236144  0.0158598 
-0.163342  0.884975   -0.242303  0.0182897 
-0.213145  0.816075   -0.14322   0.019304  
-0.254573  0.718173   -0.0161141 0.0194441 
-0.279693  0.745292   -0.141925  0.0201617 
-0.211832  0.740102   -0.0626365 0.019838  
-0.179993  0.713107   0.0264365  0.0242051 
-0.140603  0.659565   0.149918   0.0232969 
-0.202459  0.661501   0.0830704  0.0249538 
-0.301239  0.595483   0.104345   0.0232493 
-0.236595  0.683843   -0.0374284 0.0251328 
-0.232746  0.592146   0.233866   0.022584  
-0.167706  0.667725   0.118732   0.0251697 
-0.167706  0.667725   0.118732   0.02873   
-0.0885716 0.587681   0.348092   0.0248307 
-0.144257  0.645603   0.153851   0.0239028 
-0.239343  0.64977    0.0509293  0.0259514 
-0.222387  0.59729    0.203329   0.0239707 
-0.137163  0.658183   0.149922   0.0211537 
-0.217511  0.707373   -0.00994831 0.0211494 
-0.247968  0.700107   -0.0211844 0.0256691 
-0.205978  0.613287   0.213346   0.0220444 
-0.207941  0.683946   0.0481716  0.0199095 
-0.128876  0.75344    -0.0580478 0.0231787 
-0.13175   0.69437    0.0341179  0.0229448 
-0.107466  0.682808   0.0811196  0.0196772 
-0.0903686 0.758601   -0.0401119 0.0165965 
-0.124983  0.844258   -0.155386  0.0177275 
-0.132545  0.929838   -0.23639   0.0238174 
-0.18141   0.967693   -0.257962  0.020622  
-0.18769   0.984889   -0.253491  0.0221088 
-0.163929  1.01146    -0.25396   0.0223439 
-0.0791358 0.941847   -0.203955  0.0161809 
-0.151278  0.888583   -0.203536  0.0177594 
-0.250698  0.911023   -0.233773  0.0216487 
-0.350467  0.852413   -0.228157  0.0177695 
-0.296868  0.75489    -0.156767  0.0188677 
-0.304919  0.710719   -0.0924734 0.0198431 
-0.276745  0.691083   -0.0417302 0.0209921 
-0.288264  0.645648   0.0767758  0.0185764 
-0.302575  0.730633   -0.0884869 0.0172176 
-0.324427  0.75179    -0.141639  0.0171605 
-0.226118  0.82911    -0.197125  0.0176141 
-0.160051  0.810599   -0.145918  0.0178625 
-0.153002  0.809098   -0.163746  0.0176977 
-0.0923883 0.815749   -0.123315  0.0157657 
-0.120791  0.867087   -0.197589  0.0159405 
-0.141617  0.908772   -0.227323  0.0238439 
-0.216784  0.984671   -0.252221  0.0202034 
-0.211595  0.896269   -0.214446  0.0193084 
-0.266747  0.99124    -0.278902  0.0319938 
-0.322743  1.06433    -0.238417  0.0304881 
-0.253837  1.07622    -0.213972  0.0397312 
-0.244821  1.14763    -0.134556  0.0607226 
-0.205417  1.23156    0.0252041  0.0900157 
-0.284187  1.30085    0.257528   0.0943441 
-0.210187  1.26765    0.236096   0.060213  
-0.182384  1.28338    0.0752215  0.050155  
-0.111386  1.23548    0.00444328 0.0646829 
-0.104805  1.31769    0.178031   0.0842834 
-0.07827   1.26073    0.149732   0.0436057 
-0.0634211 1.19344    -0.0935576 0.0315096 
-0.15601   1.12442    -0.215434  0.0238375 
-0.139978  1.02534    -0.250272  0.0342843 
-0.0996952 1.0167     -0.209146  0.0167671 
-0.175401  0.944102   -0.240711  0.0164138 
-0.127855  0.95459    -0.288541  0.0285049 
-0.217929  1.02606    -0.26886   0.0220532 
-0.175678  1.01026    -0.232751  0.0174721 
-0.127168  0.982613   -0.231154  0.0254425 
-0.203231  1.06083    -0.233555  0.0213474 
-0.293848  1.05613    -0.242077  0.0302744 
-0.335536  1.09295    -0.231173  0.0465032 
-0.403304  1.16618    -0.0117983 0.0411511 
-0.390224  1.07144    -0.15283   0.0518258 
-0.435282  1.13303    -0.0548819 0.0473514 
-0.441024  1.20003    0.0157418  0.0737355 
-0.45983   1.19545    0.17235    0.0530953 
-0.508599  1.14643    0.0549972  0.0712449 
-0.491921  1.19686    0.0579398  0.0665061 
-0.478204  1.24336    0.204667   0.0574792 
-0.389064  1.19314    -0.0158885 0.0585633 
-0.331134  1.16183    -0.0468403 0.0397229 
-0.237293  1.1667     -0.110667  0.051339  
-0.223027  1.24353    -0.0194764 0.0468445 
-0.169052  1.23245    -0.0354523 0.0597847 
-0.19925   1.28683    0.0406876  0.140537  
-0.221016  1.30197    0.495877   0.0917045 
-0.234972  1.26874    0.260571   0.06893   
-0.202505  1.20629    -0.0515771 0.0489003 
-0.271289  1.17183    -0.0539845 0.0597138 
-0.30315   1.16396    -0.0701694 0.0618673 
-0.317583  1.19106    -0.0052466 0.0493346 
-0.352046  1.12195    -0.102868  0.0565665 
-0.284125  1.17607    -0.0418998 0.0472781 
-0.374946  1.19749    -0.10379   0.0929775 
-0.374946  1.19749    -0.10379   0.101795  
-0.328499  1.26657    0.182229   0.161468  
-0.328499  1.26657    0.182229   0.132902  
-0.328499  1.26657    0.182229   0.0635801 
-0.271408  1.25944    0.123501   0.0748625 
-0.334751  1.2202     0.083737   0.0348289 
-0.320062  1.13597    -0.161848  0.0561719 
-0.258207  1.23087    -0.0472535 0.0612256 
-0.270242  1.21051    0.0160871  0.0540249 
-0.195229  1.22761    0.00308783 0.0451554 
-0.272542  1.13112    -0.161592  0.0411126 
-0.287268  1.1642     -0.157641  0.0770759 
-0.378943  1.23713    0.181055   0.0411231 
-0.406591  1.14111    -0.116909  0.0803491 
-0.406591  1.14111    -0.116909  0.0438422 
-0.471938  1.13402    -0.0662264 0.0940705 
-0.471938  1.13402    -0.0662264 0.0683584 
-0.457816  1.07917    -0.0377584 0.0328272 
-0.47286   0.990268   -0.2317    0.0180407 
-0.459862  0.943395   -0.282746  0.0379496 
-0.49314   1.02393    -0.167567  0.0366973 
-0.525048  0.938067   -0.188324  0.0393708 
-0.618742  1.018      -0.102545  0.0450207 
-0.67897   1.01663    -0.0477027 0.0359086 
-0.700555  0.930459   -0.16649   0.0369326 
-0.747078  0.856645   -0.222695  0.0283832 
-0.813072  0.817551   -0.284714  0.0258374 
-0.775533  0.823538   -0.296101  0.0511659 
-0.741973  0.881101   -0.147342  0.0514403 
-0.647697  0.934036   -0.110847  0.0525028 
-0.738587  1.01189    0.0486637  0.0346075 
-0.655222  0.978626   -0.18391   0.0437883 
-0.67862   1.04412    -0.0248874 0.0721253 
-0.721854  1.03051    0.121165   0.108356  
-0.770778  1.1217     0.470168   0.055941  
-0.770968  1.0449     0.0518958  0.0898168 
-0.770968  1.0449     0.0518958  0.0557563 
-0.727344  1.01843    0.0264912  0.0453797 
-0.784646  0.928203   -0.0450409 0.0409749 
-0.869582  0.898544   -0.0941967 0.0703991 
-0.885069  0.927883   0.214258   0.0619218 
-0.833891  0.997734   0.203253   0.0799947 
