#MU        SIGMA      ENERGY     ERROR     
-0.660164  0.122649   16.5633    163.404   
-0.660164  0.122649   16.5633    0.332354  
-0.672196  0.155169   9.91008    0.196936  
-0.591674  0.204303   5.11675    0.921298  
-0.591674  0.204303   5.11675    0.384019  
-0.688931  0.151439   9.25017    1.55275   
-0.688931  0.151439   9.25017    0.536362  
-0.688931  0.151439   9.25017    11.0394   
-0.688931  0.151439   9.25017    0.307796  
-0.763539  0.156986   9.73147    0.366451  
-0.78268   0.153952   9.66544    0.804756  
-0.78268   0.153952   9.66544    0.145426  
-0.769597  0.230933   3.72756    0.326838  
-0.769597  0.230933   3.72756    0.178016  
-0.769597  0.230933   3.72756    0.0863678 
-0.865767  0.294104   1.60512    0.0635029 
-0.950563  0.340981   0.777944   0.0421448 
-0.968668  0.382098   0.459283   0.0327289 
-1.05405   0.405547   0.358865   0.0456771 
-1.04839   0.365236   0.619753   0.0220375 
-1.06279   0.45891    0.0637439  0.0253533 
-1.08302   0.435106   0.149152   0.0416787 
-1.08302   0.435106   0.149152   0.0273969 
-1.11647   0.425951   0.257248   0.0184785 
-1.20227   0.474018   0.278524   0.0260487 
-1.23461   0.546439   0.339007   0.0195365 
-1.20055   0.448729   0.331849   0.0224743 
-1.26712   0.459844   0.554541   0.0327278 
-1.26712   0.459844   0.554541   0.0315992 
-1.33079   0.398873   0.929633   0.0409361 
-1.23695   0.369197   0.8039     0.0581163 
-1.23434   0.327698   1.32671    0.102853  
-1.3046    0.271037   2.37964    0.0840537 
-1.29158   0.28549    2.0473     0.166211  
-1.36976   0.238279   3.16566    0.0573461 
-1.28551   0.320708   1.58205    0.0563483 
-1.25296   0.3316     1.29728    0.0343688 
-1.23046   0.382041   0.766613   0.0782235 
-1.17201   0.307941   1.26807    0.131071  
-1.09043   0.242429   2.68383    0.105611  
-1.18024   0.283188   1.49756    0.162166  
-1.18024   0.283188   1.49756    0.137308  
-1.10241   0.268695   1.48339    0.160166  
-1.10241   0.268695   1.48339    0.0553585 
-1.03491   0.337287   0.924932   0.0833839 
-1.03491   0.337287   0.924932   0.0526411 
-1.10396   0.35377    0.81396    0.0608323 
-1.10834   0.335132   0.964324   0.0853664 
-1.02691   0.30249    1.30711    0.0585203 
-1.02441   0.343887   0.832703   0.0660984 
-0.925721  0.315754   1.38744    0.0943178 
-0.925721  0.315754   1.38744    0.0606647 
-0.926456  0.333919   1.01606    0.0616625 
-0.837285  0.331739   1.16433    0.0479982 
-0.806029  0.378975   0.439519   0.0549239 
-0.743178  0.364267   0.677148   0.0349256 
-0.745706  0.43387    -0.0595997 0.0466252 
-0.694601  0.403249   0.0641675  0.0508894 
-0.767431  0.383575   0.300402   0.0390227 
-0.824329  0.413208   0.230487   0.0178139 
-0.747109  0.508387   -0.369094  0.00809645
-0.684358  0.586031   -0.391936  0.00884419
-0.672215  0.5972     -0.385348  0.0106949 
-0.596115  0.629342   -0.33089   0.00917118
-0.657016  0.596147   -0.374945  0.00943565
-0.639578  0.59861    -0.348186  0.0201122 
-0.724427  0.687342   -0.398037  0.024123  
-0.767696  0.758127   -0.328451  0.0101705 
-0.748475  0.678323   -0.420282  0.0250861 
-0.82983   0.770811   -0.30445   0.0585667 
-0.927835  0.842944   0.0153166  0.0417213 
-0.91414   0.822181   -0.0930947 0.040343  
-0.829128  0.861864   -0.147449  0.0266857 
-0.843947  0.830076   -0.222261  0.0791901 
-0.940218  0.925476   0.251862   0.0653187 
-1.02767   0.881394   0.293073   0.0568419 
-1.09726   0.791952   0.265066   0.049005  
-1.03743   0.744749   -0.0127904 0.0412238 
-1.08638   0.717542   0.0762941  0.0362428 
-1.11951   0.696801   0.10493    0.0557691 
-1.05134   0.780309   0.116448   0.0501771 
-1.14034   0.723922   0.268678   0.0376686 
-1.168     0.650738   0.198231   0.0535277 
-1.168     0.650738   0.198231   0.0195473 
-1.1406    0.556341   0.0851694  0.0233648 
-1.17112   0.573251   0.134278   0.0214234 
-1.26876   0.487354   0.496706   0.030604  
-1.33002   0.494966   0.720086   0.0404703 
-1.32357   0.560034   0.75349    0.042818  
-1.31407   0.581627   0.757238   0.074812  
-1.36975   0.659399   1.43456    0.0901829 
-1.36283   0.72036    1.6377     0.115476  
-1.43496   0.693252   2.07145    0.0856033 
-1.37446   0.735246   1.65857    0.0620939 
-1.28662   0.657226   0.826618   0.0777447 
-1.28662   0.657226   0.826618   0.0720717 
-1.22627   0.752159   0.783138   0.0653946 
-1.17888   0.815895   0.729524   0.0967596 
-1.21954   0.836024   1.17721    0.0653673 
-1.25255   0.749257   0.855222   0.0844107 
-1.22976   0.765736   1.01955    0.0462832 
-1.17026   0.690538   0.304018   0.0598655 
-1.25336   0.739052   0.725049   0.0827894 
-1.18025   0.832294   0.761532   0.0718096 
-1.15863   0.79357    0.675334   0.0551313 
-1.22734   0.727016   0.600318   0.100399  
-1.1937    0.806301   1.05964    0.112549  
-1.26862   0.836825   1.61848    0.0678732 
-1.17473   0.761135   0.615239   0.0632097 
-1.07732   0.697572   0.0535588  0.039896  
-0.998392  0.746724   -0.10111   0.0486296 
-1.00782   0.809159   0.0746967  0.0601022 
-1.03252   0.877922   0.349743   0.0762845 
-1.01808   0.948494   0.487264   0.0963724 
-1.0909    0.951322   0.76852    0.159929  
-1.0909    0.951322   0.76852    0.0712731 
-1.02031   0.921647   0.464274   0.104923  
-1.11925   0.887508   0.967375   0.112224  
-1.196     0.921508   1.44128    0.137908  
-1.24471   0.928715   1.72397    0.134377  
-1.34054   0.914521   2.15254    0.147171  
-1.28941   0.937328   2.09573    0.149847  
-1.26718   0.871077   1.58979    0.0887912 
-1.20207   0.81446    0.861177   0.0800661 
-1.1605    0.842348   0.774748   0.129538  
-1.1605    0.842348   0.774748   0.0804315 
-1.15139   0.852805   0.699835   0.0704703 
-1.12448   0.831621   0.530764   0.0845113 
-1.10685   0.857334   0.679383   0.072152  
-1.01283   0.948337   0.467866   0.054787  
-0.921828  0.899283   0.0491703  0.0312292 
-0.848618  0.836407   -0.209104  0.0420859 
-0.906041  0.891052   -0.0438217 0.0420109 
-0.978694  0.824294   -0.032613  0.0566886 
-1.04359   0.840401   0.239452   0.0520752 
-1.07011   0.814913   0.269096   0.0509426 
-1.08115   0.786977   0.212773   0.0429002 
-1.02385   0.761751   0.00689579 0.0269221 
-1.03323   0.714447   -0.140415  0.0286309 
-1.00362   0.68764    -0.175599  0.0542152 
-1.06579   0.762598   0.165547   0.0447859 
-1.07189   0.756894   0.066736   0.0638389 
-1.00998   0.841748   0.220774   0.0660255 
-0.982441  0.91737    0.273161   0.0836527 
-1.00951   0.923254   0.532316   0.103279  
-1.04895   0.944904   0.821922   0.102635  
-0.977526  0.979014   0.594079   0.090764  
-1.04103   0.946921   0.578246   0.0705907 
-1.04697   0.861475   0.36579    0.0704406 
-1.04697   0.861475   0.36579    0.0444429 
-1.01311   0.857492   0.0996351  0.0578937 
-1.08577   0.774628   0.233887   0.0275322 
-1.03335   0.676598   -0.16383   0.0331004 
-1.01233   0.663832   -0.149314  0.0322827 
-0.991717  0.711349   -0.143808  0.059217  
-1.02544   0.798089   0.143184   0.0748305 
-1.10854   0.831164   0.624913   0.0894714 
-1.20578   0.837656   1.07548    0.086867  
-1.12167   0.862818   0.657187   0.0730065 
-1.19142   0.794777   0.773655   0.0843636 
-1.16548   0.828745   0.797778   0.0582245 
-1.18738   0.734461   0.520429   0.043931  
-1.20149   0.66953    0.351744   0.0755181 
-1.13677   0.762869   0.443635   0.0512863 
-1.16083   0.716551   0.34157    0.0544731 
-1.23199   0.684811   0.561749   0.0577584 
-1.25685   0.631951   0.666775   0.0377864 
-1.2342    0.614835   0.399258   0.0580963 
-1.23473   0.677426   0.581456   0.0604882 
-1.23473   0.677426   0.581456   0.0766765 
-1.30021   0.763241   1.21008    0.0833538 
-1.37352   0.72521    1.55807    0.0993119 
-1.383     0.730153   1.86261    0.134912  
-1.42412   0.793348   2.74957    0.081103  
-1.34359   0.729257   1.44898    0.126201  
-1.34359   0.729257   1.44898    0.063376  
-1.25907   0.707876   0.817068   0.0777087 
-1.29303   0.729885   1.08034    0.0989447 
-1.29303   0.729885   1.08034    0.0755805 
-1.20897   0.790336   0.861147   0.0675532 
-1.22886   0.759031   0.782163   0.0405734 
-1.13653   0.662664   0.203164   0.0337224 
-1.1808    0.625062   0.226443   0.0282118 
-1.08369   0.633568   -0.0524209 0.0294418 
-1.05328   0.665647   -0.0950995 0.056736  
-1.0926    0.753079   0.279252   0.0774027 
-1.02914   0.842844   0.328256   0.079675  
-1.02914   0.842844   0.328256   0.0502275 
-1.02587   0.811456   0.156698   0.0383468 
-1.01885   0.780445   -0.0534721 0.050483  
-1.04401   0.791197   0.176261   0.0716946 
-1.06369   0.8773     0.388764   0.0609515 
-1.03086   0.8786     0.295707   0.0981548 
-1.02683   0.950693   0.730521   0.0708459 
-0.969291  0.891813   0.240749   0.0675776 
-1.05134   0.860481   0.312558   0.0437507 
-1.03446   0.798228   0.0220941  0.0430412 
-1.00246   0.828072   0.056373   0.0300771 
-0.975208  0.743079   -0.178231  0.0469843 
-1.02449   0.808577   0.0867935  0.0555211 
-0.963273  0.848834   0.04352    0.0536626 
-0.8946    0.863897   -0.0358439 0.0416016 
-0.889057  0.848202   -0.0718225 0.0276516 
-0.801713  0.847604   -0.248494  0.0269212 
-0.72013   0.916868   -0.270013  0.0319475 
-0.716904  0.880824   -0.232702  0.0352191 
-0.644549  0.943147   -0.189328  0.0228033 
-0.651577  0.852586   -0.308175  0.0184669 
-0.614498  0.842513   -0.297534  0.0386975 
-0.668274  0.793996   -0.262524  0.0163421 
-0.691985  0.75236    -0.351832  0.0211329 
-0.669635  0.836      -0.309066  0.0267388 
-0.646942  0.819184   -0.320896  0.0182874 
-0.608638  0.849654   -0.323477  0.0220862 
-0.666507  0.865232   -0.258593  0.0186494 
-0.599725  0.802266   -0.298255  0.0196154 
-0.529125  0.751401   -0.27893   0.0134349 
-0.509608  0.773269   -0.27691   0.0150065 
-0.474727  0.67624    -0.193698  0.0127745 
-0.524268  0.657851   -0.217896  0.0105605 
-0.599445  0.590752   -0.302027  0.0154352 
-0.597598  0.507417   -0.252725  0.009673  
-0.636708  0.584698   -0.351394  0.0108011 
-0.617017  0.56904    -0.310837  0.00721075
-0.689693  0.641639   -0.406962  0.0117688 
-0.674399  0.732494   -0.371926  0.0106276 
-0.613848  0.688817   -0.357592  0.0113771 
-0.647229  0.704215   -0.364358  0.0123668 
-0.650558  0.733007   -0.331366  0.00670967
-0.720837  0.640169   -0.422834  0.00724391
-0.802614  0.588504   -0.434047  0.0105909 
-0.725368  0.662968   -0.419108  0.0125118 
-0.777967  0.661674   -0.441872  0.0078767 
-0.699947  0.600074   -0.415865  0.0101432 
-0.777489  0.559261   -0.422576  0.0246311 
-0.844486  0.474444   -0.213157  0.0314847 
-0.85763   0.446687   -0.0305008 0.0428948 
-0.81706   0.395165   0.409808   0.0723285 
-0.731618  0.324579   1.0928     0.0420515 
-0.683745  0.401604   0.237584   0.0412368 
-0.704988  0.408371   0.106644   0.0276502 
-0.758572  0.461535   -0.150001  0.0277831 
-0.757324  0.457424   -0.112624  0.0204295 
-0.764565  0.491706   -0.276111  0.0251487 
-0.700266  0.463626   -0.219095  0.0269912 
-0.715094  0.456091   -0.115573  0.0386423 
-0.807463  0.425372   0.0605301  0.0177516 
-0.777254  0.507182   -0.313566  0.0247938 
-0.865579  0.470477   -0.141363  0.0201264 
-0.947744  0.482656   -0.116586  0.011945  
-0.918081  0.573469   -0.359086  0.0166229 
-0.896405  0.511548   -0.27064   0.0258929 
-0.799857  0.466698   -0.182593  0.0260254 
-0.730963  0.466821   -0.18932   0.0110058 
-0.798222  0.550383   -0.40249   0.0206507 
-0.774672  0.494182   -0.268003  0.0348845 
-0.85873   0.433288   -0.0480524 0.0421097 
-0.807111  0.405943   0.2325     0.0646616 
-0.808512  0.335376   1.02806    0.0691942 
-0.722759  0.333448   1.04593    0.0352227 
-0.755911  0.424227   0.112537   0.0440281 
-0.826035  0.397106   0.348726   0.0315914 
-0.770119  0.446212   -0.0720356 0.0151435 
-0.752685  0.522924   -0.340587  0.0090362 
-0.669784  0.586721   -0.390932  0.0140168 
-0.578702  0.517816   -0.23846   0.0127514 
-0.543171  0.603604   -0.231816  0.0181798 
-0.463792  0.539551   -0.0728177 0.0168721 
-0.498125  0.545432   -0.13795   0.0150824 
-0.532863  0.496898   -0.108263  0.0180467 
-0.47129   0.520116   -0.0258957 0.0208842 
-0.396972  0.599757   -0.0593002 0.0246767 
-0.33358   0.531203   0.215842   0.0368261 
-0.258795  0.45287    0.547047   0.026335  
-0.348525  0.466526   0.289473   0.0220706 
-0.360617  0.530294   0.161925   0.0216407 
-0.385747  0.437534   0.33034    0.0261085 
-0.315658  0.520597   0.243348   0.0223291 
-0.378124  0.564268   0.0190981  0.0233065 
-0.358487  0.540507   0.130019   0.0241889 
-0.289697  0.621625   0.100728   0.0206179 
-0.328406  0.651731   -0.000971576 0.0198854 
-0.36984   0.648378   -0.0496936 0.0196744 
-0.319745  0.703394   -0.081243  0.01986   
-0.387172  0.612896   -0.0162082 0.0181014 
-0.398943  0.618306   -0.0265112 0.0145531 
-0.484129  0.652893   -0.158146  0.0175398 
-0.467662  0.58126    -0.124904  0.0197086 
-0.467662  0.58126    -0.124904  0.0169777 
-0.460065  0.572448   -0.095561  0.0158367 
-0.522943  0.525187   -0.157511  0.0188186 
-0.432967  0.582629   -0.0607684 0.0144694 
-0.508756  0.608063   -0.180048  0.0153661 
-0.536748  0.540237   -0.193869  0.0168698 
-0.483293  0.515089   -0.048801  0.0121249 
-0.55589   0.571118   -0.221054  0.0103046 
-0.607783  0.587234   -0.296633  0.00766954
-0.687832  0.604369   -0.398558  0.00838716
-0.653709  0.656125   -0.364867  0.0117576 
-0.609263  0.678402   -0.338915  0.0168919 
-0.619075  0.768157   -0.333702  0.0154919 
-0.712146  0.715033   -0.381835  0.0151637 
-0.663029  0.794968   -0.301536  0.0274283 
-0.708909  0.847805   -0.292533  0.049744  
-0.8065    0.947341   0.0208567  0.0797963 
-0.869718  0.918432   0.214303   0.0550971 
-0.912269  0.84804    -0.00320145 0.0752927 
-0.880405  0.92366    0.187701   0.0455969 
-0.907389  0.890129   -0.037889  0.0405819 
-0.927237  0.813355   -0.1416    0.0442511 
-0.950338  0.81794    -0.0834107 0.0556583 
-0.95482   0.849112   0.0632856  0.049963  
-1.03388   0.790479   0.153275   0.0775969 
-1.02688   0.844605   0.295675   0.0832942 
-1.11862   0.915659   0.752435   0.0951469 
-1.12986   0.91207    0.925425   0.0689043 
-1.08323   0.842779   0.391461   0.0855609 
-1.12703   0.830572   0.74122    0.0734668 
-1.12703   0.830572   0.74122    0.0675862 
-1.04882   0.894206   0.425166   0.0809818 
-1.03301   0.933035   0.574267   0.0932152 
-0.940101  0.949027   0.284765   0.120973  
-0.940101  0.949027   0.284765   0.0780729 
-0.994349  0.940638   0.414239   0.086008  
-1.01621   0.860217   0.210184   0.0451761 
-1.04568   0.786654   0.0914844  0.0368602 
-1.01255   0.771558   -0.0385048 0.0384292 
-0.924014  0.778846   -0.172314  0.0399023 
-0.924118  0.768912   -0.174509  0.030143  
-0.968571  0.698101   -0.233633  0.062212  
-0.968571  0.698101   -0.233633  0.017217  
-0.948107  0.670988   -0.345273  0.0209223 
-0.881098  0.683475   -0.360177  0.0129588 
-0.819502  0.692505   -0.417451  0.00584293
-0.773906  0.621959   -0.456547  0.00727121
-0.700803  0.626605   -0.424923  0.0136388 
-0.616969  0.530946   -0.270963  0.0149293 
-0.645826  0.513607   -0.280717  0.0171289 
-0.634373  0.502557   -0.262072  0.0121536 
-0.659934  0.542788   -0.326987  0.0119947 
-0.570558  0.572811   -0.234795  0.013871  
-0.536651  0.540299   -0.162994  0.0197003 
-0.437373  0.507103   0.0552027  0.0219246 
-0.461983  0.457334   0.059368   0.0330972 
-0.446426  0.384705   0.267992   0.0551415 
-0.446426  0.384705   0.267992   0.0269955 
-0.390489  0.413146   0.311989   0.0183114 
-0.477931  0.47982    -0.0115586 0.0241291 
-0.433195  0.411217   0.239758   0.0463756 
-0.353409  0.321442   0.797071   0.178321  
-0.353409  0.321442   0.797071   0.0412188 
-0.314765  0.315445   0.919422   0.120949  
-0.261978  0.221239   2.00993    0.0995816 
-0.261978  0.221239   2.00993    0.112745  
-0.266957  0.223369   2.14087    0.2842    
-0.266957  0.223369   2.14087    0.238539  
-0.20692   0.167389   3.69928    0.250392  
-0.122411  0.159039   5.03967    0.681149  
-0.122411  0.159039   5.03967    0.202568  
-0.091535  0.181897   5.63709    0.103844  
-0.181739  0.231409   2.34369    0.32852   
-0.245703  0.166176   5.08048    0.230767  
-0.276462  0.191653   3.16003    0.0693054 
-0.366376  0.287655   1.06766    0.0345823 
-0.31548   0.36243    0.671436   0.0362244 
-0.216121  0.440855   0.776883   0.0500079 
-0.146181  0.393784   1.22119    0.0412489 
-0.210661  0.412576   0.834835   0.0463963 
-0.210661  0.412576   0.834835   0.0629183 
-0.210661  0.412576   0.834835   0.0460754 
-0.155742  0.431378   0.904839   0.0366135 
-0.156184  0.458157   0.890238   0.0388865 
-0.0840147 0.489239   0.764833   0.0311145 
0.00540395 0.553919   0.527147   0.0260512 
-0.0394483 0.615331   0.35128    0.0253571 
-0.0376514 0.652638   0.177793   0.0214077 
-0.0474191 0.708598   0.0800075  0.0209376 
-0.099133  0.724204   0.00662034 0.021753  
-0.160444  0.71691    -0.0145306 0.0227748 
-0.0991237 0.707518   0.0550664  0.0197347 
-0.189109  0.728377   -0.00441104 0.017614  
-0.241471  0.814874   -0.162255  0.0188425 
-0.250847  0.753351   -0.098287  0.0185016 
-0.189191  0.835347   -0.15778   0.016172  
-0.231402  0.822886   -0.16671   0.0175699 
-0.193417  0.819279   -0.157621  0.0192953 
-0.259594  0.734536   -0.0974185 0.0209804 
-0.250545  0.705208   -0.00842118 0.0195609 
-0.275546  0.709205   -0.0413808 0.0165066 
-0.361507  0.780675   -0.193421  0.0151564 
-0.406391  0.810889   -0.197759  0.01509   
-0.410795  0.782097   -0.212688  0.017383  
-0.491442  0.82209    -0.254876  0.0153283 
-0.524628  0.814159   -0.283035  0.0138984 
-0.610583  0.763244   -0.323408  0.0183639 
-0.58407   0.811158   -0.273159  0.0129879 
-0.633339  0.745143   -0.34251   0.032242  
-0.684707  0.777372   -0.306401  0.0151838 
-0.620282  0.731796   -0.330085  0.0158098 
-0.65275   0.731889   -0.359404  0.0124555 
-0.559221  0.650693   -0.301549  0.0135681 
-0.553964  0.747133   -0.28758   0.0166929 
-0.465415  0.769046   -0.247434  0.0162616 
-0.417738  0.721379   -0.15668   0.014586  
-0.482803  0.678207   -0.178174  0.0160808 
-0.403901  0.751552   -0.187594  0.0168622 
-0.403882  0.718744   -0.172857  0.0157241 
-0.454591  0.715014   -0.172903  0.0134865 
-0.542873  0.757961   -0.280099  0.0136603 
-0.610955  0.826933   -0.337077  0.0174396 
-0.53349   0.858903   -0.294654  0.0205815 
-0.486453  0.819463   -0.27321   0.0154147 
-0.506688  0.844907   -0.312532  0.0265462 
-0.429169  0.873983   -0.270681  0.0162901 
-0.523898  0.813409   -0.262777  0.0207241 
-0.605713  0.863156   -0.292566  0.0242499 
-0.588373  0.945952   -0.272891  0.0219158 
-0.531984  0.927059   -0.246694  0.0416665 
-0.461857  1.01715    -0.144447  0.0575526 
-0.445874  1.08656    -0.0296783 0.0201078 
-0.450249  1.02776    -0.270204  0.0375102 
-0.427116  1.01274    -0.195141  0.0261182 
-0.488604  0.91903    -0.274948  0.024279  
-0.552089  0.886724   -0.275619  0.0139918 
-0.639413  0.804212   -0.350775  0.0293383 
-0.647363  0.839729   -0.276956  0.031944  
-0.688412  0.902957   -0.216727  0.0372963 
-0.630703  0.941695   -0.164583  0.0542577 
-0.703049  0.991998   -0.00756652 0.0651253 
-0.74611   1.05146    0.158164   0.0613288 
-0.74611   1.05146    0.158164   0.0837286 
-0.836365  1.0135     0.253143   0.0606359 
-0.843589  1.00941    0.252078   0.0756344 
-0.748822  1.05057    0.143415   0.0285563 
-0.708943  0.959996   -0.217253  0.076203  
-0.708943  0.959996   -0.217253  0.0350914 
-0.762473  0.861226   -0.19037   0.0215321 
-0.79256   0.793075   -0.332292  0.0150597 
-0.890322  0.699184   -0.388056  0.0197373 
-0.919838  0.722016   -0.335472  0.0168054 
-0.887796  0.667206   -0.380801  0.0273568 
-0.800798  0.74852    -0.29777   0.0506151 
-0.845002  0.830886   -0.187211  0.0247631 
-0.819901  0.781654   -0.292558  0.0308727 
-0.905229  0.692138   -0.327617  0.009815  
-0.8648    0.59377    -0.420807  0.00983712
-0.919145  0.590825   -0.376272  0.0194877 
-0.970859  0.6535     -0.322005  0.0221951 
-0.968078  0.646375   -0.308409  0.0173818 
-0.915275  0.600119   -0.384684  0.0113823 
-0.882818  0.633794   -0.405625  0.0108312 
-0.886554  0.667021   -0.427611  0.0288181 
-0.888497  0.754371   -0.304956  0.0191077 
-0.899292  0.703522   -0.331905  0.0213104 
-0.947448  0.692759   -0.297134  0.0221592 
-0.886754  0.730295   -0.306016  0.021079  
-0.880588  0.684054   -0.361684  0.0225152 
-0.962786  0.675033   -0.297831  0.0192341 
-0.945846  0.629521   -0.334475  0.0100572 
-0.851153  0.634864   -0.429379  0.00943658
-0.865778  0.56932    -0.449139  0.0180776 
-0.837484  0.510201   -0.292714  0.0278608 
-0.837484  0.510201   -0.292714  0.0101001 
-0.838661  0.566778   -0.408573  0.0121888 
-0.838661  0.566778   -0.408573  0.0150927 
-0.919566  0.652885   -0.374233  0.00794223
-0.842815  0.625634   -0.451032  0.0117661 
-0.752414  0.668843   -0.408483  0.00732026
-0.689479  0.638254   -0.403253  0.00576797
-0.736369  0.621422   -0.433371  0.0151952 
-0.805894  0.524255   -0.369849  0.017692  
-0.824722  0.51289    -0.348116  0.0197794 
-0.862885  0.492089   -0.239588  0.0306623 
-0.839147  0.44536    -0.0198779 0.0175684 
-0.885969  0.506255   -0.264508  0.0096926 
-0.856349  0.605145   -0.423687  0.0179898 
-0.796127  0.508941   -0.334645  0.0214949 
-0.796127  0.508941   -0.334645  0.0327558 
-0.810073  0.435801   0.0382314  0.0196574 
-0.897805  0.49116    -0.190427  0.0215917 
-0.981167  0.481836   -0.131449  0.0143686 
-1.01086   0.525958   -0.241584  0.0251268 
-1.02523   0.434806   0.177673   0.03314   
-1.07346   0.400458   0.385096   0.039939  
-1.07346   0.400458   0.385096   0.0204354 
-1.09435   0.456421   0.12558    0.0254682 
-1.08364   0.439796   0.128133   0.0276546 
-1.17555   0.410777   0.424268   0.0253361 
-1.12011   0.429017   0.279577   0.052817  
-1.13344   0.349696   0.759808   0.0620153 
-1.13344   0.349696   0.759808   0.0780076 
-1.20955   0.301176   1.57526    0.0828145 
-1.25687   0.298165   1.6865     0.0545975 
-1.31975   0.331671   1.43045    0.141346  
-1.40599   0.241236   3.69066    0.268427  
-1.46785   0.187292   6.40488    0.751111  
-1.46785   0.187292   6.40488    0.135686  
-1.38978   0.239179   3.53963    0.0573883 
-1.46432   0.333579   2.16266    0.0500415 
-1.51704   0.398341   2.09719    0.0514139 
-1.51487   0.431903   1.91534    0.0435877 
-1.4583    0.386276   1.7242     0.0837418 
-1.53741   0.294619   3.06494    0.197042  
-1.53741   0.294619   3.06494    0.19441   
-1.53741   0.294619   3.06494    0.131498  
-1.45433   0.250043   3.52999    0.193411  
-1.42119   0.217384   4.40544    0.298027  
-1.42119   0.217384   4.40544    0.465072  
-1.42119   0.217384   4.40544    0.0625365 
-1.32525   0.312734   1.79273    0.0417959 
-1.39807   0.37898    1.40335    0.0469666 
-1.46718   0.478567   1.5237     0.0573004 
-1.46718   0.478567   1.5237     0.0344419 
-1.40599   0.426709   1.21378    0.0401936 
-1.42973   0.41641    1.32087    0.04392   
-1.42462   0.491741   1.18301    0.0273281 
-1.34259   0.457611   0.799629   0.0448103 
-1.29085   0.361849   1.001      0.0408061 
-1.35415   0.379487   1.07997    0.0519217 
-1.38391   0.350141   1.49525    0.0924157 
-1.30445   0.286642   2.00493    0.0342103 
-1.3004    0.384432   0.941466   0.0650922 
-1.32004   0.324027   1.57231    0.0346031 
-1.33654   0.37912    1.13214    0.038056  
-1.3784    0.378232   1.25962    0.0580013 
-1.35967   0.33813    1.49345    0.0518261 
-1.45066   0.355109   1.77136    0.101775  
-1.39312   0.272493   2.69853    0.064745  
-1.41221   0.316378   2.1018     0.0436097 
-1.45862   0.401874   1.50769    0.0518108 
-1.46503   0.499901   1.54643    0.067865  
-1.47002   0.556218   1.77037    0.0601937 
-1.50985   0.496649   1.86198    0.0609844 
-1.52319   0.487439   2.08651    0.0520153 
-1.49916   0.475022   1.78862    0.0411581 
-1.46487   0.428877   1.64301    0.0419709 
-1.41918   0.483366   1.34182    0.0462513 
-1.4555    0.476104   1.41374    0.0469325 
-1.4555    0.476104   1.41374    0.0449797 
-1.44713   0.472212   1.33817    0.0817851 
-1.54413   0.563056   2.37033    0.0709545 
-1.55881   0.501293   2.34633    0.0569012 
-1.50211   0.485732   1.78753    0.0808213 
-1.58749   0.500333   2.61339    0.117662  
-1.58749   0.500333   2.61339    0.0681691 
-1.62938   0.418735   3.00349    0.0683625 
-1.64646   0.374792   3.40051    0.0942711 
-1.73604   0.452287   4.1495     0.094375  
-1.78767   0.368157   5.28078    0.0924068 
-1.80049   0.354308   5.45681    0.106048  
-1.78144   0.29459    5.68743    0.082558  
-1.73335   0.385686   4.46895    0.0970302 
-1.73158   0.310956   4.77244    0.0954211 
-1.71565   0.321683   4.48429    0.0721194 
-1.72173   0.356604   4.55503    0.106398  
-1.73768   0.299422   5.10176    0.413794  
-1.7407    0.20452    7.56536    0.213542  
-1.70429   0.206597   7.1673     0.315045  
-1.70429   0.206597   7.1673     0.473164  
-1.70429   0.206597   7.1673     0.310224  
-1.60853   0.186458   6.37257    0.453254  
-1.60853   0.186458   6.37257    0.179229  
-1.51097   0.223856   4.86762    0.592379  
-1.51097   0.223856   4.86762    0.261417  
-1.51097   0.223856   4.86762    0.358278  
-1.51097   0.223856   4.86762    0.212426  
-1.47966   0.195038   6.4221     0.201641  
-1.44249   0.218451   4.04142    0.290741  
-1.44249   0.218451   4.04142    0.0741865 
-1.54195   0.317143   2.89838    0.18301   
-1.54195   0.317143   2.89838    0.0718487 
-1.58285   0.329166   2.98025    0.0765194 
-1.52427   0.315164   2.64337    0.0372709 
-1.43886   0.40758    1.40759    0.0712645 
-1.49938   0.314062   2.52763    0.0585415 
-1.41741   0.333582   1.81283    0.172431  
-1.41741   0.333582   1.81283    0.107367  
-1.47064   0.268078   3.10436    0.0867409 
-1.39961   0.295111   1.92124    0.0729953 
-1.4216    0.307706   2.34935    0.0361008 
-1.38813   0.38587    1.3006     0.0290328 
-1.34566   0.414295   0.983642   0.0371207 
-1.3896    0.391925   1.23951    0.044038  
-1.44079   0.462419   1.41713    0.0591566 
-1.53174   0.366434   2.24752    0.0533003 
-1.49353   0.463543   1.75558    0.0476153 
-1.51176   0.383948   2.0904     0.0713295 
-1.51176   0.383948   2.0904     0.0700018 
-1.52163   0.320201   2.69141    0.0679864 
-1.49661   0.320346   2.51133    0.107212  
-1.57803   0.287277   3.46403    0.0744726 
-1.60811   0.343501   3.09327    0.0540726 
-1.53759   0.423683   2.0493     0.0530951 
-1.462     0.512468   1.55065    0.0621109 
-1.46719   0.536974   1.68321    0.0558571 
-1.46719   0.536974   1.68321    0.0750925 
-1.56561   0.484882   2.44283    0.0640574 
-1.59063   0.404581   2.56734    0.0488639 
-1.50928   0.375821   2.17145    0.0587    
-1.51516   0.361764   2.16941    0.0400711 
-1.42537   0.386649   1.43035    0.0543776 
-1.43025   0.345738   1.74802    0.106959  
-1.43025   0.345738   1.74802    0.0971295 
-1.43025   0.345738   1.74802    0.0804222 
-1.43025   0.345738   1.74802    0.103314  
-1.45594   0.27528    3.016      0.0647498 
-1.41846   0.326561   1.92809    0.0547908 
-1.45161   0.354526   1.74905    0.100885  
-1.41253   0.27268    2.64943    0.0621386 
-1.37224   0.325679   1.54511    0.11381   
-1.37224   0.325679   1.54511    0.031804  
-1.35897   0.407812   1.05571    0.0269111 
-1.31091   0.450746   0.662656   0.0315889 
-1.27708   0.538967   0.534609   0.0168881 
-1.20085   0.495861   0.22385    0.0227058 
-1.2792    0.450449   0.566771   0.0245544 
-1.25244   0.533541   0.414766   0.0256372 
-1.21479   0.540969   0.312489   0.0383148 
-1.24102   0.582162   0.452005   0.0467971 
-1.25843   0.620088   0.527235   0.0599027 
-1.3229    0.646539   0.94543    0.0709794 
-1.41175   0.602133   1.48037    0.0714333 
-1.4394    0.596816   1.65952    0.0499612 
-1.40017   0.535116   1.14384    0.0736167 
-1.47517   0.577093   1.82467    0.0732708 
-1.54858   0.509255   2.37957    0.0879527 
-1.62787   0.505969   3.22863    0.0728901 
-1.57501   0.491325   2.44264    0.0884175 
-1.57501   0.491325   2.44264    0.0855973 
-1.59775   0.558602   2.88186    0.0955766 
-1.65197   0.519774   3.25793    0.104921  
-1.57112   0.600079   3.08051    0.0587382 
-1.49483   0.503461   1.74464    0.0591779 
-1.39784   0.569028   1.22323    0.0468939 
-1.38117   0.523012   1.13133    0.0434524 
-1.32537   0.570935   0.883629   0.0213586 
-1.25203   0.501746   0.39452    0.037392  
-1.21635   0.587816   0.399466   0.0360768 
-1.157     0.671531   0.169707   0.0507904 
-1.24193   0.656387   0.500162   0.031036  
-1.20558   0.587239   0.280937   0.0151568 
-1.15065   0.524384   0.0981605  0.0190376 
-1.10113   0.45494    0.159334   0.0503231 
-1.10113   0.45494    0.159334   0.0179505 
-1.19265   0.449605   0.344675   0.020559  
-1.24709   0.453314   0.448138   0.0247863 
-1.20816   0.54636    0.283659   0.0176462 
-1.1752    0.459136   0.277674   0.0159833 
-1.16321   0.487592   0.147238   0.0178938 
-1.19882   0.48598    0.269572   0.0310889 
-1.26694   0.54697    0.497237   0.0185398 
-1.22285   0.500135   0.317088   0.0370866 
-1.22285   0.500135   0.317088   0.0262637 
-1.31296   0.439437   0.71398    0.0349621 
-1.30814   0.534943   0.660455   0.0179902 
-1.22397   0.489909   0.319714   0.0293457 
-1.22397   0.489909   0.319714   0.0262544 
-1.22397   0.489909   0.319714   0.0285032 
-1.29378   0.512876   0.623611   0.0213468 
-1.23074   0.51646    0.360949   0.0323012 
-1.32777   0.506138   0.804955   0.0466058 
-1.36577   0.547532   1.03222    0.0362254 
-1.27079   0.567151   0.512025   0.0572711 
-1.30356   0.628784   0.901993   0.0789422 
-1.36475   0.683653   1.42129    0.0865587 
-1.32756   0.782437   1.44569    0.0768019 
-1.26794   0.732673   0.980864   0.082107  
-1.33103   0.722691   1.34629    0.0746751 
-1.27474   0.734254   1.06091    0.0812987 
-1.35601   0.68285    1.38187    0.0954473 
-1.31628   0.763665   1.37327    0.0741269 
-1.2465    0.809075   0.990006   0.0704543 
-1.15177   0.792266   0.51097    0.0591647 
-1.06417   0.758456   0.168781   0.0518104 
-1.09976   0.805146   0.316697   0.0482506 
-1.08455   0.776197   0.172915   0.0306594 
-1.0165    0.702851   -0.161814  0.0218673 
-0.951065  0.70218    -0.280822  0.0127629 
-0.936146  0.641941   -0.377569  0.0150294 
-0.855932  0.688346   -0.384494  0.0202539 
-0.89243   0.691277   -0.350865  0.0253257 
-0.856494  0.747225   -0.287887  0.0287166 
-0.942421  0.726038   -0.212777  0.022319  
-0.879494  0.71358    -0.31323   0.0196233 
-0.866903  0.739968   -0.330814  0.00624833
-0.768803  0.644184   -0.456811  0.0103588 
-0.814609  0.668086   -0.437779  0.013827  
-0.834661  0.672786   -0.409025  0.0260305 
-0.913186  0.745103   -0.241998  0.0291603 
-0.875207  0.792472   -0.21911   0.0248675 
-0.831263  0.741546   -0.354615  0.0249791 
-0.865949  0.72213    -0.308243  0.0169442 
-0.965288  0.663518   -0.332214  0.0118392 
-0.995329  0.56877    -0.2679    0.0157659 
-1.05206   0.607185   -0.182124  0.0313317 
-1.0761    0.637912   -0.0756271 0.0127514 
-0.980948  0.603855   -0.323102  0.0129134 
-0.967968  0.545157   -0.265341  0.0210628 
-0.914068  0.485923   -0.206076  0.0204204 
-1.00719   0.473286   -0.0479129 0.0139689 
-1.04632   0.520142   -0.136644  0.0233343 
-0.971468  0.464027   -0.0200168 0.0193105 
-1.02327   0.47602    -0.0456983 0.0209348 
-0.977164  0.472337   -0.0308351 0.0189563 
-0.99985   0.484935   -0.0721511 0.032534  
-1.00509   0.409397   0.324737   0.0457176 
-0.95277   0.384567   0.389759   0.0548113 
-1.03841   0.346322   0.753411   0.0466279 
-1.04792   0.353406   0.723203   0.0381563 
-1.00122   0.39915    0.271082   0.0754673 
-1.00122   0.39915    0.271082   0.0423716 
-1.00122   0.39915    0.271082   0.0385996 
-1.05224   0.383196   0.504298   0.0632946 
-0.979463  0.331232   0.880066   0.111271  
-0.886615  0.266054   2.16437    0.130405  
-0.826385  0.246266   2.87502    0.0697612 
-0.849414  0.334595   0.912182   0.0618598 
-0.88507   0.337318   0.999514   0.045265  
-0.950848  0.384467   0.379477   0.0229621 
-0.993969  0.465836   -0.0539709 0.0151641 
-1.08027   0.511302   -0.0647898 0.0150315 
-1.13944   0.494465   0.0809924  0.0162246 
-1.13998   0.476504   0.137969   0.0224749 
-1.14742   0.571133   0.0673864  0.0237293 
-1.17366   0.568973   0.14472    0.0523083 
-1.25033   0.662727   0.649029   0.0599567 
-1.17636   0.757355   0.552186   0.0490286 
-1.09626   0.712967   0.132891   0.0554409 
-1.16916   0.701004   0.373075   0.0541026 
-1.24489   0.621151   0.57702    0.0628442 
-1.24489   0.621151   0.57702    0.0719003 
-1.25648   0.703737   0.924987   0.0632914 
-1.1721    0.701565   0.526329   0.0680248 
-1.20138   0.735149   0.631552   0.0455739 
-1.17344   0.668501   0.276139   0.016949  
-1.07868   0.587603   -0.13498   0.0132294 
-1.01057   0.523992   -0.184195  0.0134499 
-0.937603  0.594087   -0.360896  0.0109993 
-0.937594  0.596209   -0.374748  0.0126908 
-0.915358  0.617718   -0.384797  0.0251847 
-0.949568  0.714391   -0.256443  0.0181648 
-0.853029  0.688861   -0.388236  0.00596847
-0.765745  0.616033   -0.448379  0.0147154 
-0.680217  0.516166   -0.324579  0.0206681 
-0.630759  0.474596   -0.199886  0.0187125 
-0.545171  0.48156    -0.11968   0.036669  
-0.516727  0.386762   0.286327   0.0500441 
-0.519159  0.363718   0.396562   0.0402344 
-0.612281  0.399431   0.174854   0.0391001 
-0.677041  0.408137   0.148986   0.0485902 
-0.614295  0.379771   0.388007   0.0510509 
-0.530705  0.363449   0.439332   0.122695  
-0.526809  0.265764   2.38398    0.0647131 
-0.45519   0.320538   0.702045   0.0563789 
-0.448572  0.334005   0.558558   0.109264  
-0.53957   0.280465   1.92883    0.141969  
-0.53957   0.280465   1.92883    0.0827997 
-0.487041  0.310952   0.965397   0.0297961 
-0.443006  0.397601   0.214238   0.0206893 
-0.503248  0.482906   -0.0814413 0.0295273 
-0.594776  0.427999   0.0133934  0.0157509 
-0.533243  0.507063   -0.138735  0.0140435 
-0.53304   0.572814   -0.209481  0.0190649 
-0.449506  0.511767   -0.00809628 0.0182734 
-0.539406  0.481662   -0.116427  0.0166476 
-0.561378  0.495287   -0.204077  0.0158049 
-0.497249  0.591326   -0.195428  0.0123778 
-0.542555  0.687015   -0.276115  0.0142425 
-0.519427  0.646847   -0.251492  0.0111814 
-0.578423  0.630309   -0.295381  0.00779495
-0.669702  0.604931   -0.381496  0.00896792
-0.675482  0.700967   -0.373531  0.0115609 
-0.607533  0.71883    -0.327403  0.0139219 
-0.516249  0.666035   -0.251623  0.0151092 
-0.494448  0.590101   -0.151857  0.0182294 
-0.427289  0.637977   -0.142615  0.0136095 
-0.506386  0.73075    -0.273543  0.0171958 
-0.592454  0.772275   -0.333125  0.0240741 
-0.592454  0.772275   -0.333125  0.0146493 
-0.54662   0.84727    -0.304594  0.0215128 
-0.466038  0.900134   -0.280428  0.0187944 
-0.387547  0.944426   -0.278514  0.0215718 
-0.467678  0.927673   -0.260401  0.0185122 
-0.528435  0.894499   -0.299702  0.0475017 
-0.552674  0.983873   -0.165116  0.0168352 
-0.462752  0.894687   -0.289573  0.0286248 
-0.554662  0.976712   -0.240337  0.02255   
-0.553325  0.89136    -0.27973   0.0163298 
-0.48363   0.844576   -0.259562  0.0211315 
-0.53409   0.843964   -0.289103  0.0217123 
-0.565632  0.878316   -0.305123  0.0292146 
-0.587737  0.93407    -0.257919  0.0191276 
-0.637516  0.851876   -0.297264  0.0247563 
-0.692135  0.932338   -0.238449  0.0193265 
-0.664295  0.877482   -0.332697  0.0512481 
-0.714685  0.971248   -0.0666258 0.0591418 
-0.724167  0.923133   -0.130371  0.0417077 
-0.784411  0.941449   -0.110547  0.0454313 
-0.802513  0.910121   -0.0965867 0.0363223 
-0.807547  0.866258   -0.148036  0.0246851 
-0.818932  0.77704    -0.274574  0.0285554 
-0.795461  0.772321   -0.297524  0.0106449 
-0.813563  0.680005   -0.426267  0.0389291 
-0.904519  0.74802    -0.236241  0.0174662 
-0.849355  0.723615   -0.386515  0.0493084 
-0.831369  0.803452   -0.21346   0.0237529 
-0.86674   0.797688   -0.276781  0.0336996 
-0.833373  0.78592    -0.228915  0.0253849 
-0.760345  0.767269   -0.321084  0.0199318 
-0.84377   0.746042   -0.354144  0.0201638 
-0.871727  0.712715   -0.388186  0.0346099 
-0.953514  0.747707   -0.177036  0.0313838 
-0.856691  0.750362   -0.364562  0.0351371 
-0.874259  0.761648   -0.249919  0.0177528 
-0.838423  0.663481   -0.405723  0.00731025
-0.763609  0.599818   -0.427564  0.00924171
-0.726029  0.665338   -0.404907  0.00723331
-0.809961  0.609521   -0.447525  0.0155097 
-0.865648  0.584491   -0.404252  0.0106145 
-0.881631  0.612627   -0.416335  0.0102567 
-0.809016  0.627102   -0.426928  0.0163505 
-0.761101  0.698197   -0.377263  0.0141667 
-0.676827  0.741518   -0.365939  0.0247643 
-0.58175   0.829489   -0.250108  0.0205198 
-0.618824  0.833912   -0.284357  0.0149405 
-0.701246  0.770949   -0.349684  0.010137  
-0.628026  0.675663   -0.342156  0.0147641 
-0.688731  0.754626   -0.352369  0.0302567 
-0.665856  0.811345   -0.320578  0.0347449 
-0.652859  0.840455   -0.228079  0.0190421 
-0.678748  0.814284   -0.333512  0.0276337 
-0.633286  0.882852   -0.269293  0.0271431 
-0.646775  0.88373    -0.287015  0.0167702 
-0.610728  0.878147   -0.312371  0.0468397 
-0.693191  0.908476   -0.140032  0.0318295 
-0.78712   0.82169    -0.269355  0.0181886 
-0.775058  0.751318   -0.338029  0.0243067 
-0.832377  0.772461   -0.312923  0.0344241 
-0.893051  0.763617   -0.214432  0.0162404 
-0.878323  0.696786   -0.376057  0.00639311
-0.813043  0.666882   -0.459151  0.0196174 
-0.899713  0.702384   -0.376449  0.043008  
-0.835712  0.793483   -0.21718   0.0298478 
-0.768488  0.853711   -0.224276  0.0365846 
-0.697111  0.9467     -0.199132  0.0250969 
-0.684969  0.873987   -0.265196  0.0293727 
-0.676368  0.923701   -0.227856  0.0220468 
-0.612907  0.907787   -0.289498  0.0175341 
-0.596683  0.859251   -0.293096  0.0192419 
-0.504529  0.773962   -0.279226  0.0122263 
-0.581301  0.742697   -0.32655   0.0120603 
-0.562772  0.698673   -0.300401  0.0134889 
-0.617145  0.798472   -0.343908  0.0397928 
-0.687894  0.88247    -0.187098  0.0154113 
-0.593566  0.815595   -0.32336   0.0180594 
-0.570198  0.893951   -0.297536  0.0366396 
-0.53388   0.952064   -0.231921  0.0226583 
-0.450166  0.925157   -0.244638  0.0216682 
-0.472389  0.978385   -0.251369  0.035946  
-0.567771  0.987281   -0.200104  0.0603708 
-0.650974  1.05094    -0.0677851 0.0567495 
-0.662611  1.03902    0.0141395  0.0544603 
-0.703859  0.977613   -0.118833  0.0451911 
-0.787031  0.948898   -0.0979692 0.0619209 
-0.719976  0.96219    -0.0681377 0.0448316 
-0.647716  0.977565   -0.118299  0.0365384 
-0.642466  1.04826    -0.0945088 0.0507313 
-0.605842  1.12208    -0.0270961 0.05782   
-0.671675  1.04051    -0.0220153 0.0946938 
-0.671675  1.04051    -0.0220153 0.0518191 
-0.634674  1.09847    0.0133149  0.0327083 
-0.657274  1.01073    -0.145624  0.0358267 
-0.637279  0.968005   -0.161993  0.0346601 
-0.658792  0.987404   -0.184273  0.0402752 
-0.648828  0.89717    -0.194741  0.0314687 
-0.703013  0.840162   -0.2802    0.0192952 
-0.777207  0.784976   -0.312613  0.0394806 
-0.835077  0.751477   -0.294664  0.0109359 
-0.783997  0.685743   -0.426215  0.0226656 
-0.844068  0.752252   -0.342128  0.00946776
-0.825684  0.658047   -0.43795   0.0199225 
-0.781088  0.709537   -0.367725  0.00612447
-0.78641   0.618118   -0.445297  0.0130977 
-0.739656  0.532368   -0.32039   0.0120564 
-0.641029  0.549142   -0.318184  0.0107634 
-0.584763  0.629102   -0.30383   0.0155426 
-0.494076  0.558772   -0.111692  0.0132508 
-0.57482   0.539971   -0.24454   0.0149721 
-0.538758  0.540863   -0.209804  0.0132678 
-0.531361  0.556404   -0.181967  0.018588  
-0.44187   0.508516   0.0365602  0.0225432 
-0.376764  0.543816   0.0656995  0.0216595 
-0.322611  0.605926   0.105186   0.0303883 
-0.236672  0.521991   0.33387    0.0252988 
-0.270643  0.581165   0.170531   0.0232377 
-0.261235  0.628246   0.101371   0.0296464 
-0.232626  0.545302   0.297183   0.0292447 
-0.140801  0.550766   0.509704   0.0325016 
-0.212794  0.530975   0.412642   0.0248918 
-0.283415  0.579942   0.17292    0.0300837 
-0.283415  0.579942   0.17292    0.0237392 
-0.343042  0.524291   0.222758   0.0233089 
-0.388454  0.451085   0.246144   0.0382719 
-0.477881  0.377409   0.284354   0.0199715 
-0.425106  0.448059   0.18228    0.027987  
-0.339317  0.407956   0.492667   0.0561622 
-0.417857  0.327403   0.637533   0.0817736 
-0.48534   0.305534   1.04144    0.0450511 
-0.516922  0.36726    0.472301   0.0474276 
-0.551359  0.372495   0.306568   0.0843322 
-0.583266  0.317058   1.19231    0.0649346 
-0.554228  0.342057   0.798304   0.0507205 
-0.595262  0.369638   0.340423   0.0361186 
-0.547003  0.404532   0.0812101  0.0237443 
-0.517508  0.431842   0.0696499  0.0174825 
-0.479106  0.522018   -0.0681504 0.0139445 
-0.570909  0.581227   -0.249529  0.0105186 
-0.638481  0.575967   -0.347525  0.0119891 
-0.580718  0.597576   -0.303128  0.0114522 
-0.585072  0.680951   -0.314132  0.0123464 
-0.56737   0.595069   -0.284618  0.0102777 
-0.611351  0.60966    -0.348939  0.00912589
-0.649449  0.584834   -0.346322  0.0100521 
-0.609472  0.654284   -0.32039   0.00818615
-0.668382  0.651304   -0.376786  0.0105915 
-0.640576  0.686813   -0.35444   0.0115693 
-0.585419  0.666378   -0.319189  0.0134926 
-0.574164  0.706099   -0.307452  0.00773186
-0.669511  0.614034   -0.384796  0.00860056
-0.658963  0.585706   -0.345581  0.0141272 
-0.590388  0.682576   -0.291993  0.013453  
-0.520566  0.684985   -0.25937   0.0105029 
-0.607897  0.637051   -0.329031  0.0124058 
-0.58167   0.699219   -0.315175  0.0112653 
-0.568872  0.681524   -0.286588  0.0161106 
-0.515863  0.774667   -0.249824  0.0152718 
-0.495842  0.795973   -0.28833   0.0220233 
-0.490859  0.864678   -0.254669  0.0213889 
-0.40527   0.957241   -0.250108  0.0332724 
-0.484601  1.00105    -0.196114  0.0204116 
-0.517216  0.902165   -0.26237   0.0240674 
-0.437133  0.974243   -0.253901  0.0406251 
-0.474143  1.03633    -0.133975  0.0380367 
-0.510924  0.98482    -0.183936  0.027386  
-0.55423   0.970347   -0.210164  0.0432986 
-0.462094  1.02863    -0.166081  0.0175217 
-0.458812  0.931673   -0.30801   0.0281593 
-0.506324  0.915082   -0.240591  0.0401878 
-0.523782  1.00001    -0.159952  0.073497  
-0.435633  1.00311    -0.122287  0.0252231 
-0.480529  0.983916   -0.238279  0.0293424 
-0.487605  0.955148   -0.239825  0.0163681 
-0.4298    0.860686   -0.245646  0.0203968 
-0.331719  0.954819   -0.251507  0.0333707 
-0.323912  1.01222    -0.172069  0.0219796 
-0.279524  0.983722   -0.266874  0.0237331 
-0.227262  0.899511   -0.164566  0.0221688 
-0.240132  0.997502   -0.242666  0.0277155 
-0.279305  0.981794   -0.220532  0.0248623 
-0.194102  0.994425   -0.232557  0.0571342 
-0.17613   1.07031    -0.161697  0.0170393 
-0.184329  0.977514   -0.244611  0.020421  
-0.263697  0.925024   -0.246899  0.0167448 
-0.169936  0.912466   -0.261115  0.0175727 
-0.20456   0.816729   -0.190234  0.020467  
-0.246377  0.717438   -0.0698604 0.0179787 
-0.192612  0.806537   -0.156766  0.0181598 
-0.133992  0.792042   -0.107688  0.0213171 
-0.15032   0.725985   -0.02621   0.0209102 
-0.100397  0.756019   -0.0758342 0.0201422 
-0.079331  0.751526   -0.0545859 0.018251  
-0.107629  0.800948   -0.111433  0.0190561 
-0.19156   0.747848   -0.0550803 0.0239026 
-0.141397  0.650623   0.151729   0.0263231 
-0.0674249 0.636109   0.17082    0.0221656 
0.0216952  0.714351   0.0442744  0.025043  
0.0185783  0.68805    0.0617984  0.0248417 
0.0651816  0.657451   0.157906   0.029115  
0.0500557  0.613505   0.260355   0.0231813 
0.0629439  0.678027   0.141572   0.0217528 
0.131542   0.723171   -0.045974  0.0226823 
0.225087   0.641752   0.154435   0.0221482 
0.204974   0.68863    -0.00671866 0.0204729 
0.294042   0.678285   0.0165545  0.023358  
0.196331   0.631196   0.202082   0.0211507 
0.248417   0.662995   0.067825   0.0218013 
0.156063   0.695816   0.0281688  0.0217491 
0.205816   0.702832   -0.0211525 0.0225369 
0.27306    0.61961    0.142111   0.0283848 
0.286859   0.536045   0.255717   0.0273012 
0.35623    0.441262   0.317321   0.0335757 
0.301237   0.39102    0.607601   0.0298149 
0.303267   0.490046   0.326703   0.0256339 
0.242808   0.587791   0.262951   0.0213087 
0.247389   0.676984   0.0491837  0.0196904 
0.342305   0.665944   -0.0576483 0.0204361 
0.282451   0.680633   -0.00116222 0.0189402 
0.232676   0.748378   -0.100171  0.0191174 
0.251054   0.731696   -0.0899428 0.0229593 
0.152177   0.693036   0.0624071  0.0207971 
0.145304   0.746827   -0.0751071 0.0190046 
0.223551   0.767329   -0.0995087 0.0186762 
0.212499   0.763356   -0.104899  0.0195978 
0.244982   0.714122   -0.0080073 0.0187554 
0.335514   0.697899   -0.0673963 0.0208952 
0.281553   0.697681   -0.0774847 0.0172889 
0.321639   0.767099   -0.172198  0.0149778 
0.384912   0.821878   -0.24189   0.0161715 
0.446324   0.815698   -0.241211  0.0376418 
0.378553   0.907153   -0.177607  0.0191364 
0.308041   0.991828   -0.242587  0.0240094 
0.40599    0.942505   -0.267556  0.0209136 
0.407338   0.907856   -0.235223  0.0395839 
0.405086   0.955871   -0.200651  0.029984  
0.41418    1.03165    -0.220077  0.0258581 
0.463016   1.02498    -0.271732  0.0220671 
0.494953   0.949159   -0.262824  0.0303284 
0.481939   0.91788    -0.206647  0.016337  
0.454512   0.87927    -0.274681  0.0157987 
0.362633   0.849969   -0.261817  0.0177082 
0.461763   0.849341   -0.265742  0.0165087 
0.461763   0.849341   -0.265742  0.0162848 
0.386367   0.791729   -0.210509  0.0149421 
0.4069     0.790355   -0.211399  0.0164864 
0.396434   0.75462    -0.209229  0.0157386 
0.389347   0.761961   -0.184115  0.0153586 
0.477386   0.751597   -0.239021  0.0163774 
0.423944   0.734329   -0.210351  0.0156636 
0.354405   0.812718   -0.247857  0.0159813 
0.316887   0.837283   -0.212986  0.0164106 
0.320187   0.865564   -0.237246  0.0165874 
0.23794    0.951632   -0.264141  0.0158436 
0.222293   0.881699   -0.21551   0.0170293 
0.164893   0.940435   -0.226815  0.0170111 
0.122951   0.900114   -0.2257    0.0177823 
0.0396762  0.832415   -0.159672  0.0182804 
0.0388996  0.805506   -0.0885545 0.0178939 
0.0981006  0.802022   -0.0898078 0.0160076 
0.0950254  0.879455   -0.184823  0.0190197 
0.131847   0.786513   -0.0902176 0.0174396 
0.0577253  0.850624   -0.199575  0.0193976 
0.14787    0.774508   -0.0953538 0.0167569 
0.224434   0.814764   -0.172842  0.0150694 
0.268598   0.91325    -0.249498  0.0204139 
0.3639     0.891086   -0.226453  0.0163173 
0.358694   0.791745   -0.196792  0.0168103 
0.380064   0.744233   -0.158532  0.016416  
0.392074   0.734402   -0.151661  0.0188944 
0.337172   0.708614   -0.111698  0.0177249 
0.41137    0.657581   -0.0979167 0.0155151 
0.473596   0.702585   -0.248537  0.0146942 
0.514208   0.67987    -0.240511  0.0164181 
0.429532   0.695469   -0.147357  0.0177721 
0.371735   0.701219   -0.141558  0.016269  
0.435098   0.70019    -0.207045  0.0206042 
0.347121   0.655772   -0.0727088 0.0232342 
0.315303   0.570148   0.154928   0.0240952 
0.337701   0.514202   0.249245   0.0341376 
0.24873    0.460908   0.554775   0.0322974 
0.285937   0.472758   0.442554   0.0237122 
0.319346   0.568027   0.196988   0.0265607 
0.274727   0.515519   0.385526   0.0298994 
0.274727   0.515519   0.385526   0.0253723 
0.266767   0.562667   0.265155   0.0228308 
0.262949   0.638662   0.0653077  0.0192669 
0.256388   0.723317   -0.0416913 0.0185095 
0.281468   0.758646   -0.124508  0.0211424 
0.231928   0.715327   -0.0470396 0.0226984 
0.256797   0.645558   0.0714897  0.0273309 
0.251243   0.571839   0.240488   0.0292839 
0.253243   0.520771   0.41281    0.0289251 
0.282555   0.504568   0.376152   0.0293932 
0.282555   0.504568   0.376152   0.0297727 
0.336539   0.427382   0.431136   0.0406906 
0.288835   0.368579   0.678055   0.0337883 
0.35274    0.382635   0.455344   0.0338366 
0.330924   0.388339   0.5209     0.0478649 
0.246989   0.34041    1.11501    0.0280423 
0.345565   0.408092   0.470706   0.0299607 
0.266266   0.48507    0.473449   0.0278295 
0.323846   0.403182   0.562439   0.0212067 
0.415028   0.491855   0.0783674  0.0264211 
0.472194   0.42438    0.103356   0.0636179 
0.562118   0.344019   0.687361   0.121308  
0.512633   0.267338   2.22427    0.068144  
0.542692   0.332101   0.781962   0.1172    
0.523418   0.262336   2.4885     0.132895  
0.456838   0.255553   2.35104    0.0761919 
0.360437   0.277276   1.45459    0.281555  
0.360437   0.277276   1.45459    0.0493815 
0.376278   0.324251   0.706092   0.0275019 
0.396693   0.404622   0.290717   0.0277174 
0.326135   0.459538   0.405596   0.0254646 
0.396518   0.403614   0.342815   0.020996  
0.49603    0.445334   0.0296177  0.0163848 
0.571673   0.506129   -0.184647  0.028258  
0.475464   0.411523   0.12822    0.0434634 
0.508852   0.379964   0.308109   0.0834911 
0.598213   0.309697   1.44975    0.0508785 
0.67978    0.391126   0.214808   0.0454557 
0.63832    0.394717   0.215002   0.0414897 
0.57681    0.390613   0.25528    0.0508444 
0.566619   0.370801   0.415364   0.041832  
0.658169   0.397794   0.260894   0.0281154 
0.637018   0.447432   -0.123346  0.0359793 
0.560399   0.408641   0.0471831  0.0642916 
0.537239   0.334668   0.8732     0.0820727 
0.614467   0.31489    1.22899    0.0387776 
0.681263   0.413389   0.118037   0.0195674 
0.630554   0.476032   -0.184119  0.0127675 
0.637584   0.534594   -0.304031  0.00946395
0.623303   0.601841   -0.338879  0.00969118
0.643031   0.582916   -0.348551  0.0111986 
0.619608   0.557774   -0.298581  0.00870306
0.705625   0.57166    -0.379453  0.0103    
0.642522   0.565696   -0.352697  0.0166013 
0.642522   0.565696   -0.352697  0.0139748 
0.587258   0.51896    -0.231111  0.0311011 
0.612183   0.425559   0.0652826  0.022379  
0.556928   0.455549   -0.089689  0.0266677 
0.586395   0.444053   -0.0917831 0.0240762 
0.52258    0.446607   -0.0137736 0.037063  
0.604177   0.409953   0.0666574  0.0191718 
0.58276    0.474092   -0.147677  0.0131742 
0.587106   0.547086   -0.278294  0.0152805 
0.524367   0.571072   -0.220522  0.0154597 
0.536158   0.541252   -0.21069   0.0151216 
0.585416   0.512153   -0.220267  0.0265974 
0.654796   0.457975   -0.196018  0.0145303 
0.57795    0.507174   -0.182964  0.0121484 
0.560337   0.578343   -0.243647  0.0139118 
0.61371    0.521159   -0.269788  0.0207169 
0.639614   0.476267   -0.16929   0.0142544 
0.544769   0.540265   -0.185963  0.0151588 
0.50136    0.559688   -0.138436  0.0136644 
0.558874   0.547328   -0.228993  0.0185875 
0.561039   0.482681   -0.157361  0.0120111 
0.600068   0.551374   -0.279601  0.0172566 
0.676288   0.496936   -0.281608  0.0409205 
0.634019   0.397907   0.220513   0.0389888 
0.71909    0.417274   0.0873803  0.0568411 
0.703216   0.368108   0.458716   0.0497381 
0.661641   0.381792   0.361319   0.0425621 
0.65365    0.392955   0.378516   0.079506  
0.65365    0.392955   0.378516   0.0188207 
0.590558   0.48688    -0.200693  0.0336062 
0.49785    0.390139   0.267467   0.0187461 
0.578985   0.48277    -0.191433  0.0174207 
0.555226   0.486662   -0.121784  0.0276921 
0.539383   0.424857   0.0290311  0.0134184 
0.561323   0.515606   -0.164999  0.0247478 
0.634875   0.457634   -0.107165  0.0270606 
0.539705   0.431209   -0.0196635 0.0188971 
0.44511    0.497805   0.0421541  0.0238242 
0.408605   0.489535   0.0808023  0.0218715 
0.409466   0.528343   0.0267952  0.018463  
0.422856   0.607533   -0.060352  0.0212938 
0.330809   0.632109   0.0101146  0.0197721 
0.349014   0.661153   -0.0470574 0.0247678 
0.271588   0.601281   0.171993   0.0316219 
0.181616   0.529566   0.48659    0.0321747 
0.220631   0.532873   0.355685   0.0231097 
0.272579   0.595009   0.175885   0.0228444 
0.314893   0.601927   0.134959   0.0220671 
0.320572   0.64428    0.00623242 0.0210465 
0.277671   0.668321   0.0227249  0.0196501 
0.252435   0.744272   -0.124767  0.0177404 
0.337772   0.727895   -0.119686  0.0215929 
0.297437   0.643727   0.055612   0.0200151 
0.256744   0.694802   -0.0022    0.016164  
0.355656   0.78892    -0.19172   0.014996  
0.448138   0.851968   -0.284077  0.0177763 
0.472455   0.93576    -0.28924   0.0168052 
0.456729   0.856848   -0.263148  0.0156713 
0.407179   0.798713   -0.242393  0.0144518 
0.450317   0.806528   -0.281844  0.0150676 
0.540164   0.757122   -0.277654  0.0185044 
0.445007   0.846977   -0.253794  0.022354  
0.490907   0.758263   -0.247649  0.0158078 
0.476613   0.821375   -0.280495  0.0160479 
0.456605   0.743547   -0.218515  0.0130417 
0.541276   0.783114   -0.315908  0.0260579 
0.571059   0.81192    -0.26048   0.0185056 
0.496499   0.829039   -0.275218  0.0178897 
0.535094   0.87487    -0.298851  0.0307683 
0.558916   0.906177   -0.24768   0.0185337 
0.595656   0.832963   -0.293932  0.0136212 
0.57076    0.858004   -0.293829  0.0390227 
0.658412   0.914736   -0.15612   0.0464776 
0.67539    1.00589    -0.0317494 0.0752956 
0.67539    1.00589    -0.0317494 0.0338965 
0.648694   0.9391     -0.212257  0.0381349 
0.63143    0.892613   -0.247585  0.032099  
0.613297   0.935057   -0.226892  0.0298676 
0.614294   0.95617    -0.182216  0.0281076 
0.573942   0.944043   -0.221166  0.0237308 
0.614202   0.846222   -0.249888  0.0306159 
0.618328   0.938199   -0.235301  0.0419387 
0.655382   0.881587   -0.227143  0.019739  
0.642729   0.88139    -0.295974  0.0263247 
0.547166   0.935637   -0.204278  0.0246558 
0.48563    0.925191   -0.253767  0.0287477 
0.52276    1.00497    -0.222538  0.0396219 
0.57876    1.01973    -0.119973  0.0351627 
0.524404   1.06961    -0.105452  0.0517306 
0.510589   1.11606    -0.0501416 0.0447912 
0.597672   1.02121    -0.0724912 0.0288913 
0.542531   0.930777   -0.259418  0.028202  
0.50804    0.909466   -0.249469  0.0298779 
0.457066   0.961555   -0.230683  0.0203617 
0.541415   0.867917   -0.286483  0.0193535 
0.527298   0.903466   -0.289818  0.0322332 
0.527735   0.943574   -0.197529  0.0196326 
0.510364   0.939064   -0.272229  0.0184872 
0.532839   0.894631   -0.264801  0.0220403 
0.616455   0.945525   -0.238975  0.0337614 
0.69768    1.00967    -0.122166  0.0725274 
0.613296   1.10767    -0.0255387 0.0523681 
0.658461   1.08441    0.00912686 0.0597932 
0.652346   1.03531    -0.0545978 0.058675  
0.7349     1.06877    0.116896   0.0397939 
0.803307   0.980703   -0.0655029 0.0591573 
0.767581   1.02791    0.0304149  0.0545445 
0.792852   1.02031    0.0439791  0.0857271 
0.779517   0.955104   0.106595   0.0501381 
0.717339   0.996424   0.00303338 0.0428464 
0.698533   1.0098     -0.100372  0.0532481 
0.715779   1.04312    0.00740934 0.0786282 
0.715779   1.04312    0.00740934 0.0490429 
0.693832   1.04174    -0.0332248 0.074775  
0.624145   1.07866    0.207889   0.0435889 
0.573313   1.00895    -0.125017  0.0291461 
0.650473   0.95013    -0.216603  0.0312248 
0.556838   0.969745   -0.24006   0.0358129 
0.609622   1.0035     -0.171741  0.0265145 
0.607931   0.965434   -0.233008  0.0551801 
0.632512   1.02569    -0.0269563 0.0802947 
0.556824   1.0315     -0.0644111 0.0589178 
0.635407   1.04738    -0.00725308 0.0424551 
0.663138   0.966005   -0.098438  0.0230487 
0.643816   0.870603   -0.280485  0.0228106 
0.67928    0.903684   -0.264323  0.0150335 
0.587908   0.868687   -0.323728  0.0313812 
0.549878   0.885104   -0.250601  0.0194886 
0.479773   0.882297   -0.239368  0.0297993 
0.532314   0.914182   -0.199024  0.020604  
0.436014   0.92799    -0.267209  0.0337597 
0.533553   1.01317    -0.205555  0.107121  
0.517158   0.997064   -0.152954  0.0498988 
0.463203   1.07615    -0.128403  0.0405744 
0.517745   0.993402   -0.194635  0.0341392 
0.492327   1.02482    -0.169728  0.0387248 
0.560889   1.0493     -0.172806  0.0267058 
0.610292   0.95695    -0.210118  0.0439846 
0.682785   1.03774    -0.0826924 0.0425384 
0.748345   0.942939   -0.145878  0.0422102 
0.830902   0.860292   -0.167643  0.04504   
0.921292   0.855373   -0.0539171 0.0332854 
0.862419   0.826285   -0.173198  0.0487463 
0.819855   0.903272   -0.148092  0.0598691 
0.790767   0.999575   0.123162   0.08191   
0.774899   1.08631    0.364863   0.0811385 
0.713922   1.13092    0.358142   0.0901273 
0.751814   1.09383    0.422981   0.113066  
0.725382   1.08325    0.254817   0.06011   
0.675192   1.07286    0.0813058  0.0424279 
0.58332    1.13161    -0.0358155 0.0695429 
0.530369   1.21275    0.193305   0.102475  
0.568255   1.24817    0.439226   0.117487  
0.568255   1.24817    0.439226   0.112773  
0.489421   1.34589    0.635749   0.154216  
0.498213   1.42171    1.03871    0.1756    
0.414319   1.45338    1.14375    0.276103  
0.354793   1.44895    1.51933    0.13942   
0.263579   1.4602     0.847236   0.14075   
0.23975    1.41002    0.518278   0.11647   
0.281516   1.4007     0.514696   0.149871  
0.303293   1.43759    0.885063   0.141518  
0.35345    1.42522    1.06605    0.174282  
0.314066   1.41381    0.984859   0.09639   
0.237175   1.40379    0.683273   0.0801552 
0.165714   1.32534    0.325442   0.114561  
0.0762891  1.40967    0.555449   0.115596  
0.169805   1.37506    0.512628   0.0579479 
0.133895   1.3014     0.163796   0.0953845 
0.204213   1.2773     0.232212   0.0409206 
0.125535   1.24286    -0.101403  0.0968481 
0.126266   1.30696    0.230265   0.120672  
0.0556083  1.38131    0.542113   0.123968  
0.139816   1.38772    0.575721   0.0748027 
0.169056   1.28903    0.129765   0.0977323 
0.115966   1.24761    0.119781   0.0544809 
0.072446   1.22312    -0.0354548 0.0210376 
0.101491   1.13586    -0.22878   0.0642843 
0.0799726  1.12869    -0.162813  0.0312203 
0.179278   1.03454    -0.22218   0.023201  
0.25839    1.08985    -0.270421  0.0647859 
0.353787   1.08886    -0.0822565 0.024418  
0.354898   1.00532    -0.236254  0.022284  
0.378547   0.955308   -0.251061  0.0141846 
0.471075   0.874099   -0.306998  0.016974  
0.445578   0.852308   -0.278857  0.0166365 
0.401942   0.863196   -0.261925  0.0266393 
0.494257   0.904701   -0.228869  0.0459013 
0.544736   0.985064   -0.148207  0.0225112 
0.459943   0.974557   -0.269726  0.0288576 
0.394129   1.01971    -0.242284  0.0316658 
0.467662   1.0656     -0.161065  0.029839  
0.416479   1.00531    -0.250851  0.0145308 
0.378323   0.945257   -0.324303  0.0179873 
0.362916   0.895168   -0.268043  0.0255353 
0.439874   0.97438    -0.266228  0.0562059 
0.436724   1.03091    -0.143021  0.0974292 
0.470078   1.04091    -0.0615288 0.0831758 
0.471661   1.04725    -0.0838885 0.0329663 
0.505818   0.996522   -0.180126  0.0202188 
0.416404   0.959338   -0.277251  0.0233947 
0.447765   0.949516   -0.208311  0.0200317 
0.371445   0.93238    -0.257851  0.0169667 
0.323537   0.85111    -0.230361  0.0224055 
0.361475   0.830477   -0.198907  0.0175395 
0.301804   0.832778   -0.24091   0.0158041 
0.353238   0.81862    -0.229331  0.0183304 
0.287933   0.729315   -0.0448559 0.0189257 
0.330357   0.824704   -0.187239  0.0184553 
0.255813   0.777843   -0.142386  0.0206889 
0.213501   0.703557   0.0312742  0.0187366 
0.257679   0.760033   -0.0825829 0.018154  
0.328478   0.746673   -0.136515  0.0171445 
0.322448   0.763078   -0.123418  0.0159286 
0.327841   0.81717    -0.217363  0.0170381 
0.301405   0.911884   -0.23943   0.0161162 
0.298275   0.885095   -0.261512  0.0172681 
0.34294    0.964839   -0.276916  0.0235363 
0.253018   1.00618    -0.259658  0.0180638 
0.162627   0.974912   -0.247663  0.0158848 
0.160439   0.948945   -0.263185  0.0275628 
0.0621551  0.9076     -0.220438  0.017325  
0.065615   0.86791    -0.174289  0.0168313 
0.112566   0.844297   -0.195571  0.0188859 
0.0662273  0.795302   -0.109167  0.0162388 
0.0224437  0.890867   -0.217041  0.0155633 
0.000965367 0.914625   -0.219643  0.0163397 
-0.0818244 0.904205   -0.213017  0.0169749 
0.000289843 0.837226   -0.115572  0.0164149 
0.098078   0.886733   -0.19463   0.0160242 
0.0239516  0.961821   -0.247879  0.0173329 
0.0733472  0.87021    -0.198003  0.0159153 
0.0631466  0.952446   -0.220332  0.0193233 
0.0789634  1.00595    -0.254084  0.0235726 
0.0802247  1.0269     -0.224269  0.01966   
0.170271   1.04693    -0.265173  0.0214903 
0.212498   1.00244    -0.265487  0.0268676 
0.235588   0.982988   -0.226881  0.016841  
0.218943   0.949455   -0.258745  0.0176955 
0.293138   0.962527   -0.254128  0.0215546 
0.268712   1.06125    -0.255294  0.0401225 
0.24184    1.07696    -0.169058  0.0316333 
0.213741   1.07558    -0.199003  0.0335233 
0.137363   1.08796    -0.1812    0.0478637 
0.223589   1.18513    -0.150798  0.0313162 
0.130194   1.16223    -0.209632  0.0303721 
0.0452583  1.13215    -0.217658  0.0644688 
0.0558353  1.18706    -0.0603426 0.0520003 
0.129878   1.11614    -0.171237  0.0356584 
0.13356    1.16583    -0.143731  0.0270697 
0.0448757  1.11988    -0.229164  0.0407552 
0.142766   1.18844    -0.072131  0.0363774 
0.104794   1.18975    -0.124607  0.0370405 
0.00539265 1.16675    -0.168347  0.0438588 
-0.0254641 1.11723    -0.190613  0.020803  
-0.0592356 1.05472    -0.257693  0.044941  
-0.0678194 1.14079    -0.172134  0.0753949 
-0.0230798 1.21261    -0.0490843 0.103383  
-0.0230798 1.21261    -0.0490843 0.0417534 
-0.0596506 1.18638    -0.157556  0.0355013 
0.00433645 1.14348    -0.182611  0.0270689 
-0.0576986 1.07156    -0.217219  0.0251274 
0.00609779 1.12744    -0.218648  0.0337331 
0.0439691  1.07265    -0.208454  0.0260366 
0.127216   0.979007   -0.216931  0.0205662 
0.137055   0.885905   -0.168991  0.0175822 
0.055172   0.821154   -0.145629  0.0190974 
0.0626526  0.87782    -0.215036  0.0182216 
0.149889   0.778851   -0.0945889 0.0191948 
0.208417   0.764745   -0.119566  0.018769  
0.145799   0.786763   -0.0619075 0.018055  
0.155069   0.800697   -0.129003  0.0196609 
0.221247   0.743038   -0.0895202 0.0215358 
0.237845   0.698274   -0.0262078 0.0236331 
0.162746   0.684061   0.0215903  0.0217087 
0.156248   0.70865    0.0393723  0.0216652 
0.216045   0.676266   0.0666234  0.0247745 
0.208224   0.636737   0.152383   0.023821  
0.302272   0.554692   0.237899   0.0280105 
0.277429   0.520146   0.37157    0.0292851 
0.294914   0.504154   0.341252   0.0239731 
0.279466   0.573953   0.242887   0.0225319 
0.370082   0.484338   0.266466   0.0249555 
0.288294   0.551879   0.242117   0.0273511 
0.297014   0.50691    0.364186   0.0211165 
0.387214   0.42157    0.33814    0.0398337 
0.324211   0.326809   0.898602   0.065452  
0.395418   0.306537   0.998651   0.044936  
0.359979   0.336595   0.640891   0.0328532 
0.404561   0.380069   0.326187   0.0323372 
0.503474   0.397289   0.22336    0.0233724 
0.44651    0.454017   0.0513661  0.0180446 
0.476675   0.547862   -0.14035   0.0157076 
0.538847   0.506703   -0.14291   0.0131115 
0.593339   0.543469   -0.249814  0.0121884 
0.627704   0.548345   -0.31176   0.00833919
0.701563   0.579177   -0.405977  0.0111477 
0.650359   0.67155    -0.366958  0.0143421 
0.744285   0.74432    -0.37549   0.0297784 
0.776524   0.827958   -0.240119  0.0313238 
0.711017   0.819548   -0.277     0.0296578 
0.715376   0.835424   -0.242267  0.0154789 
0.699663   0.768801   -0.327923  0.0123243 
0.724078   0.687354   -0.401517  0.0128401 
0.767907   0.679054   -0.427586  0.0231385 
0.847332   0.773088   -0.280398  0.0220495 
0.828253   0.775002   -0.288754  0.0426666 
0.796176   0.867945   -0.158564  0.0297059 
0.722302   0.841224   -0.287387  0.046875  
0.818793   0.888209   -0.115464  0.032624  
0.748979   0.839913   -0.220213  0.0424938 
0.755864   0.895476   -0.173316  0.0601779 
0.755864   0.895476   -0.173316  0.0802682 
0.683485   0.995415   -0.0699755 0.071678  
0.641647   1.0449     0.0681504  0.0294521 
0.55411    1.00234    -0.226636  0.0505751 
0.508218   1.05005    -0.052672  0.0545177 
0.605589   0.983641   -0.0866203 0.0395245 
0.645611   0.978352   -0.130694  0.0359744 
0.674568   0.983537   -0.158335  0.0693172 
0.744537   1.04568    0.0232315  0.0675675 
0.792299   1.0355     0.146091   0.0885103 
0.744678   1.12005    0.258601   0.0933083 
0.696503   1.14577    0.355087   0.0923785 
0.72946    1.14746    0.414205   0.0779878 
0.715226   1.04936    0.172483   0.0775854 
0.692552   1.06609    0.127752   0.0271979 
0.606807   1.02402    -0.200061  0.0454138 
0.596619   1.10123    -0.010165  0.112307  
0.686806   1.17198    0.500287   0.0944471 
0.783758   1.13251    0.510524   0.116742  
0.862401   1.07558    0.716521   0.157501  
0.846968   1.13455    0.967809   0.129212  
0.818499   1.19092    0.792813   0.0944205 
0.848094   1.12866    0.572126   0.130948  
0.90706    1.07367    0.835612   0.0972485 
0.912672   0.990691   0.410111   0.0604669 
0.887655   0.937828   0.00403132 0.0829867 
0.933939   0.975742   0.268884   0.0780663 
0.995703   0.97944    0.504526   0.0922782 
1.08634    0.917639   0.886875   0.130509  
1.08634    0.917639   0.886875   0.0827623 
1.18036    0.82451    0.838936   0.10962   
1.1113     0.889674   0.706862   0.139562  
1.1113     0.889674   0.706862   0.141247  
1.1113     0.889674   0.706862   0.0978349 
1.07288    0.823407   0.434746   0.0762963 
1.0723     0.860521   0.567584   0.088682  
1.14348    0.864148   0.756204   0.108661  
1.14348    0.864148   0.756204   0.0853723 
1.11063    0.907509   0.759681   0.104516  
1.06566    0.939317   0.720963   0.071011  
0.983798   0.866721   0.231592   0.0978867 
0.983798   0.866721   0.231592   0.139729  
0.983798   0.866721   0.231592   0.0857434 
1.04984    0.930774   0.620835   0.0733206 
1.0683     0.855614   0.457216   0.0497976 
1.01594    0.821495   0.101103   0.0458079 
1.05395    0.754545   0.101138   0.0162728 
0.965985   0.654708   -0.323016  0.0480702 
1.05654    0.751232   0.0588483  0.0407173 
0.969656   0.845325   -0.0479048 0.0520549 
0.986341   0.803387   0.0351035  0.0795404 
1.02442    0.880569   0.431279   0.0831796 
1.04123    0.927013   0.528844   0.0654261 
1.03856    0.973804   0.459045   0.141524  
0.983185   1.04573    0.842575   0.131562  
0.968574   1.09287    0.956704   0.112469  
1.02499    1.08389    0.989735   0.145181  
1.02499    1.08389    0.989735   0.126134  
1.10571    0.994535   1.1484     0.108006  
1.12799    0.90383    0.913829   0.0882446 
1.09532    0.819714   0.522436   0.0530714 
1.12015    0.776361   0.298993   0.0413104 
1.1224     0.699604   0.118337   0.03089   
1.08105    0.677936   -0.0292962 0.0335637 
1.16355    0.642322   0.216538   0.0652069 
1.15578    0.737698   0.480746   0.0844869 
1.17921    0.796023   0.800427   0.0863165 
1.18909    0.842587   1.06062    0.06597   
1.20208    0.769982   0.708656   0.0441568 
1.202      0.67437    0.430303   0.097999  
1.24865    0.767223   1.18779    0.0527119 
1.24742    0.69217    0.673671   0.0812951 
