#MU        SIGMA      ENERGY     ERROR     
-0.705844  0.528409   -0.34152   0.0188523 
-0.687366  0.494606   -0.280054  0.0138491 
-0.622177  0.529668   -0.299698  0.0151166 
-0.658211  0.513131   -0.287269  0.00936548
-0.677522  0.57924    -0.393341  0.00853805
-0.683678  0.579841   -0.372675  0.012575  
-0.618266  0.5419     -0.29712   0.00904453
-0.639574  0.63048    -0.369702  0.0128829 
-0.696736  0.709862   -0.384953  0.0228885 
-0.696736  0.709862   -0.384953  0.00896818
-0.696736  0.709862   -0.384953  0.018151  
-0.681457  0.808865   -0.309329  0.0211487 
-0.717484  0.772647   -0.326989  0.0101389 
-0.715575  0.680813   -0.4138    0.00671601
-0.711775  0.600461   -0.412423  0.00985007
-0.711775  0.600461   -0.412423  0.00934888
-0.711775  0.600461   -0.412423  0.00873598
-0.650215  0.642788   -0.3789    0.0100775 
-0.698432  0.694833   -0.391739  0.0198688 
-0.70079   0.702538   -0.369593  0.0123491 
-0.72555   0.738514   -0.400259  0.0141449 
-0.803905  0.721618   -0.380961  0.00534703
-0.775716  0.6512     -0.455537  0.00974729
-0.834943  0.614565   -0.420044  0.0130848 
-0.759511  0.534565   -0.395488  0.00668763
-0.757403  0.593894   -0.428131  0.00955356
-0.817182  0.564294   -0.406483  0.0148884 
-0.812961  0.65238    -0.426383  0.0101262 
-0.898334  0.570467   -0.401221  0.0251773 
-0.898334  0.570467   -0.401221  0.0133625 
-0.898334  0.570467   -0.401221  0.00989699
-0.905346  0.620768   -0.404005  0.0123454 
-0.905346  0.620768   -0.404005  0.00880334
-0.85801   0.574743   -0.426401  0.00967681
-0.785604  0.563087   -0.417559  0.00885448
-0.785604  0.563087   -0.417559  0.0135476 
-0.829164  0.534872   -0.388897  0.0121349 
-0.734863  0.540654   -0.380555  0.0102336 
-0.772453  0.560959   -0.435651  0.0199398 
-0.772453  0.560959   -0.435651  0.0240744 
-0.772453  0.560959   -0.435651  0.00765034
-0.772453  0.560959   -0.435651  0.00830552
-0.85201   0.58069    -0.429339  0.0087585 
-0.814067  0.639428   -0.439909  0.00971591
-0.857849  0.626003   -0.424594  0.00919103
-0.823333  0.588849   -0.437611  0.00938257
-0.781864  0.664566   -0.440801  0.0242358 
-0.781864  0.664566   -0.440801  0.0175286 
-0.781864  0.664566   -0.440801  0.00913325
-0.781864  0.664566   -0.440801  0.00594893
-0.78297   0.625797   -0.445059  0.010935  
-0.801519  0.660342   -0.417099  0.0112235 
-0.7074    0.71733    -0.401032  0.00916573
-0.7074    0.71733    -0.401032  0.0056757 
-0.789532  0.624864   -0.447994  0.0089024 
-0.789532  0.624864   -0.447994  0.00938383
-0.847937  0.629804   -0.43135   0.00810933
-0.787131  0.580044   -0.436663  0.0196571 
-0.787131  0.580044   -0.436663  0.00803586
-0.77867   0.57742    -0.428988  0.00732927
-0.738104  0.592658   -0.426494  0.00841884
-0.738104  0.592658   -0.426494  0.0118144 
-0.66727   0.547981   -0.348531  0.00704313
-0.724359  0.597669   -0.436567  0.00844282
-0.745583  0.572467   -0.408416  0.0118851 
-0.783162  0.544774   -0.40595   0.028223  
-0.783162  0.544774   -0.40595   0.00762336
-0.857312  0.610718   -0.439562  0.010303  
-0.863566  0.682197   -0.437338  0.0118034 
-0.847689  0.659393   -0.417264  0.0145521 
-0.916546  0.641364   -0.373184  0.0353246 
-0.916546  0.641364   -0.373184  0.0137969 
-0.916546  0.641364   -0.373184  0.0153573 
-0.845491  0.658187   -0.404977  0.0072813 
-0.810383  0.599815   -0.438188  0.010812  
-0.894489  0.644421   -0.416072  0.0135923 
-0.804754  0.69293    -0.402512  0.0217973 
-0.804754  0.69293    -0.402512  0.0122769 
-0.820216  0.706218   -0.404491  0.0102052 
-0.856295  0.67641    -0.431061  0.0224038 
-0.856295  0.67641    -0.431061  0.0288441 
-0.939857  0.686062   -0.290048  0.0200778 
-0.888874  0.732547   -0.337411  0.0211238 
-0.848348  0.744287   -0.322034  0.0212457 
-0.848348  0.744287   -0.322034  0.0287141 
-0.900409  0.780011   -0.230359  0.0392858 
-0.900409  0.780011   -0.230359  0.0137826 
-0.810076  0.682398   -0.4186    0.00776419
-0.770538  0.591164   -0.430479  0.0083536 
-0.694044  0.643116   -0.397058  0.0100417 
-0.694044  0.643116   -0.397058  0.00949488
-0.747622  0.562004   -0.402347  0.00795367
-0.692913  0.583842   -0.389515  0.00931869
-0.755063  0.560077   -0.409166  0.0113421 
-0.728894  0.548921   -0.408641  0.00855393
-0.636751  0.619813   -0.336966  0.00963192
-0.622282  0.652107   -0.341583  0.0109834 
-0.629982  0.626082   -0.349717  0.0118696 
-0.705521  0.696271   -0.40626   0.0142307 
-0.705521  0.696271   -0.40626   0.00727555
-0.752854  0.621907   -0.433943  0.00730376
-0.690277  0.641931   -0.402603  0.0114453 
-0.690277  0.641931   -0.402603  0.0127507 
-0.690277  0.641931   -0.402603  0.00810158
-0.669162  0.640755   -0.38798   0.0106768 
-0.669162  0.640755   -0.38798   0.00803025
-0.675272  0.610115   -0.398457  0.00800619
-0.675272  0.610115   -0.398457  0.0103375 
-0.672812  0.564029   -0.378654  0.00812392
-0.677153  0.602208   -0.399527  0.00944971
-0.677153  0.602208   -0.399527  0.010784  
-0.677153  0.602208   -0.399527  0.00930657
-0.686086  0.654891   -0.397468  0.00758548
-0.702056  0.629308   -0.413769  0.0102743 
-0.702056  0.629308   -0.413769  0.00770943
-0.681787  0.644416   -0.407189  0.0126846 
-0.681787  0.644416   -0.407189  0.0066831 
-0.774929  0.598867   -0.445323  0.0087074 
-0.787065  0.652344   -0.439961  0.009985  
-0.787065  0.652344   -0.439961  0.00677063
-0.797137  0.662915   -0.451731  0.0128859 
-0.879432  0.69541    -0.384351  0.0478377 
-0.879432  0.69541    -0.384351  0.0111751 
-0.925853  0.601361   -0.388274  0.0281781 
-0.925853  0.601361   -0.388274  0.0147342 
-0.955375  0.639157   -0.342543  0.0278417 
-0.918979  0.702327   -0.33249   0.0414306 
-0.918979  0.702327   -0.33249   0.0110375 
-0.880276  0.657731   -0.422368  0.0113008 
-0.880276  0.657731   -0.422368  0.0108925 
-0.925095  0.558607   -0.354037  0.0279999 
-0.97321   0.649107   -0.308299  0.0163364 
-1.01751   0.609141   -0.242811  0.00996407
-0.945736  0.584992   -0.345052  0.0118852 
-0.911333  0.63197    -0.39724   0.0269272 
-0.911333  0.63197    -0.39724   0.0265996 
-0.911333  0.63197    -0.39724   0.00831877
-0.887862  0.617293   -0.422677  0.0139327 
-0.887862  0.617293   -0.422677  0.010427  
-0.954107  0.573442   -0.331835  0.0311561 
-0.954107  0.573442   -0.331835  0.0168771 
-0.954107  0.573442   -0.331835  0.017149  
-0.900685  0.514605   -0.30304   0.0143049 
-0.900685  0.514605   -0.30304   0.00861825
-0.819043  0.607246   -0.447375  0.00906283
-0.798554  0.672006   -0.440589  0.00778665
-0.798554  0.672006   -0.440589  0.0105096 
-0.822005  0.634135   -0.432401  0.0106272 
-0.758897  0.554122   -0.415267  0.0209799 
-0.758897  0.554122   -0.415267  0.0126718 
-0.758897  0.554122   -0.415267  0.0104162 
-0.827327  0.62956    -0.448081  0.00956637
-0.827327  0.62956    -0.448081  0.00625495
-0.743178  0.654791   -0.430738  0.0182129 
-0.743178  0.654791   -0.430738  0.0267829 
-0.743178  0.654791   -0.430738  0.0307338 
-0.743178  0.654791   -0.430738  0.00694489
-0.743178  0.654791   -0.430738  0.00978511
-0.743178  0.654791   -0.430738  0.0131733 
-0.670778  0.744949   -0.372059  0.0110817 
-0.681845  0.720603   -0.366208  0.0137601 
-0.65578   0.669293   -0.359153  0.00732624
-0.750592  0.674296   -0.440663  0.00964609
-0.750592  0.674296   -0.440663  0.0120636 
-0.849242  0.635651   -0.418008  0.0069381 
-0.765458  0.669251   -0.437049  0.00762831
-0.765458  0.669251   -0.437049  0.0172234 
-0.85552   0.681706   -0.384181  0.019499  
-0.85552   0.681706   -0.384181  0.0260281 
-0.85552   0.681706   -0.384181  0.0177698 
-0.85552   0.681706   -0.384181  0.00846624
-0.823493  0.582282   -0.436209  0.00594067
-0.829775  0.610316   -0.451386  0.0156567 
-0.829775  0.610316   -0.451386  0.0106947 
-0.829775  0.610316   -0.451386  0.0133145 
-0.829775  0.610316   -0.451386  0.00828554
-0.736943  0.649248   -0.41487   0.0174941 
-0.736943  0.649248   -0.41487   0.0103058 
-0.83636   0.562082   -0.439349  0.020938  
-0.83636   0.562082   -0.439349  0.00827322
-0.845097  0.582116   -0.437025  0.0192868 
-0.845097  0.582116   -0.437025  0.0115225 
-0.923677  0.553972   -0.367067  0.0163943 
-0.923677  0.553972   -0.367067  0.0143084 
-0.923677  0.553972   -0.367067  0.0156355 
-0.923677  0.553972   -0.367067  0.00940692
-0.829566  0.592768   -0.42937   0.011405  
-0.793382  0.668402   -0.430933  0.027763  
-0.793382  0.668402   -0.430933  0.0173957 
-0.705659  0.710422   -0.372578  0.00947466
-0.634258  0.671263   -0.361445  0.0126992 
-0.670852  0.73956    -0.36031   0.0167396 
-0.752794  0.772047   -0.359808  0.0417043 
-0.752794  0.772047   -0.359808  0.0347053 
-0.752794  0.772047   -0.359808  0.00915245
-0.797073  0.673956   -0.427575  0.0106489 
-0.797073  0.673956   -0.427575  0.00749272
-0.78402   0.594088   -0.449518  0.0079312 
-0.754559  0.581254   -0.43806   0.012342  
-0.753246  0.5414     -0.423563  0.0185566 
-0.753246  0.5414     -0.423563  0.0122375 
-0.753246  0.5414     -0.423563  0.00905662
-0.690548  0.572598   -0.377363  0.0112882 
-0.690548  0.572598   -0.377363  0.00918885
-0.676467  0.645531   -0.394361  0.00675642
-0.760342  0.603452   -0.43747   0.0084684 
-0.675453  0.585361   -0.376292  0.00917462
-0.670811  0.677873   -0.391458  0.0100366 
-0.700514  0.690491   -0.396477  0.0146172 
-0.76973   0.712563   -0.395509  0.0102081 
-0.678504  0.724555   -0.384255  0.0123035 
-0.636518  0.716971   -0.3675    0.0109522 
-0.653292  0.674965   -0.374595  0.0109524 
-0.629522  0.710939   -0.360937  0.00752723
-0.674748  0.633567   -0.407019  0.0151928 
-0.620916  0.699399   -0.319704  0.0140415 
-0.620916  0.699399   -0.319704  0.01025   
-0.601666  0.66657    -0.299682  0.0140224 
-0.512516  0.648825   -0.21341   0.0146019 
-0.482323  0.596847   -0.106062  0.015078  
-0.564155  0.694452   -0.278792  0.0153662 
-0.564155  0.694452   -0.278792  0.0146279 
-0.575469  0.765767   -0.310996  0.014387  
-0.575469  0.765767   -0.310996  0.0133791 
-0.643076  0.767215   -0.315822  0.0171232 
-0.643076  0.767215   -0.315822  0.0156908 
-0.59256   0.809108   -0.303639  0.0150528 
-0.545045  0.791514   -0.308025  0.0152127 
-0.59889   0.766892   -0.311225  0.0264877 
-0.59889   0.766892   -0.311225  0.0122196 
-0.581681  0.759334   -0.28702   0.0146461 
-0.671662  0.785958   -0.331938  0.0167521 
-0.704671  0.804483   -0.367236  0.0190675 
-0.704671  0.804483   -0.367236  0.0123926 
-0.716356  0.7151     -0.390919  0.0123458 
-0.712328  0.73535    -0.395278  0.0183725 
-0.712328  0.73535    -0.395278  0.0120111 
-0.697438  0.726153   -0.376637  0.0114821 
-0.774302  0.724784   -0.408894  0.018078  
-0.744442  0.777247   -0.348849  0.0352544 
-0.744442  0.777247   -0.348849  0.0293812 
-0.744442  0.777247   -0.348849  0.0179049 
-0.766767  0.771579   -0.359002  0.0528623 
-0.766767  0.771579   -0.359002  0.0336708 
-0.766767  0.771579   -0.359002  0.0283157 
-0.766767  0.771579   -0.359002  0.0229866 
-0.704608  0.718435   -0.368247  0.0133045 
-0.716901  0.71485    -0.37567   0.0367815 
-0.716901  0.71485    -0.37567   0.031609  
-0.716901  0.71485    -0.37567   0.0273422 
-0.716901  0.71485    -0.37567   0.0202605 
-0.716901  0.71485    -0.37567   0.0166225 
-0.70056   0.762813   -0.377566  0.0126154 
-0.798988  0.715951   -0.409827  0.0102885 
-0.703525  0.661946   -0.397129  0.00646916
-0.73768   0.634191   -0.430576  0.0155541 
-0.73768   0.634191   -0.430576  0.00878678
-0.672779  0.588416   -0.385504  0.0111761 
-0.717211  0.554186   -0.38473   0.0175207 
-0.618322  0.495864   -0.239776  0.0178651 
-0.618322  0.495864   -0.239776  0.0198048 
-0.618322  0.495864   -0.239776  0.0288067 
-0.618322  0.495864   -0.239776  0.0353094 
-0.618322  0.495864   -0.239776  0.0355512 
-0.618322  0.495864   -0.239776  0.0351319 
-0.618322  0.495864   -0.239776  0.01813   
-0.607602  0.496253   -0.248187  0.019161  
-0.684065  0.489055   -0.23799   0.0463642 
-0.684065  0.489055   -0.23799   0.04141   
-0.684065  0.489055   -0.23799   0.0100402 
-0.694202  0.55812    -0.37808   0.0109829 
-0.694202  0.55812    -0.37808   0.0200697 
-0.694202  0.55812    -0.37808   0.0116363 
-0.730027  0.543014   -0.350947  0.0246689 
-0.730027  0.543014   -0.350947  0.0165301 
-0.730027  0.543014   -0.350947  0.023938  
-0.730027  0.543014   -0.350947  0.0220625 
-0.730027  0.543014   -0.350947  0.0254677 
-0.730027  0.543014   -0.350947  0.0270929 
-0.730027  0.543014   -0.350947  0.00795335
-0.668762  0.620964   -0.394944  0.0130326 
-0.748394  0.538074   -0.373413  0.00847401
-0.831887  0.575122   -0.427106  0.0157226 
-0.84959   0.520344   -0.349715  0.00829875
-0.842657  0.615875   -0.433712  0.0152773 
-0.842657  0.615875   -0.433712  0.0134409 
-0.842657  0.615875   -0.433712  0.0120676 
-0.925856  0.633549   -0.401607  0.00873749
-0.843642  0.57207    -0.430621  0.0139617 
-0.843642  0.57207    -0.430621  0.0177105 
-0.843642  0.57207    -0.430621  0.014129  
-0.843642  0.57207    -0.430621  0.0106187 
-0.800414  0.55639    -0.426727  0.0210426 
-0.800414  0.55639    -0.426727  0.00699827
-0.748997  0.644966   -0.438747  0.0100075 
-0.748997  0.644966   -0.438747  0.0102687 
-0.748997  0.644966   -0.438747  0.0116212 
-0.69013   0.715517   -0.361405  0.0128454 
-0.617187  0.75615    -0.346758  0.0221838 
-0.703205  0.742297   -0.343361  0.0206018 
-0.776328  0.800638   -0.357666  0.0224947 
-0.776328  0.800638   -0.357666  0.0234941 
-0.776328  0.800638   -0.357666  0.0415226 
-0.776328  0.800638   -0.357666  0.022277  
-0.865004  0.705787   -0.337769  0.032633  
-0.865004  0.705787   -0.337769  0.0291272 
-0.865004  0.705787   -0.337769  0.0234247 
-0.865004  0.705787   -0.337769  0.0259124 
-0.841186  0.778758   -0.265541  0.0167181 
-0.890111  0.687433   -0.383138  0.0208719 
-0.890111  0.687433   -0.383138  0.0260086 
-0.890111  0.687433   -0.383138  0.00795471
-0.809188  0.633372   -0.437654  0.0120715 
-0.809188  0.633372   -0.437654  0.0136861 
-0.851062  0.684104   -0.384719  0.0612338 
-0.851062  0.684104   -0.384719  0.0143093 
-0.871799  0.669236   -0.410242  0.0176134 
-0.871799  0.669236   -0.410242  0.0282617 
-0.871799  0.669236   -0.410242  0.0154499 
-0.871799  0.669236   -0.410242  0.0169754 
-0.841966  0.683034   -0.394018  0.0120553 
-0.889909  0.649657   -0.397574  0.0112621 
-0.889909  0.649657   -0.397574  0.0189388 
-0.887786  0.650442   -0.38792   0.0392069 
-0.887786  0.650442   -0.38792   0.0279931 
-0.887786  0.650442   -0.38792   0.0190982 
-0.887786  0.650442   -0.38792   0.00928664
-0.844827  0.572593   -0.421012  0.00969377
-0.844827  0.572593   -0.421012  0.00815782
-0.868401  0.605211   -0.425057  0.0109924 
-0.85776   0.559135   -0.385033  0.0196543 
-0.85776   0.559135   -0.385033  0.00889962
-0.778934  0.640865   -0.434387  0.0096161 
-0.781558  0.568626   -0.435596  0.00898753
-0.797439  0.571036   -0.422437  0.00814963
-0.840068  0.626884   -0.439047  0.00969137
-0.840068  0.626884   -0.439047  0.00719823
-0.822071  0.603161   -0.435285  0.00776252
-0.731527  0.662292   -0.436974  0.0083485 
-0.707307  0.57586    -0.403752  0.0125803 
-0.707307  0.57586    -0.403752  0.00600966
-0.758164  0.614595   -0.434863  0.0108408 
-0.758164  0.614595   -0.434863  0.00922497
-0.786827  0.680747   -0.421014  0.0106835 
-0.810631  0.677733   -0.418131  0.0219136 
-0.810631  0.677733   -0.418131  0.0177784 
-0.874198  0.690835   -0.387299  0.0299881 
-0.878541  0.748828   -0.31024   0.082315  
-0.878541  0.748828   -0.31024   0.0249626 
-0.930563  0.705725   -0.320947  0.0295571 
-0.930563  0.705725   -0.320947  0.0427328 
-0.930563  0.705725   -0.320947  0.0268063 
-0.930563  0.705725   -0.320947  0.0379728 
-0.930563  0.705725   -0.320947  0.0296792 
-0.930563  0.705725   -0.320947  0.0111518 
-0.888315  0.633502   -0.398677  0.0112873 
-0.888315  0.633502   -0.398677  0.0179195 
-0.888315  0.633502   -0.398677  0.0107276 
-0.948632  0.599585   -0.36619   0.00964165
-0.884382  0.571303   -0.425398  0.0205743 
-0.884382  0.571303   -0.425398  0.0122497 
-0.884382  0.571303   -0.425398  0.0143627 
-0.884382  0.571303   -0.425398  0.00940384
-0.842693  0.614821   -0.447555  0.0123228 
-0.842693  0.614821   -0.447555  0.0169416 
-0.842693  0.614821   -0.447555  0.00881029
-0.88174   0.599301   -0.425877  0.0122584 
-0.88174   0.599301   -0.425877  0.00836403
-0.79186   0.636677   -0.439889  0.00998599
-0.835775  0.642383   -0.439033  0.00874631
-0.746288  0.572427   -0.410288  0.0111857 
-0.699399  0.629737   -0.418554  0.0112395 
-0.699399  0.629737   -0.418554  0.0130749 
-0.699399  0.629737   -0.418554  0.0161741 
-0.699399  0.629737   -0.418554  0.00798755
-0.699399  0.629737   -0.418554  0.00646008
-0.763997  0.623513   -0.440888  0.0140087 
-0.728493  0.715181   -0.373906  0.0174982 
-0.756982  0.750926   -0.347961  0.0075513 
-0.664735  0.656374   -0.376972  0.0113601 
-0.705485  0.694566   -0.376654  0.0117104 
-0.705485  0.694566   -0.376654  0.00950462
-0.624744  0.645431   -0.349975  0.0111576 
-0.697491  0.551912   -0.403336  0.013584  
-0.697491  0.551912   -0.403336  0.00727906
-0.687709  0.643115   -0.389781  0.00943775
-0.687709  0.643115   -0.389781  0.013967  
-0.687709  0.643115   -0.389781  0.0107125 
-0.687709  0.643115   -0.389781  0.00908305
-0.637306  0.622493   -0.361025  0.0078306 
-0.708431  0.639244   -0.411043  0.00726363
-0.709939  0.663721   -0.418433  0.00818341
-0.675202  0.623437   -0.394803  0.010127  
-0.642874  0.570932   -0.338224  0.00759863
-0.684104  0.627196   -0.395534  0.00950342
-0.684104  0.627196   -0.395534  0.0111434 
-0.684104  0.627196   -0.395534  0.0101373 
-0.764557  0.555831   -0.395023  0.0164481 
-0.764557  0.555831   -0.395023  0.0191764 
-0.764557  0.555831   -0.395023  0.0214454 
-0.764557  0.555831   -0.395023  0.00786529
-0.673786  0.625702   -0.392593  0.0103528 
-0.678478  0.567856   -0.387469  0.0173755 
-0.678478  0.567856   -0.387469  0.0175174 
-0.694329  0.50398    -0.329795  0.0244231 
-0.730041  0.475692   -0.213821  0.00964597
-0.743963  0.568503   -0.41857   0.00785263
-0.698436  0.584893   -0.397496  0.00772971
-0.74547   0.648319   -0.438218  0.00866172
-0.649308  0.613504   -0.367157  0.0134317 
-0.710967  0.708828   -0.382946  0.0167087 
-0.710967  0.708828   -0.382946  0.00812511
-0.682917  0.638488   -0.393245  0.0100626 
-0.682917  0.638488   -0.393245  0.00880239
-0.641077  0.61224    -0.357566  0.00999734
-0.632336  0.591962   -0.350339  0.0122492 
-0.632336  0.591962   -0.350339  0.0129131 
-0.539363  0.60203    -0.22046   0.0128879 
-0.545787  0.596327   -0.236948  0.0169067 
-0.545787  0.596327   -0.236948  0.0114332 
-0.610707  0.549869   -0.287647  0.0143149 
-0.610707  0.549869   -0.287647  0.0132971 
-0.610707  0.549869   -0.287647  0.0084552 
-0.648565  0.619429   -0.384009  0.00982669
-0.64721   0.570953   -0.342     0.0139624 
-0.64721   0.570953   -0.342     0.00994647
-0.603828  0.629007   -0.325305  0.0113905 
-0.603828  0.629007   -0.325305  0.00980151
-0.66607   0.567795   -0.361786  0.0220816 
-0.66607   0.567795   -0.361786  0.00746762
-0.706406  0.640152   -0.422933  0.0074438 
-0.705921  0.59231    -0.401958  0.011573  
-0.705921  0.59231    -0.401958  0.0136374 
-0.705921  0.59231    -0.401958  0.00815561
-0.788856  0.609745   -0.439204  0.0140146 
-0.788856  0.609745   -0.439204  0.00740681
-0.788856  0.609745   -0.439204  0.00973713
-0.788856  0.609745   -0.439204  0.00981331
-0.788856  0.609745   -0.439204  0.0150741 
-0.788856  0.609745   -0.439204  0.0136963 
-0.788856  0.609745   -0.439204  0.00757533
-0.788856  0.609745   -0.439204  0.0122723 
-0.788856  0.609745   -0.439204  0.0102501 
-0.780066  0.557963   -0.415851  0.0252124 
-0.780066  0.557963   -0.415851  0.00782265
-0.832343  0.613259   -0.435668  0.0164442 
-0.832343  0.613259   -0.435668  0.0076808 
-0.812589  0.607781   -0.451279  0.0143253 
-0.812589  0.607781   -0.451279  0.00917947
-0.812589  0.607781   -0.451279  0.0158472 
-0.844192  0.522355   -0.359211  0.0363776 
-0.844192  0.522355   -0.359211  0.00634779
-0.824086  0.62209    -0.456009  0.014774  
-0.73069   0.525492   -0.362778  0.025556  
-0.73069   0.525492   -0.362778  0.00827212
-0.791923  0.589794   -0.434263  0.0103992 
-0.791923  0.589794   -0.434263  0.00953921
-0.773638  0.568923   -0.427573  0.00856555
-0.773638  0.568923   -0.427573  0.0103115 
-0.853623  0.61901    -0.428166  0.00985723
-0.91638   0.609165   -0.39652   0.0129823 
-0.91638   0.609165   -0.39652   0.0155853 
-0.91638   0.609165   -0.39652   0.0113257 
-0.861033  0.609571   -0.420552  0.0242664 
-0.861033  0.609571   -0.420552  0.0138647 
-0.861033  0.609571   -0.420552  0.00925154
-0.765824  0.565137   -0.432729  0.00800092
-0.807776  0.643755   -0.436715  0.00819484
-0.897438  0.617099   -0.420901  0.0251459 
-0.897438  0.617099   -0.420901  0.0296262 
-0.897438  0.617099   -0.420901  0.0214341 
-0.953647  0.67467    -0.327541  0.0150218 
-1.0161    0.598087   -0.228243  0.0158468 
-0.947295  0.511998   -0.221025  0.0137593 
-0.919741  0.534334   -0.34446   0.0266011 
-0.919741  0.534334   -0.34446   0.024247  
-0.919741  0.534334   -0.34446   0.00947325
-0.909647  0.625425   -0.406233  0.0161539 
-0.909647  0.625425   -0.406233  0.0133237 
-0.884048  0.681341   -0.389648  0.0135321 
-0.91272   0.655864   -0.388985  0.0119601 
-0.91272   0.655864   -0.388985  0.0193019 
-0.824446  0.735439   -0.358121  0.0147245 
-0.845225  0.661152   -0.399036  0.00964561
-0.809812  0.607932   -0.445634  0.0120553 
-0.809812  0.607932   -0.445634  0.0093021 
-0.7932    0.645493   -0.434674  0.0136218 
-0.776885  0.735874   -0.377552  0.00926486
-0.831614  0.650775   -0.432253  0.0167661 
-0.864754  0.72551    -0.37895   0.0236701 
-0.829768  0.674797   -0.400084  0.0140066 
-0.788154  0.71001    -0.404782  0.00898619
-0.836364  0.63972    -0.431086  0.00942709
-0.864275  0.622446   -0.436934  0.00767854
-0.787815  0.663536   -0.448546  0.00724435
-0.732023  0.641907   -0.417686  0.0101416 
-0.732023  0.641907   -0.417686  0.0102468 
-0.732023  0.641907   -0.417686  0.0113807 
-0.712875  0.544361   -0.386334  0.0126958 
-0.783138  0.53997    -0.373927  0.0099916 
-0.875394  0.62291    -0.415366  0.00959618
-0.815447  0.647488   -0.428599  0.0144494 
-0.815447  0.647488   -0.428599  0.0119402 
-0.821624  0.673569   -0.43092   0.00992938
-0.80081   0.701393   -0.43616   0.016691  
-0.80081   0.701393   -0.43616   0.0102826 
-0.768703  0.691607   -0.409912  0.0184737 
-0.817327  0.685887   -0.383734  0.00778221
-0.743098  0.61424    -0.425458  0.0078269 
-0.836207  0.593393   -0.439695  0.0183812 
-0.836207  0.593393   -0.439695  0.00994267
-0.836207  0.593393   -0.439695  0.00895948
-0.84197   0.66594    -0.428108  0.00773096
-0.771886  0.581128   -0.426055  0.00766368
-0.818612  0.642972   -0.458627  0.0238731 
-0.818612  0.642972   -0.458627  0.00831132
-0.892397  0.598709   -0.420123  0.0156247 
-0.899723  0.651104   -0.389175  0.0112799 
-0.857644  0.553473   -0.401181  0.0235808 
-0.819203  0.480618   -0.216095  0.00965654
-0.737475  0.563269   -0.426651  0.00917237
-0.654739  0.611931   -0.377326  0.00922353
-0.674558  0.666304   -0.369027  0.0116422 
-0.700459  0.667453   -0.39955   0.00967919
-0.668935  0.574479   -0.380475  0.0177477 
-0.668935  0.574479   -0.380475  0.0178838 
-0.668935  0.574479   -0.380475  0.00986769
-0.668935  0.574479   -0.380475  0.00912068
-0.668935  0.574479   -0.380475  0.0107308 
-0.651536  0.570956   -0.365344  0.0080802 
-0.677033  0.603762   -0.401516  0.00737624
-0.719109  0.598771   -0.425615  0.00817391
-0.738394  0.685881   -0.427584  0.0224763 
-0.738394  0.685881   -0.427584  0.00846962
-0.822938  0.601988   -0.439985  0.0139174 
-0.822938  0.601988   -0.439985  0.0138595 
-0.822938  0.601988   -0.439985  0.00710614
-0.853135  0.610524   -0.44971   0.015179  
-0.853135  0.610524   -0.44971   0.00790457
-0.853135  0.610524   -0.44971   0.00948052
-0.81385   0.652506   -0.437229  0.0106552 
-0.747528  0.696603   -0.408861  0.00890157
-0.664637  0.676163   -0.380355  0.0127444 
-0.597909  0.738074   -0.321971  0.0135478 
-0.525593  0.680115   -0.258394  0.0142903 
-0.601572  0.756113   -0.295589  0.0142865 
-0.544638  0.802908   -0.293121  0.0213556 
-0.580224  0.868931   -0.302078  0.0181766 
-0.563129  0.836193   -0.293713  0.0304491 
-0.484588  0.922101   -0.247385  0.0280526 
-0.50547   0.957811   -0.227608  0.0315052 
-0.50547   0.957811   -0.227608  0.051514  
-0.474622  0.959258   -0.152644  0.0360007 
-0.380286  1.0515     -0.211677  0.0249316 
-0.443573  0.982753   -0.207427  0.0157329 
-0.376605  0.885009   -0.284203  0.0239084 
-0.376605  0.885009   -0.284203  0.0152394 
-0.358475  0.844363   -0.260437  0.0176639 
-0.294799  0.774609   -0.164619  0.0202943 
-0.294799  0.774609   -0.164619  0.0186255 
-0.349578  0.726516   -0.130062  0.0186174 
-0.331074  0.714755   -0.126558  0.0181061 
-0.311025  0.76154    -0.162183  0.015657  
-0.322356  0.841127   -0.200014  0.0152402 
-0.236354  0.894554   -0.226995  0.0250256 
-0.323499  0.925977   -0.238908  0.0174931 
-0.3107    0.959282   -0.261228  0.0155391 
-0.287125  0.886653   -0.262689  0.0182406 
-0.287125  0.886653   -0.262689  0.0204916 
-0.238892  0.973496   -0.263139  0.0406553 
-0.238892  0.973496   -0.263139  0.0256325 
-0.207334  1.0556     -0.201993  0.0348759 
-0.193108  1.06125    -0.213365  0.0190187 
-0.27898   0.976337   -0.261871  0.0150918 
-0.238295  0.944868   -0.263206  0.0183907 
-0.238295  0.944868   -0.263206  0.019746  
-0.238295  0.944868   -0.263206  0.0252642 
-0.220754  1.01317    -0.268005  0.0190012 
-0.317706  0.924548   -0.236752  0.0260468 
-0.380714  0.959137   -0.227969  0.0371257 
-0.281714  1.00164    -0.180913  0.0259472 
-0.212975  1.08844    -0.20013   0.041538  
-0.212975  1.08844    -0.20013   0.0344823 
-0.136944  1.08719    -0.197413  0.061887  
-0.136944  1.08719    -0.197413  0.0342858 
-0.0700853 1.16234    -0.151801  0.11873   
-0.0700853 1.16234    -0.151801  0.0341797 
-0.00705404 1.10349    -0.168258  0.0416608 
0.0500773  1.14686    -0.195067  0.050574  
-0.0242679 1.11668    -0.160144  0.0438126 
0.0431373  1.06261    -0.2075    0.0356826 
0.121847   1.02556    -0.206599  0.0468165 
0.208781   1.12133    -0.143587  0.0422427 
0.26933    1.12887    -0.161196  0.0486522 
0.263673   1.20957    -0.078087  0.0826128 
0.263673   1.20957    -0.078087  0.0879827 
0.263673   1.20957    -0.078087  0.0577315 
0.182558   1.25106    0.0577497  0.0701048 
0.148896   1.24761    0.0884253  0.0501308 
0.240584   1.19396    -0.0690633 0.031375  
0.247069   1.10655    -0.215337  0.0378371 
0.204843   1.07702    -0.192666  0.0450664 
0.204843   1.07702    -0.192666  0.0261395 
0.136963   1.01564    -0.192208  0.0236243 
0.218493   0.978435   -0.258791  0.032664  
0.289404   0.954662   -0.188188  0.0256841 
0.357325   0.990105   -0.206464  0.0220617 
0.449047   0.96111    -0.282218  0.01781   
0.449047   0.96111    -0.282218  0.0196272 
0.449047   0.96111    -0.282218  0.0285667 
0.501185   0.977956   -0.230938  0.0547334 
0.501185   0.977956   -0.230938  0.0236702 
0.584622   0.908503   -0.267363  0.0568016 
0.584622   0.908503   -0.267363  0.0414384 
0.584622   0.908503   -0.267363  0.0314348 
0.600829   0.989712   -0.169731  0.0285618 
0.644884   0.964025   -0.204534  0.0322952 
0.721641   0.906926   -0.179445  0.0185623 
0.650521   0.845184   -0.321101  0.0125109 
0.714526   0.751869   -0.394961  0.0100602 
0.647689   0.661424   -0.355531  0.0117204 
0.608357   0.751967   -0.344895  0.0181626 
0.606969   0.686072   -0.31867   0.0203299 
0.684165   0.777482   -0.364682  0.0114093 
0.684165   0.777482   -0.364682  0.00931316
0.746621   0.697341   -0.418552  0.0187773 
0.746621   0.697341   -0.418552  0.00916663
0.746621   0.697341   -0.418552  0.00566562
0.805271   0.612799   -0.44178   0.0175058 
0.805271   0.612799   -0.44178   0.00982316
0.805271   0.612799   -0.44178   0.0181749 
0.790139   0.712412   -0.40329   0.0238396 
0.790139   0.712412   -0.40329   0.0388332 
0.790139   0.712412   -0.40329   0.00644752
0.804221   0.634788   -0.455244  0.014931  
0.880314   0.643837   -0.403871  0.0100257 
0.880314   0.643837   -0.403871  0.0113849 
0.781337   0.690431   -0.401799  0.00843148
0.76705    0.688487   -0.428727  0.0237361 
0.76705    0.688487   -0.428727  0.00700579
0.799437   0.595901   -0.449515  0.00681694
0.799437   0.595901   -0.449515  0.0168684 
0.799437   0.595901   -0.449515  0.00834294
0.816184   0.573692   -0.420696  0.013511  
0.840027   0.536094   -0.381161  0.0194416 
0.840027   0.536094   -0.381161  0.0131954 
0.838845   0.539047   -0.366533  0.0230949 
0.838845   0.539047   -0.366533  0.0242515 
0.838845   0.539047   -0.366533  0.0155086 
0.851617   0.60798    -0.407221  0.00644697
0.772691   0.646152   -0.44669   0.0117322 
0.80785    0.550245   -0.389893  0.01663   
0.80785    0.550245   -0.389893  0.0235834 
0.80785    0.550245   -0.389893  0.0101743 
0.807504   0.5684     -0.437471  0.0157027 
0.807504   0.5684     -0.437471  0.0181417 
0.807504   0.5684     -0.437471  0.00704694
0.850155   0.607038   -0.450859  0.0195814 
0.880043   0.704086   -0.370368  0.00672911
0.836008   0.628905   -0.446098  0.0124335 
0.836008   0.628905   -0.446098  0.00936941
0.836008   0.628905   -0.446098  0.0183115 
0.902427   0.684241   -0.368231  0.0344461 
0.902427   0.684241   -0.368231  0.0307754 
0.902427   0.684241   -0.368231  0.0289784 
0.837371   0.766852   -0.310539  0.0572237 
0.837371   0.766852   -0.310539  0.0204732 
0.929032   0.727858   -0.321725  0.0221621 
0.920669   0.698129   -0.3427    0.0551799 
0.920669   0.698129   -0.3427    0.0238579 
0.847811   0.741955   -0.293247  0.0246456 
0.855543   0.718059   -0.343615  0.0330262 
0.818128   0.785537   -0.253723  0.0469356 
0.818128   0.785537   -0.253723  0.0184074 
0.789754   0.757145   -0.362758  0.0135478 
0.762278   0.751298   -0.413018  0.0100853 
0.666421   0.722893   -0.359544  0.0108884 
0.637107   0.708352   -0.363588  0.0123752 
0.687141   0.742356   -0.37926   0.0149615 
0.687141   0.742356   -0.37926   0.0279172 
0.687141   0.742356   -0.37926   0.0112826 
0.590678   0.703816   -0.337145  0.0111948 
0.662751   0.700488   -0.365315  0.0180279 
0.662751   0.700488   -0.365315  0.0106703 
0.684449   0.67966    -0.387906  0.0110416 
0.587814   0.60042    -0.30007   0.0115884 
0.589714   0.56341    -0.27355   0.0160057 
0.589714   0.56341    -0.27355   0.010172  
0.613923   0.573567   -0.316067  0.00961859
0.648491   0.663098   -0.375832  0.0108409 
0.590932   0.589198   -0.293314  0.0148043 
0.590932   0.589198   -0.293314  0.0132374 
0.590932   0.589198   -0.293314  0.0145756 
0.590932   0.589198   -0.293314  0.0131604 
0.533025   0.6666     -0.2877    0.0152628 
0.451575   0.726146   -0.203457  0.0184674 
0.451575   0.726146   -0.203457  0.0161271 
0.434329   0.7472     -0.193619  0.0217536 
0.469521   0.838235   -0.246749  0.016297  
0.469521   0.838235   -0.246749  0.0179586 
0.451161   0.921785   -0.290663  0.0181451 
0.451161   0.921785   -0.290663  0.0278895 
0.506178   0.96767    -0.247605  0.0382064 
0.506178   0.96767    -0.247605  0.0177079 
0.406575   0.920859   -0.242959  0.0151252 
0.355648   0.852078   -0.245555  0.0185008 
0.336235   0.948368   -0.240336  0.0162356 
0.394905   0.926496   -0.26733   0.0552138 
0.389411   0.967783   -0.236217  0.034036  
0.389411   0.967783   -0.236217  0.038423  
0.389411   0.967783   -0.236217  0.0200039 
0.293194   0.909014   -0.239784  0.0156909 
0.223043   0.887127   -0.198495  0.0172151 
0.223043   0.887127   -0.198495  0.0159887 
0.233955   0.904948   -0.23277   0.0171377 
0.302159   0.828724   -0.189482  0.0159724 
0.310476   0.907653   -0.250949  0.0157845 
0.391328   0.90437    -0.270543  0.0213846 
0.337163   0.864964   -0.291702  0.0162975 
0.337163   0.864964   -0.291702  0.0177618 
0.337163   0.864964   -0.291702  0.0251566 
0.337163   0.864964   -0.291702  0.0177965 
0.244576   0.853151   -0.174548  0.0165138 
0.196356   0.894341   -0.224605  0.0220181 
0.231392   0.878144   -0.214475  0.0222364 
0.252453   0.961033   -0.240077  0.0301847 
0.252453   0.961033   -0.240077  0.0190879 
0.170037   1.03927    -0.299538  0.0283489 
0.170037   1.03927    -0.299538  0.036151  
0.170037   1.03927    -0.299538  0.0278234 
0.170037   1.03927    -0.299538  0.0207495 
0.170037   1.03927    -0.299538  0.0263918 
0.111033   1.12553    -0.202993  0.0242198 
0.112531   1.06704    -0.223125  0.0412038 
0.112531   1.06704    -0.223125  0.0210067 
0.137083   1.04075    -0.245881  0.0167466 
0.133664   0.96682    -0.265223  0.0175834 
0.133664   0.96682    -0.265223  0.0200845 
0.10407    0.963345   -0.237977  0.0166505 
0.00506034 1.04891    -0.272196  0.0212717 
-0.0206586 1.12688    -0.268743  0.0568491 
-0.0206586 1.12688    -0.268743  0.0609265 
-0.0206586 1.12688    -0.268743  0.0387945 
-0.0206586 1.12688    -0.268743  0.0341245 
-0.0206586 1.12688    -0.268743  0.037886  
-0.0206586 1.12688    -0.268743  0.031103  
0.036092   1.10692    -0.243719  0.0273139 
0.036092   1.10692    -0.243719  0.0417066 
0.036092   1.10692    -0.243719  0.0316111 
0.0186806  1.11101    -0.17685   0.0248978 
0.0745349  1.0156     -0.262616  0.0162534 
0.0745349  1.0156     -0.262616  0.0177083 
-0.020627  0.923424   -0.228685  0.0196104 
-0.0294265 0.993011   -0.247701  0.0186567 
-0.028669  0.946174   -0.252814  0.0197355 
-0.0374704 0.950233   -0.239978  0.0333646 
-0.0374704 0.950233   -0.239978  0.0174336 
-0.0300663 0.944619   -0.232317  0.0174171 
-0.101627  0.866847   -0.239368  0.0170136 
-0.101627  0.866847   -0.239368  0.0184179 
-0.101627  0.866847   -0.239368  0.0174985 
-0.101627  0.866847   -0.239368  0.0157727 
-0.154679  0.931128   -0.268997  0.0159963 
-0.154679  0.931128   -0.268997  0.0175075 
-0.0724745 0.939153   -0.222361  0.0154403 
-0.130435  0.943529   -0.24311   0.0168667 
-0.0710776 1.00263    -0.276777  0.0287185 
-0.0710776 1.00263    -0.276777  0.0174264 
-0.0710776 1.00263    -0.276777  0.019873  
-0.139258  0.944148   -0.265662  0.0155981 
-0.139258  0.944148   -0.265662  0.0159544 
-0.124134  0.893561   -0.230857  0.0162462 
-0.102017  0.905283   -0.235767  0.017169  
-0.177592  0.843884   -0.180479  0.0153316 
-0.191778  0.927479   -0.2587    0.015701  
-0.191778  0.927479   -0.2587    0.0165439 
-0.191778  0.927479   -0.2587    0.0167163 
-0.279407  0.843733   -0.23994   0.019791  
-0.364455  0.927686   -0.252308  0.0169304 
-0.27137   0.951734   -0.281854  0.0154042 
-0.27137   0.951734   -0.281854  0.0254485 
-0.234362  0.99078    -0.231905  0.0203491 
-0.26462   0.944648   -0.261966  0.0182448 
-0.204682  0.989272   -0.239207  0.0338475 
-0.204682  0.989272   -0.239207  0.0306543 
-0.195593  1.0442     -0.209201  0.0461342 
-0.254176  1.13078    -0.145576  0.0480197 
-0.254176  1.13078    -0.145576  0.0548528 
-0.265426  1.09708    -0.153017  0.03662   
-0.340983  1.12652    -0.16625   0.0475366 
-0.333719  1.10021    -0.162613  0.0342277 
-0.405244  1.00956    -0.184999  0.0187215 
-0.309422  0.91369    -0.26559   0.017159  
-0.226312  0.920404   -0.233586  0.0169901 
-0.226312  0.920404   -0.233586  0.0165311 
-0.188769  0.907747   -0.215901  0.0218052 
-0.170948  0.916524   -0.22906   0.0175479 
-0.170948  0.916524   -0.22906   0.0169179 
-0.170948  0.916524   -0.22906   0.0240528 
-0.26126   0.864427   -0.220874  0.0162385 
-0.178343  0.871813   -0.211955  0.0178588 
-0.178343  0.871813   -0.211955  0.0174526 
-0.105479  0.894997   -0.213407  0.0197432 
-0.177488  0.98656    -0.270245  0.0222815 
-0.10421   1.00959    -0.285794  0.0156318 
-0.0378442 0.990196   -0.274515  0.033918  
-0.0378442 0.990196   -0.274515  0.0201083 
-0.0378442 0.990196   -0.274515  0.0170605 
-0.0226855 0.89743    -0.18741   0.0201444 
0.0370905  0.951063   -0.240067  0.0263817 
0.0370905  0.951063   -0.240067  0.0159838 
0.103125   0.91141    -0.232075  0.0176508 
0.125265   0.844512   -0.211251  0.0191038 
0.125265   0.844512   -0.211251  0.0174414 
0.0481019  0.829807   -0.127033  0.0173003 
0.0616066  0.890665   -0.21244   0.0173247 
0.00439973 0.905976   -0.23381   0.0169162 
0.016367   0.852018   -0.151517  0.0155672 
-0.077868  0.91087    -0.24612   0.0155285 
-0.0764858 0.963531   -0.252728  0.027932  
-0.157922  1.02859    -0.242705  0.0290104 
-0.217453  1.03108    -0.232996  0.0176324 
-0.167046  0.95267    -0.230648  0.0169997 
-0.193881  0.901991   -0.213396  0.0179443 
-0.193881  0.901991   -0.213396  0.0204787 
-0.265269  0.987813   -0.26042   0.0375364 
-0.283198  1.05786    -0.230821  0.0377854 
-0.283198  1.05786    -0.230821  0.0528    
-0.283198  1.05786    -0.230821  0.0338446 
-0.203601  1.09095    -0.214476  0.0416949 
-0.203601  1.09095    -0.214476  0.0291454 
-0.242578  1.02565    -0.247268  0.0185982 
-0.267913  0.962978   -0.287354  0.0290898 
-0.354117  1.01506    -0.247398  0.0201118 
-0.276712  0.995643   -0.251403  0.024138  
-0.28841   0.972442   -0.244859  0.0164414 
-0.28841   0.972442   -0.244859  0.0205334 
-0.296438  1.00611    -0.292945  0.0431814 
-0.296438  1.00611    -0.292945  0.0266452 
-0.201136  1.00469    -0.225262  0.0249419 
-0.160303  1.05556    -0.244259  0.0712813 
-0.160303  1.05556    -0.244259  0.0232136 
-0.205069  1.02095    -0.247281  0.0156889 
-0.287317  0.929992   -0.236873  0.0229041 
-0.337166  0.91931    -0.249271  0.0150866 
-0.263895  0.886447   -0.237389  0.0165078 
-0.277002  0.82191    -0.197425  0.0190376 
-0.34535   0.918759   -0.263394  0.0157315 
-0.354     0.832524   -0.232629  0.017612  
-0.354     0.832524   -0.232629  0.0161653 
-0.354     0.832524   -0.232629  0.0178485 
-0.325163  0.827669   -0.19444   0.0165054 
-0.412756  0.779424   -0.239694  0.0158952 
-0.399365  0.764062   -0.187669  0.0151503 
-0.435171  0.76713    -0.241896  0.0188368 
-0.435171  0.76713    -0.241896  0.0188107 
-0.526234  0.815739   -0.278868  0.0177817 
-0.550755  0.722903   -0.252236  0.0122014 
-0.650146  0.758113   -0.359039  0.0267484 
-0.650146  0.758113   -0.359039  0.0109463 
-0.601511  0.690872   -0.3228    0.0106972 
-0.613135  0.662378   -0.354     0.0105124 
-0.620494  0.736429   -0.367535  0.0271981 
-0.620494  0.736429   -0.367535  0.0142578 
-0.621257  0.75117    -0.339946  0.0132591 
-0.559656  0.752297   -0.30919   0.0170622 
-0.474787  0.824194   -0.288783  0.0165632 
-0.474787  0.824194   -0.288783  0.0147514 
-0.450886  0.823357   -0.269044  0.0165583 
-0.474922  0.802985   -0.256312  0.0162298 
-0.474922  0.802985   -0.256312  0.0182327 
-0.541139  0.84154    -0.26462   0.0281171 
-0.557088  0.911119   -0.253666  0.0397135 
-0.602478  0.950348   -0.21151   0.0383569 
-0.602478  0.950348   -0.21151   0.0387167 
-0.532614  0.928806   -0.243198  0.0222733 
-0.552393  0.921724   -0.237283  0.0308853 
-0.506071  0.888791   -0.24871   0.0245546 
-0.542455  0.920311   -0.22291   0.0167624 
-0.456682  0.88426    -0.278258  0.0140625 
-0.456682  0.88426    -0.278258  0.0232212 
-0.386239  0.983723   -0.251655  0.0207852 
-0.393609  0.962753   -0.251547  0.028663  
-0.368935  1.05632    -0.205408  0.0186751 
-0.403633  0.97929    -0.280854  0.0427954 
-0.403633  0.97929    -0.280854  0.0417907 
-0.403633  0.97929    -0.280854  0.0206085 
-0.443407  0.921273   -0.283721  0.0240564 
-0.480668  0.937137   -0.260167  0.0264224 
-0.394628  0.961839   -0.273134  0.0197935 
-0.307971  1.03484    -0.261137  0.0589088 
-0.307971  1.03484    -0.261137  0.0313544 
-0.289766  1.07176    -0.218297  0.0300474 
-0.347176  1.0082     -0.212403  0.0434498 
-0.347176  1.0082     -0.212403  0.0439133 
-0.347176  1.0082     -0.212403  0.0212732 
-0.325908  0.959741   -0.250321  0.0195803 
-0.254826  0.977778   -0.277629  0.0180685 
-0.198804  0.888132   -0.221055  0.0154762 
-0.25725   0.857648   -0.210974  0.0170407 
-0.22385   0.847883   -0.200685  0.0162135 
-0.295968  0.940555   -0.285026  0.0297559 
-0.371536  0.968326   -0.266403  0.0243368 
-0.305794  0.980194   -0.259119  0.0154729 
-0.210388  0.929509   -0.23536   0.015827  
-0.261355  0.876003   -0.226299  0.0156881 
-0.291161  0.939343   -0.300203  0.020514  
-0.291161  0.939343   -0.300203  0.018914  
-0.291161  0.939343   -0.300203  0.0172083 
-0.363911  0.932669   -0.276032  0.019836  
-0.431015  0.843722   -0.248108  0.0383991 
-0.50955   0.934601   -0.218263  0.0434163 
-0.589014  0.955966   -0.19663   0.0638747 
-0.589014  0.955966   -0.19663   0.0374181 
-0.688374  0.927084   -0.185513  0.0234802 
-0.629902  0.867968   -0.288034  0.0426036 
-0.629902  0.867968   -0.288034  0.0243298 
-0.629902  0.867968   -0.288034  0.0569451 
-0.629902  0.867968   -0.288034  0.0215406 
-0.714972  0.769356   -0.325499  0.0144591 
-0.747752  0.709586   -0.396564  0.0141598 
-0.681551  0.6811     -0.375099  0.00765163
-0.727104  0.666484   -0.426792  0.00730154
-0.693316  0.62765    -0.408413  0.00910236
-0.773554  0.698363   -0.425195  0.0123222 
-0.865393  0.661674   -0.415379  0.0193492 
-0.838985  0.709456   -0.361539  0.0260931 
-0.838985  0.709456   -0.361539  0.00797111
-0.821265  0.620607   -0.450234  0.0186306 
-0.856585  0.713167   -0.351052  0.0207402 
-0.850693  0.70744    -0.350427  0.0195562 
-0.868353  0.705122   -0.360687  0.0192424 
-0.917115  0.656066   -0.348735  0.00655606
-0.817918  0.618852   -0.455561  0.0122498 
-0.835404  0.702409   -0.429706  0.0115449 
-0.835404  0.702409   -0.429706  0.0234207 
-0.830713  0.753638   -0.345841  0.0199863 
-0.789754  0.757041   -0.356054  0.0167819 
-0.835547  0.736698   -0.360469  0.0120199 
-0.7825    0.691615   -0.420687  0.0288199 
-0.7825    0.691615   -0.420687  0.0133092 
-0.785334  0.703539   -0.40278   0.014087  
-0.785334  0.703539   -0.40278   0.0187701 
-0.832892  0.74708    -0.354542  0.00991639
-0.735098  0.65483    -0.416576  0.0139407 
-0.735098  0.65483    -0.416576  0.00747154
-0.735098  0.65483    -0.416576  0.025618  
-0.735098  0.65483    -0.416576  0.00722247
-0.740559  0.661259   -0.439486  0.0122801 
-0.740559  0.661259   -0.439486  0.00552044
-0.79512   0.614071   -0.456347  0.0110425 
-0.79512   0.614071   -0.456347  0.0142006 
-0.888766  0.690664   -0.396721  0.022878  
-0.888766  0.690664   -0.396721  0.0188131 
-0.843987  0.745252   -0.349454  0.0175827 
-0.826141  0.725451   -0.359163  0.00811742
-0.84449   0.64699    -0.438888  0.00674613
-0.824903  0.603025   -0.440327  0.00769951
-0.776851  0.627761   -0.436817  0.00739761
-0.753437  0.668818   -0.429127  0.0141204 
-0.753437  0.668818   -0.429127  0.00826933
-0.850716  0.605814   -0.424028  0.00997256
-0.773912  0.560296   -0.402323  0.0092616 
-0.863194  0.573901   -0.424444  0.0167332 
-0.856196  0.619683   -0.436455  0.0087484 
-0.864246  0.618534   -0.44291   0.0218844 
-0.864246  0.618534   -0.44291   0.0215694 
-0.864246  0.618534   -0.44291   0.0086632 
-0.768268  0.575981   -0.413161  0.00998276
-0.825417  0.637585   -0.430472  0.0087393 
-0.911137  0.594008   -0.402824  0.012908  
-0.884795  0.686487   -0.413585  0.0234011 
-0.884795  0.686487   -0.413585  0.0145856 
-0.877446  0.680927   -0.39989   0.0120064 
-0.845648  0.646761   -0.438254  0.0167619 
-0.845648  0.646761   -0.438254  0.013178  
-0.845648  0.646761   -0.438254  0.00776958
-0.759489  0.675518   -0.431077  0.0133147 
-0.829524  0.686531   -0.414027  0.0236913 
-0.812729  0.767392   -0.319084  0.028279  
-0.812729  0.767392   -0.319084  0.032238  
-0.812729  0.767392   -0.319084  0.0199688 
-0.900861  0.70506    -0.341192  0.0168729 
-0.802001  0.682228   -0.398129  0.0186373 
-0.802001  0.682228   -0.398129  0.00662932
-0.72836   0.597736   -0.426448  0.00775783
-0.664287  0.630074   -0.376022  0.0117289 
-0.664287  0.630074   -0.376022  0.0116856 
-0.66549   0.703522   -0.383459  0.0155865 
-0.669471  0.797128   -0.340169  0.0172652 
-0.609365  0.791232   -0.296853  0.013461  
-0.636907  0.73936    -0.337686  0.0252756 
-0.691594  0.835653   -0.272539  0.023094  
-0.640347  0.805631   -0.302601  0.0112891 
-0.699243  0.721433   -0.390348  0.0161191 
-0.699243  0.721433   -0.390348  0.0117959 
-0.699243  0.721433   -0.390348  0.0090781 
-0.699243  0.721433   -0.390348  0.0127976 
-0.659545  0.764667   -0.375957  0.0128215 
-0.659545  0.764667   -0.375957  0.0153695 
-0.63465   0.833061   -0.323215  0.0360181 
-0.63465   0.833061   -0.323215  0.0230801 
-0.591403  0.802589   -0.248733  0.0120836 
-0.677305  0.710661   -0.3531    0.0195457 
-0.704185  0.759561   -0.333561  0.0131136 
-0.758076  0.724058   -0.397642  0.0124319 
-0.74626   0.718347   -0.404762  0.0235013 
-0.74626   0.718347   -0.404762  0.0127275 
-0.758957  0.69845    -0.413855  0.0117584 
-0.770123  0.715807   -0.402284  0.0142704 
-0.770123  0.715807   -0.402284  0.00743446
-0.743192  0.650802   -0.422837  0.011597  
-0.743192  0.650802   -0.422837  0.00910966
-0.731867  0.570057   -0.414444  0.00903215
-0.803757  0.568761   -0.418941  0.0129802 
-0.819263  0.539948   -0.410337  0.0110885 
-0.819263  0.539948   -0.410337  0.00656665
-0.750438  0.607795   -0.451763  0.007638  
-0.847335  0.600934   -0.445003  0.01732   
-0.847335  0.600934   -0.445003  0.00966552
-0.860055  0.57045    -0.407755  0.0176763 
-0.860055  0.57045    -0.407755  0.0107001 
-0.829277  0.62883    -0.427555  0.0279647 
-0.881955  0.654714   -0.367745  0.0285611 
-0.881955  0.654714   -0.367745  0.0125522 
-0.881955  0.654714   -0.367745  0.0148022 
-0.948389  0.627323   -0.337087  0.0220844 
-0.948389  0.627323   -0.337087  0.0125695 
-0.948389  0.627323   -0.337087  0.00949858
-0.882701  0.602705   -0.422253  0.00673878
-0.824522  0.602542   -0.44441   0.0152063 
-0.824522  0.602542   -0.44441   0.0105484 
-0.824522  0.602542   -0.44441   0.0109573 
-0.794202  0.55349    -0.399973  0.0104766 
-0.836647  0.559292   -0.396978  0.00892832
-0.810892  0.571971   -0.434639  0.00828488
-0.745692  0.665175   -0.426075  0.00738316
-0.745692  0.665175   -0.426075  0.0073532 
-0.781238  0.641019   -0.436674  0.0108503 
-0.839445  0.610989   -0.434078  0.0137051 
-0.888183  0.671513   -0.403887  0.0295093 
-0.888183  0.671513   -0.403887  0.00896082
-0.78998   0.572355   -0.432272  0.0070072 
-0.803955  0.597551   -0.446364  0.00858297
-0.799016  0.681074   -0.44011   0.0116498 
-0.793332  0.683107   -0.40483   0.00976999
-0.833633  0.664609   -0.433992  0.00862089
-0.784969  0.575252   -0.426584  0.00672003
-0.801519  0.619801   -0.436925  0.0120142 
-0.801519  0.619801   -0.436925  0.00872667
-0.801519  0.619801   -0.436925  0.0082163 
-0.842721  0.610645   -0.436315  0.00979489
-0.786618  0.561413   -0.408117  0.018685  
-0.786618  0.561413   -0.408117  0.015308  
-0.786618  0.561413   -0.408117  0.0071111 
-0.698622  0.621877   -0.418193  0.014583  
-0.63465   0.705335   -0.334052  0.0100668 
-0.619168  0.648562   -0.357181  0.00742844
-0.705676  0.626993   -0.406838  0.00752288
-0.749418  0.586041   -0.441571  0.00662575
-0.747477  0.606111   -0.433518  0.0164346 
-0.844069  0.677877   -0.41062   0.0114204 
-0.912326  0.598624   -0.40083   0.0126991 
-0.887893  0.641039   -0.418925  0.0137392 
-0.813037  0.683591   -0.418251  0.0198891 
-0.813037  0.683591   -0.418251  0.016698  
-0.813037  0.683591   -0.418251  0.00796338
-0.863578  0.598458   -0.430624  0.0100319 
-0.847767  0.636493   -0.425066  0.011024  
-0.847767  0.636493   -0.425066  0.0106689 
-0.847767  0.636493   -0.425066  0.00962915
-0.847767  0.636493   -0.425066  0.0104849 
-0.847767  0.636493   -0.425066  0.0222252 
-0.847767  0.636493   -0.425066  0.0198815 
-0.847767  0.636493   -0.425066  0.0133358 
-0.847767  0.636493   -0.425066  0.0277104 
-0.847767  0.636493   -0.425066  0.0170502 
-0.880331  0.681693   -0.380486  0.0249483 
-0.880331  0.681693   -0.380486  0.0079881 
-0.79142   0.590501   -0.452574  0.00952247
-0.79142   0.590501   -0.452574  0.00947336
-0.816537  0.60449    -0.426738  0.0114076 
-0.721046  0.548431   -0.372907  0.0136807 
-0.721046  0.548431   -0.372907  0.01482   
-0.721046  0.548431   -0.372907  0.00821979
-0.662965  0.610676   -0.372542  0.00975932
-0.695759  0.674899   -0.39841   0.00789372
-0.690312  0.595689   -0.407096  0.00823282
-0.729087  0.583014   -0.397262  0.0113639 
-0.654824  0.55504    -0.357801  0.00994714
-0.654824  0.55504    -0.357801  0.0265647 
-0.654824  0.55504    -0.357801  0.00789901
-0.703624  0.584744   -0.404898  0.0195392 
-0.703624  0.584744   -0.404898  0.00921332
-0.640386  0.596885   -0.355153  0.00849637
-0.681422  0.662505   -0.39682   0.0210109 
-0.681422  0.662505   -0.39682   0.0117064 
-0.681422  0.662505   -0.39682   0.0136431 
-0.681422  0.662505   -0.39682   0.0123022 
-0.681422  0.662505   -0.39682   0.0118571 
-0.765613  0.716507   -0.410795  0.0177627 
-0.765613  0.716507   -0.410795  0.0145676 
-0.828733  0.735809   -0.384104  0.0258842 
-0.758433  0.743618   -0.352136  0.0226805 
-0.758433  0.743618   -0.352136  0.0106778 
-0.681333  0.677605   -0.375269  0.0101402 
-0.763716  0.644973   -0.423971  0.026261  
-0.763716  0.644973   -0.423971  0.0107912 
-0.825325  0.554941   -0.426624  0.0283502 
-0.825325  0.554941   -0.426624  0.011549  
-0.825325  0.554941   -0.426624  0.00831072
-0.793199  0.575826   -0.444016  0.019361  
-0.793199  0.575826   -0.444016  0.0179702 
-0.793199  0.575826   -0.444016  0.00749204
-0.756752  0.649097   -0.438085  0.0101229 
-0.851849  0.660578   -0.424212  0.0190109 
-0.765561  0.752758   -0.374925  0.01133   
-0.736201  0.718322   -0.413343  0.00843284
-0.743706  0.654934   -0.428468  0.0189751 
-0.740836  0.677837   -0.392348  0.0155247 
-0.740836  0.677837   -0.392348  0.0135063 
-0.839552  0.644638   -0.415965  0.0104744 
-0.863584  0.627778   -0.427146  0.00527529
-0.792191  0.61843    -0.470621  0.00663378
-0.792191  0.61843    -0.470621  0.00850342
-0.784446  0.647608   -0.444534  0.00763929
-0.721335  0.609818   -0.424063  0.0146538 
-0.721335  0.609818   -0.424063  0.0076652 
-0.676457  0.599712   -0.376066  0.0129653 
-0.708561  0.537579   -0.354128  0.00796714
-0.741016  0.584054   -0.434193  0.0123662 
-0.741016  0.584054   -0.434193  0.00782563
-0.674938  0.600999   -0.396627  0.0170082 
-0.674938  0.600999   -0.396627  0.00985951
-0.674938  0.600999   -0.396627  0.0145613 
-0.674938  0.600999   -0.396627  0.00859568
-0.674938  0.600999   -0.396627  0.0127122 
-0.674073  0.532406   -0.334092  0.0201377 
-0.66034   0.488378   -0.235563  0.00852977
-0.695621  0.580874   -0.413062  0.0168229 
-0.695621  0.580874   -0.413062  0.00966539
-0.730615  0.561604   -0.403696  0.0281067 
-0.730615  0.561604   -0.403696  0.0121022 
-0.730615  0.561604   -0.403696  0.0064816 
-0.718105  0.636492   -0.41894   0.0123195 
-0.712159  0.673157   -0.400864  0.00980852
-0.712159  0.673157   -0.400864  0.0107851 
-0.660112  0.689335   -0.377441  0.0108692 
-0.643335  0.635704   -0.366348  0.00976016
-0.640037  0.580957   -0.341031  0.0211359 
-0.640037  0.580957   -0.341031  0.0111982 
-0.57903   0.642459   -0.306448  0.0139639 
-0.528221  0.60038    -0.249629  0.0131832 
-0.539826  0.598929   -0.247526  0.0122845 
-0.565573  0.587189   -0.264932  0.0127214 
-0.568315  0.561301   -0.253105  0.0136199 
-0.509831  0.553552   -0.144941  0.0193549 
-0.509831  0.553552   -0.144941  0.0119885 
-0.569623  0.561087   -0.228205  0.0100628 
-0.660705  0.557316   -0.338571  0.00898023
-0.63519   0.638308   -0.339287  0.0119627 
-0.63519   0.638308   -0.339287  0.0127796 
-0.637518  0.699447   -0.364396  0.0076485 
-0.72717   0.637638   -0.424812  0.00839918
-0.692717  0.677472   -0.407714  0.00837049
-0.692717  0.677472   -0.407714  0.0130971 
-0.692717  0.677472   -0.407714  0.0102462 
-0.692717  0.677472   -0.407714  0.0139522 
-0.692717  0.677472   -0.407714  0.0161309 
-0.63953   0.718911   -0.326662  0.0136001 
-0.728179  0.687856   -0.390601  0.00794166
-0.662758  0.644701   -0.371846  0.00654068
-0.733891  0.598865   -0.42326   0.00793351
-0.733891  0.598865   -0.42326   0.00918149
-0.733891  0.598865   -0.42326   0.00924065
-0.733891  0.598865   -0.42326   0.0121836 
-0.733891  0.598865   -0.42326   0.0102572 
-0.812241  0.566556   -0.441356  0.0237261 
-0.812241  0.566556   -0.441356  0.0228965 
-0.812241  0.566556   -0.441356  0.0112115 
-0.782544  0.554151   -0.426731  0.00715197
-0.750456  0.586722   -0.444528  0.00782398
-0.750456  0.586722   -0.444528  0.00697049
-0.762933  0.595382   -0.445146  0.00849649
-0.844205  0.64217    -0.430019  0.0132271 
-0.844205  0.64217    -0.430019  0.00894463
-0.820728  0.574691   -0.420206  0.0195356 
-0.820728  0.574691   -0.420206  0.00955987
-0.806739  0.567725   -0.440312  0.0078285 
-0.7304    0.650844   -0.428554  0.0109262 
-0.73313   0.689358   -0.427112  0.0135293 
-0.73313   0.689358   -0.427112  0.00922407
-0.770017  0.600138   -0.433721  0.0158597 
-0.770017  0.600138   -0.433721  0.019708  
-0.867058  0.692822   -0.373555  0.0223854 
-0.805571  0.724383   -0.356315  0.0376926 
-0.805571  0.724383   -0.356315  0.022925  
-0.845623  0.754101   -0.323187  0.0268541 
-0.845623  0.754101   -0.323187  0.0134958 
-0.784402  0.708324   -0.407867  0.0132372 
-0.875037  0.652383   -0.404334  0.00684665
-0.78575   0.599851   -0.435036  0.00931926
-0.777099  0.566566   -0.417818  0.00732751
-0.778683  0.615211   -0.432174  0.00729938
-0.825143  0.613583   -0.433052  0.00982514
-0.77683   0.68603    -0.417927  0.0207692 
-0.77683   0.68603    -0.417927  0.00649503
-0.778162  0.630996   -0.446633  0.00550561
-0.795727  0.616609   -0.460201  0.0157474 
-0.795727  0.616609   -0.460201  0.0127217 
-0.794151  0.685294   -0.399238  0.00936925
-0.884344  0.619872   -0.42275   0.0143542 
-0.907644  0.530116   -0.346652  0.0118496 
-0.907644  0.530116   -0.346652  0.0306169 
-0.907644  0.530116   -0.346652  0.016296  
-0.907644  0.530116   -0.346652  0.021318  
-0.907644  0.530116   -0.346652  0.013216  
-0.890901  0.54081    -0.343268  0.0319649 
-0.890901  0.54081    -0.343268  0.0178292 
-0.890901  0.54081    -0.343268  0.0193206 
-0.890901  0.54081    -0.343268  0.0158295 
-0.914045  0.515444   -0.269307  0.0259108 
-0.914045  0.515444   -0.269307  0.0275632 
-0.914045  0.515444   -0.269307  0.00947569
-0.872469  0.579603   -0.402282  0.0149503 
-0.872469  0.579603   -0.402282  0.0136596 
-0.872469  0.579603   -0.402282  0.0107071 
-0.855925  0.562855   -0.416538  0.00839176
-0.862458  0.593135   -0.423565  0.00714893
-0.818513  0.613302   -0.434373  0.0252793 
-0.818513  0.613302   -0.434373  0.0136788 
-0.879344  0.529576   -0.311611  0.0110749 
-0.880395  0.557782   -0.405203  0.0170037 
-0.880395  0.557782   -0.405203  0.0247258 
-0.880395  0.557782   -0.405203  0.00827098
-0.852053  0.59481    -0.436912  0.00926262
-0.891087  0.582721   -0.407505  0.0111487 
-0.799318  0.600584   -0.425471  0.0117127 
-0.806793  0.543222   -0.405631  0.00879104
-0.882635  0.579328   -0.418546  0.0117409 
-0.882635  0.579328   -0.418546  0.0135642 
-0.882635  0.579328   -0.418546  0.0246319 
-0.925692  0.676121   -0.333303  0.0328468 
-0.925692  0.676121   -0.333303  0.0214756 
-0.931806  0.724153   -0.289556  0.0492906 
-0.931806  0.724153   -0.289556  0.0225052 
-0.960171  0.664202   -0.308007  0.0126257 
-0.904503  0.630625   -0.388571  0.0131403 
-0.84864   0.540797   -0.376933  0.0205619 
-0.84864   0.540797   -0.376933  0.0116281 
-0.943533  0.614158   -0.368541  0.0117153 
-0.943533  0.614158   -0.368541  0.0220592 
-0.932046  0.657606   -0.337961  0.00825135
-0.837447  0.579189   -0.436425  0.00912966
-0.799904  0.573351   -0.437955  0.015815  
-0.799904  0.573351   -0.437955  0.010993  
-0.826609  0.552545   -0.409785  0.0119467 
-0.826609  0.552545   -0.409785  0.0171071 
-0.826609  0.552545   -0.409785  0.00782468
-0.841489  0.602996   -0.430683  0.0131251 
-0.841489  0.602996   -0.430683  0.011271  
-0.906857  0.637132   -0.402733  0.0100079 
-0.820217  0.55912    -0.42676   0.0103617 
-0.820217  0.55912    -0.42676   0.0104345 
-0.883414  0.636236   -0.415233  0.0149462 
-0.894035  0.673757   -0.373133  0.0153321 
-0.894035  0.673757   -0.373133  0.0365823 
-0.894035  0.673757   -0.373133  0.0223806 
-0.843635  0.737414   -0.340938  0.0371829 
-0.843635  0.737414   -0.340938  0.0283676 
-0.843635  0.737414   -0.340938  0.0232539 
-0.804928  0.756975   -0.312141  0.0248776 
-0.889659  0.657875   -0.360033  0.0173608 
-0.920805  0.680243   -0.363569  0.0289584 
-0.920805  0.680243   -0.363569  0.0216626 
-0.920805  0.680243   -0.363569  0.0082559 
-0.826921  0.62912    -0.43834   0.0103256 
-0.82027   0.667617   -0.425377  0.0170001 
-0.82027   0.667617   -0.425377  0.0177163 
-0.82027   0.667617   -0.425377  0.0285733 
-0.82027   0.667617   -0.425377  0.0254009 
-0.82027   0.667617   -0.425377  0.00884366
-0.7463    0.573403   -0.415389  0.00762395
-0.795319  0.610811   -0.437545  0.00884705
-0.795319  0.610811   -0.437545  0.0144363 
-0.838183  0.535136   -0.39572   0.00788104
-0.81737   0.599626   -0.439981  0.0101141 
-0.719902  0.678488   -0.395444  0.00737023
-0.723788  0.586988   -0.417791  0.0127636 
-0.691445  0.536789   -0.362134  0.00910351
-0.642889  0.598778   -0.362769  0.00933586
-0.706381  0.568168   -0.383781  0.0231914 
-0.706381  0.568168   -0.383781  0.00673118
-0.736378  0.621471   -0.429557  0.00800707
-0.670437  0.624467   -0.393167  0.00667686
-0.762437  0.645277   -0.444479  0.0241027 
-0.762437  0.645277   -0.444479  0.00754917
-0.685553  0.64061    -0.406034  0.0104121 
-0.685553  0.64061    -0.406034  0.0119699 
-0.605216  0.703386   -0.349593  0.0122569 
-0.605216  0.703386   -0.349593  0.0128166 
-0.578668  0.691133   -0.322992  0.0135084 
-0.578668  0.691133   -0.322992  0.0094671 
-0.629647  0.597952   -0.337193  0.0125791 
-0.562948  0.61971    -0.280077  0.0161034 
-0.562948  0.61971    -0.280077  0.017634  
-0.562948  0.61971    -0.280077  0.0159945 
-0.562948  0.61971    -0.280077  0.0123144 
-0.562948  0.61971    -0.280077  0.00991393
-0.629304  0.583549   -0.341562  0.00876239
-0.656104  0.589659   -0.359209  0.0090014 
-0.656104  0.589659   -0.359209  0.00734956
-0.689493  0.59358    -0.378698  0.00878041
-0.756792  0.570713   -0.419096  0.00625918
-0.720596  0.609924   -0.429582  0.00851914
-0.65421   0.604103   -0.365645  0.00883243
-0.666045  0.596931   -0.372757  0.009931  
-0.666045  0.596931   -0.372757  0.0154551 
-0.758069  0.693025   -0.40762   0.00743396
-0.798395  0.634274   -0.43962   0.0125759 
-0.785924  0.666467   -0.400204  0.0127405 
-0.812367  0.670743   -0.429253  0.0192051 
-0.865452  0.694998   -0.360544  0.00612077
-0.840791  0.616435   -0.450436  0.0158645 
-0.840791  0.616435   -0.450436  0.0150454 
-0.840791  0.616435   -0.450436  0.00984824
-0.873782  0.563994   -0.390175  0.0125865 
-0.873782  0.563994   -0.390175  0.0118229 
-0.846657  0.548236   -0.396437  0.0270962 
-0.846657  0.548236   -0.396437  0.0179091 
-0.913776  0.506027   -0.234138  0.0279315 
-0.913776  0.506027   -0.234138  0.0401109 
-0.913776  0.506027   -0.234138  0.0333574 
-0.913776  0.506027   -0.234138  0.0227358 
-0.913776  0.506027   -0.234138  0.0106129 
-0.823463  0.552644   -0.392598  0.00864449
-0.729771  0.620665   -0.425858  0.0106273 
-0.729771  0.620665   -0.425858  0.00876879
-0.716683  0.573832   -0.412002  0.0161041 
-0.716683  0.573832   -0.412002  0.0102926 
-0.716683  0.573832   -0.412002  0.0123218 
-0.78113   0.545968   -0.406068  0.0215872 
-0.78113   0.545968   -0.406068  0.0174136 
-0.78113   0.545968   -0.406068  0.0077529 
-0.776771  0.643714   -0.44259   0.00621564
-0.776771  0.643714   -0.44259   0.0116496 
-0.812136  0.55615    -0.405202  0.0193943 
-0.812136  0.55615    -0.405202  0.00867698
-0.885652  0.595063   -0.408695  0.00672186
-0.786868  0.615642   -0.449398  0.00850351
-0.819112  0.612782   -0.439061  0.0116214 
-0.819112  0.612782   -0.439061  0.0127563 
-0.748376  0.535188   -0.383674  0.0267575 
-0.748376  0.535188   -0.383674  0.00817044
-0.690379  0.589074   -0.401999  0.00971453
-0.738158  0.680467   -0.396491  0.0138734 
-0.793712  0.730818   -0.385345  0.00898618
-0.725164  0.685662   -0.406091  0.0104354 
-0.771706  0.688016   -0.422458  0.00920186
-0.772557  0.679039   -0.426697  0.0127837 
-0.780145  0.676057   -0.419101  0.0293763 
-0.780145  0.676057   -0.419101  0.0114934 
-0.767707  0.586625   -0.415707  0.00938391
-0.8578    0.56987    -0.418352  0.0134368 
-0.8578    0.56987    -0.418352  0.0165282 
-0.8578    0.56987    -0.418352  0.0104862 
-0.834172  0.559454   -0.415798  0.0068133 
-0.808885  0.638194   -0.436457  0.00939597
-0.896054  0.603518   -0.41585   0.0100531 
-0.896054  0.603518   -0.41585   0.0201661 
-0.896054  0.603518   -0.41585   0.00981268
-0.825397  0.566178   -0.422541  0.0175844 
-0.825397  0.566178   -0.422541  0.00790966
-0.855275  0.632957   -0.451071  0.00942778
-0.862369  0.568446   -0.413789  0.00696831
-0.81832   0.642404   -0.449026  0.0191361 
-0.81832   0.642404   -0.449026  0.00888069
-0.880499  0.587331   -0.415615  0.021872  
-0.880499  0.587331   -0.415615  0.0174517 
-0.880499  0.587331   -0.415615  0.00926172
-0.843556  0.568257   -0.406845  0.00977355
-0.754825  0.562794   -0.428588  0.0120835 
-0.754825  0.562794   -0.428588  0.0103025 
-0.754825  0.562794   -0.428588  0.0154488 
-0.754825  0.562794   -0.428588  0.0113427 
-0.836446  0.65809    -0.431164  0.00677644
-0.771505  0.618843   -0.432809  0.00780532
-0.697901  0.636811   -0.409545  0.0100257 
-0.697901  0.636811   -0.409545  0.0127026 
-0.79472   0.707085   -0.406115  0.00772521
-0.741685  0.617363   -0.432209  0.00823   
-0.741685  0.617363   -0.432209  0.0144173 
-0.741685  0.617363   -0.432209  0.00695672
-0.813628  0.624236   -0.451614  0.00622796
-0.760267  0.608963   -0.444607  0.0062964 
-0.742743  0.605284   -0.438063  0.00970829
-0.720718  0.564284   -0.408217  0.00633193
-0.746055  0.624111   -0.422483  0.0109037 
-0.746055  0.624111   -0.422483  0.00701236
-0.688862  0.629116   -0.403726  0.00667998
-0.751124  0.628884   -0.426725  0.0112842 
-0.777374  0.719539   -0.417391  0.0229331 
-0.718974  0.812932   -0.316334  0.0291156 
-0.718974  0.812932   -0.316334  0.0260761 
-0.718974  0.812932   -0.316334  0.0120477 
-0.738039  0.726924   -0.404476  0.0131065 
-0.731616  0.680823   -0.399794  0.0129937 
-0.640144  0.750642   -0.352551  0.012597  
-0.670685  0.758263   -0.389725  0.0156004 
-0.70793   0.74318    -0.367529  0.00973001
-0.616167  0.664532   -0.327591  0.0123489 
-0.60952   0.746316   -0.324578  0.0155837 
-0.530372  0.727102   -0.263882  0.0129119 
-0.625734  0.770071   -0.352216  0.0131338 
-0.625734  0.770071   -0.352216  0.0134477 
-0.689162  0.762976   -0.373337  0.0383592 
-0.689162  0.762976   -0.373337  0.0114183 
-0.658141  0.754388   -0.358914  0.0193306 
-0.565042  0.840717   -0.319987  0.0132222 
-0.527893  0.777156   -0.289386  0.0152596 
-0.484852  0.810406   -0.280586  0.0149272 
-0.484852  0.810406   -0.280586  0.0190172 
-0.503997  0.865737   -0.263371  0.0148159 
-0.461421  0.837391   -0.287664  0.0163168 
-0.461421  0.837391   -0.287664  0.0146568 
-0.459798  0.785759   -0.267191  0.0139135 
-0.508445  0.768757   -0.273026  0.0195945 
-0.532649  0.847359   -0.272809  0.023064  
-0.600319  0.872333   -0.264057  0.0187342 
-0.668407  0.846305   -0.316502  0.0300147 
-0.668407  0.846305   -0.316502  0.0214122 
-0.668407  0.846305   -0.316502  0.0303354 
-0.627531  0.882644   -0.251228  0.0186209 
-0.528504  0.831386   -0.268501  0.0223615 
-0.622867  0.904357   -0.283267  0.0400282 
-0.622867  0.904357   -0.283267  0.0175389 
-0.57673   0.885396   -0.285159  0.021824  
-0.541365  0.950469   -0.265316  0.0367168 
-0.541365  0.950469   -0.265316  0.0376763 
-0.637639  0.904774   -0.217353  0.0199855 
-0.670316  0.805211   -0.3263    0.0148592 
-0.740876  0.715485   -0.390693  0.0428908 
-0.740876  0.715485   -0.390693  0.00928908
-0.688577  0.699522   -0.401279  0.00875797
-0.66364   0.664848   -0.388025  0.014461  
-0.755376  0.684175   -0.415747  0.00675833
-0.83112   0.59591    -0.437591  0.00937158
-0.788029  0.653915   -0.431481  0.00662852
-0.729057  0.646191   -0.416247  0.00952753
-0.729057  0.646191   -0.416247  0.00855179
-0.729057  0.646191   -0.416247  0.00983388
-0.762718  0.559695   -0.400423  0.00692227
-0.792359  0.59007    -0.440347  0.00931708
-0.786962  0.567294   -0.437121  0.00732535
-0.769653  0.663855   -0.449765  0.00905555
-0.769653  0.663855   -0.449765  0.00977411
-0.690974  0.693191   -0.39537   0.0121726 
-0.752926  0.697421   -0.413232  0.0214916 
-0.752926  0.697421   -0.413232  0.0158437 
-0.718925  0.746927   -0.375708  0.0197425 
-0.647873  0.833375   -0.288194  0.0260927 
-0.647873  0.833375   -0.288194  0.0428908 
-0.67776   0.821714   -0.278827  0.0166944 
-0.673525  0.825325   -0.362773  0.0194735 
-0.673525  0.825325   -0.362773  0.0186719 
-0.60515   0.817353   -0.306686  0.0402851 
-0.60515   0.817353   -0.306686  0.0230139 
-0.584521  0.888843   -0.262582  0.0399754 
-0.584521  0.888843   -0.262582  0.0196479 
-0.57043   0.897185   -0.279086  0.0356766 
-0.649847  0.937085   -0.169206  0.047785  
-0.726769  0.961191   -0.0901947 0.0321725 
-0.691995  0.928307   -0.211365  0.0214981 
-0.599641  0.903615   -0.289815  0.0375057 
-0.599641  0.903615   -0.289815  0.0311093 
-0.569653  0.957652   -0.230729  0.0371563 
-0.569653  0.957652   -0.230729  0.0342927 
-0.506731  1.04092    -0.184303  0.0628732 
-0.506731  1.04092    -0.184303  0.02475   
-0.460605  0.989402   -0.20025   0.0241377 
-0.364137  1.04511    -0.226708  0.0185728 
-0.29305   0.990509   -0.243947  0.0165928 
-0.270741  0.930822   -0.243422  0.0195437 
-0.290674  0.905145   -0.22527   0.0232226 
-0.302444  0.923868   -0.229346  0.0189691 
-0.298461  0.917785   -0.260417  0.0235422 
-0.357785  1.00886    -0.23565   0.0382383 
-0.349111  1.00359    -0.201144  0.0200026 
-0.420533  0.986203   -0.271164  0.0368411 
-0.420533  0.986203   -0.271164  0.0236651 
-0.420533  0.986203   -0.271164  0.0332413 
-0.477216  0.973962   -0.242953  0.0449977 
-0.477216  0.973962   -0.242953  0.0326184 
-0.477216  0.973962   -0.242953  0.0270482 
-0.535172  0.907757   -0.263088  0.0239376 
-0.59227   0.876981   -0.269191  0.0171136 
-0.660235  0.818696   -0.299011  0.0234214 
-0.645992  0.868624   -0.290404  0.0185281 
-0.561523  0.849849   -0.299638  0.0143996 
-0.561523  0.849849   -0.299638  0.014209  
