#MU        SIGMA      ENERGY     ERROR     
0.654704   0.812125   -0.338391  0.0188252 
0.602403   0.775691   -0.29437   0.0155438 
0.512814   0.82985    -0.307949  0.0255914 
0.548017   0.905566   -0.261471  0.0263824 
0.563392   0.905348   -0.220984  0.0309908 
0.591599   0.869798   -0.254943  0.0278117 
0.638533   0.900067   -0.248098  0.0155494 
0.649361   0.83093    -0.331538  0.0190868 
0.730564   0.764906   -0.347096  0.017985  
0.804046   0.735057   -0.367337  0.0147317 
0.704498   0.801807   -0.350331  0.012161  
0.61024    0.736188   -0.326254  0.0157178 
0.517075   0.779309   -0.319082  0.0142164 
0.608562   0.792107   -0.33424   0.0185725 
0.612397   0.860655   -0.343681  0.0214802 
0.566806   0.865909   -0.263478  0.0244154 
0.549619   0.920081   -0.255396  0.0249999 
0.51225    0.932331   -0.242313  0.0387721 
0.575742   0.865066   -0.213193  0.02998   
0.638795   0.854867   -0.256935  0.0410219 
0.592455   0.895668   -0.264587  0.0565919 
0.592455   0.895668   -0.264587  0.0195369 
0.557701   0.873429   -0.29265   0.0140779 
0.518433   0.848228   -0.326607  0.0152718 
0.448587   0.810007   -0.241496  0.0165476 
0.473524   0.853043   -0.275607  0.0150647 
0.386348   0.831154   -0.232113  0.0168826 
0.385483   0.735444   -0.166093  0.0193004 
0.385483   0.735444   -0.166093  0.0171883 
0.404692   0.669797   -0.124606  0.0182443 
0.382949   0.623968   0.0293843  0.0195711 
0.386522   0.604824   -0.0215625 0.0258477 
0.386522   0.604824   -0.0215625 0.018369  
0.350514   0.686223   -0.0813883 0.0208798 
0.30603    0.65782    0.0122118  0.0196755 
0.227572   0.725609   -0.0254703 0.0186508 
0.252303   0.768391   -0.0865024 0.0182708 
0.230914   0.800022   -0.159551  0.0198301 
0.278726   0.700135   0.00289324 0.0170993 
0.377094   0.766235   -0.186132  0.0181793 
0.388322   0.684741   -0.135202  0.0155549 
0.482988   0.628324   -0.170448  0.0149266 
0.481938   0.719003   -0.209694  0.0132777 
0.579657   0.780454   -0.329276  0.0156368 
0.668495   0.756984   -0.346551  0.0127197 
0.645373   0.77089    -0.354542  0.0169289 
0.652585   0.826861   -0.334757  0.0179377 
0.578148   0.833278   -0.309556  0.013321  
0.582023   0.754269   -0.328657  0.0165589 
0.665755   0.796875   -0.336364  0.0203061 
0.703602   0.863568   -0.291876  0.0396661 
0.741504   0.915908   -0.139022  0.0288104 
0.66097    0.93316    -0.219476  0.0533136 
0.699983   0.988165   -0.0248038 0.0372224 
0.772001   0.959782   -0.110164  0.0355694 
0.697111   1.00521    -0.104695  0.0317414 
0.634356   0.999033   -0.170526  0.0307411 
0.546406   0.965949   -0.228195  0.0212054 
0.531346   0.925521   -0.276086  0.0199412 
0.49131    0.895883   -0.260109  0.0181418 
0.448176   0.879846   -0.25858   0.0238601 
0.405936   0.964295   -0.267923  0.0165111 
0.322063   0.899607   -0.237707  0.0161796 
0.266835   0.822043   -0.206924  0.0425464 
0.213714   0.906091   -0.199457  0.0219069 
0.161449   0.972556   -0.25683   0.0197902 
0.217972   0.960869   -0.236058  0.0199679 
0.266762   0.880669   -0.200601  0.019126  
0.264853   0.964197   -0.278459  0.0228212 
0.327108   0.999168   -0.264822  0.030539  
0.327108   0.999168   -0.264822  0.0347821 
0.352437   0.978731   -0.215852  0.0228031 
0.280731   1.06637    -0.231663  0.0209244 
0.253947   1.04509    -0.262893  0.0209731 
0.213584   1.02616    -0.22751   0.0237452 
0.267957   0.992596   -0.215173  0.0163243 
0.196567   0.902676   -0.228447  0.0160398 
0.120092   0.837222   -0.132662  0.0172244 
0.0848764  0.931522   -0.21868   0.0181849 
0.0534906  0.947671   -0.239727  0.025199  
0.00657381 0.937498   -0.254299  0.0169416 
0.031742   0.856438   -0.212511  0.0192023 
-0.0175622 0.765649   -0.0390273 0.0191456 
-0.0505807 0.78308    -0.0568576 0.0208824 
0.0148924  0.730048   0.0484842  0.0235296 
-0.0728875 0.713515   -0.0229762 0.0247824 
-0.0728875 0.713515   -0.0229762 0.025476  
-0.113125  0.642095   0.184877   0.0219783 
-0.18869   0.673621   0.0719216  0.0212384 
-0.203945  0.711853   -0.0176752 0.0191406 
-0.258011  0.744401   -0.0869063 0.0196516 
-0.193637  0.719229   0.0410195  0.0220176 
-0.193637  0.719229   0.0410195  0.0176563 
-0.209883  0.799239   -0.169527  0.0173143 
-0.173313  0.823963   -0.162633  0.0168019 
-0.270428  0.854942   -0.222152  0.0150709 
-0.271408  0.903416   -0.248503  0.0153833 
-0.274789  0.923342   -0.265803  0.0174346 
-0.312729  0.931662   -0.238743  0.0233583 
-0.367549  1.02634    -0.248055  0.0322556 
-0.437679  0.987179   -0.186732  0.0279651 
-0.449418  0.955985   -0.193189  0.0249618 
-0.435261  1.01011    -0.288033  0.0934713 
-0.355448  1.10731    -0.0191962 0.0384439 
-0.327097  1.09688    -0.191796  0.0235164 
-0.32829   1.03571    -0.267393  0.0187955 
-0.277217  0.940153   -0.245686  0.0155205 
-0.232985  0.862647   -0.182454  0.0178522 
-0.285687  0.782443   -0.153443  0.0165264 
-0.298117  0.866528   -0.226085  0.0199779 
-0.354291  0.933101   -0.285538  0.0179471 
-0.299848  0.930082   -0.261116  0.0176703 
-0.213453  0.873091   -0.228959  0.0165403 
-0.302148  0.923017   -0.249135  0.0181515 
-0.335896  0.930914   -0.256897  0.0149524 
-0.366175  0.832797   -0.236576  0.0293193 
-0.322583  0.924906   -0.215316  0.0197735 
-0.413938  0.970371   -0.25273   0.0452584 
-0.34031   1.05723    -0.182578  0.0219136 
-0.319739  0.976155   -0.235371  0.0175598 
-0.268327  0.95989    -0.240452  0.0211926 
-0.308292  0.962177   -0.258846  0.0262638 
-0.251435  0.994203   -0.235046  0.015956  
-0.242679  0.961116   -0.272239  0.0190003 
-0.165098  0.947211   -0.268502  0.0168788 
-0.192379  0.984289   -0.281611  0.0156476 
-0.107159  0.993265   -0.276135  0.0248487 
-0.0781186 0.973943   -0.257758  0.0196638 
-0.0794916 0.976754   -0.222605  0.0163414 
-0.075804  0.967539   -0.259307  0.016249  
-0.138679  0.969445   -0.285062  0.0200875 
-0.221688  0.899333   -0.214863  0.0158627 
-0.197667  0.910831   -0.252898  0.0153603 
-0.286067  0.872121   -0.222236  0.0419515 
-0.251106  0.946605   -0.196771  0.019105  
-0.320714  0.867798   -0.214311  0.0164122 
-0.284159  0.857079   -0.213303  0.0166086 
-0.2997    0.819565   -0.212932  0.0157973 
-0.2997    0.819565   -0.212932  0.0168648 
-0.260058  0.884507   -0.228109  0.0162818 
-0.215166  0.881135   -0.222215  0.0180603 
-0.215166  0.881135   -0.222215  0.0220384 
-0.224084  0.947483   -0.222509  0.0161029 
-0.191988  0.900245   -0.216361  0.018504  
-0.208551  0.907447   -0.233123  0.0156079 
-0.268742  0.89386    -0.249525  0.01828   
-0.313897  0.927308   -0.238263  0.0186352 
-0.408504  0.891287   -0.234683  0.0179164 
-0.455108  0.919351   -0.304951  0.0214832 
-0.485835  0.822417   -0.267066  0.0220973 
-0.557903  0.86931    -0.253442  0.0140651 
-0.563063  0.78951    -0.312216  0.0161216 
-0.631626  0.734871   -0.342094  0.0149143 
-0.640822  0.809503   -0.33392   0.0195321 
-0.562202  0.881097   -0.26277   0.0138346 
-0.470951  0.786298   -0.268346  0.0158937 
-0.394258  0.767521   -0.208842  0.016579  
-0.454033  0.735325   -0.255825  0.0159319 
-0.461391  0.6979     -0.203277  0.0145949 
-0.481142  0.769958   -0.251484  0.0164992 
-0.396219  0.784407   -0.222749  0.0157407 
-0.432582  0.693867   -0.145026  0.0190669 
-0.363831  0.672908   -0.0766563 0.0177117 
-0.388183  0.698501   -0.13428   0.0184287 
-0.332344  0.787177   -0.146347  0.0168486 
-0.422425  0.828541   -0.234671  0.0216835 
-0.421115  0.923444   -0.250215  0.0234167 
-0.508329  0.91711    -0.27655   0.0163494 
-0.423032  0.843339   -0.248142  0.0244439 
-0.418556  0.929193   -0.277646  0.014549  
-0.397996  0.847464   -0.243874  0.0155641 
-0.419356  0.774924   -0.227937  0.0156125 
-0.478026  0.708935   -0.23667   0.0144519 
-0.484616  0.738121   -0.244808  0.0130641 
-0.533504  0.694172   -0.261125  0.0108669 
-0.602024  0.678397   -0.308917  0.00894684
-0.653459  0.589882   -0.357573  0.00678287
-0.739708  0.60972    -0.433061  0.00719924
-0.713793  0.607311   -0.431079  0.00906274
-0.681539  0.582543   -0.387856  0.0131836 
-0.631515  0.545199   -0.319833  0.0209475 
-0.687884  0.480827   -0.202002  0.0194319 
-0.636302  0.49009    -0.256506  0.0199878 
-0.553788  0.470147   -0.118314  0.01896   
-0.610834  0.488474   -0.207549  0.0189047 
-0.656299  0.491628   -0.242827  0.024253  
-0.656299  0.491628   -0.242827  0.0121623 
-0.725647  0.544075   -0.404178  0.0167272 
-0.681437  0.511106   -0.303592  0.00923691
-0.686564  0.568296   -0.375773  0.0172386 
-0.604035  0.506651   -0.263421  0.0135817 
-0.562407  0.540265   -0.213611  0.0135767 
-0.539821  0.619948   -0.250835  0.011916  
-0.559129  0.621014   -0.263771  0.0144978 
-0.582794  0.522845   -0.23988   0.0190452 
-0.50388   0.472865   -0.0454484 0.0163452 
-0.527929  0.504783   -0.113943  0.0213421 
-0.527929  0.504783   -0.113943  0.0122125 
-0.550007  0.602005   -0.232003  0.0119123 
-0.594399  0.554688   -0.267682  0.0158863 
-0.585003  0.50325    -0.201364  0.014523  
-0.501031  0.597868   -0.168542  0.0137655 
-0.563754  0.523999   -0.190552  0.012939  
-0.572862  0.569508   -0.277053  0.0174614 
-0.563078  0.486497   -0.158356  0.0320644 
-0.518907  0.404735   0.139896   0.0231416 
-0.504576  0.444149   0.0108635  0.0274887 
-0.549456  0.430867   0.0262077  0.0159408 
-0.57034   0.502838   -0.173473  0.0232324 
-0.59509   0.463189   -0.167033  0.0511684 
-0.59509   0.463189   -0.167033  0.0449568 
-0.514341  0.372532   0.256831   0.0410465 
-0.52008   0.37944    0.323781   0.0279864 
-0.438629  0.39325    0.307843   0.0234886 
-0.389293  0.452731   0.202002   0.0194718 
-0.472838  0.469844   0.00356127 0.0199579 
-0.414458  0.478937   0.12443    0.0183071 
-0.420845  0.538799   0.071395   0.0151172 
-0.501013  0.549921   -0.111569  0.0207019 
-0.451635  0.487506   0.0163127  0.0224326 
-0.453856  0.462969   0.0608034  0.0228578 
-0.386011  0.507494   0.106516   0.0158839 
-0.476439  0.579431   -0.10856   0.0181813 
-0.438743  0.545089   -0.00800667 0.0193849 
-0.360148  0.641712   -0.0291914 0.0177037 
-0.382101  0.72007    -0.126848  0.0162966 
-0.455429  0.656123   -0.175977  0.0178915 
-0.369319  0.718128   -0.115065  0.0167949 
-0.412822  0.706806   -0.169715  0.0132857 
-0.510529  0.775504   -0.265827  0.0160078 
-0.44059   0.685821   -0.15415   0.0131271 
-0.495417  0.76617    -0.24272   0.0176488 
-0.436925  0.69011    -0.193606  0.0169167 
-0.396983  0.69572    -0.136555  0.0187621 
-0.319703  0.793528   -0.162214  0.0169361 
-0.331999  0.820441   -0.19247   0.0146838 
-0.429863  0.833343   -0.248868  0.0141911 
-0.4905    0.769376   -0.248188  0.0177478 
-0.495772  0.817327   -0.271804  0.0158766 
-0.536783  0.80747    -0.302487  0.0168758 
-0.635939  0.810482   -0.344009  0.0319573 
-0.635939  0.810482   -0.344009  0.0253838 
-0.635939  0.810482   -0.344009  0.0348827 
-0.695157  0.858825   -0.26625   0.0349669 
-0.650342  0.85619    -0.244048  0.0167    
-0.599443  0.884459   -0.318283  0.0320431 
-0.671164  0.908187   -0.22609   0.021788  
-0.649389  0.848359   -0.29051   0.0261764 
-0.659293  0.851094   -0.286904  0.0255858 
-0.752115  0.813462   -0.276736  0.0355894 
-0.816996  0.895575   -0.151143  0.0845957 
-0.816996  0.895575   -0.151143  0.0251922 
-0.735934  0.862269   -0.260947  0.0166618 
-0.716908  0.771772   -0.333953  0.0135731 
-0.789876  0.672015   -0.393165  0.0112527 
-0.757151  0.698349   -0.414095  0.00915815
-0.790894  0.663021   -0.425636  0.00940747
-0.882034  0.577406   -0.397486  0.0136626 
-0.928373  0.61914    -0.372146  0.0184336 
-0.900944  0.669867   -0.370806  0.0142798 
-0.821449  0.657306   -0.411548  0.0169996 
-0.893203  0.703552   -0.361279  0.0454817 
-0.97654   0.791931   -0.0363498 0.0365167 
-1.04717   0.735071   -0.0606964 0.0447265 
-1.02055   0.76197    -0.0640451 0.030784  
-0.946648  0.740097   -0.261573  0.0361559 
-0.890343  0.812344   -0.191736  0.0543095 
-0.890343  0.812344   -0.191736  0.0278055 
-0.923696  0.775984   -0.246329  0.0305655 
-0.864569  0.781273   -0.290056  0.0453313 
-0.864569  0.781273   -0.290056  0.0171186 
-0.84218   0.722337   -0.36156   0.0146544 
-0.771639  0.677285   -0.420686  0.0091125 
-0.734111  0.600526   -0.417458  0.00594118
-0.79486   0.625075   -0.43982   0.014579  
-0.79486   0.625075   -0.43982   0.0156534 
-0.802081  0.695062   -0.398315  0.00741003
-0.718727  0.668109   -0.415149  0.0261484 
-0.812316  0.722282   -0.341826  0.012247  
-0.798077  0.681913   -0.435148  0.0114259 
-0.744459  0.695515   -0.398817  0.00684979
-0.749914  0.620546   -0.422604  0.00807008
-0.667716  0.669016   -0.387575  0.0112853 
-0.58884   0.579446   -0.282037  0.0140982 
-0.58634   0.526595   -0.240847  0.00869047
-0.666663  0.589629   -0.376877  0.00886378
-0.682671  0.683711   -0.37256   0.0140492 
-0.662515  0.743541   -0.360412  0.0143054 
-0.606082  0.754104   -0.32236   0.0150054 
-0.53727   0.848917   -0.30938   0.0168229 
-0.554552  0.75173    -0.249781  0.0151016 
-0.467268  0.744358   -0.247959  0.016494  
-0.399871  0.706733   -0.15748   0.0164929 
-0.367321  0.795461   -0.203117  0.0146914 
-0.402337  0.848729   -0.252325  0.0145829 
-0.441756  0.773135   -0.212895  0.01729   
-0.44276   0.675909   -0.182976  0.0131339 
-0.526676  0.730844   -0.276906  0.0126068 
-0.542934  0.739473   -0.294004  0.0220619 
-0.566092  0.806271   -0.274645  0.0160572 
-0.508291  0.885714   -0.30244   0.0269431 
-0.468262  0.962819   -0.258155  0.0308484 
-0.41324   0.985724   -0.210533  0.0302907 
-0.506344  0.91274    -0.237222  0.0193001 
-0.460488  0.891167   -0.315461  0.0236089 
-0.417908  0.969255   -0.240412  0.0378532 
-0.417908  0.969255   -0.240412  0.0210782 
-0.343498  0.937159   -0.275304  0.0179455 
-0.305225  0.922754   -0.267611  0.0161899 
-0.26046   0.906402   -0.250987  0.0195506 
-0.359545  0.884741   -0.233639  0.0414271 
-0.421812  0.975836   -0.210436  0.0316045 
-0.473862  0.888351   -0.245067  0.0432435 
-0.523672  0.928168   -0.206952  0.0159994 
-0.439861  0.835429   -0.281343  0.0163513 
-0.343631  0.820914   -0.23891   0.0159115 
-0.377375  0.910019   -0.271529  0.0181346 
-0.465697  0.952754   -0.294519  0.0230458 
-0.413398  0.957542   -0.250479  0.0198895 
-0.412319  0.924317   -0.261092  0.0210717 
-0.356387  0.865276   -0.22032   0.0139327 
-0.44615   0.815229   -0.25905   0.0153393 
-0.486293  0.811072   -0.291842  0.0139084 
-0.584548  0.736593   -0.299374  0.0134975 
-0.528723  0.766183   -0.309785  0.0132579 
-0.540539  0.71399    -0.280483  0.0092852 
-0.61805   0.6149     -0.317954  0.00944752
-0.64035   0.663974   -0.37655   0.00995685
-0.724422  0.672165   -0.418211  0.00654869
-0.803205  0.605122   -0.442993  0.0133205 
-0.891553  0.601223   -0.40045   0.0312658 
-0.984708  0.679961   -0.249726  0.033557  
-1.04636   0.714241   -0.0999751 0.0321152 
-0.948772  0.718033   -0.193612  0.0356306 
-0.95288   0.784574   -0.170134  0.0601804 
-0.948504  0.827572   0.0240674  0.0419491 
-0.926215  0.842862   -0.019727  0.0543432 
-0.904237  0.861855   0.0133351  0.0701483 
-0.975665  0.903862   0.260334   0.0808233 
-1.06828   0.953907   0.641559   0.104849  
-1.05899   0.960803   0.79595    0.0747729 
-1.02543   0.890595   0.369817   0.0530603 
-0.929323  0.903148   0.1244     0.105557  
-0.929323  0.903148   0.1244     0.0751433 
-0.876187  0.933693   0.174242   0.0573836 
-0.865895  0.920523   0.0836632  0.0544289 
-0.815512  0.994305   0.0606623  0.0653915 
-0.795059  1.06174    0.247907   0.0778803 
-0.699712  1.11358    0.216089   0.0684197 
-0.65638   1.0267     0.00716455 0.0567675 
-0.673195  1.05162    0.0385655  0.0561577 
-0.621416  1.06846    -0.0446703 0.0423499 
-0.6683    0.990066   -0.127426  0.03621   
-0.710499  0.956529   -0.126453  0.0407459 
-0.725031  0.954305   -0.0959774 0.0258679 
-0.755015  0.894196   -0.243751  0.0364911 
-0.746502  0.9091     -0.236306  0.0431244 
-0.836978  0.935354   0.00193016 0.0889313 
-0.846713  1.00713    0.388055   0.0466335 
-0.91955   0.907652   0.0310717  0.0535574 
-0.965553  0.835778   0.104832   0.0473518 
-1.04972   0.799433   0.174304   0.0683304 
-1.01126   0.851995   0.201884   0.0829149 
-0.986055  0.924441   0.417956   0.0494557 
-0.912531  0.88723    0.0141309  0.0436443 
-0.887173  0.903635   -0.0357443 0.040268  
-0.848032  0.864837   -0.090968  0.0261367 
-0.873978  0.764985   -0.281345  0.0294253 
-0.836597  0.780995   -0.263813  0.0137334 
-0.763981  0.691387   -0.387893  0.0223315 
-0.842211  0.776005   -0.329179  0.0416707 
-0.842211  0.776005   -0.329179  0.0217092 
-0.919516  0.703051   -0.339356  0.0282312 
-1.01438   0.665925   -0.164702  0.0288593 
-1.02329   0.705365   -0.145977  0.0174802 
-0.931134  0.650727   -0.342822  0.0234369 
-0.886141  0.690076   -0.343512  0.0353827 
-0.935298  0.764606   -0.226618  0.0177132 
-0.849234  0.714483   -0.373907  0.0258919 
-0.770387  0.812121   -0.275657  0.0184487 
-0.823423  0.716458   -0.374253  0.011435  
-0.741698  0.686924   -0.413389  0.00954556
-0.6481    0.64999    -0.35792   0.0105867 
-0.66777   0.553445   -0.371907  0.0127137 
-0.637097  0.536535   -0.300466  0.0096118 
-0.611343  0.615273   -0.313158  0.0135062 
-0.558557  0.548071   -0.230937  0.014239  
-0.578568  0.535445   -0.241902  0.0110842 
-0.604158  0.568669   -0.290279  0.0185708 
-0.68906   0.496409   -0.265153  0.010936  
-0.613674  0.581835   -0.337356  0.00733469
-0.690584  0.611475   -0.387617  0.0105943 
-0.766222  0.680987   -0.408246  0.0093681 
-0.769038  0.664081   -0.430099  0.00869543
-0.701694  0.576606   -0.399916  0.00642916
-0.75808   0.604653   -0.430942  0.00946046
-0.740606  0.663423   -0.42959   0.0100012 
-0.740606  0.663423   -0.42959   0.00828151
-0.719081  0.630249   -0.411013  0.00802124
-0.650431  0.606862   -0.366177  0.00785751
-0.708347  0.690564   -0.401633  0.0123759 
-0.643166  0.768104   -0.357016  0.0130408 
-0.628479  0.774171   -0.325135  0.0147512 
-0.556922  0.827737   -0.292588  0.0168057 
-0.469449  0.877538   -0.291335  0.0375828 
-0.546593  0.895626   -0.218607  0.0310967 
-0.61951   0.945126   -0.212403  0.0327051 
-0.684023  0.89353    -0.192297  0.0167036 
-0.656992  0.801589   -0.352427  0.0184958 
-0.719675  0.81124    -0.347631  0.0217724 
-0.770221  0.792565   -0.338427  0.0232295 
-0.724739  0.759111   -0.316521  0.0296439 
-0.804762  0.808717   -0.230664  0.0359417 
-0.903097  0.761085   -0.236872  0.0521447 
-0.920909  0.793688   -0.123279  0.037101  
-0.948636  0.734558   -0.224602  0.0232154 
-1.00305   0.687632   -0.222951  0.0622596 
-1.0663    0.727633   0.179112   0.0714275 
-1.07527   0.785857   0.266301   0.0552479 
-1.02741   0.792288   0.118348   0.036665  
-1.04042   0.711742   -0.115558  0.0414062 
-1.04042   0.711742   -0.115558  0.0239981 
-1.05733   0.650815   -0.135291  0.0299537 
-1.01088   0.706935   -0.126775  0.012639  
-0.922599  0.63836    -0.393409  0.0072461 
-0.838948  0.610057   -0.436155  0.0124036 
-0.838948  0.610057   -0.436155  0.00908923
-0.798206  0.642592   -0.432762  0.0203369 
-0.806357  0.71784    -0.366244  0.0129192 
-0.720008  0.733154   -0.399601  0.0213215 
-0.726866  0.818524   -0.322183  0.0226149 
-0.777289  0.829124   -0.289607  0.045136  
-0.777289  0.829124   -0.289607  0.0289909 
-0.788542  0.871564   -0.232737  0.057103  
-0.808536  0.950907   0.0793153  0.0407058 
-0.850605  0.866615   -0.12598   0.0421626 
-0.90051   0.787826   -0.141622  0.0522297 
-0.90051   0.787826   -0.141622  0.0169954 
-0.806082  0.734547   -0.356632  0.0137727 
-0.823066  0.710993   -0.409801  0.00910451
-0.843506  0.647744   -0.431467  0.0090249 
-0.817598  0.644533   -0.431553  0.0189509 
-0.848571  0.648822   -0.40691   0.00973938
-0.775973  0.694862   -0.418418  0.00919107
-0.821338  0.645338   -0.434943  0.00812756
-0.770177  0.597331   -0.430718  0.012878  
-0.795166  0.651991   -0.424893  0.00967216
-0.76983   0.655197   -0.425437  0.00965834
-0.693531  0.570389   -0.405762  0.00992989
-0.751348  0.643452   -0.434398  0.0149054 
-0.738076  0.732927   -0.362832  0.00965226
-0.666292  0.698133   -0.380154  0.0078316 
-0.660542  0.609114   -0.370798  0.0152501 
-0.62422   0.509705   -0.244401  0.0207069 
-0.635586  0.479979   -0.211379  0.0123524 
-0.652269  0.541847   -0.358265  0.0184849 
-0.662442  0.493664   -0.266572  0.0316677 
-0.662442  0.493664   -0.266572  0.0174007 
-0.661493  0.508263   -0.313662  0.0138446 
-0.660841  0.52894    -0.324642  0.0261739 
-0.604253  0.455034   -0.170508  0.0518719 
-0.604253  0.455034   -0.170508  0.0161761 
-0.601281  0.500768   -0.217881  0.0128113 
-0.610077  0.536389   -0.280368  0.0144918 
-0.610077  0.536389   -0.280368  0.0187254 
-0.513152  0.475844   -0.0790294 0.0161395 
-0.57573   0.513514   -0.244157  0.0309905 
-0.542113  0.428752   0.0298731  0.0211674 
-0.459997  0.441641   0.0971395  0.0242441 
-0.459997  0.441641   0.0971395  0.0418503 
-0.440681  0.35992    0.328326   0.0781295 
-0.440681  0.35992    0.328326   0.0263853 
-0.514689  0.42638    0.079817   0.0401086 
-0.514689  0.42638    0.079817   0.0167516 
-0.501459  0.507204   -0.0748536 0.0141631 
-0.515377  0.596123   -0.204537  0.0106699 
-0.590933  0.653152   -0.326551  0.0145281 
-0.590933  0.653152   -0.326551  0.0124723 
-0.590032  0.728191   -0.326419  0.0112224 
-0.616805  0.734029   -0.361186  0.0110317 
-0.679763  0.728471   -0.368333  0.0109715 
-0.635573  0.729255   -0.344093  0.0118606 
-0.566653  0.693345   -0.327327  0.0123129 
-0.567008  0.714919   -0.286034  0.0146596 
-0.467137  0.696642   -0.197912  0.0138808 
-0.520651  0.794204   -0.285992  0.015598  
-0.531792  0.777846   -0.295869  0.0213288 
-0.629619  0.854491   -0.297534  0.0193756 
-0.723874  0.78532    -0.332129  0.0318952 
-0.708932  0.851516   -0.229886  0.0242042 
-0.682043  0.897854   -0.235145  0.0389122 
-0.766732  0.880952   -0.182686  0.0263674 
-0.693827  0.870169   -0.228293  0.0255548 
-0.773077  0.808625   -0.311799  0.0401833 
-0.75898   0.811376   -0.255749  0.0247108 
-0.684809  0.869296   -0.255457  0.0295141 
-0.700067  0.846547   -0.27849   0.0143976 
-0.644478  0.757151   -0.361666  0.0273182 
-0.644478  0.757151   -0.361666  0.0136632 
-0.551149  0.8415     -0.328698  0.0182857 
-0.641202  0.798331   -0.30731   0.0106201 
-0.619035  0.70002    -0.337456  0.00772922
-0.688867  0.668307   -0.389568  0.0145211 
-0.770551  0.727308   -0.390271  0.0251155 
-0.754232  0.793077   -0.347313  0.0204765 
-0.798115  0.73331    -0.351202  0.0279346 
-0.882832  0.75676    -0.266574  0.0286272 
-0.837834  0.852344   -0.212229  0.0355832 
-0.917595  0.787906   -0.18067   0.043707  
-0.991811  0.761102   -0.0915132 0.0358402 
-0.895271  0.756341   -0.241704  0.0106003 
-0.796776  0.685251   -0.429984  0.0106773 
-0.796776  0.685251   -0.429984  0.0198383 
-0.777692  0.741471   -0.348218  0.0130176 
-0.776721  0.686292   -0.393922  0.0122998 
-0.765896  0.686663   -0.410982  0.0108495 
-0.691789  0.714398   -0.39587   0.0144851 
-0.691789  0.714398   -0.39587   0.0143457 
-0.658374  0.756017   -0.350644  0.0200764 
-0.688099  0.811911   -0.314444  0.0312564 
-0.775536  0.842559   -0.24269   0.0291045 
-0.697273  0.850686   -0.272268  0.0247723 
-0.70034   0.810664   -0.276487  0.0241764 
-0.749184  0.852236   -0.270495  0.0129625 
-0.690739  0.763543   -0.375104  0.0100417 
-0.773903  0.683557   -0.419299  0.00926212
-0.825295  0.633791   -0.447786  0.00596026
-0.757511  0.609884   -0.44084   0.0140216 
-0.77118   0.534396   -0.374535  0.00767648
-0.679032  0.614952   -0.405923  0.0116584 
-0.652761  0.548861   -0.334931  0.00677833
-0.743296  0.641113   -0.440814  0.00868285
-0.756481  0.572931   -0.414228  0.0212134 
-0.664508  0.48371    -0.221413  0.0181281 
-0.660789  0.499321   -0.27551   0.0166217 
-0.660789  0.499321   -0.27551   0.0198936 
-0.733     0.493271   -0.28179   0.0454093 
-0.733     0.493271   -0.28179   0.0186532 
-0.780349  0.502058   -0.311526  0.0287712 
-0.815159  0.449981   -0.0743552 0.0304798 
-0.788722  0.449091   -0.080241  0.0184483 
-0.714464  0.501869   -0.294524  0.015539  
-0.77326   0.519407   -0.345194  0.0184609 
-0.838822  0.50245    -0.28849   0.0172138 
-0.897916  0.512028   -0.276437  0.0205995 
-0.955464  0.484474   -0.176337  0.0139662 
-1.04757   0.54626    -0.137057  0.0134148 
-1.03549   0.534077   -0.172941  0.0241893 
-1.03549   0.534077   -0.172941  0.0190635 
-1.1042    0.464666   0.100722   0.0435173 
-1.06851   0.384001   0.455599   0.058311  
-1.15942   0.334747   0.986593   0.0853328 
-1.15942   0.334747   0.986593   0.141674  
-1.15942   0.334747   0.986593   0.147822  
-1.15942   0.334747   0.986593   0.0669176 
-1.1797    0.326234   1.03033    0.1361    
-1.1797    0.326234   1.03033    0.0414609 
-1.10093   0.385783   0.397053   0.0259366 
-1.03872   0.433868   0.167549   0.0414226 
-1.03727   0.376754   0.556005   0.0298426 
-1.00252   0.42028    0.206749   0.0656553 
-1.05612   0.331581   0.917556   0.130077  
-1.05612   0.331581   0.917556   0.125547  
-1.05612   0.331581   0.917556   0.0633124 
-1.05612   0.331581   0.917556   0.0820784 
-1.0657    0.309543   1.20074    0.111834  
-1.0657    0.309543   1.20074    0.070757  
-0.975774  0.318633   1.14616    0.114273  
-0.975774  0.318633   1.14616    0.0452957 
-1.07517   0.372614   0.432136   0.0223306 
-1.09396   0.452868   0.111725   0.0203715 
-1.08703   0.463229   0.0686158  0.0148301 
-1.09754   0.502779   -0.00581953 0.0138546 
-1.13164   0.530171   0.0492978  0.0242527 
-1.11042   0.434308   0.199666   0.052873  
-1.11042   0.434308   0.199666   0.0197044 
-1.04923   0.477194   -0.0357891 0.0282833 
-1.03347   0.429276   0.167732   0.0140962 
-1.12325   0.522952   0.0050798  0.0146968 
-1.07579   0.566084   -0.107378  0.0184429 
-1.06555   0.481132   -0.0335778 0.0250015 
-1.10045   0.434125   0.182602   0.0223481 
-1.03702   0.457636   0.0424514  0.0123454 
-1.04821   0.527842   -0.147763  0.0186474 
-1.02159   0.61467    -0.228686  0.0215329 
-1.01919   0.649879   -0.245199  0.0474385 
-1.01919   0.649879   -0.245199  0.0128196 
-1.01919   0.649879   -0.245199  0.0177238 
-0.952946  0.65237    -0.306992  0.017154  
-0.90099   0.656185   -0.374996  0.0198564 
-0.852502  0.719661   -0.350159  0.0241785 
-0.927288  0.688855   -0.317922  0.048563  
-0.904477  0.753738   -0.206654  0.0205662 
-0.881577  0.690254   -0.364927  0.0232086 
-0.850325  0.757106   -0.294271  0.0257467 
-0.879905  0.728817   -0.328026  0.0273923 
-0.918178  0.731992   -0.254279  0.0237747 
-0.930043  0.680619   -0.287493  0.0380324 
-0.930043  0.680619   -0.287493  0.0131829 
-0.905353  0.617202   -0.39227   0.0127137 
-0.921595  0.65952    -0.38513   0.0160283 
-1.02072   0.567439   -0.240792  0.0157681 
-0.996595  0.507272   -0.170705  0.0288822 
-1.06995   0.605391   -0.0944989 0.0160962 
-1.09144   0.566633   -0.0979477 0.0144819 
-1.11464   0.512423   0.00944156 0.0161207 
-1.09058   0.562782   -0.0939842 0.017633  
-1.03034   0.631723   -0.254189  0.0278528 
-1.03034   0.631723   -0.254189  0.0122011 
-0.935767  0.548221   -0.31385   0.0182282 
-1.01394   0.636259   -0.235372  0.0253295 
-0.991638  0.663578   -0.23297   0.0104529 
-0.908758  0.615065   -0.400101  0.0146143 
-0.829919  0.531384   -0.353472  0.0169183 
-0.820909  0.506816   -0.314521  0.0309956 
-0.820909  0.506816   -0.314521  0.0113282 
-0.890827  0.555294   -0.381593  0.0217614 
-0.890827  0.555294   -0.381593  0.00826323
-0.792432  0.654662   -0.437089  0.020055  
-0.833605  0.695033   -0.393607  0.0296319 
-0.840555  0.768526   -0.282921  0.0234865 
-0.83179   0.7358     -0.32167   0.010226  
-0.75888   0.661879   -0.41634   0.00743407
-0.69959   0.632114   -0.409975  0.00711805
-0.761995  0.655724   -0.437187  0.0218324 
-0.816999  0.731336   -0.351386  0.0134451 
-0.873662  0.674576   -0.403417  0.00928072
-0.903867  0.629474   -0.40963   0.0179147 
-0.865291  0.619834   -0.401037  0.0181542 
-0.800535  0.718006   -0.368733  0.0260469 
-0.808921  0.817278   -0.271942  0.0514011 
-0.808921  0.817278   -0.271942  0.0289256 
-0.843232  0.791996   -0.271723  0.0434451 
-0.831874  0.806717   -0.157678  0.0350655 
-0.916519  0.835596   -0.175281  0.045905  
-0.916519  0.835596   -0.175281  0.0249843 
-0.878423  0.751858   -0.283253  0.0382708 
-0.821406  0.848054   -0.165104  0.0211851 
-0.759202  0.819981   -0.335302  0.0225004 
-0.824619  0.776341   -0.335192  0.0151514 
-0.812877  0.734766   -0.394457  0.031074  
-0.812877  0.734766   -0.394457  0.0165552 
-0.786981  0.75537    -0.391294  0.0219226 
-0.845709  0.704529   -0.352861  0.0265796 
-0.841556  0.790152   -0.277405  0.0208451 
-0.770561  0.776632   -0.348585  0.0243297 
-0.731083  0.834609   -0.271217  0.0326736 
-0.695557  0.861472   -0.24228   0.0279123 
-0.7242    0.838649   -0.267109  0.0127493 
-0.752027  0.774837   -0.391466  0.0180782 
-0.743445  0.726969   -0.388578  0.00828363
-0.793002  0.647988   -0.427015  0.00890775
-0.83917   0.575697   -0.423737  0.0117575 
-0.902497  0.627506   -0.395542  0.0143491 
-0.96604   0.624879   -0.327943  0.0178655 
-0.933308  0.678795   -0.341472  0.0335039 
-0.933308  0.678795   -0.341472  0.0154004 
-1.02302   0.60627    -0.229122  0.0146859 
-0.969249  0.588641   -0.320901  0.0204298 
-1.00845   0.630756   -0.245832  0.0148438 
-0.947144  0.654683   -0.337678  0.0324098 
-0.974681  0.726325   -0.190913  0.0438031 
-1.04971   0.756903   0.0880113  0.0336796 
-0.993962  0.705609   -0.152505  0.0123924 
-0.92868   0.628255   -0.372569  0.00862636
-0.839649  0.574775   -0.431896  0.0127381 
-0.84174   0.672796   -0.419842  0.0173801 
-0.84174   0.672796   -0.419842  0.0145479 
-0.808413  0.71396    -0.40312   0.0261034 
-0.876418  0.767338   -0.29584   0.0296968 
-0.949802  0.773625   -0.177482  0.046054  
-0.933967  0.786503   -0.091296  0.0244296 
-0.939313  0.724238   -0.279684  0.0137799 
-0.898056  0.656186   -0.396701  0.011366  
-0.842485  0.649889   -0.419801  0.00981233
-0.78201   0.678267   -0.419813  0.0185119 
-0.860826  0.691267   -0.382169  0.0168063 
-0.956488  0.630623   -0.316172  0.0108676 
-0.930315  0.557345   -0.354144  0.0102971 
-0.946582  0.579198   -0.340016  0.00888933
-0.913039  0.60223    -0.397816  0.0145556 
-0.92621   0.529463   -0.31591   0.0118642 
-0.95885   0.577716   -0.317154  0.0108379 
-0.932236  0.589429   -0.349924  0.00981816
-0.929819  0.571091   -0.351539  0.0123931 
-0.926851  0.542217   -0.313853  0.0111708 
-0.957864  0.596213   -0.344751  0.0196831 
-0.946746  0.647607   -0.315108  0.0134393 
-0.959175  0.628665   -0.349787  0.0161347 
-0.911405  0.672551   -0.344133  0.0126678 
-0.901218  0.638718   -0.409011  0.0180838 
-0.997323  0.640396   -0.266429  0.0119256 
-0.924137  0.557459   -0.352019  0.0143401 
-0.898058  0.535509   -0.359365  0.0149589 
-0.977642  0.518216   -0.245126  0.012436  
-0.905778  0.542797   -0.333651  0.012474  
-0.99809   0.568534   -0.269726  0.0180965 
-1.0504    0.607374   -0.194402  0.0196924 
-0.973637  0.673474   -0.308717  0.0345423 
-1.03346   0.715352   -0.0795043 0.0254086 
-0.946486  0.710691   -0.254301  0.0222348 
-0.865922  0.74107    -0.313721  0.0280407 
-0.895993  0.769074   -0.254166  0.0634747 
-0.959     0.832803   0.125009   0.0632782 
-0.935273  0.853035   0.0952202  0.0383123 
-0.869127  0.830987   -0.132368  0.0485728 
-0.889837  0.804705   -0.0702877 0.06137   
-0.889837  0.804705   -0.0702877 0.0281773 
-0.932037  0.752464   -0.256153  0.033738  
-0.897749  0.809935   -0.256251  0.0603241 
-0.897749  0.809935   -0.256251  0.0160535 
-0.800097  0.736676   -0.384184  0.0248677 
-0.837181  0.741882   -0.301648  0.0162204 
-0.765133  0.703803   -0.40285   0.0106306 
-0.697207  0.717858   -0.385607  0.0110369 
-0.71125   0.682351   -0.411346  0.0185635 
-0.795265  0.764307   -0.347057  0.0144227 
-0.799234  0.744153   -0.380532  0.0123888 
-0.746971  0.729331   -0.39463   0.039294  
-0.833663  0.819142   -0.195649  0.0203904 
-0.849481  0.732519   -0.346339  0.0330968 
-0.873034  0.715163   -0.340774  0.0341814 
-0.873034  0.715163   -0.340774  0.0201384 
-0.957526  0.680004   -0.305173  0.00906704
-0.895508  0.610878   -0.415568  0.0123437 
-0.875772  0.650267   -0.398599  0.00701643
-0.800993  0.654919   -0.446426  0.00893337
-0.813206  0.663183   -0.440391  0.0102941 
-0.90293   0.564191   -0.361791  0.015246  
-0.979653  0.621579   -0.314154  0.0143164 
-0.953213  0.589761   -0.3301    0.0201218 
-0.953213  0.589761   -0.3301    0.0159352 
-1.04434   0.490668   -0.0365604 0.0325106 
-0.954849  0.425633   0.113122   0.0383006 
-0.935511  0.403852   0.23596    0.0549697 
-0.971894  0.34867    0.75518    0.1138    
-0.971894  0.34867    0.75518    0.0354055 
-0.994043  0.403574   0.300315   0.0242685 
-0.903229  0.471184   -0.134927  0.0270536 
-0.810878  0.463103   -0.148612  0.0322157 
-0.875174  0.432286   0.128993   0.0161871 
-0.911306  0.513624   -0.24657   0.0119433 
-1.00024   0.537202   -0.218769  0.0162982 
-0.924647  0.636621   -0.354491  0.0245538 
-0.968333  0.684341   -0.278339  0.0365773 
-0.991978  0.766272   -0.115579  0.0201444 
-0.932125  0.703261   -0.311218  0.0231196 
-0.970864  0.674019   -0.272062  0.0131423 
-0.875317  0.694992   -0.411908  0.0137665 
-0.832154  0.70227    -0.40679   0.0156631 
-0.859476  0.706494   -0.396634  0.0351859 
-0.942201  0.713718   -0.255996  0.0378371 
-0.858159  0.809806   -0.186378  0.0312816 
-0.892577  0.75016    -0.268288  0.0172293 
-0.837522  0.678806   -0.393459  0.0192841 
-0.8572    0.685728   -0.395715  0.0159818 
-0.829819  0.707448   -0.401729  0.0122759 
-0.759722  0.701781   -0.405935  0.00769343
-0.772687  0.640394   -0.435363  0.0188751 
-0.822987  0.731667   -0.356343  0.0413166 
-0.919365  0.773619   -0.17882   0.019004  
-0.828678  0.768139   -0.341781  0.0238232 
-0.775329  0.760768   -0.310923  0.00936119
-0.704573  0.674422   -0.400983  0.0174698 
-0.687066  0.758615   -0.337906  0.0105261 
-0.702486  0.689348   -0.385103  0.0123562 
-0.783325  0.697509   -0.409064  0.0301909 
-0.864141  0.761269   -0.271726  0.0176316 
-0.837623  0.734618   -0.364806  0.0231494 
-0.85786   0.739698   -0.340317  0.0152661 
-0.853914  0.678212   -0.396293  0.0162163 
-0.913572  0.657799   -0.375785  0.0265599 
-0.975724  0.677602   -0.254235  0.0229709 
-0.95052   0.693111   -0.301726  0.0101103 
-0.89428   0.616156   -0.402379  0.0110397 
-0.94245   0.580921   -0.35474   0.0107097 
-0.976735  0.572741   -0.317897  0.0294621 
-1.04921   0.662702   -0.106482  0.0323882 
-1.08548   0.684941   -0.000677426 0.0298792 
-1.08693   0.658991   -0.0424105 0.0187101 
-1.02833   0.613104   -0.211664  0.0157003 
-1.02334   0.60899    -0.23543   0.0210538 
-1.02334   0.60899    -0.23543   0.0152534 
-0.968358  0.618715   -0.320343  0.0176431 
-1.04582   0.583955   -0.14748   0.0115382 
-0.949354  0.548877   -0.305582  0.0265286 
-0.949354  0.548877   -0.305582  0.0213983 
-0.871762  0.494514   -0.295178  0.0139247 
-0.881655  0.534614   -0.355029  0.00839447
-0.895509  0.591231   -0.421866  0.00973186
-0.853633  0.621543   -0.430054  0.0140511 
-0.772279  0.708392   -0.390753  0.0218455 
-0.702605  0.802569   -0.325689  0.0156074 
-0.770365  0.797969   -0.352113  0.040696  
-0.757649  0.805206   -0.294319  0.0291556 
-0.757649  0.805206   -0.294319  0.0243079 
-0.703918  0.823959   -0.342951  0.0167441 
-0.765532  0.726883   -0.383798  0.02837   
-0.862438  0.76362    -0.288191  0.00823198
-0.762935  0.666696   -0.433108  0.00862183
-0.852595  0.614465   -0.427684  0.00887756
-0.821321  0.57265    -0.422852  0.0133007 
-0.769391  0.533028   -0.355452  0.00648255
-0.807527  0.611008   -0.45602   0.0104455 
-0.893544  0.566082   -0.401374  0.0112606 
-0.905947  0.555383   -0.381759  0.0102178 
-0.937211  0.577429   -0.341848  0.0154384 
-0.972627  0.59958    -0.309772  0.0181638 
-1.05262   0.584488   -0.195766  0.0127839 
-1.05084   0.55022    -0.160242  0.0146034 
-1.01037   0.588606   -0.25702   0.0124492 
-1.01014   0.538625   -0.205984  0.0197399 
-1.08615   0.457233   0.104692   0.0140378 
-1.13974   0.501673   0.0961553  0.0163147 
-1.12195   0.548529   0.0114665  0.0154533 
-1.02562   0.519273   -0.199297  0.0140732 
-1.03521   0.518061   -0.131334  0.021454  
-1.00947   0.465792   0.0224657  0.0255565 
-0.960408  0.452981   0.00493514 0.0307126 
-1.03886   0.409595   0.350404   0.0157162 
-1.09493   0.490699   0.0395417  0.0130725 
-1.1294    0.518818   0.0436559  0.0271899 
-1.15642   0.422187   0.336331   0.0256561 
-1.10989   0.430734   0.246547   0.023529  
-1.11277   0.438355   0.240174   0.0229693 
-1.05514   0.452206   0.0709268  0.02627   
-1.07486   0.426641   0.274953   0.0322084 
-1.1053    0.405345   0.386812   0.0158357 
-1.11854   0.475311   0.103005   0.0151083 
-1.11854   0.475311   0.103005   0.034397  
-1.1224    0.397476   0.432992   0.0166727 
-1.1462    0.463078   0.218666   0.0234286 
-1.1462    0.463078   0.218666   0.0362607 
-1.05929   0.401447   0.336854   0.0731067 
-1.05929   0.401447   0.336854   0.0319231 
-1.11518   0.412128   0.315147   0.0171691 
-1.18678   0.456731   0.322125   0.0268825 
-1.09463   0.428946   0.182502   0.0404269 
-1.09463   0.428946   0.182502   0.0501499 
-1.03166   0.374083   0.453841   0.0287029 
-1.06774   0.42011    0.218341   0.0582297 
-1.06774   0.42011    0.218341   0.0429931 
-1.06774   0.42011    0.218341   0.0199114 
-1.0355    0.473688   -0.0197769 0.0143775 
-0.946549  0.527585   -0.269988  0.0229588 
-0.862421  0.48344    -0.187737  0.0197385 
-0.833889  0.501126   -0.273589  0.0229109 
-0.911712  0.473664   -0.137438  0.016279  
-0.965976  0.506148   -0.172933  0.0165614 
-1.01563   0.501647   -0.134551  0.011959  
-0.956288  0.567248   -0.320714  0.0153311 
-1.04045   0.573344   -0.16597   0.0143732 
-1.09114   0.559775   -0.0872433 0.0122492 
-1.07365   0.526389   -0.097529  0.0285943 
-1.16768   0.624133   0.160715   0.0519736 
-1.16768   0.624133   0.160715   0.0422133 
-1.11377   0.689457   0.171789   0.0385781 
-1.13828   0.687346   0.16453    0.0447665 
-1.05963   0.742883   0.0806177  0.0347892 
-0.971005  0.789711   -0.137843  0.0427453 
-0.971005  0.789711   -0.137843  0.0831435 
-1.04303   0.843139   0.447683   0.0574162 
-0.996754  0.890829   0.231189   0.0683412 
-0.907492  0.952891   0.156353   0.114887  
-0.907492  0.952891   0.156353   0.0498328 
-0.87051   0.903822   0.0253545  0.0712413 
-0.958662  0.91207    0.273395   0.0564917 
-0.924961  0.864261   0.115084   0.0318189 
-0.875098  0.789204   -0.216601  0.0276186 
-0.962114  0.733244   -0.238792  0.0172585 
-0.902155  0.647154   -0.358227  0.00877749
-0.849089  0.620511   -0.424085  0.0196125 
-0.934876  0.628429   -0.378635  0.015311  
-0.992042  0.656752   -0.303561  0.0122514 
-0.93535   0.608892   -0.3649    0.0171199 
-0.940019  0.642145   -0.345704  0.00976304
-0.841706  0.565706   -0.4103    0.010799  
-0.830973  0.555423   -0.408168  0.0117994 
-0.769188  0.547698   -0.403455  0.00748647
-0.782783  0.637571   -0.447463  0.00857696
-0.689666  0.639885   -0.405499  0.00615436
-0.715716  0.621717   -0.414122  0.0107862 
-0.780493  0.677225   -0.430358  0.00938779
-0.858422  0.578054   -0.424341  0.009881  
-0.888971  0.576011   -0.394524  0.0130419 
-0.976648  0.584239   -0.318289  0.0116605 
-0.895604  0.556478   -0.37285   0.0263313 
-0.895604  0.556478   -0.37285   0.0125654 
-0.818568  0.545237   -0.420426  0.0130122 
-0.818568  0.545237   -0.420426  0.0117324 
-0.818568  0.545237   -0.420426  0.00924117
-0.853132  0.627116   -0.433113  0.0114253 
-0.910427  0.54859    -0.340252  0.0143407 
-0.826953  0.616933   -0.431136  0.0133649 
-0.841254  0.538274   -0.389138  0.0104392 
-0.912636  0.579128   -0.367285  0.0240143 
-1.00332   0.664977   -0.221583  0.0222895 
-1.05342   0.613699   -0.157575  0.0262486 
-1.0057    0.688689   -0.203493  0.0233697 
-0.918474  0.700088   -0.327927  0.0197176 
-0.834751  0.704047   -0.365103  0.0067757 
-0.789805  0.623693   -0.446882  0.01531   
-0.841997  0.699085   -0.376619  0.0152749 
-0.858942  0.695667   -0.400486  0.0217342 
-0.925995  0.731302   -0.305151  0.0238022 
-0.876983  0.750656   -0.308925  0.0380302 
-0.867752  0.812434   -0.182003  0.0141196 
-0.807352  0.725139   -0.383098  0.0190192 
-0.901428  0.66396    -0.377237  0.0171143 
-0.906079  0.683462   -0.372357  0.0137171 
-0.849104  0.652255   -0.402453  0.00907205
-0.782052  0.668147   -0.430162  0.00815111
-0.751977  0.58165    -0.434529  0.00993391
-0.676986  0.660116   -0.388431  0.00910968
-0.703217  0.665373   -0.40065   0.00825208
-0.660861  0.620518   -0.389697  0.0102847 
-0.6123    0.583401   -0.323831  0.0156208 
-0.554895  0.527973   -0.210617  0.0163431 
-0.554895  0.527973   -0.210617  0.0132093 
-0.567888  0.530531   -0.224535  0.0249629 
-0.588481  0.45026    -0.066998  0.0190314 
-0.680466  0.497024   -0.289534  0.0113115 
-0.747048  0.545205   -0.366049  0.00766078
-0.790665  0.587179   -0.438092  0.0068779 
-0.700798  0.62203    -0.409527  0.00643682
-0.712386  0.619348   -0.416681  0.00690223
-0.790484  0.609118   -0.447064  0.00885808
-0.785647  0.66912    -0.425364  0.00774024
-0.755429  0.634087   -0.428928  0.01314   
-0.739511  0.7123     -0.382695  0.0173646 
-0.741603  0.769209   -0.313802  0.0250194 
-0.805723  0.801474   -0.296672  0.0202864 
-0.859497  0.718213   -0.375997  0.0334923 
-0.841519  0.746678   -0.251006  0.0122134 
-0.865627  0.703454   -0.415727  0.0132279 
-0.898247  0.634436   -0.40001   0.0107007 
-0.880215  0.556161   -0.366767  0.0211661 
-0.880215  0.556161   -0.366767  0.0194328 
-0.897988  0.497313   -0.230687  0.032813  
-0.830165  0.436768   -0.0233395 0.014735  
-0.901899  0.520367   -0.278228  0.01065   
-0.941061  0.614837   -0.380433  0.0119245 
-0.843124  0.548559   -0.403752  0.022327  
-0.843124  0.548559   -0.403752  0.00795591
-0.782529  0.584653   -0.433169  0.0073971 
-0.706257  0.650835   -0.407058  0.0169333 
-0.796957  0.704182   -0.401942  0.0188477 
-0.780971  0.779402   -0.326087  0.0407607 
-0.74879   0.869836   -0.161783  0.0192919 
-0.648968  0.8244     -0.297209  0.0261077 
-0.648968  0.8244     -0.297209  0.0171015 
-0.650499  0.808586   -0.30402   0.0177474 
-0.576519  0.887416   -0.283439  0.0342366 
-0.676146  0.951445   -0.159504  0.0401442 
-0.676146  0.951445   -0.159504  0.0321865 
-0.665072  0.972581   -0.153771  0.0419917 
-0.62557   0.963748   -0.183907  0.0355721 
-0.681731  0.948746   -0.18269   0.0590151 
-0.623405  1.01489    -0.0361621 0.0365735 
-0.714569  0.916196   -0.195974  0.0223685 
-0.677237  0.878289   -0.250875  0.0263944 
-0.684692  0.883566   -0.224039  0.0406955 
-0.636724  0.952575   -0.183773  0.0228817 
-0.672627  0.864249   -0.257232  0.0232203 
-0.59163   0.897331   -0.25535   0.0259962 
-0.553657  0.945987   -0.238022  0.0180745 
-0.615442  0.883502   -0.285439  0.0240647 
-0.565441  0.871071   -0.246524  0.0159481 
-0.654516  0.829033   -0.349329  0.0299027 
-0.654516  0.829033   -0.349329  0.0297987 
-0.662317  0.907057   -0.243759  0.0945925 
-0.571393  0.907843   -0.180214  0.018679  
-0.481164  0.848985   -0.266184  0.014811  
-0.543585  0.855247   -0.321658  0.0188404 
-0.470148  0.92702    -0.263551  0.0231575 
-0.529346  0.935946   -0.233115  0.0214752 
-0.553467  0.863012   -0.27921   0.0183695 
-0.537356  0.888442   -0.289458  0.0239228 
-0.473779  0.911361   -0.25135   0.0200732 
-0.443655  0.971892   -0.286849  0.0336194 
-0.413846  1.03201    -0.21891   0.0385989 
-0.358331  1.12296    -0.124423  0.0899826 
-0.371867  1.21634    0.0855316  0.100326  
-0.371867  1.21634    0.0855316  0.0346155 
-0.456813  1.11681    -0.139272  0.062257  
-0.512184  1.14743    -0.114624  0.0606086 
-0.570342  1.17378    0.0955339  0.072355  
-0.570342  1.17378    0.0955339  0.0627158 
-0.652094  1.21227    0.223165   0.137575  
-0.652094  1.21227    0.223165   0.086629  
-0.607351  1.18436    0.342837   0.0876567 
-0.646671  1.21104    0.474253   0.0739943 
-0.65336   1.16626    0.17502    0.0735305 
-0.701893  1.0869     0.0781702  0.0452972 
-0.604173  1.07223    -0.0724246 0.100826  
-0.604173  1.07223    -0.0724246 0.056455  
-0.686446  1.08877    0.058474   0.120282  
-0.732221  1.08473    0.244708   0.0745775 
-0.819561  1.08889    0.367963   0.127364  
-0.819561  1.08889    0.367963   0.0854006 
-0.798047  1.07255    0.284628   0.0650049 
-0.73218   1.03315    0.102472   0.0974363 
-0.771794  1.00102    0.206722   0.0592335 
-0.808324  0.907855   -0.014852  0.0435716 
-0.745239  0.930064   -0.0562509 0.051931  
-0.751438  0.990236   -0.0557384 0.0568894 
-0.684042  1.08012    0.0920477  0.084831  
-0.766168  1.05764    0.230959   0.0916945 
-0.766168  1.05764    0.230959   0.104933  
-0.845103  1.06426    0.43412    0.157385  
-0.845103  1.06426    0.43412    0.0803224 
-0.900532  0.986757   0.41298    0.0959299 
-0.880863  1.06832    0.719448   0.0787831 
-0.915856  0.989792   0.411021   0.102938  
-0.937103  1.01808    0.592804   0.111409  
-0.991981  1.00258    0.73624    0.0917418 
-0.935228  1.04704    0.579874   0.129501  
-0.935228  1.04704    0.579874   0.125445  
-1.02643   1.02506    0.960839   0.0924732 
-0.963363  0.931578   0.341873   0.0782877 
-1.01068   0.948658   0.542296   0.0723003 
-0.953632  1.03699    0.403945   0.0905053 
-0.996305  1.03073    0.771189   0.122918  
-0.948871  1.10741    0.901688   0.116248  
-0.928743  1.08718    0.887182   0.124264  
-1.00169   1.1122     1.13525    0.106742  
-0.908198  1.07924    0.709284   0.133456  
-0.974387  1.10499    1.08879    0.188523  
-0.974387  1.10499    1.08879    0.122836  
-0.920955  1.07224    0.837591   0.0801822 
-0.853725  1.03835    0.39408    0.0959623 
-0.867269  1.0799     0.447454   0.100224  
-0.897069  1.09043    0.581414   0.1544    
-0.897069  1.09043    0.581414   0.151473  
-0.897069  1.09043    0.581414   0.0960408 
-0.925835  1.03132    0.534682   0.0901867 
-0.831172  1.02614    0.363074   0.0788731 
-0.788697  1.07725    0.310367   0.0740313 
-0.709892  1.1325     0.233457   0.0507668 
-0.704883  1.03752    0.0473881  0.0642578 
-0.78843   1.03303    0.0907699  0.075855  
-0.78843   1.03303    0.0907699  0.0820219 
-0.701912  1.11572    0.27974    0.185374  
-0.771309  1.13602    0.626395   0.0729758 
-0.775642  1.04192    0.061805   0.0439787 
-0.699953  0.966724   -0.098567  0.0304412 
-0.696315  0.958633   -0.215173  0.069381  
-0.63857   1.05077    0.0357254  0.0965793 
-0.63857   1.05077    0.0357254  0.0534902 
-0.714101  1.0576     0.0466007  0.0779104 
-0.714101  1.0576     0.0466007  0.0820258 
-0.783899  1.14438    0.475145   0.0998988 
-0.863308  1.0593     0.448923   0.0740299 
-0.79229   1.0264     0.185438   0.074286  
-0.79229   1.0264     0.185438   0.0401252 
-0.742212  0.937589   -0.12165   0.0983309 
-0.742212  0.937589   -0.12165   0.0579415 
-0.675809  1.03155    -0.0193768 0.0322959 
-0.610783  0.961145   -0.193294  0.0334269 
-0.595326  0.981301   -0.214273  0.0394403 
-0.6018    1.00433    -0.168854  0.0297717 
-0.521532  1.04308    -0.176967  0.020377  
-0.475561  0.978604   -0.282123  0.0207458 
-0.383699  1.02043    -0.259978  0.0433058 
-0.436538  1.04455    -0.120042  0.0313217 
-0.385737  1.05753    -0.193558  0.0380641 
-0.3383    1.08811    -0.182201  0.0769906 
-0.3383    1.08811    -0.182201  0.0295395 
-0.306611  1.10366    -0.23807   0.0493077 
-0.381831  1.14794    -0.0846282 0.0425388 
-0.310514  1.09539    -0.178518  0.0554559 
-0.325257  1.13637    -0.100674  0.0622093 
-0.397648  1.2291     0.0785117  0.0747702 
-0.476699  1.19501    0.144854   0.0634534 
-0.523523  1.1347     -0.0324166 0.120977  
-0.599665  1.14862    0.262168   0.0726479 
-0.543126  1.13733    0.0276886  0.0936666 
-0.59245   1.17841    0.280107   0.0504513 
-0.565577  1.17456    0.009179   0.112648  
-0.565577  1.17456    0.009179   0.0951686 
-0.536714  1.24569    0.281757   0.143791  
-0.54882   1.33012    1.03495    0.125331  
-0.472871  1.32244    0.670489   0.123534  
-0.510875  1.34159    0.766905   0.112088  
-0.416469  1.36638    0.566148   0.102867  
-0.351701  1.30849    0.479574   0.0842842 
-0.265795  1.39407    0.52947    0.105177  
-0.206306  1.38641    0.661979   0.0835821 
-0.126062  1.34634    0.36305    0.0760119 
-0.0450649 1.26872    0.179602   0.0457406 
-0.0780197 1.21763    -0.0636171 0.0632322 
-0.165269  1.26627    0.11475    0.0801758 
-0.224241  1.26149    0.155995   0.0540053 
-0.139727  1.28045    0.0609346  0.0891434 
-0.205144  1.35162    0.291328   0.0937935 
-0.206506  1.30384    0.274842   0.0563518 
-0.117699  1.26562    0.0555188  0.0423138 
-0.0449927 1.18973    -0.114783  0.0290049 
-0.0699737 1.08993    -0.240456  0.0535924 
0.0234128  1.1537     -0.124371  0.0305324 
-0.0422562 1.11615    -0.197496  0.0226798 
-0.0721329 1.07659    -0.266108  0.0228693 
-0.119603  1.00124    -0.248261  0.0452375 
-0.176649  1.09574    -0.150672  0.0289519 
-0.249574  1.12372    -0.185614  0.0373379 
-0.263082  1.1667     -0.140221  0.0235143 
-0.195337  1.08096    -0.24744   0.0537052 
-0.195337  1.08096    -0.24744   0.0313644 
-0.158148  1.0855     -0.186146  0.0294601 
-0.253934  1.0627     -0.245985  0.0338312 
-0.235376  1.0457     -0.194357  0.0290858 
-0.258677  1.01752    -0.212713  0.0172431 
-0.225053  0.994077   -0.27052   0.0158352 
-0.149626  0.957753   -0.245981  0.015985  
-0.0823988 0.960126   -0.226958  0.0154718 
-0.119958  0.998569   -0.280826  0.0188042 
-0.0431218 0.901519   -0.202916  0.0162229 
0.00107018 0.867263   -0.165866  0.0182477 
0.0235393  0.818742   -0.136385  0.0227256 
0.00501888 0.728354   -0.0333347 0.0215086 
0.00849926 0.706629   0.0396376  0.0198474 
0.00835231 0.755338   -0.0422225 0.0195438 
-0.0660932 0.762033   -0.0532614 0.0221769 
-0.0173409 0.704187   0.0879405  0.0219669 
0.00268444 0.716084   0.0390569  0.0196342 
0.0974372  0.772335   -0.059256  0.0202063 
0.10316    0.758769   -0.0557911 0.0235677 
0.017338   0.669974   0.127347   0.0209475 
0.0887533  0.737226   -0.00377014 0.0202952 
0.124928   0.720973   0.0297406  0.0224907 
0.0808896  0.720778   0.00828313 0.0219373 
0.0412129  0.698772   0.104761   0.0235899 
0.0412129  0.698772   0.104761   0.0235683 
0.0412129  0.698772   0.104761   0.0284815 
0.124178   0.602519   0.289779   0.031351  
0.162471   0.557891   0.408634   0.0291329 
0.0674186  0.612531   0.267553   0.0322804 
0.0674186  0.612531   0.267553   0.0328198 
0.0674186  0.612531   0.267553   0.0235041 
-0.0203628 0.68329    0.0812273  0.0296882 
-0.0203628 0.68329    0.0812273  0.0199158 
-0.0567042 0.75       -0.0257604 0.0185574 
-0.143425  0.789616   -0.132863  0.0178681 
-0.18683   0.818919   -0.204395  0.0174262 
-0.161835  0.827826   -0.162083  0.0173265 
-0.148401  0.915649   -0.235219  0.0160359 
-0.12808   0.932799   -0.236909  0.0159367 
-0.115578  0.903009   -0.211487  0.0163121 
-0.186884  0.832357   -0.147147  0.0192416 
-0.18739   0.777636   -0.128957  0.0223767 
-0.093109  0.712615   0.0229453  0.0189558 
-0.162205  0.759679   -0.0919294 0.0237086 
-0.201403  0.673095   0.028302   0.0261526 
-0.177113  0.631952   0.135132   0.0218007 
-0.0883203 0.706712   0.0786324  0.0231016 
-0.0211765 0.659381   0.252723   0.0243223 
-0.0739039 0.655145   0.216178   0.0315976 
-0.0552838 0.55632    0.503906   0.0326289 
-0.0112892 0.577633   0.34166    0.0241771 
-0.0361205 0.676324   0.117247   0.0217777 
-0.114159  0.698083   0.0621142  0.0201658 
-0.0496051 0.763804   -0.0408242 0.0199819 
-0.13873   0.745025   -0.068619  0.018366  
-0.139584  0.786899   -0.0948689 0.0163694 
-0.162703  0.849145   -0.202093  0.0155435 
-0.157956  0.917036   -0.247477  0.0343192 
-0.243234  0.971819   -0.1894    0.0207534 
-0.272278  1.02925    -0.233683  0.028511  
-0.338299  1.03283    -0.216384  0.0669418 
-0.4194    1.12865    -0.0687853 0.080265  
-0.388731  1.1404     -0.0713708 0.0547085 
-0.315393  1.116      -0.114814  0.0480948 
-0.353799  1.09237    -0.179178  0.0388106 
-0.39579   1.17689    -0.0907967 0.0490873 
-0.345844  1.15417    -0.114284  0.0622105 
-0.366039  1.19675    0.012096   0.0541538 
-0.330997  1.20518    -0.0183404 0.0733035 
-0.252391  1.28764    0.174787   0.096183  
-0.245179  1.20258    0.0943682  0.0408794 
-0.270208  1.11093    -0.0983669 0.0543396 
-0.270208  1.11093    -0.0983669 0.0760873 
-0.338585  1.1759     0.0732699  0.0479399 
-0.289016  1.15299    -0.131188  0.0571508 
-0.274192  1.14582    -0.02388   0.0762992 
-0.203895  1.21814    0.0376643  0.0359027 
-0.119656  1.18789    -0.12254   0.0434063 
-0.0367714 1.12631    -0.168873  0.046418  
-0.0274331 1.21766    -0.039302  0.0850927 
0.0361677  1.21801    0.103495   0.0729917 
0.00579757 1.24144    0.0824247  0.0528737 
0.0564152  1.22       -0.0657802 0.0590897 
0.0406931  1.26979    0.0175363  0.107917  
0.0406931  1.26979    0.0175363  0.0598217 
0.0226279  1.19834    -0.0998384 0.0314064 
0.120845   1.1529     -0.252989  0.0267958 
0.192175   1.06304    -0.254975  0.0767996 
0.117973   1.15921    -0.0950001 0.0254278 
0.12402    1.0717     -0.238298  0.0272686 
0.0838491  1.08093    -0.212255  0.031793  
0.0166645  1.06506    -0.245528  0.0343528 
0.0166645  1.06506    -0.245528  0.0203375 
0.0861276  0.989442   -0.250902  0.0187294 
0.0606139  1.06975    -0.268157  0.0524017 
0.0606139  1.06975    -0.268157  0.0227582 
-0.0107519 0.99856    -0.24616   0.0378318 
-0.0777399 1.01473    -0.175236  0.0267235 
0.0135693  1.08931    -0.211521  0.0194041 
0.0949523  1.00547    -0.255325  0.0181146 
0.00245265 0.923563   -0.229344  0.0166666 
-0.060859  0.891183   -0.228389  0.0175016 
-0.0148374 0.889101   -0.188859  0.0191074 
-0.0148374 0.889101   -0.188859  0.0172249 
-0.028176  0.926378   -0.240327  0.0148149 
0.027086   0.939171   -0.228241  0.0170282 
-0.00612193 0.853888   -0.14942   0.0174511 
-0.101384  0.94463    -0.268267  0.0166051 
-0.0418901 0.94371    -0.236648  0.0164682 
0.054221   0.936335   -0.245583  0.0166575 
0.126407   0.895275   -0.209696  0.0149962 
0.132064   0.87917    -0.162846  0.0170543 
0.219972   0.809217   -0.148602  0.0179546 
0.240524   0.792747   -0.154661  0.020448  
0.168319   0.716544   0.0334185  0.0190633 
0.154213   0.777331   -0.124332  0.0178494 
0.227751   0.790169   -0.147455  0.0170108 
0.280416   0.807527   -0.166112  0.0164422 
0.374967   0.799196   -0.223196  0.0148752 
0.460031   0.8225     -0.261992  0.0142827 
0.49277    0.817483   -0.290299  0.0148275 
0.543175   0.807713   -0.293851  0.0153032 
0.631448   0.790151   -0.351181  0.0127581 
0.681141   0.706426   -0.379045  0.00998738
0.604483   0.661035   -0.328235  0.0084495 
0.682459   0.587407   -0.387711  0.0155325 
0.710278   0.519972   -0.350312  0.00758571
0.779332   0.582081   -0.432474  0.00930726
0.699337   0.679228   -0.406891  0.0103552 
0.792159   0.66109    -0.423159  0.0098132 
0.815321   0.645731   -0.433818  0.00807991
0.818449   0.611446   -0.440754  0.0132487 
0.895016   0.542549   -0.333674  0.0107331 
0.927792   0.642132   -0.391983  0.0130064 
0.91141    0.607265   -0.369596  0.0109627 
0.986338   0.564382   -0.288946  0.0217619 
1.03223    0.625323   -0.201226  0.0135929 
1.01061    0.537172   -0.214309  0.0153815 
1.05314    0.572332   -0.164346  0.0157778 
1.05101    0.506524   -0.11264   0.0274662 
1.14321    0.604299   0.0768733  0.0294697 
1.06545    0.580255   -0.113372  0.0145882 
1.08976    0.555367   -0.104988  0.0294881 
1.17032    0.59848    0.127469   0.01369   
1.08366    0.510041   -0.0181303 0.0185967 
1.06702    0.569209   -0.131978  0.0168169 
1.00978    0.618989   -0.231931  0.0352015 
1.09071    0.706209   0.0495718  0.0442188 
1.01079    0.757427   -0.0267329 0.060089  
1.08323    0.852985   0.367268   0.0626056 
1.01272    0.871693   0.261165   0.0948385 
1.01272    0.871693   0.261165   0.0859594 
1.01272    0.871693   0.261165   0.0682617 
1.0011     0.915801   0.295139   0.0564819 
0.956826   0.925931   0.199122   0.0553913 
0.869009   0.847897   -0.0901091 0.0235371 
0.906943   0.759521   -0.268492  0.0479993 
0.989136   0.764737   -0.0508832 0.0292508 
1.0202     0.71575    -0.189144  0.0201789 
0.986979   0.660675   -0.271706  0.0450756 
1.08502    0.733852   0.0933805  0.0402638 
1.15324    0.649012   0.177876   0.0386786 
1.18649    0.655297   0.226026   0.0243833 
1.0894     0.642677   -0.0924765 0.0213293 
1.15229    0.557661   0.066838   0.0324132 
1.18546    0.599988   0.203214   0.0317003 
1.21837    0.574595   0.32233    0.02864   
1.30598    0.511107   0.625451   0.0456745 
1.30598    0.511107   0.625451   0.0321248 
1.36432    0.467626   0.886444   0.0418429 
1.36432    0.467626   0.886444   0.0305829 
1.33186    0.469758   0.781675   0.0357828 
1.33186    0.469758   0.781675   0.0341173 
1.36373    0.497891   0.83337    0.0266096 
1.34354    0.44168    0.921398   0.0399958 
1.34354    0.44168    0.921398   0.0478393 
1.34354    0.44168    0.921398   0.0418121 
1.35926    0.367928   1.27064    0.0372722 
1.33079    0.372577   1.09434    0.0744144 
1.33079    0.372577   1.09434    0.0333032 
1.39835    0.412989   1.24734    0.0667281 
1.39835    0.412989   1.24734    0.0387179 
1.37371    0.510709   0.929238   0.055847  
1.38127    0.576521   1.20489    0.0364311 
1.32661    0.547459   0.722241   0.0452212 
1.25331    0.630665   0.533547   0.0555514 
1.25331    0.630665   0.533547   0.061886  
1.24885    0.719356   0.771157   0.0915366 
1.24885    0.719356   0.771157   0.0578388 
1.28172    0.672311   0.798994   0.102704  
1.28172    0.672311   0.798994   0.0672419 
1.30128    0.700212   0.995923   0.0436036 
1.23646    0.637778   0.434426   0.0313184 
1.1479     0.634149   0.124542   0.0255569 
1.2177     0.553569   0.308657   0.0171162 
1.22082    0.472665   0.346008   0.034646  
1.22082    0.472665   0.346008   0.0220028 
1.13964    0.441358   0.216834   0.0242389 
1.10445    0.435811   0.201344   0.0268175 
1.10445    0.435811   0.201344   0.0322782 
1.19386    0.392008   0.595531   0.0543103 
1.12848    0.345261   0.754267   0.034463  
1.10992    0.395858   0.474512   0.0267477 
1.01244    0.433152   0.138608   0.0417128 
0.968675   0.384031   0.446233   0.034894  
1.03241    0.403796   0.286957   0.063313  
0.959076   0.323363   1.21524    0.163575  
0.959076   0.323363   1.21524    0.0490852 
1.04285    0.362416   0.594575   0.0521004 
1.09695    0.357039   0.639783   0.0249398 
1.01924    0.441324   0.102546   0.042488  
1.01913    0.380467   0.459364   0.0419226 
1.07954    0.375977   0.552309   0.024758  
1.08541    0.438569   0.204378   0.0139848 
1.07689    0.535882   -0.0913803 0.022092  
1.02347    0.462108   -0.00145317 0.01754   
1.08817    0.474578   0.0609904  0.0191027 
1.0124     0.47542    -0.0596766 0.0105448 
0.945311   0.566433   -0.331594  0.0174509 
0.91392    0.664082   -0.347029  0.0146218 
0.96995    0.603963   -0.323413  0.0131063 
0.96995    0.603963   -0.323413  0.0137378 
0.955995   0.534716   -0.287469  0.0186971 
0.955995   0.534716   -0.287469  0.0121106 
0.996635   0.570011   -0.291599  0.0155634 
1.01407    0.61063    -0.224921  0.0197678 
1.09397    0.595016   -0.101815  0.0350405 
1.072      0.689267   0.00783434 0.0216044 
1.07028    0.60681    -0.117591  0.0202035 
1.00055    0.598048   -0.274764  0.0161307 
0.955486   0.64113    -0.318338  0.0302273 
1.018      0.696395   -0.141544  0.020855  
1.04298    0.654602   -0.198858  0.0313992 
1.08095    0.620672   -0.0930947 0.0133136 
1.01581    0.579622   -0.249432  0.0133701 
1.05145    0.54621    -0.135045  0.0145615 
1.13025    0.537876   0.0592987  0.0326788 
1.22041    0.603598   0.369663   0.0440316 
1.22041    0.603598   0.369663   0.0457444 
1.15774    0.6635     0.274163   0.0468953 
1.20027    0.679624   0.44219    0.0569034 
1.27363    0.678131   0.771407   0.0841441 
1.21219    0.766853   0.881128   0.0580413 
1.20061    0.712829   0.57772    0.0761067 
1.22029    0.776425   0.789851   0.0547459 
1.12943    0.746221   0.270597   0.0365183 
1.05264    0.698607   -0.0324907 0.0482898 
1.04063    0.76939    0.084052   0.0720596 
1.122      0.806243   0.543428   0.0516657 
1.08648    0.803654   0.219884   0.0711308 
1.08648    0.803654   0.219884   0.108538  
1.17835    0.843886   0.979532   0.112809  
1.17835    0.843886   0.979532   0.109904  
1.15163    0.892921   1.08469    0.124586  
1.1173     0.975867   1.13925    0.111752  
1.1173     0.975867   1.13925    0.0772374 
1.04653    0.878546   0.389196   0.0654772 
1.01842    0.919156   0.292371   0.0458222 
0.94574    0.82456    -0.070562  0.0738835 
1.02618    0.91201    0.405191   0.0347287 
0.951535   0.843539   -0.124936  0.0573867 
0.951535   0.843539   -0.124936  0.0367187 
0.951535   0.843539   -0.124936  0.0367396 
0.906077   0.786302   -0.189481  0.0304109 
0.884756   0.803873   -0.23975   0.051652  
0.961049   0.870617   0.0874622  0.0808328 
0.971874   0.954795   0.365114   0.0868299 
0.971874   0.954795   0.365114   0.0570836 
0.923291   0.863708   0.0657919  0.0700451 
0.906058   0.950531   0.27054    0.0788204 
0.868314   1.00134    0.323988   0.101102  
0.893208   1.05862    0.488356   0.07255   
0.810813   1.06985    0.300582   0.10761   
0.783766   1.11143    0.550158   0.107114  
0.765729   1.15405    0.668818   0.0670521 
0.6684     1.12656    0.155114   0.0895769 
0.6684     1.12656    0.155114   0.0614092 
0.652166   1.10075    0.093737   0.052199  
0.707778   1.01368    -0.0307698 0.0273592 
0.662587   0.935102   -0.247067  0.0408674 
0.604251   0.98734    -0.181839  0.0422287 
0.608948   0.995244   -0.1359    0.0327877 
0.683147   0.91259    -0.164483  0.0386466 
0.587634   0.989299   -0.190965  0.0425525 
0.656643   0.938423   -0.109513  0.0308463 
0.689079   0.865916   -0.286292  0.022671  
0.757593   0.814599   -0.301135  0.0345387 
0.757593   0.814599   -0.301135  0.0148797 
0.690002   0.760542   -0.368611  0.0220806 
0.690002   0.760542   -0.368611  0.0135288 
0.680265   0.718614   -0.355701  0.0128033 
0.687451   0.671115   -0.371236  0.0136797 
0.725395   0.762226   -0.375955  0.0117443 
0.747014   0.728767   -0.387324  0.0146561 
0.845566   0.74519    -0.380725  0.0279205 
0.795347   0.782616   -0.263603  0.0281158 
0.735482   0.841641   -0.255672  0.0279477 
0.83247    0.83131    -0.213183  0.0416741 
0.886172   0.805713   -0.183182  0.0465763 
0.927718   0.859508   0.000574032 0.0529147 
1.00123    0.8397     0.0784587  0.125077  
1.00123    0.8397     0.0784587  0.0928834 
1.10021    0.807558   0.59301    0.0539078 
1.1934     0.741527   0.46865    0.108072  
1.1934     0.741527   0.46865    0.107397  
1.28311    0.838323   1.48446    0.092479  
1.27781    0.818102   1.4115     0.0822979 
1.19331    0.787357   0.750782   0.0640033 
1.20196    0.753291   0.619851   0.0583057 
1.15488    0.697265   0.341194   0.0329333 
1.07677    0.679116   -0.0507604 0.032269  
1.09451    0.696333   0.0107235  0.0237369 
1.01551    0.599223   -0.21929   0.0144247 
0.917041   0.533357   -0.344351  0.0156344 
0.917041   0.533357   -0.344351  0.0229804 
0.917476   0.470449   -0.0954711 0.020458  
0.853207   0.498775   -0.28776   0.0274775 
0.853207   0.498775   -0.28776   0.013915  
0.88795    0.531806   -0.324067  0.0112067 
0.986706   0.575671   -0.313209  0.0215479 
1.03813    0.647028   -0.204281  0.0157814 
1.03813    0.647028   -0.204281  0.039116  
1.07676    0.727965   0.0349658  0.0346607 
0.98057    0.780539   -0.143723  0.0640049 
1.01082    0.856928   0.222535   0.0671688 
0.918224   0.89315    0.150672   0.0628997 
0.93054    0.931232   0.19297    0.069776  
0.93054    0.931232   0.19297    0.0499116 
0.986422   0.874489   0.152994   0.0551132 
0.91228    0.965911   0.139428   0.0646861 
0.888961   1.01607    0.267605   0.0919264 
0.791946   1.07668    0.319434   0.0463121 
0.744774   1.01506    -0.0270443 0.0623083 
0.744774   1.01506    -0.0270443 0.0423483 
0.649412   0.962994   -0.131561  0.0602029 
0.678422   0.974295   -0.0929588 0.0793997 
0.666885   1.03011    0.0850358  0.0480186 
0.603991   0.990937   -0.118911  0.0368225 
0.645763   0.982708   -0.130845  0.0495581 
0.611215   1.05346    -0.0367549 0.0591581 
0.640867   0.994089   -0.0636701 0.0594949 
0.641266   1.07286    0.0130574  0.0440949 
0.607707   1.0148     -0.114301  0.0506636 
0.527192   1.05289    -0.046017  0.0570407 
0.479779   1.07214    -0.0392505 0.0825412 
0.492974   1.15377    0.0579173  0.0793881 
0.588021   1.13186    0.197873   0.083323  
0.681743   1.19605    0.447405   0.0871457 
0.606584   1.19033    0.297087   0.122426  
0.638908   1.19692    0.45846    0.0784911 
0.646091   1.12754    0.228511   0.0821123 
0.65745    1.21797    0.323757   0.145391  
0.65745    1.21797    0.323757   0.116664  
0.650193   1.313      0.734153   0.0903409 
0.641271   1.24412    0.493401   0.111624  
0.549567   1.32667    0.680896   0.149752  
0.469303   1.32078    0.657416   0.106081  
0.450956   1.32621    0.492054   0.0925636 
0.431963   1.31246    0.401343   0.0988299 
0.407497   1.34169    0.487637   0.118635  
0.486564   1.38444    0.730398   0.217684  
0.486564   1.38444    0.730398   0.160369  
0.444028   1.4417     1.08088    0.175265  
0.444028   1.4417     1.08088    0.219767  
0.446546   1.52222    1.80904    0.188026  
0.532886   1.44785    1.66348    0.256407  
0.517003   1.54408    2.11757    0.258926  
0.517003   1.54408    2.11757    0.318594  
0.471774   1.6181     3.09241    0.390321  
0.471774   1.6181     3.09241    0.232981  
0.504566   1.55867    1.92029    0.180389  
0.549562   1.49767    1.44344    0.180288  
0.497423   1.42377    1.25191    0.120581  
0.420064   1.37291    0.790757   0.102641  
0.382628   1.34471    0.594539   0.144618  
0.382628   1.34471    0.594539   0.129793  
0.382628   1.34471    0.594539   0.117326  
0.460925   1.34594    0.637619   0.109514  
0.490024   1.40292    0.804099   0.144526  
0.462656   1.40176    1.07466    0.217038  
0.462656   1.40176    1.07466    0.218882  
0.462656   1.40176    1.07466    0.203076  
0.419193   1.34688    0.88365    0.146779  
0.330975   1.43368    0.861608   0.102309  
0.236766   1.36942    0.470753   0.0935108 
0.21252    1.4252     0.53906    0.0900542 
0.16423    1.3292     0.373456   0.106475  
0.198039   1.41277    0.629748   0.100254  
0.161518   1.35044    0.531691   0.0775907 
0.123908   1.33749    0.308797   0.121558  
0.123908   1.33749    0.308797   0.0644478 
0.0588696  1.27987    0.17423    0.0973037 
