#MU        SIGMA      ENERGY     ERROR     
-0.838914  0.916889   -0.119525  0.034551  
-0.863831  0.867894   -0.120837  0.0553977 
-0.86779   0.949542   0.0110217  0.0377521 
-0.842439  0.905041   -0.155737  0.0549942 
-0.842439  0.905041   -0.155737  0.0408543 
-0.901859  0.840123   -0.114812  0.0330621 
-0.952176  0.78849    -0.155437  0.0313635 
-0.918815  0.741829   -0.221349  0.0221669 
-0.96219   0.676298   -0.304426  0.0211997 
-0.96219   0.676298   -0.304426  0.0331663 
-0.96219   0.676298   -0.304426  0.0126704 
-0.935766  0.597186   -0.368069  0.0123129 
-0.87983   0.667398   -0.39893   0.0100393 
-0.898407  0.627662   -0.411455  0.020649  
-0.903054  0.673968   -0.387698  0.00725701
-0.822549  0.609657   -0.431461  0.00882384
-0.868216  0.570745   -0.401576  0.0111318 
-0.928667  0.555907   -0.355814  0.00940918
-0.871197  0.617756   -0.431574  0.00840115
-0.883324  0.605709   -0.420069  0.0138406 
-0.931521  0.529214   -0.288649  0.012607  
-0.842832  0.542476   -0.398883  0.00908023
-0.770331  0.627099   -0.435111  0.0146585 
-0.770331  0.627099   -0.435111  0.00674378
-0.713896  0.605456   -0.415141  0.0156018 
-0.713896  0.605456   -0.415141  0.0113796 
-0.65131   0.698579   -0.377714  0.00681542
-0.693883  0.631883   -0.405314  0.00825892
-0.70912   0.625486   -0.415803  0.00864636
-0.66169   0.584169   -0.365344  0.00702936
-0.756169  0.616598   -0.437462  0.0110129 
-0.776392  0.55083    -0.402179  0.00829158
-0.717241  0.641851   -0.408351  0.00752434
-0.713042  0.592469   -0.40992   0.00789842
-0.79208   0.653934   -0.436253  0.0151601 
-0.877997  0.686591   -0.406491  0.00985451
-0.880622  0.64511    -0.420464  0.0124117 
-0.836233  0.545364   -0.401903  0.0105888 
-0.807754  0.558991   -0.415482  0.00740574
-0.750528  0.612217   -0.432905  0.00986958
-0.7566    0.6722     -0.44321   0.00740097
-0.688582  0.642869   -0.406764  0.011635  
-0.612948  0.555309   -0.297035  0.0135959 
-0.612948  0.555309   -0.297035  0.0100567 
-0.702365  0.556807   -0.38928   0.0240756 
-0.702365  0.556807   -0.38928   0.0150047 
-0.702365  0.556807   -0.38928   0.0118974 
-0.715025  0.542285   -0.379427  0.0201719 
-0.804053  0.626166   -0.417373  0.0102688 
-0.716476  0.634412   -0.410547  0.0133    
-0.737273  0.727021   -0.381192  0.0194709 
-0.758532  0.784409   -0.339661  0.043963  
-0.838881  0.850372   -0.0625271 0.0712286 
-0.838881  0.850372   -0.0625271 0.0640187 
-0.886956  0.863214   -0.0185946 0.0423487 
-0.919767  0.792382   -0.148906  0.0352027 
-0.986396  0.723631   -0.10919   0.0503562 
-0.986396  0.723631   -0.10919   0.0394864 
-0.986396  0.723631   -0.10919   0.061439  
-0.986396  0.723631   -0.10919   0.034613  
-0.908576  0.797875   -0.18868   0.0300423 
-0.840819  0.826391   -0.265624  0.0457833 
-0.840819  0.826391   -0.265624  0.0468088 
-0.840819  0.826391   -0.265624  0.0198269 
-0.79319   0.741002   -0.344624  0.0110671 
-0.74492   0.692155   -0.410533  0.00637203
-0.722716  0.614558   -0.427765  0.0120017 
-0.792876  0.545461   -0.367412  0.0205126 
-0.797862  0.497131   -0.283693  0.0218592 
-0.797862  0.497131   -0.283693  0.0300455 
-0.749004  0.444721   -0.0723553 0.0351838 
-0.749004  0.444721   -0.0723553 0.0406906 
-0.657684  0.408639   0.107669   0.0264927 
-0.642274  0.452811   -0.0997603 0.0273017 
-0.694187  0.457497   -0.17124   0.0371008 
-0.694187  0.457497   -0.17124   0.0170857 
-0.626564  0.502329   -0.261592  0.0166486 
-0.635217  0.50188    -0.271355  0.0295968 
-0.635217  0.50188    -0.271355  0.0139897 
-0.635217  0.50188    -0.271355  0.0122308 
-0.554198  0.587078   -0.229387  0.0186855 
-0.619716  0.493004   -0.220512  0.0353789 
-0.619716  0.493004   -0.220512  0.0218782 
-0.619716  0.493004   -0.220512  0.0306985 
-0.619716  0.493004   -0.220512  0.0194932 
-0.619716  0.493004   -0.220512  0.0127185 
-0.643853  0.53717    -0.315446  0.0106054 
-0.59885   0.62911    -0.31618   0.0106384 
-0.605242  0.61048    -0.326614  0.0100433 
-0.604289  0.619593   -0.307309  0.0128413 
-0.5983    0.687866   -0.310863  0.0140739 
-0.659293  0.765096   -0.359281  0.0113604 
-0.565256  0.666108   -0.26837   0.0142079 
-0.570377  0.724293   -0.296748  0.0126187 
-0.552284  0.645384   -0.268595  0.0111902 
-0.599778  0.686531   -0.339332  0.00997601
-0.628372  0.652152   -0.348108  0.00926906
-0.70059   0.568143   -0.38883   0.0194759 
-0.799438  0.499418   -0.303858  0.0154839 
-0.85094   0.521544   -0.311499  0.00607341
-0.798554  0.608375   -0.457179  0.0152246 
-0.780531  0.525766   -0.367334  0.0338066 
-0.780531  0.525766   -0.367334  0.0117625 
-0.737168  0.544414   -0.392842  0.026739  
-0.737168  0.544414   -0.392842  0.0110476 
-0.652118  0.541553   -0.295511  0.0126491 
-0.686385  0.533141   -0.319878  0.0100322 
-0.680138  0.603469   -0.370666  0.0104716 
-0.636739  0.697547   -0.368078  0.00751269
-0.715306  0.609752   -0.415823  0.0160369 
-0.715306  0.609752   -0.415823  0.00599315
-0.761977  0.628276   -0.447447  0.0121878 
-0.689276  0.709182   -0.366574  0.0114787 
-0.612943  0.677196   -0.349065  0.0123133 
-0.692626  0.755663   -0.374169  0.0224801 
-0.618495  0.844821   -0.305417  0.0145266 
-0.618495  0.844821   -0.305417  0.023817  
-0.524941  0.933482   -0.224971  0.0160343 
-0.452746  0.939788   -0.298751  0.0163936 
-0.353401  1.00961    -0.317335  0.0217488 
-0.44235   0.956896   -0.28902   0.0224156 
-0.352098  0.941175   -0.24051   0.0213582 
-0.29052   0.968854   -0.226977  0.0221728 
-0.227326  0.956864   -0.241564  0.0216786 
-0.146915  0.906496   -0.204064  0.0233806 
-0.146915  0.906496   -0.204064  0.0193096 
-0.231583  0.99191    -0.27301   0.0193563 
-0.175085  0.958769   -0.236541  0.0243118 
-0.127937  1.0234     -0.199698  0.0149282 
-0.115037  0.945666   -0.254677  0.0151732 
-0.159762  0.922475   -0.271876  0.0164631 
-0.159762  0.922475   -0.271876  0.0197117 
-0.245713  0.990747   -0.30129   0.0261405 
-0.245713  0.990747   -0.30129   0.0342921 
-0.245713  0.990747   -0.30129   0.0182937 
-0.169484  0.976883   -0.261104  0.0246954 
-0.26219   0.91358    -0.220743  0.0178976 
-0.265552  0.857756   -0.212225  0.0188333 
-0.319903  0.875688   -0.227141  0.0243923 
-0.280013  0.886597   -0.186415  0.0161338 
-0.335679  0.862235   -0.255266  0.0209574 
-0.406979  0.948992   -0.251323  0.0254887 
-0.453456  0.91083    -0.246306  0.0157789 
-0.385734  0.831229   -0.215031  0.018056  
-0.337868  0.930372   -0.255025  0.0155214 
-0.384905  0.838307   -0.236676  0.0165829 
-0.384905  0.838307   -0.236676  0.0172842 
-0.423515  0.932425   -0.289668  0.0186583 
-0.408416  0.894108   -0.275131  0.0154734 
-0.335954  0.845102   -0.20544   0.0156952 
-0.274078  0.852891   -0.236589  0.0175895 
-0.17806   0.801801   -0.14257   0.0207109 
-0.0783286 0.755148   -0.0178149 0.0187096 
-0.00634319 0.785094   -0.0818805 0.0199947 
-0.100608  0.761322   -0.0374215 0.0180834 
-0.0731462 0.834384   -0.118999  0.0183137 
-0.114422  0.797457   -0.104941  0.0175319 
-0.069676  0.822869   -0.1925    0.0170009 
-0.069676  0.822869   -0.1925    0.019527  
-0.069676  0.822869   -0.1925    0.019125  
-0.00201877 0.785745   -0.0719966 0.0174336 
-0.0337625 0.829995   -0.122431  0.018797  
-0.0470601 0.784968   -0.0631619 0.0205273 
0.0168875  0.737113   0.017531   0.0189468 
0.0883317  0.797889   -0.119146  0.0178875 
0.0900688  0.830722   -0.143428  0.0173186 
0.185495   0.832028   -0.182669  0.0195978 
0.132466   0.771695   -0.082282  0.0211575 
0.132466   0.771695   -0.082282  0.0215484 
0.132466   0.771695   -0.082282  0.0173547 
0.226953   0.815331   -0.156442  0.0158461 
0.209009   0.910238   -0.254537  0.0211181 
0.287162   0.984738   -0.244888  0.022133  
0.384714   0.952745   -0.252595  0.0272042 
0.336728   1.04851    -0.212899  0.0343289 
0.246816   1.12051    -0.182492  0.0377713 
0.299369   1.0255     -0.18791   0.0463198 
0.330389   1.07394    -0.14113   0.0304612 
0.359312   1.08456    -0.213243  0.034282  
0.43713    1.01748    -0.171464  0.0281893 
0.355083   1.06227    -0.225208  0.0489805 
0.305437   1.11224    -0.095403  0.0404109 
0.258712   1.17087    -0.119579  0.0476856 
0.258712   1.17087    -0.119579  0.0235809 
0.182366   1.09439    -0.227125  0.0481714 
0.182366   1.09439    -0.227125  0.0570199 
0.0883221  1.14084    -0.0989746 0.0383525 
0.0981645  1.15935    -0.1763    0.0438343 
0.0935288  1.17521    -0.156745  0.0557812 
0.0935288  1.17521    -0.156745  0.0510313 
0.163437   1.16801    -0.0475184 0.0563415 
0.25258    1.135      -0.116954  0.0482444 
0.25258    1.135      -0.116954  0.0483892 
0.276883   1.12641    -0.143275  0.0374896 
0.367379   1.04475    -0.130785  0.0756559 
0.380055   0.986983   -0.1903    0.0292067 
0.32331    1.00384    -0.219745  0.0246726 
0.235869   0.993813   -0.225096  0.0381855 
0.233686   1.08152    -0.200944  0.0370241 
0.201695   1.11583    -0.15462   0.035566  
0.110537   1.13242    -0.166507  0.0329077 
0.10736    1.13163    -0.148384  0.0236968 
0.04277    1.12202    -0.2237    0.0362127 
0.0836871  1.06544    -0.214531  0.0397466 
0.115969   1.15226    -0.177587  0.0265167 
0.0162603  1.09141    -0.193768  0.0250469 
-0.0835942 1.06627    -0.217018  0.0184919 
-0.18111   0.972085   -0.210163  0.0259528 
-0.19139   1.0488     -0.245863  0.0362254 
-0.19139   1.0488     -0.245863  0.0169764 
-0.196671  0.995534   -0.271249  0.0291909 
-0.196671  0.995534   -0.271249  0.0207548 
-0.258952  0.993579   -0.253006  0.0155183 
-0.324217  0.902408   -0.273151  0.0212906 
-0.33304   0.982449   -0.263051  0.0270662 
-0.395905  1.00399    -0.270444  0.0184411 
-0.297068  0.980738   -0.279507  0.0199303 
-0.301078  1.01503    -0.253092  0.0180459 
-0.242723  0.938789   -0.234808  0.0164802 
-0.242817  0.900461   -0.253702  0.0176834 
-0.204495  0.905423   -0.214258  0.0174403 
-0.202363  0.982739   -0.26991   0.0262649 
-0.232947  1.03157    -0.216789  0.0180464 
-0.283796  0.963905   -0.251156  0.0157303 
-0.286885  0.883557   -0.27682   0.0172072 
-0.286885  0.883557   -0.27682   0.0154074 
-0.264277  0.873093   -0.248837  0.0171988 
-0.182109  0.900376   -0.236144  0.0190995 
-0.209154  0.9809     -0.220481  0.0226913 
-0.224665  1.00472    -0.259928  0.0224294 
-0.206951  0.990064   -0.279811  0.0144066 
-0.197801  0.944968   -0.231563  0.0167631 
-0.294394  0.940072   -0.249959  0.0191762 
-0.242912  0.987976   -0.260289  0.0179963 
-0.178189  0.890364   -0.197081  0.0174036 
-0.0971041 0.880663   -0.201923  0.0181116 
-0.0776583 0.97978    -0.245081  0.0178552 
-0.164851  0.913239   -0.233314  0.0245154 
-0.178506  0.982358   -0.279498  0.0268662 
-0.167155  1.03311    -0.242795  0.0160991 
-0.132974  0.966651   -0.24683   0.0177014 
-0.0564885 0.932781   -0.233956  0.0161202 
-0.0246027 0.970262   -0.210786  0.0247912 
0.0274928  1.00978    -0.252599  0.0301267 
0.013767   1.09475    -0.217731  0.0355917 
-0.0500545 1.19385    -0.121403  0.039385  
0.0104259  1.09712    -0.159558  0.0266528 
0.0918152  1.03452    -0.213292  0.0164159 
0.17936    0.958412   -0.269728  0.0166034 
0.17936    0.958412   -0.269728  0.0237518 
0.163493   1.04758    -0.248582  0.0248729 
0.199325   1.04737    -0.219572  0.0229739 
0.120703   1.0146     -0.250776  0.0151121 
0.187968   0.938802   -0.203378  0.0196154 
0.274528   1.03596    -0.275352  0.0206729 
0.188708   1.00205    -0.260073  0.0193026 
0.161397   1.02291    -0.270933  0.0414133 
0.0647974  1.1094     -0.136401  0.0364571 
0.112316   1.14813    -0.153182  0.0375284 
0.202768   1.133      -0.134692  0.0508784 
0.202768   1.133      -0.134692  0.0541189 
0.295947   1.19279    -0.0835846 0.0656873 
0.295947   1.19279    -0.0835846 0.0783194 
0.295947   1.19279    -0.0835846 0.0404696 
0.265252   1.12624    -0.180249  0.0483852 
0.19363    1.20338    -0.134945  0.0408867 
0.131817   1.12442    -0.121568  0.039373  
0.212034   1.0614     -0.207972  0.0348734 
0.302484   1.05535    -0.172675  0.0460383 
0.334304   0.98108    -0.20972   0.021023  
0.319938   0.958054   -0.245521  0.0199281 
0.393005   0.898692   -0.251852  0.0157524 
0.482726   0.813722   -0.269895  0.0152218 
0.413529   0.886421   -0.265592  0.0168745 
0.413529   0.886421   -0.265592  0.0150969 
0.482568   0.872055   -0.299723  0.0155147 
0.4364     0.794373   -0.260045  0.0149341 
0.403606   0.865045   -0.268664  0.020078  
0.448195   0.922441   -0.255355  0.0192937 
0.472358   0.867448   -0.262332  0.0345922 
0.557049   0.933652   -0.224713  0.0212905 
0.469539   0.978298   -0.26038   0.0362626 
0.525275   0.954405   -0.217489  0.022061  
0.455822   0.895227   -0.236631  0.0185825 
0.491299   0.918626   -0.297516  0.0219612 
0.504684   0.935506   -0.243398  0.0281602 
0.555541   0.920439   -0.249402  0.0269081 
0.617284   0.960081   -0.243786  0.0463283 
0.708813   0.975459   -0.102818  0.0334185 
0.739284   0.913149   -0.167738  0.0233655 
0.804859   0.838381   -0.285621  0.0115019 
0.716546   0.74382    -0.389324  0.0249736 
0.725982   0.766549   -0.307537  0.0131297 
0.660993   0.78185    -0.369437  0.0198747 
0.569219   0.844521   -0.266182  0.0246651 
0.470884   0.861743   -0.250789  0.0186205 
0.438941   0.919471   -0.256271  0.0292799 
0.45732    0.947639   -0.254123  0.043044  
0.544345   1.02151    -0.173248  0.0374091 
0.519027   0.970888   -0.177682  0.0250649 
0.53317    0.953145   -0.212225  0.0226376 
0.526867   0.856445   -0.268816  0.0128436 
0.529641   0.76771    -0.293327  0.0120101 
0.563202   0.707562   -0.30045   0.00996736
0.6516     0.719563   -0.385517  0.0133235 
0.6516     0.719563   -0.385517  0.0191531 
0.6516     0.719563   -0.385517  0.0149784 
0.644235   0.752122   -0.348989  0.0124754 
0.568692   0.702351   -0.286772  0.0115129 
0.661438   0.713882   -0.371115  0.0108575 
0.599919   0.660173   -0.328597  0.00940549
0.669084   0.578364   -0.387508  0.00909099
0.669084   0.578364   -0.387508  0.00804772
0.673985   0.611034   -0.389357  0.00787925
0.726693   0.652292   -0.413879  0.0152875 
0.813612   0.74887    -0.385195  0.0379942 
0.813612   0.74887    -0.385195  0.0207972 
0.872524   0.757217   -0.310559  0.0386116 
0.929927   0.788516   -0.122748  0.0237161 
0.858903   0.762728   -0.307731  0.0296729 
0.858903   0.762728   -0.307731  0.0464682 
0.858903   0.762728   -0.307731  0.0121452 
0.87891    0.665795   -0.406798  0.0251408 
0.84879    0.730485   -0.338954  0.0258951 
0.794435   0.783088   -0.343023  0.0292886 
0.794435   0.783088   -0.343023  0.0380924 
0.794435   0.783088   -0.343023  0.0215434 
0.723879   0.778095   -0.337306  0.0227817 
0.670186   0.863211   -0.314268  0.0396923 
0.586998   0.95478    -0.14939   0.0546749 
0.550607   1.03213    -0.0941537 0.0604113 
0.644894   1.02923    -0.0225846 0.0658767 
0.644894   1.02923    -0.0225846 0.0275309 
0.639716   0.946099   -0.242564  0.0321916 
0.659828   0.870278   -0.225605  0.0215874 
0.561813   0.856495   -0.28839   0.0242168 
0.493851   0.905493   -0.256758  0.0311803 
0.591745   0.901715   -0.210361  0.0254424 
0.688073   0.873692   -0.273758  0.0307255 
0.599423   0.917287   -0.248963  0.0455857 
0.608186   0.996259   -0.147069  0.028831  
0.540329   0.933476   -0.231964  0.0329722 
0.456803   0.948049   -0.242134  0.0151341 
0.363564   0.87039    -0.264884  0.0214773 
0.374587   0.965851   -0.255499  0.01864   
0.307002   0.962185   -0.283977  0.0153991 
0.254224   0.911698   -0.272436  0.0163748 
0.256245   0.829596   -0.195511  0.0181027 
0.161207   0.799449   -0.162077  0.019955  
0.161207   0.799449   -0.162077  0.0189844 
0.103258   0.796316   -0.0915765 0.0163699 
0.201612   0.863666   -0.197095  0.0188189 
0.201612   0.863666   -0.197095  0.0212062 
0.257801   0.946601   -0.25258   0.0220477 
0.241431   0.937316   -0.223204  0.0205141 
0.31309    0.925387   -0.243521  0.0306008 
0.227089   0.961608   -0.238222  0.028816  
0.193351   1.00362    -0.25175   0.0174678 
0.185931   0.953282   -0.25839   0.0180263 
0.242954   0.855986   -0.186344  0.0177758 
0.170658   0.807277   -0.125229  0.0200731 
0.170658   0.807277   -0.125229  0.0194555 
0.187501   0.761171   -0.115639  0.0221556 
0.187501   0.761171   -0.115639  0.0179907 
0.187501   0.761171   -0.115639  0.0183485 
0.201035   0.772105   -0.110009  0.0164854 
0.251139   0.843377   -0.228224  0.0174653 
0.269587   0.794413   -0.166323  0.0178964 
0.345502   0.812759   -0.200865  0.0161213 
0.392185   0.836991   -0.244114  0.0175866 
0.392185   0.836991   -0.244114  0.0161594 
0.369493   0.910644   -0.264101  0.0156753 
0.363302   0.822893   -0.228519  0.017402  
0.276038   0.832835   -0.229894  0.0195971 
0.23071    0.735495   -0.0675087 0.0199589 
0.147176   0.757946   -0.0863315 0.018394  
0.108832   0.803317   -0.157628  0.0157002 
0.0758392  0.892034   -0.193654  0.0177645 
0.0951418  0.964975   -0.217289  0.0289978 
0.15559    1.03709    -0.230114  0.0166049 
0.066644   1.02609    -0.285507  0.0261886 
0.066644   1.02609    -0.285507  0.0293181 
0.066644   1.02609    -0.285507  0.0175346 
0.0640945  0.96264    -0.234873  0.0157096 
0.0137782  0.916183   -0.20422   0.0167802 
-0.0606921 0.946632   -0.240812  0.017067  
-0.0606921 0.946632   -0.240812  0.0168688 
-0.0825823 0.854163   -0.191249  0.0164164 
-0.0359102 0.865516   -0.159169  0.0171729 
-0.014889  0.918481   -0.208977  0.0193012 
-0.0289484 0.943705   -0.239523  0.0199953 
-0.057311  0.930662   -0.209414  0.016284  
-0.0603273 0.870056   -0.189989  0.0170244 
-0.0888868 0.85273    -0.195349  0.0156232 
-0.0916633 0.9156     -0.249012  0.0168513 
-0.0644949 0.840938   -0.169699  0.0150792 
-0.143336  0.905313   -0.224712  0.0159496 
-0.109712  0.939234   -0.261657  0.0195455 
-0.109712  0.939234   -0.261657  0.0183104 
-0.0738901 0.855557   -0.142068  0.0177743 
-0.11928   0.921314   -0.221002  0.0180291 
-0.148879  0.980557   -0.257342  0.0205319 
-0.0502018 0.988058   -0.281269  0.0149997 
-0.12754   0.93513    -0.271422  0.0218276 
-0.11737   0.882192   -0.23047   0.0169378 
-0.0423675 0.969605   -0.265709  0.0172229 
-0.0342675 0.960474   -0.208257  0.028799  
-0.000752443 0.918883   -0.239554  0.0188488 
0.0810101  0.943223   -0.207514  0.0154712 
0.114804   0.936562   -0.261049  0.0176655 
0.114804   0.936562   -0.261049  0.017257  
0.131515   0.899206   -0.221107  0.0574906 
0.0941786  0.932955   -0.206174  0.0160772 
0.0941786  0.932955   -0.206174  0.017979  
0.170966   0.958816   -0.240439  0.0193604 
0.0837391  0.938893   -0.21215   0.0177715 
0.0732134  0.929856   -0.248591  0.0158239 
-0.00362629 0.967763   -0.271966  0.0177402 
-0.0478967 0.925863   -0.221406  0.0164244 
-0.132214  0.936289   -0.27769   0.026508  
-0.185377  0.974006   -0.223779  0.0174197 
-0.185494  0.884615   -0.210043  0.0173784 
-0.111983  0.874088   -0.173185  0.0188229 
-0.0134293 0.793729   -0.0755388 0.018895  
0.0627801  0.804289   -0.158386  0.0223871 
-0.0353595 0.736243   -0.0200377 0.024124  
0.0562401  0.681906   0.0753354  0.0222909 
0.0829398  0.688196   0.0987969  0.0220195 
0.149387   0.70869    0.00561032 0.0250608 
0.149387   0.70869    0.00561032 0.0212465 
0.245785   0.673384   0.0165509  0.0231975 
0.261384   0.642612   0.0286176  0.0238742 
0.311459   0.570113   0.178747   0.0302959 
0.239719   0.517597   0.419777   0.0427328 
0.239719   0.517597   0.419777   0.033515  
0.25474    0.445222   0.599793   0.0386967 
0.25474    0.445222   0.599793   0.0349148 
0.25474    0.445222   0.599793   0.0504561 
0.25474    0.445222   0.599793   0.0302427 
0.234233   0.532689   0.37925    0.0376432 
0.234233   0.532689   0.37925    0.0282345 
0.203731   0.562501   0.337823   0.031076  
0.203731   0.562501   0.337823   0.0233411 
0.170409   0.65333    0.145231   0.0253684 
0.229143   0.587394   0.234923   0.0238897 
0.298285   0.582634   0.156408   0.0210339 
0.242944   0.672866   0.0628702  0.0192577 
0.260599   0.727858   -0.0580466 0.0196437 
0.264581   0.711664   -0.0273821 0.0198039 
0.226761   0.741276   -0.0939645 0.0227459 
0.226761   0.741276   -0.0939645 0.0172296 
0.252911   0.8219     -0.189806  0.017944  
0.252911   0.8219     -0.189806  0.0188001 
0.305549   0.802068   -0.191396  0.0170865 
0.312572   0.779357   -0.16509   0.0157923 
0.401292   0.778281   -0.181611  0.0167723 
0.39452    0.714287   -0.179947  0.01803   
0.350601   0.712354   -0.123631  0.0166702 
0.438209   0.697187   -0.167852  0.0162137 
0.454987   0.694217   -0.191569  0.0172943 
0.454987   0.694217   -0.191569  0.0134223 
0.547287   0.79301    -0.299999  0.0176552 
0.473811   0.855128   -0.272911  0.0141206 
0.511629   0.768772   -0.279718  0.0168344 
0.513498   0.787907   -0.239737  0.0219363 
0.562722   0.864934   -0.243672  0.0259069 
0.606261   0.776522   -0.289532  0.0307043 
0.606261   0.776522   -0.289532  0.00851768
0.705791   0.687454   -0.407835  0.0189565 
0.705791   0.687454   -0.407835  0.00661846
0.726783   0.663939   -0.421413  0.00590322
0.7838     0.657834   -0.446499  0.0105771 
0.825074   0.683524   -0.421125  0.0251792 
0.882538   0.7477     -0.296217  0.015246  
0.852417   0.68283    -0.397395  0.0209282 
0.860503   0.742725   -0.321293  0.0340106 
0.860503   0.742725   -0.321293  0.0382905 
0.904084   0.841286   -0.135592  0.100567  
0.904084   0.841286   -0.135592  0.041773  
0.918297   0.813633   -0.106353  0.0786811 
0.918297   0.813633   -0.106353  0.0893973 
0.977267   0.882313   0.256912   0.0954655 
0.977267   0.882313   0.256912   0.0547858 
0.932905   0.814098   -0.0817136 0.0271184 
0.974612   0.721622   -0.197022  0.0192479 
0.905258   0.683409   -0.350926  0.0149586 
0.904488   0.646763   -0.384781  0.0100905 
0.874976   0.564277   -0.406458  0.0113124 
0.874976   0.564277   -0.406458  0.0107273 
0.888735   0.560198   -0.389298  0.0085931 
0.856539   0.637517   -0.43259   0.00857236
0.889075   0.586742   -0.40719   0.0119843 
0.874047   0.654677   -0.421462  0.0153226 
0.833141   0.718857   -0.378757  0.0231856 
0.767966   0.816255   -0.308663  0.0281831 
0.693015   0.915261   -0.238981  0.0317001 
0.652602   0.891067   -0.258627  0.0272421 
0.633312   0.801458   -0.30241   0.0270395 
0.596829   0.875285   -0.25009   0.0158262 
0.59137    0.803051   -0.298521  0.0183023 
0.586975   0.774205   -0.301543  0.0107797 
0.592233   0.68834    -0.305341  0.0140855 
0.537204   0.766181   -0.275148  0.0152499 
0.537204   0.766181   -0.275148  0.0128292 
0.572731   0.737351   -0.304792  0.0131199 
0.611983   0.761281   -0.335366  0.0185429 
0.611983   0.761281   -0.335366  0.0118934 
0.602098   0.782423   -0.332324  0.0235082 
0.60558    0.862387   -0.247166  0.039001  
0.669922   0.933974   -0.178596  0.0447005 
0.669922   0.933974   -0.178596  0.0878606 
0.669922   0.933974   -0.178596  0.0218885 
0.589437   0.878418   -0.289909  0.0181747 
0.659606   0.820402   -0.318496  0.0307369 
0.678551   0.887656   -0.235432  0.0379499 
0.661258   0.920504   -0.165523  0.0373304 
0.705706   0.940813   -0.145889  0.0316091 
0.703151   0.909058   -0.191196  0.038662  
0.670597   0.95204    -0.119887  0.0557929 
0.635997   1.05014    0.0221738  0.1012    
0.635997   1.05014    0.0221738  0.0695122 
0.635997   1.05014    0.0221738  0.032367  
0.569476   0.971846   -0.190808  0.0340948 
0.650709   0.910875   -0.218567  0.0353256 
0.650709   0.910875   -0.218567  0.0277839 
0.692329   0.894469   -0.262181  0.0329884 
0.628599   0.965006   -0.219144  0.066948  
0.709041   0.931277   -0.071665  0.0459283 
0.686523   0.975378   -0.0985214 0.0317717 
0.65036    0.947216   -0.234421  0.0553108 
0.65036    0.947216   -0.234421  0.030175  
0.690347   0.939985   -0.204057  0.0372573 
0.713967   0.870898   -0.185677  0.0279544 
0.742975   0.839452   -0.253297  0.0346707 
0.793271   0.838309   -0.225229  0.0213808 
0.832212   0.777597   -0.339506  0.0122374 
0.796802   0.689936   -0.411677  0.0176206 
0.799575   0.707681   -0.388454  0.0178207 
0.745618   0.775869   -0.343918  0.0140841 
0.69764    0.738183   -0.385782  0.0191156 
0.763371   0.798731   -0.320195  0.0243172 
0.740499   0.799192   -0.322558  0.0265761 
0.686026   0.872861   -0.275769  0.0350673 
0.770906   0.912942   -0.191151  0.0429995 
0.812276   0.888589   -0.149651  0.0436589 
0.768484   0.988382   -0.0696981 0.03801   
0.798677   0.92316    -0.151053  0.039216  
0.884186   0.848847   -0.129941  0.0529923 
0.884186   0.848847   -0.129941  0.0461874 
0.975101   0.781215   -0.0783854 0.0423958 
1.00688    0.783221   -0.0137454 0.0300245 
0.974916   0.779202   -0.152883  0.0291902 
0.974916   0.779202   -0.152883  0.0282842 
0.96052    0.738906   -0.191357  0.0267476 
1.01868    0.658449   -0.245939  0.0171453 
0.919102   0.659988   -0.344212  0.0406408 
0.919102   0.659988   -0.344212  0.0242773 
0.977201   0.726393   -0.207361  0.049654  
0.977201   0.726393   -0.207361  0.015389  
1.01705    0.637485   -0.273265  0.0160917 
1.06831    0.562957   -0.116629  0.0238023 
1.00356    0.652307   -0.239553  0.0288843 
1.00356    0.652307   -0.239553  0.02856   
0.936874   0.69337    -0.227812  0.0182994 
0.976352   0.62475    -0.302475  0.0197354 
0.99941    0.660064   -0.249653  0.0283425 
0.99941    0.660064   -0.249653  0.0105385 
0.902255   0.56948    -0.373708  0.00681871
0.819068   0.623919   -0.434835  0.0123432 
0.766077   0.683784   -0.407051  0.00739996
0.76905    0.598088   -0.436746  0.00860027
0.819888   0.636239   -0.442382  0.0122279 
0.80441    0.542513   -0.382643  0.0283633 
0.794681   0.460486   -0.161817  0.0100811 
0.753451   0.55624    -0.399769  0.00682279
0.735053   0.636221   -0.425012  0.006443  
0.738257   0.662146   -0.421061  0.0067706 
0.70967    0.612241   -0.407425  0.00990593
0.71626    0.564934   -0.402212  0.00846257
0.66426    0.599899   -0.377315  0.0109493 
0.599688   0.598531   -0.322415  0.0123016 
0.636705   0.542655   -0.329243  0.0150432 
0.704761   0.518377   -0.365005  0.0222742 
0.794668   0.487236   -0.289836  0.00970929
0.869805   0.573643   -0.3856    0.0227529 
0.837232   0.488161   -0.281514  0.00797756
0.808032   0.578925   -0.424317  0.00783737
0.713213   0.586372   -0.415501  0.0141049 
0.788441   0.529466   -0.370551  0.00692892
0.79445    0.589692   -0.444352  0.0203988 
0.79445    0.589692   -0.444352  0.00822548
0.732421   0.653868   -0.43326   0.0146083 
0.729504   0.725088   -0.389859  0.0377129 
0.785      0.816385   -0.287368  0.0458808 
0.785      0.816385   -0.287368  0.0286011 
0.703114   0.826655   -0.291265  0.0112645 
0.709121   0.740689   -0.39397   0.0103671 
0.611233   0.673395   -0.354166  0.0110343 
0.611233   0.673395   -0.354166  0.0119718 
0.566356   0.682262   -0.283565  0.013681  
0.566356   0.682262   -0.283565  0.0117413 
0.589634   0.681458   -0.335598  0.0138768 
0.589634   0.681458   -0.335598  0.0119858 
0.589634   0.681458   -0.335598  0.0141721 
0.518928   0.62235    -0.207747  0.0128311 
0.552308   0.679022   -0.292691  0.0140076 
0.52548    0.724168   -0.2785    0.0152624 
0.523046   0.776249   -0.28884   0.015287  
0.530065   0.785419   -0.298457  0.0141103 
0.510734   0.693026   -0.260309  0.0164187 
0.510734   0.693026   -0.260309  0.0160312 
0.415949   0.763197   -0.258394  0.018136  
0.515241   0.828646   -0.28305   0.0134134 
0.530329   0.74606    -0.286563  0.0148716 
0.445735   0.742961   -0.234357  0.0143619 
0.51319    0.656819   -0.257109  0.0160362 
0.421083   0.704696   -0.137151  0.0160985 
0.441641   0.69172    -0.165487  0.0167689 
0.410309   0.694839   -0.147354  0.0167697 
0.334705   0.776708   -0.192043  0.0154438 
0.404311   0.845617   -0.267643  0.0197699 
0.50083    0.864488   -0.260717  0.0187244 
0.522342   0.863102   -0.291676  0.0187702 
0.61098    0.851934   -0.308829  0.0240628 
0.583718   0.880966   -0.239674  0.0185989 
0.647694   0.838762   -0.300758  0.0211057 
0.647694   0.838762   -0.300758  0.0168355 
0.574017   0.872193   -0.297826  0.0248819 
0.554362   0.92865    -0.247124  0.0479054 
0.554362   0.92865    -0.247124  0.0227696 
0.526991   0.935922   -0.274884  0.0315388 
0.593104   0.989326   -0.214457  0.0381161 
0.573229   0.97409    -0.172073  0.0476439 
0.573229   0.97409    -0.172073  0.0370925 
0.555264   0.927368   -0.195178  0.0201747 
0.621088   0.853753   -0.278074  0.0134199 
0.567226   0.762984   -0.312212  0.0147406 
0.484787   0.844656   -0.273103  0.0131961 
0.532896   0.772988   -0.302639  0.0147904 
0.533211   0.73999    -0.301331  0.0158682 
0.533211   0.73999    -0.301331  0.0153488 
0.43585    0.737468   -0.182804  0.0170206 
0.36044    0.772788   -0.184096  0.0162209 
0.388045   0.792635   -0.218375  0.0175197 
0.294802   0.791006   -0.175299  0.0177729 
0.269499   0.777542   -0.125349  0.0164168 
0.308073   0.810401   -0.191796  0.0167316 
0.242133   0.882108   -0.246189  0.018187  
0.257577   0.978888   -0.267402  0.0259167 
0.188206   0.954622   -0.226821  0.0293586 
0.148102   0.870321   -0.152509  0.017907  
0.074229   0.835698   -0.171522  0.0170246 
0.164963   0.838822   -0.167927  0.0190399 
0.155455   0.788822   -0.159036  0.0186263 
0.183066   0.765203   -0.0756042 0.0207798 
0.262134   0.860905   -0.216076  0.022943  
0.303143   0.902007   -0.223275  0.019708  
0.363586   0.928753   -0.260958  0.0157756 
0.318686   0.858458   -0.197597  0.0163679 
0.325811   0.812777   -0.192344  0.0177192 
0.244336   0.797491   -0.163877  0.0199323 
0.300298   0.718642   -0.0917875 0.0172179 
0.267287   0.786383   -0.133515  0.0203758 
0.267287   0.786383   -0.133515  0.0177932 
0.364805   0.840844   -0.237902  0.0172987 
0.287263   0.786629   -0.136425  0.0169403 
0.27889    0.824719   -0.201019  0.0168565 
0.359978   0.873571   -0.278769  0.0280175 
0.295413   0.913538   -0.210369  0.015612  
0.392609   0.816674   -0.282649  0.0157286 
0.385969   0.853337   -0.25928   0.0173859 
0.385969   0.853337   -0.25928   0.0165946 
0.421726   0.914859   -0.293468  0.0235254 
0.501285   0.928526   -0.275116  0.0249698 
0.525656   0.922827   -0.24311   0.0154918 
0.470095   0.860829   -0.280569  0.0277721 
0.470095   0.860829   -0.280569  0.0163748 
0.374158   0.893178   -0.2523    0.0166843 
0.419053   0.804779   -0.233626  0.0165788 
0.419053   0.804779   -0.233626  0.0160668 
0.419053   0.804779   -0.233626  0.0188371 
0.3803     0.899327   -0.265399  0.0175837 
0.416048   0.835849   -0.233823  0.0167922 
0.416048   0.835849   -0.233823  0.0218194 
0.43385    0.919956   -0.256723  0.018412  
0.369891   0.862402   -0.239281  0.0164638 
0.369891   0.862402   -0.239281  0.0169768 
0.348141   0.837087   -0.228362  0.0154469 
0.323372   0.930878   -0.28801   0.0245436 
0.323372   0.930878   -0.28801   0.0204811 
0.308857   0.946037   -0.235828  0.0168208 
0.303726   0.88099    -0.23861   0.0175871 
0.400962   0.843258   -0.262475  0.018414  
0.447533   0.909265   -0.259358  0.0365707 
0.468649   0.919064   -0.216323  0.0269765 
0.529799   0.919286   -0.258101  0.0270222 
0.557993   0.943377   -0.23095   0.0510563 
0.557993   0.943377   -0.23095   0.0465025 
0.557993   0.943377   -0.23095   0.0353504 
0.468276   1.02591    -0.165439  0.0231937 
0.464933   0.96085    -0.274135  0.0737818 
0.498219   1.0293     -0.107819  0.0196312 
0.49407    0.974831   -0.267678  0.0272094 
0.449926   0.888877   -0.251623  0.0156564 
0.372338   0.826911   -0.23799   0.0153512 
0.345921   0.858939   -0.244543  0.0284733 
0.345921   0.858939   -0.244543  0.017235  
0.352189   0.781654   -0.204414  0.030908  
0.386671   0.863956   -0.237749  0.0165922 
0.386671   0.863956   -0.237749  0.0166056 
0.442629   0.800962   -0.245667  0.0147678 
0.475984   0.703261   -0.227252  0.0155426 
0.417056   0.769828   -0.204079  0.0185529 
0.355298   0.713093   -0.121991  0.0169307 
0.427852   0.707261   -0.234548  0.0194362 
0.348616   0.6679     -0.0673002 0.0183308 
0.350308   0.683406   -0.0585009 0.0194958 
0.357963   0.656645   -0.063503  0.0167914 
0.450981   0.650927   -0.143775  0.0139611 
0.510342   0.694973   -0.252509  0.0166483 
0.510342   0.694973   -0.252509  0.00980051
0.603449   0.626573   -0.316217  0.0129461 
0.552445   0.639647   -0.259371  0.01182   
0.568511   0.594937   -0.263153  0.0141291 
0.521281   0.650414   -0.254458  0.0124299 
0.565056   0.661216   -0.293664  0.0102363 
0.618062   0.593454   -0.331529  0.0108083 
0.612951   0.594001   -0.332726  0.0100145 
0.6356     0.572066   -0.32048   0.0150435 
0.6356     0.572066   -0.32048   0.0119783 
0.56337    0.573618   -0.240494  0.0148343 
0.495337   0.625656   -0.185456  0.0156795 
0.43571    0.710667   -0.183613  0.0194596 
0.43571    0.710667   -0.183613  0.018674  
0.386805   0.663285   -0.0619044 0.0168224 
0.385307   0.740679   -0.138972  0.0158289 
0.405298   0.75547    -0.185086  0.0171867 
0.394996   0.83353    -0.242222  0.0164961 
0.401237   0.862912   -0.248766  0.0216531 
0.387687   0.94983    -0.238914  0.0300002 
0.482183   0.910747   -0.267071  0.0169547 
0.471859   0.885799   -0.285881  0.0168094 
0.405819   0.878896   -0.268865  0.0156505 
0.368549   0.831712   -0.214621  0.0172718 
0.399126   0.877839   -0.245802  0.0166956 
0.309592   0.860588   -0.272449  0.0177521 
0.272931   0.884079   -0.225399  0.0161445 
0.193616   0.954699   -0.269392  0.0163335 
0.279196   0.925112   -0.255748  0.015956  
0.326082   0.919425   -0.25743   0.0276135 
0.326082   0.919425   -0.25743   0.0151929 
0.36234    0.836132   -0.2406    0.0181272 
0.378597   0.882413   -0.272099  0.0168963 
0.314617   0.934658   -0.261859  0.0266287 
0.31167    1.01728    -0.232003  0.0348299 
0.347115   1.02239    -0.175058  0.0289142 
0.28429    1.09804    -0.183791  0.0231958 
0.202872   1.07416    -0.246841  0.0224374 
0.120319   1.01118    -0.239537  0.0161202 
0.185483   0.914733   -0.260605  0.0292177 
0.108222   0.970915   -0.188667  0.0177471 
0.131613   0.912725   -0.231358  0.0153526 
0.115441   0.99695    -0.280894  0.0180267 
0.194419   1.01515    -0.25905   0.0214601 
0.16185    1.02771    -0.262913  0.0334677 
0.20477    1.04488    -0.217245  0.0283656 
0.304077   1.00008    -0.238205  0.0224661 
0.234688   0.928692   -0.226505  0.0159241 
0.15936    0.871399   -0.206689  0.0175961 
0.184559   0.820761   -0.173365  0.0194053 
0.175728   0.918854   -0.222154  0.0174356 
0.0974689  0.84023    -0.202662  0.0172523 
0.0373623  0.935182   -0.240064  0.0170596 
0.0906531  0.852707   -0.173445  0.0198311 
0.0906531  0.852707   -0.173445  0.0187796 
0.0576913  0.803118   -0.0940348 0.0213207 
0.0576913  0.803118   -0.0940348 0.022207  
0.0448544  0.71793    0.037842   0.0234153 
0.123994   0.683313   0.0687305  0.0257656 
0.21529    0.586816   0.234917   0.0229454 
0.308      0.608903   0.0959041  0.0206752 
0.212595   0.707799   0.010146   0.0254796 
0.126114   0.669461   0.0640919  0.0198392 
0.140134   0.7532     -0.0555294 0.0205359 
0.203229   0.761768   -0.136165  0.0233345 
0.203229   0.761768   -0.136165  0.0179569 
0.203229   0.761768   -0.136165  0.0190473 
0.2443     0.729847   -0.0705912 0.0175495 
0.235872   0.827497   -0.171631  0.0172312 
0.274552   0.806986   -0.181173  0.0177493 
0.313966   0.749108   -0.123019  0.0162709 
0.300622   0.825116   -0.23248   0.0153895 
0.323711   0.902252   -0.238475  0.0251119 
0.418251   0.981341   -0.206566  0.0200801 
0.34786    0.986511   -0.253506  0.0190411 
0.337419   0.890512   -0.255219  0.0167336 
0.25276    0.930944   -0.24759   0.0168866 
0.216274   0.857622   -0.200111  0.0182164 
0.216274   0.857622   -0.200111  0.0163792 
0.159692   0.893694   -0.231284  0.0160634 
0.11704    0.902957   -0.220343  0.0172912 
0.0627634  0.895729   -0.206079  0.0171123 
0.08631    0.99177    -0.260324  0.0214073 
0.17825    1.04162    -0.270026  0.0202562 
0.112769   1.04327    -0.284247  0.049532  
0.111941   1.13125    -0.103129  0.0558859 
0.0955185  1.21438    -0.0533391 0.0472727 
0.182615   1.18257    -0.0860181 0.0343505 
0.184912   1.13093    -0.162425  0.0349514 
0.136802   1.09769    -0.227332  0.0224492 
0.0968107  1.0783     -0.257271  0.0305468 
0.0908033  1.14732    -0.220991  0.0269813 
0.0721692  1.04857    -0.222763  0.0209775 
0.0569331  1.01616    -0.246015  0.018376  
0.123312   0.995494   -0.252485  0.0160291 
0.0768811  0.910523   -0.210225  0.020307  
0.0392517  0.907242   -0.20433   0.0175958 
0.0660256  0.832786   -0.162266  0.0167387 
-0.029098  0.856536   -0.176598  0.0164857 
0.0394359  0.854551   -0.143658  0.0177798 
0.0761097  0.809641   -0.106802  0.0191421 
0.119999   0.779691   -0.118352  0.0167286 
0.122131   0.863165   -0.221909  0.0184091 
0.146927   0.915472   -0.226134  0.0196547 
0.0716285  0.979039   -0.251541  0.0219584 
0.0390326  1.03341    -0.276047  0.0209416 
0.0390326  1.03341    -0.276047  0.019179  
0.0865934  0.996004   -0.281916  0.0386228 
0.0865934  0.996004   -0.281916  0.0219252 
0.158878   1.07041    -0.229805  0.0542055 
0.158878   1.07041    -0.229805  0.018408  
0.105449   0.974171   -0.262971  0.0384315 
0.18948    1.06939    -0.143596  0.0371215 
0.177335   1.10557    -0.152406  0.0301096 
0.0896513  1.13908    -0.23204   0.0236339 
0.0282609  1.11553    -0.237205  0.0380116 
0.0142674  1.12384    -0.186354  0.0269256 
0.054067   1.05538    -0.247809  0.0203685 
0.0395325  1.02642    -0.234801  0.017858  
0.0777186  0.985335   -0.253963  0.025579  
0.0288023  1.06768    -0.220214  0.0378386 
0.081815   1.14834    -0.201141  0.0707066 
0.081815   1.14834    -0.201141  0.02795   
0.133588   1.09278    -0.233809  0.0575235 
0.133588   1.09278    -0.233809  0.036685  
0.223458   1.08693    -0.203464  0.0428205 
0.317364   1.1252     -0.126931  0.0443049 
0.3677     1.10233    -0.137265  0.0593915 
0.3677     1.10233    -0.137265  0.0489762 
0.357149   1.18607    -0.0260526 0.0754852 
0.357149   1.18607    -0.0260526 0.0932651 
0.421335   1.1734     0.0738264  0.0430566 
0.501823   1.08546    -0.0305152 0.0459197 
0.474995   1.07854    -0.133139  0.0380243 
0.564844   0.984455   -0.211055  0.0269865 
0.524052   0.934799   -0.233444  0.0253784 
0.504785   1.0035     -0.240053  0.0735105 
0.590088   1.00708    -0.0429296 0.0449206 
0.53222    1.0133     -0.132015  0.0401529 
0.443924   1.10086    -0.0756596 0.0702708 
0.443924   1.10086    -0.0756596 0.0790119 
0.412072   1.0664     -0.0880553 0.0429277 
0.376282   1.08626    -0.190671  0.0673346 
0.355126   1.15897    0.0107122  0.0545222 
0.333553   1.14184    -0.0770065 0.11118   
0.333553   1.14184    -0.0770065 0.032638  
0.354369   1.05462    -0.159863  0.0503682 
0.277215   1.07979    -0.190337  0.0624027 
0.264299   1.06704    -0.129025  0.0244144 
0.183939   0.987317   -0.216749  0.0183713 
0.1343     1.01684    -0.301312  0.0157132 
0.0648203  0.946366   -0.248708  0.0164543 
0.114143   0.906338   -0.242597  0.0157177 
0.0849036  0.913594   -0.260016  0.0171058 
0.0849036  0.913594   -0.260016  0.0163497 
0.0829343  0.94446    -0.264346  0.0166012 
-0.00535551 0.926287   -0.252074  0.0214346 
-0.0375328 1.01723    -0.253493  0.0372796 
0.0214301  1.04774    -0.21735   0.0460728 
0.0484326  1.11609    -0.166763  0.0782449 
0.140329   1.11954    -0.0925685 0.0480562 
0.0933287  1.13919    -0.139093  0.0495177 
0.0933287  1.13919    -0.139093  0.0420674 
0.0807824  1.06684    -0.202423  0.0229446 
0.0239884  0.978278   -0.206251  0.0198897 
-0.0327985 0.962346   -0.236016  0.0161765 
-0.0475207 0.905592   -0.233544  0.0167263 
-0.0363158 0.860218   -0.202987  0.0204366 
-0.0363158 0.860218   -0.202987  0.0159993 
0.0243363  0.930274   -0.231146  0.0165    
0.0243363  0.930274   -0.231146  0.0174031 
-0.041768  0.895578   -0.204061  0.0169822 
0.0224355  0.950402   -0.215456  0.0212961 
0.0919423  1.01943    -0.262117  0.0245374 
-0.000845048 1.0818     -0.230322  0.026291  
0.0320564  1.12145    -0.218918  0.0270755 
0.0587744  1.13731    -0.226782  0.0225475 
-0.00168036 1.05093    -0.230124  0.0621737 
-0.00168036 1.05093    -0.230124  0.0274987 
-0.0795605 1.12254    -0.217456  0.0324108 
-0.105508  1.09004    -0.20431   0.0214444 
-0.161     1.07723    -0.27006   0.0203264 
-0.208097  1.00163    -0.271769  0.0280295 
-0.154314  1.08442    -0.244968  0.0393388 
-0.154314  1.08442    -0.244968  0.0191116 
-0.193475  0.988992   -0.252734  0.0371261 
-0.122379  1.04514    -0.226758  0.0409833 
-0.122379  1.04514    -0.226758  0.0254593 
-0.0418782 0.964568   -0.216069  0.0155946 
-0.0814197 0.938613   -0.248104  0.0169563 
-0.116752  0.855129   -0.188365  0.0160339 
-0.176454  0.826032   -0.13135   0.021178  
-0.0920805 0.747607   -0.0366935 0.0241645 
-0.0703282 0.661087   0.182933   0.026516  
-0.0790628 0.627881   0.262989   0.0284325 
-0.0790628 0.627881   0.262989   0.0290912 
-0.0797804 0.627634   0.203187   0.0266652 
-0.0797804 0.627634   0.203187   0.0219193 
-0.05805   0.714971   0.0321314  0.0183999 
-0.122689  0.781514   -0.112407  0.0195752 
-0.173145  0.752981   -0.0616406 0.0204227 
-0.091279  0.733474   0.0107702  0.0229648 
-0.164502  0.679703   0.0852538  0.0197324 
-0.0978804 0.749442   -0.0241252 0.0241489 
-0.10856   0.674558   0.0839772  0.0202855 
-0.120036  0.742025   -0.0142237 0.0200308 
-0.11289   0.762861   -0.0813364 0.0196892 
-0.0187614 0.755659   -0.0117479 0.0258461 
0.0557575  0.666281   0.124124   0.0252571 
0.0280296  0.627055   0.294317   0.0282954 
0.0784106  0.609261   0.284842   0.0235145 
0.0445889  0.676169   0.149533   0.021634  
0.0470482  0.698999   0.101066   0.0195009 
0.10953    0.788853   -0.118801  0.0181696 
0.0244412  0.786358   -0.0920238 0.022712  
-0.0498404 0.712567   0.0316835  0.0242238 
-0.0498404 0.712567   0.0316835  0.0197789 
-0.075233  0.753839   -0.0295401 0.0186287 
-0.0345527 0.795139   -0.0932386 0.0194492 
0.0231731  0.789041   -0.0996967 0.0199697 
0.0231731  0.789041   -0.0996967 0.0223821 
-0.0232212 0.717196   0.00654293 0.0219731 
-0.0319295 0.709434   0.0741311  0.0251337 
-0.0319295 0.709434   0.0741311  0.0253572 
-0.0319295 0.709434   0.0741311  0.0216199 
0.0573279  0.728003   -0.0221693 0.0190924 
0.0228817  0.79658    -0.0958393 0.0216227 
0.0300576  0.729683   -0.0122854 0.0253104 
0.0300576  0.729683   -0.0122854 0.0209005 
0.0233765  0.765352   -0.065425  0.0226011 
0.0133241  0.711636   0.0690485  0.0235258 
0.0133241  0.711636   0.0690485  0.0224287 
0.045495   0.701543   0.0641699  0.019952  
0.0423054  0.727154   0.0737665  0.0258711 
0.0423054  0.727154   0.0737665  0.0176078 
0.101693   0.826175   -0.135503  0.0170462 
0.200595   0.918164   -0.235805  0.022877  
0.107566   1.00503    -0.241022  0.0184581 
0.101044   1.00607    -0.253129  0.0165731 
0.0945697  0.97101    -0.283696  0.0172074 
0.0945697  0.97101    -0.283696  0.0318195 
0.158654   0.951636   -0.19247   0.0167888 
0.199731   0.937479   -0.259662  0.0170253 
0.111737   0.891297   -0.186864  0.0155946 
0.0516944  0.927836   -0.265417  0.0176857 
0.0480827  0.831651   -0.189613  0.0177663 
0.0626332  0.826032   -0.134616  0.0203201 
0.0674306  0.7741     -0.0785503 0.0173586 
0.0311633  0.851806   -0.154385  0.0181064 
-0.0130151 0.856406   -0.195059  0.0177167 
0.0610486  0.926502   -0.226383  0.016013  
0.136979   1.01621    -0.271154  0.0153375 
0.136979   1.01621    -0.271154  0.0186079 
0.165685   1.06726    -0.255217  0.0471482 
0.165685   1.06726    -0.255217  0.0269322 
0.165685   1.06726    -0.255217  0.0305464 
0.0766227  1.14511    -0.224131  0.040006  
0.162046   1.15937    -0.164446  0.0751818 
0.223493   1.23161    0.0795159  0.0604647 
0.223493   1.23161    0.0795159  0.0476601 
0.156907   1.16429    -0.0891604 0.042016  
0.0813324  1.1455     -0.137535  0.0666792 
0.180939   1.13714    -0.167029  0.0501074 
0.163503   1.21243    -0.090256  0.0716157 
0.209303   1.24525    0.0223099  0.0556707 
0.282135   1.29075    0.0576467  0.080856  
0.282135   1.29075    0.0576467  0.0939321 
0.282135   1.29075    0.0576467  0.0603718 
0.268893   1.20863    0.0356873  0.031272  
0.222526   1.11458    -0.223831  0.0672119 
0.222526   1.11458    -0.223831  0.0600922 
0.297191   1.11815    -0.0645789 0.0354321 
0.222541   1.06227    -0.187911  0.0279695 
0.19752    1.06005    -0.230907  0.0514207 
0.26951    1.15611    -0.111382  0.0457032 
0.327363   1.13112    -0.13694   0.0534236 
0.303715   1.07382    -0.145171  0.0327436 
0.331566   1.11937    -0.165208  0.0725642 
0.281751   1.20042    -0.00284101 0.118301  
0.281751   1.20042    -0.00284101 0.0643992 
0.305243   1.27809    0.120137   0.105569  
0.305243   1.27809    0.120137   0.0685701 
0.404203   1.17856    -0.00454581 0.0495964 
0.417371   1.12146    -0.0847018 0.0636678 
0.414177   1.14281    0.0285682  0.0481855 
0.430179   1.12062    -0.0395239 0.0429559 
0.498572   1.07128    -0.101063  0.0574992 
0.513096   1.07778    -0.0732382 0.0713404 
0.513096   1.07778    -0.0732382 0.0449936 
0.563303   1.09131    -0.0589707 0.0714878 
0.563303   1.09131    -0.0589707 0.0569547 
0.576461   1.1351     0.0807553  0.124366  
0.576461   1.1351     0.0807553  0.103105  
0.576461   1.1351     0.0807553  0.0957017 
0.576461   1.1351     0.0807553  0.0645606 
0.578467   1.08758    0.0332454  0.0580945 
0.496255   1.14793    0.0715319  0.0717588 
0.496255   1.14793    0.0715319  0.0935141 
0.569734   1.15197    0.18294    0.066455  
0.580047   1.11423    0.0695099  0.11681   
0.580047   1.11423    0.0695099  0.047217  
0.563318   1.05949    -0.122734  0.0703617 
0.563318   1.05949    -0.122734  0.0478284 
0.638024   1.01782    -0.108179  0.0559801 
0.668069   1.02164    0.0417596  0.028012  
0.577383   0.978927   -0.204098  0.0328035 
0.670472   0.916455   -0.197788  0.0352953 
0.766792   0.890004   -0.190133  0.0524251 
0.817623   0.933994   -0.0330577 0.0774082 
0.817623   0.933994   -0.0330577 0.0518918 
0.876545   0.883809   -0.046123  0.0541173 
0.92281    0.894661   0.0549058  0.0890851 
1.00281    0.969905   0.492305   0.0877273 
0.976787   0.903876   0.357809   0.0725337 
0.976787   0.903876   0.357809   0.046594  
0.880659   0.899407   0.0645813  0.0553275 
0.895998   0.980974   0.19032    0.170021  
0.895998   0.980974   0.19032    0.0848356 
0.895998   0.980974   0.19032    0.0538651 
0.844081   0.927593   0.038156   0.052134  
0.799789   0.968555   -0.0266855 0.0558751 
0.833663   0.99382    0.0283679  0.0855908 
0.833663   0.99382    0.0283679  0.0378614 
0.740447   0.940278   -0.178771  0.0568275 
0.740447   0.940278   -0.178771  0.0381079 
0.798522   0.951889   -0.11072   0.0580386 
0.798522   0.951889   -0.11072   0.101267  
0.798522   0.951889   -0.11072   0.068115  
0.798522   0.951889   -0.11072   0.0502905 
0.798522   0.951889   -0.11072   0.0878098 
0.811597   0.937639   0.0158062  0.0805975 
0.811597   0.937639   0.0158062  0.059719  
0.880648   0.952086   0.158546   0.0679597 
0.837806   0.987914   0.22612    0.0835846 
0.837806   0.987914   0.22612    0.084111  
0.837806   0.987914   0.22612    0.0899821 
0.837806   0.987914   0.22612    0.0609753 
0.842149   0.92718    -0.0288329 0.0666759 
0.842149   0.92718    -0.0288329 0.0655144 
0.842149   0.92718    -0.0288329 0.0495935 
0.83854    0.93328    -0.0339836 0.0398597 
0.807661   0.862495   -0.123564  0.0547709 
0.807661   0.862495   -0.123564  0.0259742 
0.747669   0.819949   -0.305843  0.0221203 
0.7325     0.828861   -0.324492  0.0261308 
0.735444   0.833993   -0.260655  0.0258929 
0.684541   0.910088   -0.255107  0.0205214 
0.640477   0.847505   -0.278866  0.016969  
0.651618   0.77107    -0.353442  0.0133058 
0.67382    0.74389    -0.365015  0.017625  
0.646961   0.840577   -0.305344  0.0272501 
0.581962   0.940494   -0.241278  0.0433137 
0.581962   0.940494   -0.241278  0.0447625 
0.605776   1.01177    -0.121781  0.0401299 
0.629313   0.984804   -0.138341  0.0593813 
0.629313   0.984804   -0.138341  0.0548702 
0.62474    1.05535    -0.0066207 0.133356  
0.62474    1.05535    -0.0066207 0.075978  
0.605791   1.15458    0.225584   0.0497217 
0.572772   1.07083    -0.087967  0.110066  
0.572772   1.07083    -0.087967  0.0468104 
0.509946   1.08917    -0.0765085 0.0240724 
0.443741   1.014      -0.235272  0.0356963 
0.442884   1.09613    -0.177195  0.0592876 
0.442884   1.09613    -0.177195  0.0554996 
0.368049   1.06382    -0.0661483 0.0261871 
0.346893   0.985986   -0.235462  0.0297733 
0.279505   1.05605    -0.194638  0.0244497 
0.318908   0.997211   -0.263494  0.0180064 
0.26422    0.925443   -0.256591  0.0410989 
0.279813   1.0086     -0.222512  0.0228061 
0.365071   1.03364    -0.292092  0.0275484 
0.366517   0.962325   -0.244623  0.0256221 
0.380944   0.994228   -0.252229  0.0415589 
0.380944   0.994228   -0.252229  0.0217248 
0.358305   1.01051    -0.261487  0.0266999 
0.381895   1.00775    -0.245734  0.0460727 
0.39474    1.06971    -0.164583  0.028116  
0.354652   1.07848    -0.199659  0.0571069 
0.277589   1.13634    -0.0973578 0.0368978 
0.294948   1.09227    -0.17036   0.0347583 
0.341087   1.12351    -0.165246  0.0351995 
0.423742   1.04983    -0.204949  0.0348943 
0.390325   0.961609   -0.225463  0.0159001 
0.318821   0.988128   -0.259502  0.0307484 
0.416746   0.94606    -0.245801  0.0182169 
0.494236   0.856668   -0.269804  0.0226235 
0.414331   0.922872   -0.259454  0.0174395 
0.361223   0.823681   -0.229169  0.0148549 
0.305213   0.896527   -0.263502  0.0298282 
0.352601   0.912065   -0.206683  0.016257  
0.266124   0.827587   -0.184136  0.0158304 
0.304827   0.853327   -0.247096  0.0244278 
0.313591   0.928005   -0.208191  0.0182104 
0.392414   0.850649   -0.258806  0.0150148 
0.396164   0.800134   -0.245353  0.0189564 
0.396164   0.800134   -0.245353  0.0153266 
0.405584   0.818037   -0.212007  0.021587  
0.427801   0.887098   -0.263967  0.0310284 
0.38658    0.95116    -0.18407   0.0250349 
0.305279   0.905269   -0.271487  0.0162622 
0.212407   0.842382   -0.166273  0.0167553 
0.177462   0.842746   -0.181036  0.0180705 
0.0948292  0.803728   -0.124197  0.0172395 
0.0834472  0.896618   -0.200455  0.018075  
0.0407694  0.834409   -0.138891  0.0178624 
0.0373934  0.816739   -0.110016  0.020036  
0.0898651  0.788787   -0.139938  0.0222468 
0.0101972  0.692523   0.121761   0.0205647 
-0.0495923 0.761248   -0.055177  0.0184384 
-0.0495923 0.761248   -0.055177  0.0233144 
-0.0495923 0.761248   -0.055177  0.0202444 
-0.00242018 0.739735   0.00728324 0.0172882 
0.00722646 0.819839   -0.128809  0.0164466 
-0.0206526 0.869664   -0.21258   0.0180103 
-0.011122  0.828112   -0.122562  0.0196159 
-0.03533   0.782476   -0.101949  0.0235258 
-0.0307761 0.68499    0.11094    0.0258687 
-0.0197803 0.646685   0.193919   0.02372   
0.0513416  0.688333   0.0567657  0.0224686 
0.0274706  0.703097   0.0593264  0.0198899 
-0.0373838 0.791138   -0.111288  0.0181349 
0.0312441  0.806466   -0.111734  0.0177524 
0.121293   0.844446   -0.17151   0.0181444 
0.215213   0.772828   -0.106773  0.0200542 
0.24567    0.734427   -0.0791767 0.0191523 
0.316443   0.716552   -0.0732498 0.0191279 
0.24232    0.733563   -0.0557098 0.017613  
0.281031   0.769872   -0.121602  0.0163639 
0.270555   0.828288   -0.192172  0.0165309 
0.344869   0.835652   -0.237568  0.0172441 
0.344869   0.835652   -0.237568  0.0160387 
0.329862   0.901258   -0.248128  0.0210897 
0.352444   0.987205   -0.243962  0.0330188 
0.431358   1.04056    -0.193004  0.0363972 
0.516348   1.02707    -0.187079  0.0324587 
0.427075   1.01251    -0.178439  0.0344442 
0.465844   1.06531    -0.172752  0.0286043 
0.421048   0.985158   -0.238908  0.0157401 
0.442529   0.942695   -0.266512  0.0148448 
0.376638   0.846051   -0.234481  0.0157094 
0.378865   0.80077    -0.226     0.0168957 
0.382665   0.802599   -0.212707  0.015676  
0.283971   0.896731   -0.227864  0.0176876 
0.271793   0.828583   -0.192891  0.0174708 
0.211239   0.92174    -0.221529  0.0370438 
0.300142   0.995087   -0.240795  0.0254254 
0.22538    1.0318     -0.22631   0.0224065 
0.25107    1.00764    -0.256402  0.0255897 
0.220075   1.02192    -0.252531  0.0231911 
0.207393   0.999522   -0.213364  0.0347507 
0.196852   1.09462    -0.21336   0.022479  
0.265832   1.06543    -0.23588   0.0322459 
0.169113   1.14299    -0.166215  0.0467058 
0.191422   1.17323    -0.12944   0.0646063 
0.0924543  1.26594    0.0776346  0.0507309 
0.18401    1.20382    -0.0350696 0.0801236 
0.218433   1.17379    -0.0366673 0.0293241 
0.287537   1.13219    -0.191349  0.0329101 
0.363517   1.05922    -0.198442  0.022255  
0.445038   1.00782    -0.252435  0.0418541 
0.445038   1.00782    -0.252435  0.0371521 
0.421313   1.04531    -0.263203  0.0359605 
0.392892   1.0259     -0.187678  0.0380726 
0.305333   0.997496   -0.234266  0.023957  
0.282467   1.03276    -0.229452  0.0267782 
0.372028   0.998597   -0.223014  0.025203  
0.388033   0.978951   -0.219526  0.0199695 
0.351994   0.978199   -0.262452  0.0188084 
0.397604   0.96367    -0.294115  0.0184524 
0.32829    0.897316   -0.273422  0.0156075 
0.391899   0.797335   -0.222027  0.014852  
0.439637   0.847835   -0.282496  0.0153113 
0.469049   0.802889   -0.291093  0.0138677 
0.47474    0.775866   -0.250198  0.0159785 
0.419938   0.717175   -0.166433  0.0182849 
0.381776   0.690564   -0.129258  0.015369  
0.444761   0.690715   -0.152176  0.0175168 
0.366245   0.772708   -0.167146  0.0180122 
0.366245   0.772708   -0.167146  0.0162013 
0.366946   0.78691    -0.183438  0.0182787 
0.293555   0.81709    -0.162961  0.0177709 
0.289217   0.755737   -0.0924225 0.019367  
0.275114   0.682189   0.0293827  0.0204062 
0.292806   0.682291   -0.0393652 0.017521  
0.300567   0.769834   -0.123691  0.0186147 
0.267299   0.749526   -0.0992759 0.0163453 
0.358405   0.831204   -0.249924  0.0160814 
0.404617   0.879018   -0.260947  0.0153322 
0.340828   0.847657   -0.237686  0.0156804 
0.398045   0.871012   -0.256841  0.0162745 
0.337414   0.83035    -0.233018  0.0158762 
0.387575   0.875109   -0.247874  0.0178155 
0.352867   0.952157   -0.272745  0.0181987 
0.364693   0.995439   -0.301571  0.0198286 
0.323036   0.931313   -0.267987  0.0199216 
0.278749   0.994921   -0.276685  0.0194288 
0.209018   0.969091   -0.228138  0.0196525 
0.130941   0.992279   -0.254275  0.0486812 
0.102428   1.05269    -0.206893  0.026573  
0.0206613  1.0634     -0.201552  0.0287154 
0.0762128  1.1412     -0.195909  0.053429  
0.0762128  1.1412     -0.195909  0.0337574 
-0.0174667 1.07599    -0.212933  0.0439781 
0.0312732  1.12461    -0.131743  0.0500817 
0.0312732  1.12461    -0.131743  0.0655391 
0.0427739  1.12682    -0.187582  0.0353673 
0.0797458  1.05518    -0.222588  0.0315449 
0.0797458  1.05518    -0.222588  0.0272191 
0.152311   1.02401    -0.266525  0.0206852 
0.230871   0.982582   -0.235517  0.0167649 
0.239074   0.919446   -0.262334  0.0239115 
0.322065   0.989799   -0.237496  0.0155393 
0.304421   0.895079   -0.259552  0.0181732 
0.358716   0.905607   -0.250515  0.0249465 
0.446517   0.891802   -0.272289  0.0188641 
0.381373   0.88884    -0.254034  0.0170401 
0.334517   0.837948   -0.218861  0.0147805 
0.374495   0.868633   -0.236012  0.0243951 
0.45174    0.890455   -0.230329  0.0181886 
0.516478   0.814131   -0.293397  0.0163345 
0.423754   0.841424   -0.27379   0.0176266 
0.482988   0.885766   -0.287181  0.0245894 
0.482988   0.885766   -0.287181  0.031442  
0.472641   0.960964   -0.212449  0.0388317 
0.472641   0.960964   -0.212449  0.0174229 
0.386339   0.916296   -0.263314  0.0171302 
0.389579   0.880686   -0.262536  0.0158513 
0.308412   0.836413   -0.206743  0.0172226 
0.271814   0.7995     -0.158818  0.0159124 
0.283242   0.835435   -0.212736  0.017329  
0.255476   0.865001   -0.209579  0.015238  
0.220205   0.89838    -0.251441  0.020293  
0.253912   0.964159   -0.28179   0.03336   
0.253912   0.964159   -0.28179   0.0175291 
0.253912   0.964159   -0.28179   0.0194774 
0.156386   0.985545   -0.26297   0.0160147 
0.156403   0.93152    -0.255622  0.0202415 
0.0642536  0.987202   -0.261112  0.0196569 
0.123513   0.980378   -0.211368  0.0158766 
0.0376216  0.956941   -0.26672   0.0154359 
0.128647   0.923589   -0.213215  0.0173683 
0.101456   0.964946   -0.277139  0.0172135 
0.101456   0.964946   -0.277139  0.0172278 
0.180774   0.965556   -0.266392  0.0409599 
0.180774   0.965556   -0.266392  0.0209491 
0.174115   1.03038    -0.259133  0.0153079 
0.184286   0.972612   -0.265477  0.0289493 
0.184286   0.972612   -0.265477  0.0200856 
0.270787   1.00141    -0.254724  0.0238085 
0.284386   1.04793    -0.254555  0.0335115 
0.329413   1.08239    -0.15049   0.0541715 
0.419871   1.13223    0.00212814 0.0513385 
0.443929   1.17619    -0.013991  0.107284  
0.443929   1.17619    -0.013991  0.109658  
0.443929   1.17619    -0.013991  0.0343002 
0.383721   1.0896     -0.160402  0.0227538 
0.359156   1.00277    -0.254919  0.0441231 
0.333917   1.05598    -0.144324  0.0251525 
0.330202   0.9973     -0.238554  0.0302568 
0.396398   0.960512   -0.241989  0.0265553 
0.450756   0.99174    -0.229798  0.0416884 
0.352402   1.05896    -0.165594  0.0327139 
0.416752   1.07261    -0.156542  0.0325706 
0.497393   1.02098    -0.180958  0.0546216 
0.497393   1.02098    -0.180958  0.0259892 
0.425519   1.07465    -0.234981  0.0359558 
0.425519   1.07465    -0.234981  0.0715408 
0.425519   1.07465    -0.234981  0.0862017 
0.425519   1.07465    -0.234981  0.0458275 
0.425519   1.07465    -0.234981  0.0412252 
0.469586   1.04356    -0.178436  0.0232972 
0.37501    1.03663    -0.246975  0.0266987 
0.314002   1.03879    -0.249268  0.0344095 
0.314002   1.03879    -0.249268  0.0429951 
0.233805   1.0297     -0.217242  0.022941  
0.261948   0.975778   -0.249467  0.0394038 
0.262181   1.045      -0.21374   0.0352584 
0.262181   1.045      -0.21374   0.0309627 
0.262181   1.045      -0.21374   0.0323788 
0.19289    1.01155    -0.196059  0.0215063 
0.239201   1.02015    -0.251923  0.0317803 
0.239201   1.02015    -0.251923  0.0172199 
0.248135   0.921918   -0.264152  0.018028  
0.287721   0.899958   -0.258299  0.0171357 
0.281354   0.877199   -0.225527  0.017369  
0.294984   0.848713   -0.210042  0.0165423 
0.361837   0.839904   -0.206607  0.0152844 
0.41836    0.78991    -0.232508  0.0171209 
0.320806   0.781165   -0.169943  0.0172644 
0.384629   0.688047   -0.108071  0.0178171 
0.367688   0.69197    -0.0833835 0.0206681 
0.343468   0.624592   0.0640987  0.0206567 
0.321878   0.653306   -0.0154687 0.0262921 
0.321878   0.653306   -0.0154687 0.0189357 
0.245782   0.744893   -0.0961135 0.0253389 
0.245782   0.744893   -0.0961135 0.023781  
0.245782   0.744893   -0.0961135 0.0196571 
0.245782   0.744893   -0.0961135 0.0177144 
0.304095   0.777199   -0.159026  0.0189043 
0.306972   0.701552   -0.105872  0.0212514 
0.234966   0.686438   -0.00469371 0.0266783 
0.234966   0.686438   -0.00469371 0.0215015 
0.234966   0.686438   -0.00469371 0.0204102 
0.183937   0.731962   -0.0194159 0.0197636 
0.0876248  0.778052   -0.081298  0.0206223 
0.0665846  0.754213   -0.0263174 0.0225743 
0.0238833  0.700646   0.0894916  0.0220799 
0.0728196  0.714207   0.0205911  0.0208407 
0.00200357 0.752344   -0.0426549 0.0248267 
0.0490823  0.659961   0.15218    0.030578  
0.0490823  0.659961   0.15218    0.0226417 
-0.0483776 0.690408   0.0913816  0.0184787 
-0.0854702 0.786147   -0.0549297 0.0217017 
-0.164892  0.710012   -0.0152257 0.0168879 
-0.128145  0.800554   -0.0808188 0.016986  
-0.198321  0.878001   -0.230149  0.0198885 
-0.242401  0.9612     -0.236826  0.0260291 
-0.25783   1.05578    -0.203264  0.0387398 
-0.323552  0.978439   -0.177332  0.0188019 
-0.423054  0.891663   -0.240705  0.025479  
-0.444162  0.952592   -0.247254  0.0272077 
-0.498033  0.909702   -0.262705  0.0160616 
-0.511686  0.820501   -0.294528  0.0217865 
-0.577138  0.844008   -0.281627  0.0323808 
-0.641262  0.877417   -0.264855  0.0266149 
-0.698385  0.892049   -0.286972  0.0215736 
-0.697748  0.809851   -0.290918  0.025148  
-0.729516  0.845202   -0.291348  0.0342311 
-0.818604  0.821231   -0.231483  0.069774  
-0.818604  0.821231   -0.231483  0.0373689 
-0.818604  0.821231   -0.231483  0.0383225 
-0.90033   0.7864     -0.178659  0.0262115 
-0.860616  0.821038   -0.273046  0.0257007 
-0.78006   0.813575   -0.299388  0.0453093 
-0.840869  0.899777   -0.033962  0.0445476 
-0.927339  0.845227   -0.0487403 0.053538  
-0.927339  0.845227   -0.0487403 0.0623017 
-0.927339  0.845227   -0.0487403 0.0294421 
-0.850232  0.782445   -0.315165  0.0242185 
-0.816562  0.790501   -0.314545  0.0391016 
-0.816562  0.790501   -0.314545  0.0158306 
-0.774422  0.740242   -0.38872   0.00875037
-0.723913  0.654749   -0.407893  0.0121116 
-0.746585  0.716291   -0.388928  0.016267  
-0.736086  0.778373   -0.364906  0.0392047 
-0.736086  0.778373   -0.364906  0.0323804 
-0.736086  0.778373   -0.364906  0.0157395 
-0.734933  0.764648   -0.364638  0.0136061 
-0.77248   0.721607   -0.390289  0.0115098 
-0.824555  0.684826   -0.419757  0.00867461
-0.812635  0.675732   -0.443511  0.00718977
-0.7198    0.591851   -0.410255  0.00781978
-0.815782  0.662201   -0.440313  0.00957604
-0.907238  0.597173   -0.398927  0.0103874 
-0.865388  0.615513   -0.413041  0.00884144
-0.789364  0.657202   -0.437907  0.00975058
-0.88308   0.569624   -0.398909  0.0140162 
-0.866923  0.534222   -0.342789  0.0252743 
-0.866923  0.534222   -0.342789  0.0199935 
-0.866923  0.534222   -0.342789  0.0181347 
-0.939121  0.501949   -0.212414  0.0270703 
-0.939121  0.501949   -0.212414  0.0169822 
-0.94917   0.510632   -0.23758   0.0240276 
-0.94917   0.510632   -0.23758   0.0330781 
-0.94917   0.510632   -0.23758   0.0227477 
-0.944388  0.478535   -0.152408  0.0224432 
-0.877694  0.48263    -0.201577  0.0159178 
-0.796283  0.517842   -0.323862  0.0288837 
-0.796283  0.517842   -0.323862  0.00872149
-0.796336  0.576392   -0.437585  0.0125472 
-0.796336  0.576392   -0.437585  0.00957178
-0.815838  0.593179   -0.434863  0.0137634 
-0.840383  0.53411    -0.363365  0.0177447 
-0.840383  0.53411    -0.363365  0.0154597 
-0.840383  0.53411    -0.363365  0.0300588 
-0.840383  0.53411    -0.363365  0.0285813 
-0.840383  0.53411    -0.363365  0.0118175 
-0.924897  0.54401    -0.334383  0.0203631 
-0.924897  0.54401    -0.334383  0.0175162 
-0.896089  0.508989   -0.276993  0.0181781 
-0.896089  0.508989   -0.276993  0.0160735 
-0.896089  0.508989   -0.276993  0.0299585 
-0.896089  0.508989   -0.276993  0.0267969 
-0.896089  0.508989   -0.276993  0.0106258 
-0.923555  0.602689   -0.374149  0.015767  
-0.923555  0.602689   -0.374149  0.0118709 
-0.87561   0.677055   -0.409024  0.00838328
-0.815532  0.601132   -0.439091  0.0103781 
-0.886436  0.639446   -0.420333  0.00790878
-0.798652  0.643691   -0.446976  0.0127649 
-0.88996   0.633101   -0.401403  0.0291646 
-0.928586  0.680476   -0.300815  0.0267335 
-0.928586  0.680476   -0.300815  0.0207175 
-0.865033  0.726329   -0.354875  0.0166367 
-0.936812  0.654527   -0.352791  0.0108587 
-0.964351  0.59535    -0.342148  0.0176673 
-0.91589   0.511331   -0.287923  0.0381174 
-0.91589   0.511331   -0.287923  0.0180182 
-0.988153  0.501783   -0.171892  0.0241783 
-0.988153  0.501783   -0.171892  0.0273355 
-0.988153  0.501783   -0.171892  0.0231362 
-0.988153  0.501783   -0.171892  0.0171605 
-1.08565   0.472123   0.0601155  0.0140001 
-1.11603   0.516944   0.0284985  0.0224528 
-1.11603   0.516944   0.0284985  0.0219731 
-1.16959   0.538316   0.142489   0.014051  
-1.12499   0.489066   0.10482    0.0236917 
-1.12499   0.489066   0.10482    0.0149676 
-1.13712   0.476669   0.134336   0.015682  
-1.15161   0.485312   0.141311   0.039298  
-1.15161   0.485312   0.141311   0.0220716 
-1.15161   0.485312   0.141311   0.022743  
-1.07056   0.451326   0.108258   0.0282321 
-1.07949   0.418951   0.276122   0.0156716 
-1.01102   0.505088   -0.149751  0.0127514 
-0.996858  0.590928   -0.284165  0.0151123 
-0.922971  0.6471     -0.379101  0.0295768 
-0.922971  0.6471     -0.379101  0.0120095 
-0.893449  0.676064   -0.397692  0.00821618
-0.798572  0.651124   -0.437777  0.008981  
-0.887576  0.611103   -0.413334  0.014854  
-0.891818  0.525702   -0.328366  0.0299136 
-0.891818  0.525702   -0.328366  0.0190999 
-0.802341  0.500302   -0.265211  0.01348   
-0.756158  0.532394   -0.374366  0.00839843
-0.675014  0.595514   -0.38909   0.0118138 
-0.598453  0.55604    -0.292555  0.0115842 
-0.578433  0.605034   -0.272028  0.00894053
-0.661789  0.578157   -0.363489  0.015724  
-0.661789  0.578157   -0.363489  0.00787618
-0.744351  0.58118    -0.425314  0.0201293 
-0.744351  0.58118    -0.425314  0.00690968
-0.754513  0.652639   -0.425774  0.0171434 
-0.845725  0.661039   -0.426258  0.0148823 
-0.934003  0.68401    -0.353323  0.0112955 
-0.952679  0.586242   -0.348376  0.00923956
-0.891726  0.608121   -0.417879  0.0136354 
-0.912972  0.533396   -0.315838  0.0221048 
-0.912972  0.533396   -0.315838  0.0123718 
-0.98224   0.564611   -0.292374  0.0236965 
-1.00681   0.64901    -0.251746  0.0134125 
-1.00681   0.64901    -0.251746  0.0142964 
-1.0527    0.578002   -0.194119  0.0150002 
-1.09923   0.493074   0.0301541  0.0131379 
-1.06414   0.519847   -0.0870162 0.0131497 
-1.0369    0.522564   -0.125654  0.0124978 
-1.05466   0.518787   -0.0868065 0.0145633 
-1.12461   0.517579   0.0294108  0.0123565 
-1.0315    0.556213   -0.224271  0.0183237 
-1.00202   0.559078   -0.227836  0.0167149 
-0.986145  0.621569   -0.294094  0.0521637 
-0.986145  0.621569   -0.294094  0.018728  
-1.0264    0.649789   -0.235977  0.0212149 
-1.08088   0.589434   -0.123619  0.0149158 
-0.998912  0.519585   -0.210638  0.0127015 
-0.951904  0.56423    -0.33289   0.00821815
-0.888228  0.585385   -0.402326  0.0127326 
-0.888811  0.630789   -0.397801  0.0224399 
-0.888811  0.630789   -0.397801  0.0329505 
-0.888811  0.630789   -0.397801  0.0260043 
-0.973925  0.707129   -0.239134  0.0205079 
-1.03415   0.625117   -0.214174  0.0129202 
-1.04392   0.534535   -0.174703  0.0236183 
-1.04392   0.534535   -0.174703  0.0245705 
-1.05281   0.445781   0.107442   0.0154863 
-1.04086   0.491931   -0.0588576 0.0268036 
-1.04086   0.491931   -0.0588576 0.0258168 
-1.08459   0.434772   0.217695   0.0138759 
-1.12849   0.51152    0.0134601  0.0261472 
-1.12849   0.51152    0.0134601  0.0166089 
-1.10373   0.489263   0.0265319  0.0220958 
-1.10373   0.489263   0.0265319  0.0156717 
-1.12923   0.511597   0.0865009  0.017324  
-1.10913   0.468586   0.117379   0.0145498 
-1.1476    0.482374   0.152736   0.0325023 
-1.1476    0.482374   0.152736   0.015118  
-1.13682   0.504625   0.0794186  0.0233907 
-1.13682   0.504625   0.0794186  0.0317232 
-1.13682   0.504625   0.0794186  0.02575   
