#MU        SIGMA      ENERGY     ERROR     
-0.749535  0.543697   -0.373819  0.0223968 
-0.748492  0.479556   -0.247908  0.0115014 
-0.740345  0.547903   -0.38849   0.00898055
-0.662754  0.580906   -0.373309  0.0186913 
-0.746     0.501734   -0.298251  0.0338104 
-0.746     0.501734   -0.298251  0.012253  
-0.77979   0.545075   -0.419336  0.0195018 
-0.77979   0.545075   -0.419336  0.00984184
-0.864694  0.575358   -0.414322  0.00962493
-0.852461  0.652655   -0.427652  0.0107852 
-0.829045  0.559928   -0.419039  0.00885955
-0.786638  0.57189    -0.430962  0.014754  
-0.840809  0.52922    -0.383937  0.0251986 
-0.840809  0.52922    -0.383937  0.0185281 
-0.938254  0.500154   -0.230255  0.0237555 
-0.938254  0.500154   -0.230255  0.0128276 
-1.02753   0.580497   -0.219374  0.0168299 
-1.01605   0.603278   -0.246452  0.0132194 
-1.01605   0.603278   -0.246452  0.0110286 
-0.963617  0.58482    -0.332517  0.0114447 
-0.950822  0.602619   -0.355568  0.0233305 
-0.931606  0.701839   -0.312952  0.011852  
-0.917969  0.636573   -0.393705  0.0224057 
-0.917939  0.706707   -0.295456  0.0245232 
-0.90308   0.730376   -0.296427  0.0220817 
-0.992554  0.65713    -0.23226   0.0176996 
-1.04692   0.603826   -0.203662  0.0264402 
-1.11702   0.642754   -0.0161965 0.0361975 
-1.04247   0.701151   -0.0506264 0.0342367 
-1.14231   0.660797   0.127281   0.0210025 
-1.14231   0.660797   0.127281   0.0903059 
-1.14231   0.660797   0.127281   0.0354804 
-1.05569   0.708212   -0.0780548 0.0453128 
-1.00816   0.702054   -0.0976562 0.0353306 
-1.05583   0.7594     -0.0293383 0.0482027 
-0.967275  0.832643   0.0416155  0.0340524 
-0.960755  0.767029   -0.137402  0.0327902 
-0.879862  0.766521   -0.271114  0.0226474 
-0.819321  0.831141   -0.288819  0.0182334 
-0.822744  0.739836   -0.39851   0.0177197 
-0.776995  0.715954   -0.383098  0.0180988 
-0.70212   0.797866   -0.327393  0.0186422 
-0.726169  0.791584   -0.337699  0.0214634 
-0.726169  0.791584   -0.337699  0.0141232 
-0.772206  0.739755   -0.381175  0.0220453 
-0.772206  0.739755   -0.381175  0.0150037 
-0.795415  0.730192   -0.384474  0.0263435 
-0.795415  0.730192   -0.384474  0.00802702
-0.779583  0.633955   -0.441964  0.0146163 
-0.779583  0.633955   -0.441964  0.00821141
-0.712161  0.649112   -0.41073   0.00639583
-0.790408  0.613051   -0.45481   0.0145373 
-0.876343  0.66706    -0.403083  0.0120126 
-0.882363  0.663112   -0.402981  0.0125532 
-0.940437  0.569048   -0.351678  0.0108897 
-0.952414  0.561021   -0.33499   0.0159199 
-0.952414  0.561021   -0.33499   0.0154473 
-0.859437  0.524796   -0.367628  0.0275577 
-0.847582  0.455648   -0.0728647 0.0450268 
-0.847582  0.455648   -0.0728647 0.0356223 
-0.753424  0.430488   0.0134621  0.0403423 
-0.753424  0.430488   0.0134621  0.0345676 
-0.7694    0.440343   -0.0766797 0.0492791 
-0.7694    0.440343   -0.0766797 0.0205684 
-0.818215  0.487183   -0.210752  0.0268117 
-0.818215  0.487183   -0.210752  0.0249021 
-0.899447  0.468564   -0.141843  0.0458584 
-0.899447  0.468564   -0.141843  0.0486896 
-0.899447  0.468564   -0.141843  0.0114281 
-0.940083  0.557754   -0.353962  0.00865163
-0.859291  0.600589   -0.433837  0.00716373
-0.81848   0.626421   -0.447621  0.00861204
-0.80098   0.583005   -0.417212  0.0186814 
-0.799514  0.674457   -0.395473  0.00718225
-0.759537  0.641469   -0.436333  0.0178493 
-0.799758  0.720531   -0.379059  0.0170522 
-0.866748  0.653004   -0.397596  0.035899  
-0.896683  0.721995   -0.265801  0.0127279 
-0.888606  0.651176   -0.411196  0.0133324 
-0.820933  0.698935   -0.402272  0.0198072 
-0.911133  0.686157   -0.358093  0.0131569 
-0.933616  0.631155   -0.36469   0.0145753 
-0.910748  0.62568    -0.381467  0.0108511 
-0.955175  0.585926   -0.358035  0.0181623 
-0.884255  0.506527   -0.29068   0.0342095 
-0.884255  0.506527   -0.29068   0.0156378 
-0.862847  0.522647   -0.332648  0.0202344 
-0.832     0.491977   -0.246926  0.0140317 
-0.880248  0.528622   -0.315521  0.0114159 
-0.895506  0.626636   -0.406913  0.00730351
-0.815708  0.591329   -0.454385  0.00724687
-0.815708  0.591329   -0.454385  0.0177311 
-0.853148  0.653502   -0.406917  0.00808742
-0.831771  0.623925   -0.421863  0.0128165 
-0.831771  0.623925   -0.421863  0.0155513 
-0.780241  0.706185   -0.403198  0.0208184 
-0.780241  0.706185   -0.403198  0.0196996 
-0.705536  0.793167   -0.305742  0.0248775 
-0.690624  0.82857    -0.286894  0.0199365 
-0.786277  0.757635   -0.361158  0.0128868 
-0.784938  0.705628   -0.406437  0.0114931 
-0.873813  0.657552   -0.41508   0.0174837 
-0.921692  0.681149   -0.33421   0.0192533 
-0.921692  0.681149   -0.33421   0.023731  
-0.917083  0.70014    -0.303634  0.0236341 
-0.971401  0.718044   -0.23615   0.0221447 
-0.873667  0.688938   -0.333461  0.0304822 
-0.911092  0.779073   -0.194663  0.0217177 
-0.837816  0.769043   -0.345203  0.0131011 
-0.771908  0.705613   -0.404934  0.00622   
-0.727431  0.613911   -0.422609  0.0062984 
-0.78058   0.606901   -0.429352  0.0198587 
-0.78058   0.606901   -0.429352  0.00812658
-0.86135   0.60186    -0.439896  0.0144314 
-0.86135   0.60186    -0.439896  0.00569765
-0.79498   0.612964   -0.447338  0.01556   
-0.79498   0.612964   -0.447338  0.00653287
-0.794723  0.604322   -0.453812  0.0176592 
-0.794723  0.604322   -0.453812  0.0102581 
-0.765953  0.560601   -0.433024  0.0133399 
-0.712884  0.534208   -0.382127  0.00906033
-0.794315  0.56606    -0.424544  0.0090423 
-0.891784  0.575642   -0.410974  0.0100671 
-0.921195  0.580803   -0.365606  0.0190623 
-0.906609  0.502571   -0.252827  0.0366241 
-0.906609  0.502571   -0.252827  0.0212714 
-0.922492  0.489293   -0.214038  0.0388014 
-0.922492  0.489293   -0.214038  0.0140978 
-0.923235  0.523463   -0.256225  0.0116021 
-0.977619  0.601054   -0.338917  0.0116187 
-0.923535  0.553442   -0.320122  0.0250524 
-0.923535  0.553442   -0.320122  0.0157138 
-0.892702  0.520687   -0.300878  0.0168084 
-0.904302  0.506203   -0.205101  0.0242665 
-0.895706  0.472485   -0.143857  0.0267627 
-0.965286  0.451724   -0.00651   0.0138148 
-0.933634  0.533648   -0.300205  0.0200856 
-0.939087  0.48886    -0.140201  0.0116708 
-1.00615   0.58238    -0.27531   0.0105101 
-0.919047  0.634551   -0.389996  0.011885  
-0.919047  0.634551   -0.389996  0.00939138
-0.926574  0.586373   -0.367489  0.00732026
-0.828094  0.61409    -0.445759  0.00992673
-0.745919  0.561991   -0.43104   0.00749162
-0.681815  0.604078   -0.37764   0.0110283 
-0.638587  0.570339   -0.359434  0.00747631
-0.679526  0.603521   -0.383236  0.0109433 
-0.679526  0.603521   -0.383236  0.0157121 
-0.71331   0.517871   -0.336382  0.00954269
-0.621653  0.599096   -0.342843  0.00895806
-0.71289   0.609273   -0.416325  0.0152589 
-0.734294  0.521782   -0.351814  0.0100226 
-0.820528  0.565549   -0.423522  0.0137848 
-0.890615  0.621224   -0.406423  0.0136126 
-0.94206   0.534494   -0.3091    0.0134755 
-0.874295  0.536505   -0.354041  0.0194043 
-0.874295  0.536505   -0.354041  0.0255975 
-0.777238  0.473509   -0.212514  0.0190738 
-0.71347   0.495101   -0.283231  0.0109749 
-0.673349  0.555147   -0.365796  0.012468  
-0.586296  0.550884   -0.26407   0.0143071 
-0.635181  0.511829   -0.258812  0.0293006 
-0.635181  0.511829   -0.258812  0.0301736 
-0.635181  0.511829   -0.258812  0.0140882 
-0.538433  0.588311   -0.228714  0.0169619 
-0.574205  0.500268   -0.204004  0.0172889 
-0.479074  0.515946   -0.0605059 0.0179847 
-0.507045  0.514332   -0.139586  0.0164557 
-0.507045  0.514332   -0.139586  0.0113252 
-0.59949   0.600626   -0.323803  0.010418  
-0.664634  0.5618     -0.388472  0.0100784 
-0.61884   0.633397   -0.353145  0.00871053
-0.647011  0.654435   -0.367369  0.00829751
-0.704784  0.669428   -0.405731  0.0175394 
-0.704784  0.669428   -0.405731  0.0158721 
-0.801802  0.698579   -0.392357  0.02807   
-0.894298  0.771474   -0.263558  0.0175723 
-0.815667  0.71834    -0.371367  0.0196878 
-0.834432  0.768648   -0.344794  0.0246047 
-0.821141  0.794298   -0.309547  0.0535638 
-0.821141  0.794298   -0.309547  0.0385232 
-0.918257  0.832862   -0.13562   0.0419686 
-0.950756  0.822286   -0.0311544 0.0421393 
-0.904086  0.867108   -0.0634188 0.0491595 
-0.904086  0.867108   -0.0634188 0.0332719 
-0.882234  0.786847   -0.228242  0.039602  
-0.848998  0.734988   -0.321584  0.00907437
-0.780378  0.68715    -0.429431  0.0107452 
-0.771826  0.637068   -0.430928  0.00654761
-0.768667  0.597041   -0.446462  0.0165742 
-0.783275  0.515946   -0.338363  0.0383595 
-0.783275  0.515946   -0.338363  0.0174405 
-0.794657  0.570015   -0.399427  0.0217496 
-0.822467  0.487868   -0.219245  0.0259076 
-0.793639  0.465396   -0.151508  0.0285839 
-0.893481  0.438164   0.0790805  0.0164526 
-0.982967  0.495247   -0.122196  0.0283968 
-0.982967  0.495247   -0.122196  0.0225874 
-0.883849  0.482933   -0.220561  0.0253437 
-0.941634  0.452585   0.0182872  0.018893  
-0.998538  0.484837   -0.0914483 0.0141146 
-1.04118   0.554591   -0.176787  0.019081  
-1.03408   0.625631   -0.201578  0.031394  
-1.02748   0.682168   -0.129647  0.0267581 
-1.05819   0.66906    -0.119808  0.0439394 
-1.05271   0.762703   0.0622174  0.0553658 
-0.972989  0.796373   0.016378   0.0233679 
-0.89382   0.729124   -0.304564  0.0252204 
-0.892834  0.719209   -0.299309  0.0201431 
-0.944389  0.661569   -0.355404  0.0165099 
-0.944389  0.661569   -0.355404  0.0410234 
-1.0399    0.727454   0.0167117  0.027935  
-1.01089   0.680919   -0.186103  0.0140846 
-0.967575  0.634038   -0.321875  0.0114636 
-0.875165  0.553851   -0.396876  0.0185619 
-0.944205  0.644655   -0.34126   0.0468568 
-0.892566  0.729356   -0.301889  0.046893  
-0.861023  0.815075   -0.158022  0.0330608 
-0.8061    0.803591   -0.223497  0.0359824 
-0.8061    0.803591   -0.223497  0.04283   
-0.862529  0.869105   -0.106327  0.0258239 
-0.824503  0.80326    -0.268812  0.0286754 
-0.753096  0.867326   -0.243814  0.0266494 
-0.692942  0.869721   -0.27582   0.0321015 
-0.658233  0.839028   -0.271593  0.013792  
-0.744022  0.747098   -0.358556  0.0120019 
-0.705188  0.670957   -0.396702  0.00740637
-0.729896  0.641911   -0.422542  0.00915393
-0.816263  0.645377   -0.44803   0.010553  
-0.767106  0.553378   -0.374051  0.0069597 
-0.855363  0.622468   -0.436308  0.0102963 
-0.838562  0.683365   -0.422732  0.0252693 
-0.838562  0.683365   -0.422732  0.00837648
-0.766567  0.58964    -0.427523  0.00828897
-0.685464  0.652684   -0.387351  0.0107442 
-0.641931  0.552972   -0.320254  0.0144297 
-0.641931  0.552972   -0.320254  0.0186162 
-0.68378   0.500424   -0.323802  0.0370987 
-0.68378   0.500424   -0.323802  0.0377735 
-0.68378   0.500424   -0.323802  0.0138126 
-0.770491  0.530225   -0.376214  0.00809987
-0.677044  0.611245   -0.3964    0.00635001
-0.727514  0.618223   -0.418509  0.00856739
-0.63813   0.62786    -0.343867  0.0115476 
-0.609882  0.561755   -0.321364  0.0132456 
-0.571165  0.572309   -0.285946  0.0160452 
-0.542009  0.536122   -0.221998  0.00964967
-0.629825  0.580826   -0.321699  0.0148041 
-0.654682  0.51852    -0.33524   0.0196462 
-0.556423  0.476466   -0.132246  0.0311166 
-0.556423  0.476466   -0.132246  0.0368978 
-0.614531  0.410246   0.0979296  0.0810094 
-0.614531  0.410246   0.0979296  0.0188498 
-0.529515  0.472228   -0.0936547 0.0177262 
-0.473838  0.571212   -0.139425  0.0136714 
-0.538399  0.558166   -0.215687  0.0144004 
-0.555596  0.51993    -0.198926  0.018083  
-0.473996  0.535134   -0.122027  0.0139329 
-0.516491  0.620347   -0.219422  0.0159039 
-0.501883  0.565552   -0.171409  0.0201111 
-0.441694  0.53792    -0.03768   0.0233559 
-0.403246  0.480449   0.151827   0.024446  
-0.38426   0.411839   0.382116   0.0222016 
-0.383434  0.44973    0.281139   0.0242391 
-0.319416  0.544338   0.201352   0.0243444 
-0.240668  0.629031   0.0834409  0.0282596 
-0.240668  0.629031   0.0834409  0.0213421 
-0.339364  0.611025   0.038103   0.0250797 
-0.339364  0.611025   0.038103   0.028207  
-0.263304  0.518712   0.432897   0.0275687 
-0.362691  0.436198   0.306809   0.0202331 
-0.432818  0.520601   0.0245707  0.0204908 
-0.432818  0.520601   0.0245707  0.0163073 
-0.485179  0.569163   -0.125937  0.012642  
-0.538103  0.57329    -0.191685  0.0149057 
-0.50783   0.553727   -0.143186  0.0105521 
-0.606496  0.582356   -0.321802  0.0122651 
-0.606496  0.582356   -0.321802  0.0114582 
-0.669162  0.550655   -0.365239  0.0227629 
-0.669162  0.550655   -0.365239  0.00870806
-0.658541  0.603549   -0.36799   0.0105074 
-0.72556   0.697883   -0.395119  0.00839783
-0.658382  0.627931   -0.373081  0.0102944 
-0.600626  0.609058   -0.303612  0.0129094 
-0.600626  0.609058   -0.303612  0.0111012 
-0.618599  0.649285   -0.333649  0.0132281 
-0.618599  0.649285   -0.333649  0.0114638 
-0.582279  0.625319   -0.288494  0.0132859 
-0.541078  0.695708   -0.280131  0.0127545 
-0.541078  0.695708   -0.280131  0.0154205 
-0.541078  0.695708   -0.280131  0.0158066 
-0.553402  0.686653   -0.270665  0.0151525 
-0.461863  0.720342   -0.207719  0.0153758 
-0.461863  0.720342   -0.207719  0.0234339 
-0.539549  0.779034   -0.288065  0.0145055 
-0.451268  0.757494   -0.230648  0.0132657 
-0.529659  0.710575   -0.280392  0.0149152 
-0.480192  0.718351   -0.246937  0.0157554 
-0.467589  0.689705   -0.225203  0.0183107 
-0.467589  0.689705   -0.225203  0.0138155 
-0.510587  0.636729   -0.200029  0.0128666 
-0.534747  0.548103   -0.170546  0.01397   
-0.519632  0.629426   -0.206578  0.0110922 
-0.611243  0.568226   -0.310238  0.0124762 
-0.551107  0.648013   -0.266352  0.0116416 
-0.585845  0.600603   -0.308373  0.0134924 
-0.536015  0.619278   -0.241055  0.013724  
-0.542524  0.536631   -0.187658  0.0203288 
-0.542524  0.536631   -0.187658  0.0164652 
-0.523394  0.48903    -0.0796166 0.0213968 
-0.572387  0.463505   -0.101678  0.0270864 
-0.640064  0.450535   -0.151952  0.0536771 
-0.640064  0.450535   -0.151952  0.0244174 
-0.640064  0.450535   -0.151952  0.0504707 
-0.640064  0.450535   -0.151952  0.0264965 
-0.640064  0.450535   -0.151952  0.0343085 
-0.640064  0.450535   -0.151952  0.0187193 
-0.68941   0.497046   -0.288717  0.01364   
-0.605917  0.53309    -0.272605  0.0102715 
-0.656147  0.563809   -0.353025  0.0112726 
-0.645821  0.551598   -0.334511  0.0266294 
-0.645821  0.551598   -0.334511  0.0186423 
-0.72307   0.499031   -0.302816  0.0290791 
-0.72307   0.499031   -0.302816  0.0363004 
-0.72307   0.499031   -0.302816  0.027046  
-0.72307   0.499031   -0.302816  0.00764047
-0.734006  0.588695   -0.430471  0.0151777 
-0.723114  0.517522   -0.338703  0.0122703 
-0.805888  0.542863   -0.397557  0.00952287
-0.858354  0.640539   -0.426215  0.0266266 
-0.899601  0.71518    -0.291614  0.0281878 
-0.901918  0.744616   -0.261965  0.0620386 
-0.901918  0.744616   -0.261965  0.0272088 
-0.819555  0.734775   -0.307738  0.0126412 
-0.792102  0.717792   -0.407524  0.0217379 
-0.776266  0.775108   -0.321125  0.0112458 
-0.712994  0.68765    -0.404134  0.0149755 
-0.713621  0.704367   -0.384157  0.0165445 
-0.718303  0.658998   -0.394462  0.00922961
-0.641395  0.617095   -0.369394  0.0104053 
-0.66419   0.560844   -0.35078   0.00642911
-0.748948  0.629121   -0.433089  0.00840808
-0.680029  0.670972   -0.40475   0.0101108 
-0.726495  0.641628   -0.412215  0.0104439 
-0.637039  0.570393   -0.329292  0.0113963 
-0.599652  0.652919   -0.326761  0.0107075 
-0.599949  0.622763   -0.326528  0.0127804 
-0.540629  0.62198    -0.251008  0.0132496 
-0.541389  0.591576   -0.23312   0.0108891 
-0.589467  0.672084   -0.306502  0.0163915 
-0.500839  0.572546   -0.173525  0.0164774 
-0.469365  0.555784   -0.0861298 0.015116  
-0.528158  0.527594   -0.137507  0.0174162 
-0.450315  0.533987   -0.0198692 0.0201867 
-0.389774  0.591961   -0.0250695 0.0228896 
-0.317997  0.593199   0.136335   0.020439  
-0.314095  0.688182   -0.0600611 0.0197011 
-0.311947  0.716281   -0.1126    0.0186472 
-0.379447  0.689836   -0.130952  0.019221  
-0.403466  0.591964   -0.011638  0.0229562 
-0.3179    0.581164   0.128497   0.021512  
-0.341549  0.562236   0.178645   0.0212752 
-0.397865  0.51338    0.105627   0.019663  
-0.397865  0.51338    0.105627   0.0240296 
-0.337826  0.595065   0.0596318  0.0179106 
-0.415074  0.608906   -0.048252  0.0160266 
-0.464347  0.649925   -0.152697  0.0154156 
-0.481379  0.687441   -0.189346  0.0189905 
-0.391995  0.673397   -0.12294   0.021562  
-0.391995  0.673397   -0.12294   0.0206129 
-0.307044  0.674813   -0.0181446 0.0177279 
-0.305542  0.764109   -0.165312  0.0184567 
-0.305542  0.764109   -0.165312  0.020792  
-0.305542  0.764109   -0.165312  0.018029  
-0.305542  0.764109   -0.165312  0.0174296 
-0.343565  0.763748   -0.142579  0.0203032 
-0.257303  0.709065   -0.0541045 0.019306  
-0.221536  0.741085   -0.060793  0.0219814 
-0.216337  0.694921   -0.0367102 0.0191235 
-0.261639  0.735546   -0.0712646 0.0233716 
-0.209427  0.641181   0.151713   0.0202069 
-0.240856  0.701008   0.0188985  0.0197188 
-0.163187  0.761762   -0.0871133 0.0173476 
-0.121447  0.822637   -0.137266  0.0166007 
-0.210296  0.856325   -0.183333  0.0163615 
-0.237326  0.885063   -0.21194   0.0167817 
-0.29363   0.876155   -0.199356  0.0182278 
-0.195589  0.847694   -0.219796  0.017885  
-0.12871   0.82771    -0.17875   0.0165316 
-0.204949  0.848056   -0.175027  0.0170638 
-0.283378  0.788331   -0.138328  0.0165786 
-0.289995  0.807459   -0.191     0.0177147 
-0.269852  0.765755   -0.120752  0.0196048 
-0.269852  0.765755   -0.120752  0.0159503 
-0.366003  0.865017   -0.220605  0.0146692 
-0.457825  0.822323   -0.277828  0.0176516 
-0.358997  0.85561    -0.243453  0.0163388 
-0.312048  0.944215   -0.271114  0.0233281 
-0.293437  1.04181    -0.248573  0.0240668 
-0.215675  0.985359   -0.234067  0.0177895 
-0.276451  0.891236   -0.229186  0.0219829 
-0.2207    0.963603   -0.262696  0.0290234 
-0.129851  1.05563    -0.20206   0.04364   
-0.0628792 1.11959    -0.15573   0.0384491 
-0.120066  1.1125     -0.178687  0.0424111 
-0.172423  1.15923    -0.0830101 0.0453682 
-0.187375  1.19143    -0.0227838 0.0293548 
-0.151022  1.1075     -0.238091  0.0190212 
-0.0516508 1.02041    -0.27102   0.0208192 
-0.0419805 0.941137   -0.232317  0.0172721 
0.0518743  1.02221    -0.238304  0.0423083 
-0.0463656 1.10686    -0.153106  0.0263379 
0.0285686  1.06505    -0.201761  0.0281095 
0.0424711  1.13564    -0.265345  0.0498803 
0.0424711  1.13564    -0.265345  0.0285004 
-0.0370719 1.03771    -0.220096  0.022597  
-0.120471  1.04047    -0.240697  0.0228615 
-0.196249  1.03431    -0.253658  0.0218257 
-0.270349  1.02771    -0.285781  0.0185746 
-0.22058   1.03747    -0.266923  0.0358981 
-0.247298  1.07768    -0.231905  0.0291008 
-0.19524   1.03557    -0.223982  0.0387125 
-0.274885  1.1201     -0.148273  0.0601181 
-0.274885  1.1201     -0.148273  0.0309354 
-0.210689  1.09229    -0.246485  0.0203777 
-0.16879   1.01868    -0.23624   0.0257057 
-0.186057  0.930158   -0.221001  0.017174  
-0.176822  0.863425   -0.207509  0.0155483 
-0.1962    0.877434   -0.228469  0.0154225 
-0.221355  0.887379   -0.225619  0.0180418 
-0.270384  0.950097   -0.234621  0.049596  
-0.245483  0.993454   -0.161103  0.0170502 
-0.184923  0.913271   -0.21455   0.0157789 
-0.27765   0.867232   -0.219704  0.0155221 
-0.360303  0.817482   -0.233971  0.0164144 
-0.288861  0.803638   -0.17074   0.0188933 
-0.235417  0.757567   -0.0899577 0.0179271 
-0.22935   0.779578   -0.109096  0.0183634 
-0.297526  0.758104   -0.165168  0.0162468 
-0.282287  0.817936   -0.170808  0.015618  
-0.322504  0.898793   -0.247102  0.015698  
-0.295322  0.826195   -0.215785  0.0335103 
-0.345285  0.911493   -0.208996  0.0397179 
-0.423282  0.975717   -0.209166  0.0205568 
-0.424164  0.951862   -0.302291  0.0211287 
-0.356968  0.924543   -0.254467  0.0264598 
-0.390023  0.95499    -0.211227  0.0228985 
-0.488901  0.919703   -0.266835  0.0235488 
-0.405719  0.987421   -0.236572  0.0371617 
-0.4198    1.02146    -0.193993  0.0361309 
-0.375481  1.03079    -0.212198  0.0288424 
-0.419096  1.01183    -0.205578  0.0427784 
-0.471271  1.04043    -0.131756  0.0212069 
-0.400223  0.966419   -0.281471  0.0171599 
-0.343041  0.930485   -0.266778  0.0307997 
-0.421108  0.875471   -0.191061  0.0155716 
-0.452328  0.888502   -0.291419  0.0210789 
-0.408414  0.934733   -0.249876  0.0245228 
-0.331296  0.854361   -0.22352   0.016987  
-0.257496  0.882444   -0.212837  0.0173073 
-0.219142  0.829556   -0.176516  0.0172891 
-0.249165  0.799818   -0.132856  0.0168469 
-0.25001   0.821906   -0.18196   0.0155468 
-0.28567   0.859921   -0.226985  0.0165235 
-0.243857  0.831427   -0.146149  0.0181853 
-0.191979  0.803287   -0.129496  0.0209427 
-0.191979  0.803287   -0.129496  0.0185566 
-0.196773  0.766106   -0.0901531 0.0218409 
-0.196773  0.766106   -0.0901531 0.022213  
-0.206006  0.68199    0.0476161  0.0190054 
-0.237789  0.761165   -0.0883073 0.0173828 
-0.266126  0.850948   -0.194749  0.0188689 
-0.34307   0.910273   -0.266536  0.0167776 
-0.364613  0.933668   -0.304992  0.0154522 
-0.365798  0.860579   -0.252862  0.0152693 
-0.370447  0.832027   -0.24908   0.0158693 
-0.316001  0.87776    -0.273079  0.0152648 
-0.380318  0.837477   -0.251181  0.0183698 
-0.326066  0.826074   -0.229828  0.0175653 
-0.362138  0.752687   -0.152453  0.0171513 
-0.3692    0.747168   -0.17726   0.0171564 
-0.29132   0.79833    -0.191188  0.015254  
-0.253179  0.885271   -0.221332  0.0170706 
-0.307795  0.85227    -0.265367  0.0342057 
-0.307795  0.85227    -0.265367  0.0156169 
-0.368897  0.84914    -0.24802   0.0160434 
-0.345444  0.861003   -0.243938  0.0161808 
-0.291022  0.851528   -0.20915   0.0165791 
-0.272972  0.800311   -0.172113  0.0165989 
-0.357787  0.803825   -0.184529  0.0157284 
-0.36973   0.783084   -0.208553  0.0147589 
-0.438002  0.867465   -0.280148  0.0148162 
-0.482492  0.78809    -0.234392  0.015882  
-0.442712  0.709249   -0.172144  0.0148256 
-0.471723  0.71836    -0.213854  0.0158268 
-0.422796  0.701711   -0.131217  0.0149724 
-0.49992   0.633713   -0.227562  0.0113349 
-0.579882  0.614444   -0.29964   0.00986665
-0.61742   0.640027   -0.349018  0.0118983 
-0.61742   0.640027   -0.349018  0.00857252
-0.705757  0.659161   -0.402222  0.00943366
-0.736456  0.562736   -0.401678  0.00695085
-0.827647  0.599956   -0.440489  0.0150078 
-0.850909  0.647074   -0.41105   0.011421  
-0.850909  0.647074   -0.41105   0.0126945 
-0.794654  0.688424   -0.395999  0.0068616 
-0.710391  0.610246   -0.424746  0.00968162
-0.655145  0.572396   -0.376029  0.00875259
-0.670865  0.580636   -0.358327  0.0103044 
-0.627779  0.654298   -0.360533  0.0139003 
-0.528194  0.588489   -0.203576  0.0139096 
-0.500276  0.666654   -0.216222  0.0119569 
-0.571529  0.687207   -0.318797  0.0135812 
-0.571529  0.687207   -0.318797  0.0137845 
-0.549719  0.760045   -0.285205  0.014111  
-0.502543  0.703458   -0.205784  0.0142879 
-0.525446  0.722449   -0.245498  0.0145748 
-0.511081  0.774181   -0.269585  0.0126049 
-0.608939  0.736719   -0.343884  0.0125849 
-0.549771  0.666574   -0.290225  0.0128301 
-0.528042  0.669584   -0.237825  0.0147134 
-0.486646  0.683367   -0.208167  0.0134195 
-0.510124  0.676376   -0.242179  0.0144351 
-0.603422  0.731134   -0.311217  0.0101983 
-0.625491  0.686892   -0.355063  0.00842171
-0.663081  0.677314   -0.371057  0.0116308 
-0.627632  0.718341   -0.331276  0.0129524 
-0.627632  0.718341   -0.331276  0.010753  
-0.704489  0.725719   -0.38844   0.00824434
-0.70918   0.665175   -0.400828  0.007848  
-0.739109  0.581412   -0.420874  0.0206514 
-0.739109  0.581412   -0.420874  0.00885686
-0.648718  0.663667   -0.384491  0.00768938
-0.671974  0.645758   -0.380208  0.0130094 
-0.574335  0.559039   -0.261351  0.00937307
-0.621977  0.619966   -0.329058  0.0078794 
-0.648328  0.628532   -0.362138  0.0118082 
-0.610296  0.552184   -0.301926  0.0230908 
-0.610296  0.552184   -0.301926  0.0101923 
-0.612516  0.629844   -0.346195  0.0118565 
-0.60895   0.559021   -0.302375  0.00788664
-0.664237  0.633184   -0.390312  0.0115134 
-0.571022  0.616557   -0.301124  0.0172845 
-0.571022  0.616557   -0.301124  0.0122192 
-0.535083  0.64256    -0.232174  0.0123397 
-0.601153  0.737485   -0.307483  0.0117563 
-0.588213  0.733568   -0.336593  0.0138837 
-0.524213  0.758548   -0.264752  0.0106844 
-0.613836  0.689415   -0.344554  0.0092804 
-0.654056  0.596945   -0.383174  0.0101029 
-0.628069  0.689648   -0.352573  0.0127607 
-0.628069  0.689648   -0.352573  0.0091862 
-0.653313  0.640876   -0.378882  0.0123434 
-0.653313  0.640876   -0.378882  0.00633683
-0.729571  0.613956   -0.436134  0.00878206
-0.722164  0.571096   -0.408683  0.00746949
-0.754358  0.597984   -0.43832   0.0114642 
-0.814234  0.551671   -0.396959  0.00955432
-0.907209  0.570731   -0.368769  0.0342669 
-0.907209  0.570731   -0.368769  0.0204074 
-0.907209  0.570731   -0.368769  0.00864382
-0.853358  0.583809   -0.420894  0.0159464 
-0.87126   0.523315   -0.346737  0.0359634 
-0.87126   0.523315   -0.346737  0.0244999 
-0.87126   0.523315   -0.346737  0.0106165 
-0.889312  0.597624   -0.394475  0.0119192 
-0.88307   0.545574   -0.343019  0.0106508 
-0.870107  0.641511   -0.415623  0.0173819 
-0.784416  0.711983   -0.377453  0.0098483 
-0.814827  0.662511   -0.424847  0.0120517 
-0.775662  0.721929   -0.391075  0.025412  
-0.87075   0.705689   -0.324078  0.00682802
-0.771841  0.624741   -0.443166  0.0161213 
-0.802714  0.687297   -0.409692  0.011048  
-0.759724  0.685173   -0.417453  0.0214691 
-0.703535  0.761207   -0.322883  0.0145091 
-0.702452  0.742191   -0.373788  0.0171793 
-0.702452  0.742191   -0.373788  0.0100355 
-0.787526  0.683416   -0.425912  0.0270791 
-0.787526  0.683416   -0.425912  0.00870114
-0.802053  0.602354   -0.447902  0.0110011 
-0.781446  0.550743   -0.393373  0.00667035
-0.716075  0.62617    -0.426914  0.0067476 
-0.723042  0.638349   -0.425585  0.00913859
-0.738901  0.682163   -0.404581  0.00782491
-0.75895   0.624723   -0.431558  0.0090407 
-0.75895   0.624723   -0.431558  0.00889596
-0.726187  0.57205    -0.410625  0.0158274 
-0.626332  0.505156   -0.236377  0.0213195 
-0.547109  0.465947   -0.0878489 0.0138271 
-0.537339  0.558586   -0.207978  0.0162466 
-0.598231  0.495385   -0.187494  0.00944743
-0.65351   0.579497   -0.357147  0.0215912 
-0.65351   0.579497   -0.357147  0.00981561
-0.752806  0.678322   -0.425217  0.0138917 
-0.816333  0.679299   -0.383397  0.0145136 
-0.84851   0.733359   -0.393213  0.017935  
-0.918118  0.671122   -0.337708  0.0452834 
-0.918118  0.671122   -0.337708  0.0160506 
-0.821762  0.61356    -0.407359  0.00977334
-0.86804   0.634556   -0.430411  0.00842656
-0.817741  0.582414   -0.447152  0.0191119 
-0.817741  0.582414   -0.447152  0.016815  
-0.817741  0.582414   -0.447152  0.0209136 
-0.817741  0.582414   -0.447152  0.011809  
-0.831371  0.642983   -0.415731  0.0102433 
-0.878146  0.599254   -0.40057   0.00903169
-0.849121  0.589921   -0.428379  0.00835126
-0.801143  0.659736   -0.426502  0.0106931 
-0.838771  0.562604   -0.408212  0.0118249 
-0.838771  0.562604   -0.408212  0.0127221 
-0.866055  0.658862   -0.402904  0.00828585
-0.860103  0.583656   -0.41839   0.00708058
-0.778549  0.645392   -0.442644  0.0134003 
-0.832664  0.694144   -0.405638  0.009185  
-0.770557  0.691055   -0.416482  0.0167038 
-0.770557  0.691055   -0.416482  0.0241503 
-0.748452  0.778875   -0.318943  0.0221564 
-0.832941  0.755904   -0.333253  0.0132525 
-0.841713  0.66463    -0.419016  0.0181698 
-0.841713  0.66463    -0.419016  0.00775527
-0.745157  0.581454   -0.418492  0.00956591
-0.724118  0.669136   -0.396195  0.0088119 
-0.629422  0.624237   -0.343295  0.0149903 
-0.629422  0.624237   -0.343295  0.0093814 
-0.64301   0.639696   -0.350978  0.00910957
-0.665238  0.681821   -0.383743  0.0119994 
-0.593567  0.731594   -0.294973  0.0127583 
-0.544594  0.653902   -0.27654   0.0148783 
-0.481033  0.731998   -0.245652  0.0152198 
-0.478655  0.820316   -0.27715   0.0208058 
-0.395062  0.868719   -0.284267  0.0154519 
-0.437094  0.897285   -0.282037  0.0306862 
-0.517218  0.971939   -0.214267  0.043328  
-0.598707  1.06562    -0.0889596 0.0430719 
-0.690939  0.972771   -0.103311  0.0529953 
-0.772591  0.930898   -0.0486019 0.0346371 
-0.869845  0.874605   -0.155697  0.0556313 
-0.78655   0.96389    -0.0250719 0.0628057 
-0.808662  0.926118   0.00911925 0.059711  
-0.808662  0.926118   0.00911925 0.0447768 
-0.723951  1.02066    0.0244339  0.0708316 
-0.723951  1.02066    0.0244339  0.0497199 
-0.678683  0.974657   -0.0973297 0.0251947 
-0.61001   0.940235   -0.273659  0.0377968 
-0.510752  1.01933    -0.167877  0.0643484 
-0.515171  1.11761    0.0352129  0.0541939 
-0.542052  1.09075    -0.0244221 0.0516158 
-0.550336  1.15209    0.0339538  0.0858952 
-0.547954  1.21664    0.300605   0.173212  
-0.547954  1.21664    0.300605   0.0621563 
-0.513795  1.17591    0.085401   0.0892924 
-0.589423  1.13685    0.116928   0.040402  
-0.536829  1.05469    -0.13882   0.0483201 
-0.541915  1.05364    -0.0650391 0.0698721 
-0.541915  1.05364    -0.0650391 0.105952  
-0.542971  1.01934    -0.108858  0.0684612 
-0.589708  1.05754    0.0214917  0.0496081 
-0.630476  1.09003    -0.0263053 0.117016  
-0.634933  1.11418    0.303861   0.0956624 
-0.634933  1.11418    0.303861   0.10936   
-0.634933  1.11418    0.303861   0.0713747 
-0.566557  1.08793    0.0739121  0.0473932 
-0.558627  1.08172    -0.0407335 0.0334506 
-0.64436   0.991682   -0.1255    0.055044  
-0.697631  0.981923   -0.0537946 0.0670491 
-0.71175   0.961488   -0.0287828 0.068581  
-0.71175   0.961488   -0.0287828 0.0628688 
-0.746374  0.923552   -0.132526  0.0330464 
-0.6642    0.852874   -0.227656  0.0209497 
-0.578305  0.832051   -0.30785   0.0147961 
-0.512799  0.792607   -0.276605  0.0138546 
-0.548241  0.730186   -0.267029  0.0137892 
-0.525683  0.656203   -0.255385  0.0117356 
-0.553143  0.66892    -0.257298  0.0123164 
-0.572716  0.581817   -0.27048   0.00973777
-0.627982  0.585392   -0.335843  0.0173064 
-0.716466  0.507002   -0.311041  0.0275299 
-0.794551  0.460805   -0.180804  0.0206277 
-0.7295    0.483979   -0.241911  0.0350501 
-0.7295    0.483979   -0.241911  0.0117918 
-0.693916  0.542856   -0.353086  0.010513  
-0.687332  0.557385   -0.378777  0.00622273
-0.784097  0.632928   -0.448601  0.00613784
-0.798944  0.603004   -0.451897  0.0119426 
-0.798944  0.603004   -0.451897  0.011502  
-0.733628  0.549427   -0.392127  0.00674823
-0.698755  0.617224   -0.405253  0.0114842 
-0.698755  0.617224   -0.405253  0.00793389
-0.669745  0.592738   -0.372517  0.0176245 
-0.669745  0.592738   -0.372517  0.0139467 
-0.669745  0.592738   -0.372517  0.01166   
-0.717007  0.545879   -0.400037  0.00621254
-0.734571  0.612039   -0.431246  0.00687365
-0.819611  0.632585   -0.446482  0.0134529 
-0.866781  0.63962    -0.398338  0.00900294
-0.9057    0.610835   -0.410062  0.0134094 
-0.987845  0.611953   -0.303515  0.0126941 
-1.05844   0.530579   -0.125731  0.0251831 
-1.054     0.441217   0.11981    0.0149729 
-1.12419   0.488091   0.0882381  0.0146809 
-1.03009   0.507469   -0.126394  0.0137099 
-1.00509   0.530648   -0.219785  0.0196117 
-0.938415  0.490644   -0.183696  0.0287722 
-0.96596   0.435265   0.099879   0.0202957 
-0.883485  0.490667   -0.217889  0.0300178 
-0.883485  0.490667   -0.217889  0.0403017 
-0.883485  0.490667   -0.217889  0.0175162 
-0.930884  0.508037   -0.241829  0.0111542 
-0.907786  0.55822    -0.378473  0.0273905 
-0.907786  0.55822    -0.378473  0.0149074 
-0.960794  0.522591   -0.295778  0.0140937 
-0.966109  0.52259    -0.224991  0.0225534 
-0.966109  0.52259    -0.224991  0.0277161 
-0.966109  0.52259    -0.224991  0.0108387 
-0.874163  0.556636   -0.382875  0.0115652 
-0.86176   0.65002    -0.428958  0.0183603 
-0.936636  0.641217   -0.359655  0.0184696 
-1.00783   0.63705    -0.245832  0.0135543 
-0.963007  0.585548   -0.330401  0.0149415 
-1.03243   0.515764   -0.171176  0.0136404 
-1.08221   0.507183   -0.00567554 0.0139271 
-1.04417   0.537157   -0.148648  0.0108251 
-0.949154  0.613151   -0.361425  0.0107316 
-0.892413  0.5636     -0.40883   0.0170791 
-0.814769  0.516163   -0.323549  0.010297  
-0.854059  0.613867   -0.425686  0.0130646 
-0.815023  0.537597   -0.376706  0.00738229
-0.801349  0.612615   -0.432644  0.00869951
-0.871032  0.60012    -0.430105  0.0123112 
-0.958449  0.605109   -0.354415  0.0172774 
-0.893138  0.509676   -0.258531  0.0219868 
-0.893138  0.509676   -0.258531  0.0170684 
-0.905159  0.507576   -0.258044  0.00948167
-0.83166   0.56857    -0.407997  0.0115484 
-0.897817  0.645944   -0.400044  0.0103254 
-0.947013  0.571782   -0.354158  0.0128238 
-0.969379  0.57257    -0.303692  0.0160047 
-0.965997  0.513343   -0.226044  0.0158075 
-0.965997  0.513343   -0.226044  0.0153263 
-1.04257   0.587907   -0.211284  0.030889  
-1.04257   0.587907   -0.211284  0.0175377 
-1.04257   0.587907   -0.211284  0.0317206 
-1.13782   0.64181    0.0592622  0.0251364 
-1.13782   0.64181    0.0592622  0.0549347 
-1.13782   0.64181    0.0592622  0.0372667 
-1.12428   0.663973   0.0248657  0.0544223 
-1.12428   0.663973   0.0248657  0.0166788 
-1.06155   0.595354   -0.143645  0.0285225 
-1.0114    0.693087   -0.149006  0.0593158 
-1.0114    0.693087   -0.149006  0.0188667 
-0.91973   0.700081   -0.360496  0.0104666 
-0.910218  0.605018   -0.402855  0.0201628 
-0.910218  0.605018   -0.402855  0.0266023 
-0.948196  0.626937   -0.350155  0.0102454 
-0.878318  0.591099   -0.416929  0.00948856
-0.898814  0.573369   -0.377973  0.0170394 
-0.898814  0.573369   -0.377973  0.0109006 
-0.835472  0.557426   -0.414763  0.0125182 
-0.934758  0.544915   -0.309296  0.0217618 
-0.934758  0.544915   -0.309296  0.0291648 
-0.850494  0.454501   -0.0907066 0.0436727 
-0.850494  0.454501   -0.0907066 0.0416867 
-0.850494  0.454501   -0.0907066 0.024176  
-0.790374  0.472521   -0.172253  0.0280831 
-0.790374  0.472521   -0.172253  0.0309993 
-0.790374  0.472521   -0.172253  0.0467837 
-0.888611  0.374683   0.570618   0.0302082 
-0.837751  0.452019   -0.0722381 0.0399399 
-0.810265  0.412202   0.189049   0.0523227 
-0.810265  0.412202   0.189049   0.0562389 
-0.810265  0.412202   0.189049   0.0381059 
-0.751693  0.418256   0.136962   0.0581194 
-0.751693  0.418256   0.136962   0.058666  
-0.678322  0.358839   0.685869   0.0396973 
-0.5818    0.394555   0.210575   0.0741881 
-0.5818    0.394555   0.210575   0.0293389 
-0.626472  0.438751   -0.0565566 0.0170422 
-0.54137   0.514367   -0.187944  0.0110369 
-0.612734  0.565921   -0.31558   0.0093263 
-0.644453  0.587309   -0.353738  0.0108133 
-0.661427  0.559254   -0.348499  0.0147961 
-0.672317  0.522394   -0.300809  0.0189176 
-0.689867  0.495654   -0.253034  0.00971506
-0.631615  0.586156   -0.331125  0.00671385
-0.693351  0.617238   -0.393662  0.012536  
-0.678226  0.712592   -0.356429  0.00888008
-0.761581  0.69211    -0.427191  0.00691531
-0.758413  0.61754    -0.443019  0.0110373 
-0.758413  0.61754    -0.443019  0.00737637
-0.732853  0.606665   -0.413633  0.00982218
-0.682214  0.699672   -0.398584  0.0150674 
-0.705492  0.734773   -0.362341  0.0479307 
-0.705492  0.734773   -0.362341  0.0165383 
-0.761959  0.774938   -0.364323  0.0160062 
-0.668489  0.776011   -0.33134   0.011303  
-0.627202  0.722499   -0.355249  0.00825045
-0.675014  0.656739   -0.406507  0.0106917 
-0.596443  0.659449   -0.335823  0.00976634
-0.665241  0.678274   -0.378968  0.00781162
-0.667295  0.639985   -0.379966  0.00870845
-0.658299  0.601085   -0.36912   0.0110011 
-0.732712  0.549302   -0.393219  0.00683783
-0.714835  0.611296   -0.419101  0.0108128 
-0.635561  0.69317    -0.364049  0.0150668 
-0.635561  0.69317    -0.364049  0.0104328 
-0.611242  0.665232   -0.331664  0.00849215
-0.673637  0.594918   -0.397584  0.00918145
-0.640519  0.611675   -0.375105  0.00899572
-0.641494  0.59075    -0.344498  0.0145832 
-0.559326  0.514253   -0.192638  0.0171241 
-0.586427  0.489797   -0.189147  0.0104829 
-0.658189  0.559799   -0.345681  0.0206765 
-0.630147  0.474596   -0.168484  0.0170163 
-0.577073  0.496754   -0.182187  0.0152655 
-0.577073  0.496754   -0.182187  0.0196969 
-0.66882   0.483163   -0.192148  0.01165   
-0.674724  0.540978   -0.346733  0.0164161 
-0.682291  0.507307   -0.300674  0.0100675 
-0.613256  0.605338   -0.331695  0.00880808
-0.661578  0.577237   -0.347088  0.0105173 
-0.638479  0.649123   -0.359678  0.0159088 
-0.638479  0.649123   -0.359678  0.0167992 
-0.704014  0.720419   -0.381637  0.00902614
-0.673972  0.699479   -0.40104   0.0280968 
-0.673972  0.699479   -0.40104   0.00710239
-0.697881  0.601111   -0.40819   0.00677351
-0.731383  0.602332   -0.427442  0.0102951 
-0.827953  0.557394   -0.416436  0.0242782 
-0.86437   0.470463   -0.120994  0.0371101 
-0.86437   0.470463   -0.120994  0.0469211 
-0.86437   0.470463   -0.120994  0.0312222 
-0.956624  0.438533   0.0466861  0.0506863 
-0.956624  0.438533   0.0466861  0.0254927 
-1.05473   0.439602   0.126146   0.0478283 
-1.05473   0.439602   0.126146   0.0131262 
-0.986177  0.528204   -0.229129  0.0205767 
-0.986177  0.528204   -0.229129  0.0201409 
-0.986177  0.528204   -0.229129  0.0203513 
-0.911968  0.491148   -0.239225  0.0117397 
-0.847681  0.551351   -0.395579  0.0122776 
-0.860121  0.544094   -0.382024  0.0274606 
-0.803117  0.464349   -0.178167  0.0343327 
-0.803117  0.464349   -0.178167  0.0189936 
-0.860626  0.501496   -0.274354  0.0229667 
-0.871293  0.482539   -0.207583  0.0343594 
-0.871293  0.482539   -0.207583  0.00917715
-0.832366  0.570875   -0.408984  0.00838342
-0.836437  0.585764   -0.427862  0.0132752 
-0.907446  0.663419   -0.413108  0.0104898 
-0.809989  0.623789   -0.448494  0.0087149 
-0.809989  0.623789   -0.448494  0.0139809 
-0.806222  0.705767   -0.396714  0.025463  
-0.806222  0.705767   -0.396714  0.00983311
-0.798835  0.676332   -0.421978  0.0132886 
-0.724793  0.69345    -0.396517  0.0168575 
-0.671233  0.755207   -0.34743   0.0114751 
-0.630958  0.708705   -0.351368  0.0129506 
-0.658022  0.722467   -0.379099  0.0122366 
-0.658022  0.722467   -0.379099  0.00661486
-0.715098  0.623864   -0.420673  0.0146725 
-0.715098  0.623864   -0.420673  0.00882976
-0.721572  0.576351   -0.407666  0.0182061 
-0.721572  0.576351   -0.407666  0.00695019
-0.701775  0.624958   -0.408365  0.00885771
-0.701775  0.624958   -0.408365  0.00962467
-0.722101  0.691057   -0.398265  0.0151357 
-0.722101  0.691057   -0.398265  0.00871883
-0.716827  0.699383   -0.413026  0.014506  
-0.716827  0.699383   -0.413026  0.00792614
-0.700404  0.600953   -0.398356  0.00791363
-0.754105  0.644362   -0.422512  0.00566498
-0.809323  0.643662   -0.452226  0.00519304
-0.773816  0.632583   -0.442862  0.0169495 
-0.773816  0.632583   -0.442862  0.00915185
-0.744522  0.678624   -0.414277  0.0147971 
-0.657013  0.750307   -0.349395  0.0137854 
-0.567127  0.748081   -0.310011  0.0144844 
-0.492898  0.652475   -0.218959  0.0172536 
-0.492898  0.652475   -0.218959  0.016031  
-0.413168  0.723244   -0.182965  0.0144989 
-0.451016  0.778502   -0.258688  0.015319  
-0.451016  0.778502   -0.258688  0.016455  
-0.488517  0.780315   -0.246961  0.0175206 
-0.488517  0.780315   -0.246961  0.0175492 
-0.501987  0.811753   -0.261518  0.0193119 
-0.576408  0.815824   -0.308978  0.0167401 
-0.476603  0.87442    -0.279462  0.0330328 
-0.565668  0.945068   -0.175976  0.025914  
-0.598629  0.945314   -0.213475  0.0411795 
-0.578116  0.974555   -0.169801  0.0524976 
-0.587484  1.06399    -0.0265734 0.0733831 
-0.538512  1.09571    0.013798   0.042939  
-0.55896   1.06115    -0.181965  0.107463  
-0.55896   1.06115    -0.181965  0.0451445 
-0.460608  1.10141    -0.0670196 0.0304929 
-0.512455  1.03317    -0.17717   0.0178155 
-0.417005  0.936684   -0.29316   0.0202078 
-0.422391  0.928679   -0.242206  0.0195575 
-0.397817  0.881724   -0.271121  0.0252042 
-0.407421  0.980899   -0.258255  0.0400715 
-0.329674  1.04553    -0.207596  0.0198305 
-0.298584  0.983563   -0.252481  0.0333986 
-0.35907   0.959055   -0.234587  0.0197795 
-0.299175  0.99606    -0.283438  0.064456  
-0.299175  0.99606    -0.283438  0.0313457 
-0.299175  0.99606    -0.283438  0.0328458 
-0.207649  1.09164    -0.196876  0.0558947 
-0.207649  1.09164    -0.196876  0.0425207 
-0.290543  1.12929    -0.116415  0.0783422 
-0.290543  1.12929    -0.116415  0.0575425 
-0.30452   1.16434    -0.0288381 0.0689448 
-0.30452   1.16434    -0.0288381 0.0753113 
-0.30452   1.16434    -0.0288381 0.0499552 
-0.24018   1.18509    -0.0747016 0.0664742 
-0.24018   1.18509    -0.0747016 0.0419283 
-0.309473  1.19098    -0.0535091 0.0787446 
-0.309473  1.19098    -0.0535091 0.0283358 
-0.289445  1.1017     -0.201776  0.0428693 
-0.217228  1.07073    -0.160938  0.0156223 
-0.138535  0.983066   -0.254264  0.0376579 
-0.138535  0.983066   -0.254264  0.0156041 
-0.169691  0.96933    -0.230788  0.0167888 
-0.237454  0.902046   -0.256725  0.0183972 
-0.269695  0.970837   -0.230207  0.0194741 
-0.308347  0.965227   -0.222683  0.0202965 
-0.218088  1.02596    -0.269229  0.0158654 
-0.198683  0.939742   -0.248674  0.0255749 
-0.149437  0.951657   -0.213241  0.0209973 
-0.145294  0.985844   -0.21436   0.0178032 
-0.0590876 0.950011   -0.235399  0.0203945 
-0.0326327 1.01044    -0.237636  0.0187642 
-0.0672014 0.987849   -0.229518  0.0173572 
-0.033177  0.934992   -0.192738  0.0218548 
0.0371684  0.982823   -0.262237  0.0153003 
-0.0366846 1.00082    -0.25516   0.0180597 
-0.0366846 1.00082    -0.25516   0.0253714 
0.0256788  1.08486    -0.215443  0.0270715 
0.0945369  1.06437    -0.212323  0.0437012 
0.191046   1.16373    -0.125281  0.0717851 
0.200166   1.22134    0.0402798  0.0376991 
0.195117   1.16816    -0.164648  0.0610165 
0.195117   1.16816    -0.164648  0.0418529 
0.186631   1.16695    -0.110758  0.0264288 
0.0890863  1.10909    -0.190562  0.0300469 
-0.000629239 1.14408    -0.185238  0.0410919 
-0.00761143 1.12181    -0.215812  0.0223635 
-0.0594604 1.04301    -0.252151  0.0375464 
-0.1151    1.12554    -0.157981  0.0578562 
-0.153185  1.1963     0.0155171  0.0608994 
-0.208049  1.15492    -0.0724587 0.0443039 
-0.115764  1.17579    -0.127067  0.068152  
-0.0450418 1.24177    0.0360095  0.0413662 
-0.102586  1.16641    -0.172982  0.0312727 
-0.127129  1.15069    -0.189559  0.0337627 
-0.165893  1.05366    -0.227287  0.0472974 
-0.165893  1.05366    -0.227287  0.017421  
-0.12054   1.02138    -0.266641  0.0164886 
-0.104504  0.928612   -0.229221  0.0212281 
-0.144063  0.990451   -0.245308  0.021679  
-0.237127  0.906129   -0.234395  0.0171979 
-0.242593  0.806713   -0.145505  0.0149732 
-0.305991  0.853216   -0.196385  0.0194893 
-0.350137  0.931488   -0.263987  0.0152645 
-0.427071  0.83256    -0.260327  0.018428  
-0.526416  0.836657   -0.297456  0.0207654 
-0.609362  0.864446   -0.283793  0.0283062 
-0.614177  0.848644   -0.255604  0.0134393 
-0.637361  0.810505   -0.317747  0.0322818 
-0.641078  0.879525   -0.246698  0.04523   
-0.727699  0.964889   -0.103771  0.0351314 
-0.674462  0.947434   -0.218132  0.0422924 
-0.679494  0.941169   -0.179356  0.0257695 
-0.696867  0.868672   -0.259277  0.0446503 
-0.696867  0.868672   -0.259277  0.032337  
-0.602746  0.948088   -0.147539  0.0223988 
-0.539966  0.879017   -0.276297  0.0300271 
-0.639765  0.942337   -0.27113   0.036692  
-0.629002  0.914889   -0.194172  0.0520493 
-0.626822  1.00268    -0.0749096 0.0438319 
-0.716361  0.968375   -0.148725  0.0601278 
-0.757047  1.01307    0.0811882  0.0477114 
-0.698237  1.08009    0.0525568  0.0871064 
-0.698237  1.08009    0.0525568  0.0983321 
-0.698237  1.08009    0.0525568  0.0409583 
-0.689437  1.00415    -0.101242  0.0629654 
-0.689437  1.00415    -0.101242  0.053897  
-0.603512  1.05299    -0.0798905 0.0201367 
-0.51013   0.978443   -0.25722   0.0215417 
-0.520487  0.975032   -0.267939  0.0247512 
-0.550724  1.01022    -0.237591  0.0251431 
-0.606903  0.980972   -0.260823  0.0385869 
-0.606903  0.980972   -0.260823  0.0253199 
-0.654847  0.892268   -0.278086  0.0269777 
-0.59069   0.904463   -0.251869  0.0276192 
-0.659699  0.901143   -0.265692  0.0298154 
-0.649713  0.956363   -0.221599  0.0544683 
-0.649713  0.956363   -0.221599  0.0618332 
-0.649713  0.956363   -0.221599  0.055646  
-0.678298  1.04049    0.0361171  0.0644709 
-0.620949  1.08877    0.0918953  0.0990536 
-0.620949  1.08877    0.0918953  0.0626875 
-0.693629  1.06948    0.066066   0.0645765 
-0.693629  1.06948    0.066066   0.0646551 
-0.693629  1.06948    0.066066   0.0518679 
-0.593792  1.04481    -0.0491345 0.0300873 
-0.599707  0.970214   -0.196801  0.0344642 
-0.595519  0.937139   -0.198628  0.0300193 
-0.579024  0.966522   -0.203706  0.0342911 
-0.669532  0.873758   -0.271712  0.0202213 
-0.605517  0.844655   -0.309887  0.0192866 
-0.653814  0.772594   -0.34633   0.0246982 
-0.750944  0.782444   -0.312523  0.0206568 
-0.654126  0.798134   -0.340704  0.0166816 
-0.618007  0.823811   -0.325056  0.0145742 
-0.649391  0.777488   -0.328752  0.0139767 
-0.562106  0.772116   -0.311398  0.015437  
-0.553798  0.836786   -0.295002  0.0167322 
-0.626194  0.772039   -0.355557  0.0172004 
-0.724292  0.765546   -0.358898  0.0217795 
-0.678849  0.852162   -0.297088  0.0226363 
-0.680964  0.76434    -0.334573  0.0120235 
-0.633902  0.738831   -0.338748  0.0110215 
-0.716241  0.698371   -0.389583  0.0103034 
-0.620993  0.693511   -0.339792  0.0105711 
-0.598959  0.676366   -0.327588  0.0175086 
-0.627297  0.739992   -0.328687  0.0211034 
-0.664258  0.819379   -0.303334  0.0268977 
-0.742376  0.858065   -0.266061  0.0366947 
-0.742376  0.858065   -0.266061  0.0263975 
-0.766462  0.815278   -0.302424  0.0237783 
-0.842875  0.724312   -0.341441  0.028289  
-0.842875  0.724312   -0.341441  0.0161836 
-0.882415  0.67792    -0.368784  0.0178731 
-0.958402  0.657225   -0.309955  0.0114125 
-0.908374  0.583332   -0.384563  0.0112249 
-0.87883   0.588666   -0.40775   0.0112216 
-0.900219  0.559923   -0.387681  0.0166645 
-0.900219  0.559923   -0.387681  0.0161355 
-0.900219  0.559923   -0.387681  0.0236859 
-0.810265  0.482905   -0.217954  0.0144858 
-0.902719  0.527519   -0.329308  0.0239537 
-0.902719  0.527519   -0.329308  0.00872576
-0.893697  0.587009   -0.39877   0.0101699 
-0.829665  0.57668    -0.43335   0.013843  
-0.864492  0.649645   -0.423717  0.0122915 
-0.851841  0.677815   -0.408849  0.00993875
-0.880777  0.629726   -0.4078    0.0083053 
-0.793236  0.672651   -0.437063  0.0243231 
-0.880135  0.7281     -0.350345  0.0161521 
-0.793374  0.750051   -0.383082  0.00856782
-0.767161  0.681385   -0.42774   0.0235398 
-0.767161  0.681385   -0.42774   0.0121147 
-0.707726  0.691429   -0.386605  0.0184475 
-0.695995  0.687411   -0.362221  0.0177267 
-0.783936  0.727174   -0.380177  0.0257008 
-0.847183  0.680657   -0.387267  0.005897  
-0.773764  0.607486   -0.448605  0.0104438 
-0.824504  0.648798   -0.435995  0.00935712
-0.774465  0.632352   -0.417081  0.00749067
-0.783819  0.584785   -0.440297  0.0163263 
-0.783819  0.584785   -0.440297  0.00870666
-0.878201  0.624855   -0.430024  0.00884101
-0.816553  0.582864   -0.428527  0.00760234
-0.722005  0.669744   -0.413891  0.00728396
-0.700506  0.59482    -0.398536  0.00595823
-0.76053   0.611187   -0.443037  0.0120356 
-0.839924  0.543058   -0.368465  0.00929309
-0.79609   0.573925   -0.421595  0.006921  
-0.854415  0.602233   -0.448863  0.0114618 
-0.877556  0.611747   -0.410583  0.0113535 
-0.877556  0.611747   -0.410583  0.00882111
-0.882607  0.588553   -0.404981  0.00995978
-0.881531  0.616592   -0.430971  0.0139078 
-0.805692  0.536059   -0.405051  0.00858302
-0.87391   0.589867   -0.430967  0.0142087 
-0.87391   0.589867   -0.430967  0.015278  
-0.87391   0.589867   -0.430967  0.0174587 
-0.87391   0.589867   -0.430967  0.0169852 
-0.915915  0.519253   -0.299168  0.00988118
-0.833092  0.561714   -0.417726  0.0131656 
-0.918464  0.59224    -0.381637  0.0150945 
-0.966338  0.634289   -0.327702  0.0371789 
-0.966338  0.634289   -0.327702  0.0249815 
-0.966533  0.652777   -0.312719  0.0116606 
-0.950527  0.601887   -0.342296  0.012099  
-0.880579  0.545504   -0.367502  0.0158397 
-0.880579  0.545504   -0.367502  0.0162403 
-0.880579  0.545504   -0.367502  0.0177773 
-0.866495  0.512108   -0.345478  0.0317176 
-0.866495  0.512108   -0.345478  0.0112735 
-0.931628  0.558882   -0.351188  0.0177761 
-0.967876  0.648335   -0.322256  0.0329877 
-0.984717  0.74411    -0.129592  0.0438163 
-0.984717  0.74411    -0.129592  0.0210678 
-0.961689  0.650956   -0.286894  0.034677  
-0.961689  0.650956   -0.286894  0.00992768
-0.917723  0.56387    -0.357214  0.00611357
-0.842775  0.638998   -0.460334  0.021715  
-0.892408  0.724708   -0.318854  0.0460623 
-0.892408  0.724708   -0.318854  0.064062  
-0.892408  0.724708   -0.318854  0.0222773 
-0.904899  0.741062   -0.306989  0.0467359 
-0.904899  0.741062   -0.306989  0.020247  
-0.838796  0.762409   -0.306779  0.0330198 
-0.788593  0.853849   -0.178366  0.0641704 
-0.827785  0.808012   -0.201624  0.037711  
-0.839812  0.839395   -0.173057  0.0556044 
-0.839812  0.839395   -0.173057  0.0263671 
-0.88136   0.770379   -0.29192   0.0336627 
-0.90518   0.727159   -0.247265  0.029762  
-0.997217  0.667963   -0.225083  0.0381478 
-0.997217  0.667963   -0.225083  0.0341316 
-0.997217  0.667963   -0.225083  0.0118814 
-0.955385  0.572582   -0.325811  0.0211968 
-0.876857  0.493724   -0.286207  0.0148454 
-0.907215  0.528652   -0.324567  0.014048  
-0.95233   0.534019   -0.29892   0.0128633 
-0.95233   0.534019   -0.29892   0.0159992 
-0.948834  0.622004   -0.366604  0.016906  
-0.92453   0.62579    -0.384777  0.0111168 
-0.966849  0.609646   -0.335906  0.0115824 
-0.954474  0.614976   -0.327917  0.0155838 
-0.954474  0.614976   -0.327917  0.0131838 
-0.878649  0.641217   -0.406626  0.0210177 
-0.957438  0.668674   -0.315932  0.0237669 
-0.953627  0.690955   -0.302393  0.0298752 
-1.00563   0.710014   -0.160806  0.029109  
-0.996846  0.70312    -0.202762  0.0245213 
-0.992964  0.686313   -0.218412  0.0225947 
-1.05637   0.63872    -0.178102  0.0145231 
-1.05631   0.580289   -0.184895  0.0224707 
-0.973857  0.648128   -0.292658  0.0248476 
-1.05253   0.648872   -0.146845  0.0205579 
-1.05253   0.648872   -0.146845  0.0410855 
-1.05253   0.648872   -0.146845  0.0189774 
-1.05253   0.648872   -0.146845  0.021323  
-1.01644   0.63528    -0.246726  0.0268798 
-1.01644   0.63528    -0.246726  0.0110668 
-0.931437  0.559896   -0.343249  0.0180496 
-0.848914  0.511442   -0.322441  0.0191456 
-0.802961  0.505404   -0.319506  0.0075506 
-0.760301  0.591771   -0.435974  0.0124287 
-0.786866  0.541685   -0.383586  0.00887451
-0.75403   0.576557   -0.425949  0.00732363
-0.820868  0.648894   -0.443981  0.0129552 
-0.777317  0.703662   -0.392584  0.0103297 
-0.725309  0.733277   -0.410287  0.0110901 
-0.706571  0.709439   -0.382674  0.0245402 
-0.706571  0.709439   -0.382674  0.0114012 
-0.799862  0.709817   -0.413034  0.0182191 
-0.876469  0.680989   -0.364091  0.0173504 
-0.810996  0.737363   -0.369702  0.0291282 
-0.810996  0.737363   -0.369702  0.017539  
-0.804179  0.728146   -0.378362  0.0268609 
-0.804179  0.728146   -0.378362  0.00849312
-0.791777  0.64396    -0.441633  0.016374  
-0.866174  0.678043   -0.383467  0.0288284 
-0.852061  0.723227   -0.32597   0.0493886 
-0.852061  0.723227   -0.32597   0.0206199 
-0.893932  0.695489   -0.339011  0.00916333
-0.856367  0.629041   -0.434696  0.00656518
-0.766465  0.592309   -0.439565  0.0146114 
-0.846817  0.528473   -0.338558  0.0141257 
-0.916638  0.596891   -0.383923  0.0127436 
-1.00244   0.584811   -0.272135  0.0147338 
-1.00244   0.584811   -0.272135  0.0115589 
-0.909663  0.584213   -0.37043   0.0262258 
-0.909663  0.584213   -0.37043   0.0153805 
-0.929511  0.632408   -0.373339  0.0153955 
-0.90641   0.637029   -0.389698  0.00896506
-0.843612  0.644808   -0.421127  0.0112914 
-0.843612  0.644808   -0.421127  0.0154442 
-0.843612  0.644808   -0.421127  0.00817751
-0.781778  0.576707   -0.437335  0.0111504 
-0.781778  0.576707   -0.437335  0.0130653 
-0.873969  0.540183   -0.368399  0.0169792 
-0.844505  0.516913   -0.338989  0.0126789 
-0.753255  0.539731   -0.384159  0.0202676 
-0.761763  0.497814   -0.299402  0.033666  
-0.761763  0.497814   -0.299402  0.00981073
-0.759844  0.56159    -0.425237  0.00738337
-0.766836  0.611229   -0.430771  0.00728142
-0.771405  0.65242    -0.437375  0.0166003 
-0.699994  0.718413   -0.381606  0.0103237 
-0.600734  0.674021   -0.32801   0.0130445 
-0.522887  0.616089   -0.204328  0.0162727 
-0.434105  0.697479   -0.141304  0.0151413 
-0.468232  0.679793   -0.178003  0.0158929 
-0.403709  0.762591   -0.193614  0.0195388 
-0.403709  0.762591   -0.193614  0.0153379 
-0.464154  0.750271   -0.234239  0.0170024 
-0.396637  0.705763   -0.15141   0.019253  
-0.396637  0.705763   -0.15141   0.0149647 
-0.485338  0.690492   -0.244851  0.0183016 
-0.464676  0.778581   -0.265117  0.0138062 
-0.52478   0.695831   -0.256752  0.0154046 
-0.438179  0.751771   -0.191307  0.0161635 
-0.357381  0.796479   -0.190401  0.0168875 
-0.409805  0.705311   -0.151671  0.0172532 
-0.378203  0.736165   -0.181681  0.0190913 
-0.3634    0.827574   -0.195489  0.0160687 
-0.340815  0.873479   -0.261426  0.0233054 
-0.389776  0.967656   -0.250316  0.026933  
-0.314488  1.03486    -0.223366  0.0220174 
-0.361544  1.04973    -0.260282  0.0492768 
-0.361544  1.04973    -0.260282  0.0616198 
-0.361544  1.04973    -0.260282  0.0368579 
-0.361544  1.04973    -0.260282  0.0549269 
-0.361544  1.04973    -0.260282  0.0416535 
-0.414928  1.06228    -0.154549  0.0446164 
-0.389346  0.972466   -0.246424  0.029755  
-0.306495  1.04874    -0.216968  0.034163  
-0.283048  1.00091    -0.195983  0.0148946 
-0.188458  0.91905    -0.241253  0.0155705 
-0.118492  0.91576    -0.238139  0.0189809 
-0.148946  1.00607    -0.263989  0.0249736 
-0.171906  1.00486    -0.245569  0.015982  
-0.161718  0.946649   -0.243553  0.015697  
-0.154805  0.919505   -0.178517  0.0169908 
-0.17119   0.936662   -0.262247  0.0167217 
-0.17119   0.936662   -0.262247  0.027153  
-0.17119   0.936662   -0.262247  0.0147459 
-0.245246  0.936188   -0.257027  0.0173177 
-0.254147  0.944529   -0.270845  0.0162452 
-0.344841  0.889236   -0.265046  0.0181614 
-0.297445  0.927774   -0.253213  0.0158041 
-0.234681  0.941893   -0.240177  0.0160829 
-0.331425  0.880353   -0.246886  0.0192026 
-0.411227  0.872382   -0.241871  0.0160843 
-0.322103  0.809584   -0.203911  0.0156228 
-0.392218  0.781741   -0.221452  0.0154618 
-0.350885  0.823617   -0.190739  0.0171698 
-0.34508   0.759008   -0.146995  0.0168978 
-0.376085  0.719455   -0.129791  0.0171069 
-0.385717  0.719943   -0.137617  0.019729  
-0.345026  0.660601   -0.0300867 0.0210388 
-0.325368  0.663715   -0.0294777 0.0170546 
-0.413388  0.655336   -0.0520312 0.0146634 
-0.480757  0.722635   -0.222463  0.0132818 
-0.507442  0.743965   -0.271448  0.0154913 
-0.46209   0.796082   -0.267603  0.0178132 
-0.46209   0.796082   -0.267603  0.019036  
-0.457594  0.798401   -0.226286  0.0201469 
-0.427764  0.879769   -0.245596  0.0140347 
-0.50134   0.800233   -0.273102  0.0150847 
-0.469633  0.740733   -0.261885  0.0166584 
-0.53271   0.764724   -0.261878  0.0116335 
-0.579126  0.725696   -0.320288  0.0159911 
-0.667126  0.723276   -0.348264  0.0212758 
-0.725267  0.757962   -0.355164  0.0292564 
-0.702096  0.823875   -0.280878  0.0407887 
-0.693783  0.900625   -0.231357  0.0186772 
-0.626139  0.80663    -0.308863  0.0300291 
-0.626139  0.80663    -0.308863  0.0106708 
-0.636467  0.709608   -0.343363  0.0198522 
-0.557353  0.797928   -0.271798  0.0141285 
-0.525933  0.768152   -0.303581  0.0153273 
-0.525933  0.768152   -0.303581  0.0159662 
-0.571679  0.830839   -0.32064   0.0230317 
-0.482163  0.925117   -0.280254  0.0428829 
-0.482163  0.925117   -0.280254  0.0211934 
-0.446757  0.887735   -0.261684  0.0228108 
-0.496476  0.804911   -0.253618  0.0213782 
-0.551931  0.844547   -0.273413  0.0170107 
-0.625795  0.803826   -0.317908  0.0172535 
-0.674754  0.782895   -0.331861  0.0296703 
-0.674754  0.782895   -0.331861  0.00950212
-0.670721  0.706081   -0.387203  0.010893  
-0.574351  0.634315   -0.286822  0.0107897 
-0.593302  0.580635   -0.278936  0.00908973
-0.67171   0.57785    -0.385842  0.0141345 
-0.753019  0.529646   -0.375193  0.0100524 
-0.738841  0.561312   -0.410453  0.00842251
-0.651709  0.603717   -0.371171  0.0106078 
-0.619063  0.584464   -0.325789  0.0111717 
-0.584831  0.646866   -0.284648  0.00929254
-0.630733  0.596397   -0.337912  0.00920934
-0.645063  0.659334   -0.367557  0.0111656 
-0.589618  0.661393   -0.308151  0.00906338
-0.649183  0.676908   -0.376661  0.00668407
-0.694939  0.638158   -0.412336  0.0108772 
-0.745035  0.698175   -0.429902  0.00817272
-0.69069   0.668403   -0.410419  0.00940992
-0.680226  0.650179   -0.390743  0.00967212
-0.624384  0.590199   -0.337596  0.0115919 
-0.585828  0.582208   -0.284836  0.00859689
-0.653121  0.624246   -0.387048  0.00973987
-0.670268  0.576439   -0.398036  0.017348  
-0.670268  0.576439   -0.398036  0.0179133 
-0.683658  0.500386   -0.304417  0.0251444 
-0.716964  0.464945   -0.164392  0.0247105 
-0.647121  0.455901   -0.118916  0.0181927 
-0.691238  0.50506    -0.314605  0.0305826 
-0.744915  0.44643    -0.0720131 0.025335  
-0.776884  0.473032   -0.159096  0.0181568 
-0.816362  0.509459   -0.31584   0.00750442
-0.834901  0.596225   -0.439836  0.0182933 
-0.834901  0.596225   -0.439836  0.00619725
-0.819164  0.609033   -0.451227  0.00720473
-0.720635  0.600294   -0.419609  0.0148275 
-0.720635  0.600294   -0.419609  0.0102137 
-0.80962   0.67594    -0.425541  0.0329804 
-0.907134  0.757443   -0.219196  0.0215287 
-0.93841   0.665929   -0.324379  0.0338975 
-0.922283  0.700451   -0.307701  0.0501201 
-0.989486  0.798921   0.0434636  0.0418695 
-0.974201  0.754754   -0.0995511 0.0366613 
-0.888415  0.844168   -0.123196  0.0309954 
-0.875958  0.852124   -0.171017  0.0381022 
-0.84509   0.875983   -0.116587  0.020078  
-0.822481  0.776037   -0.319599  0.016131  
-0.878164  0.681839   -0.369723  0.00858466
-0.834547  0.641482   -0.43998   0.00687707
-0.743744  0.614492   -0.437338  0.00905071
-0.682131  0.680641   -0.387477  0.010342  
-0.669056  0.69867    -0.386471  0.00685232
-0.73808   0.607645   -0.427992  0.0075567 
-0.74434   0.585563   -0.405055  0.0088908 
-0.74434   0.585563   -0.405055  0.00864863
-0.817522  0.575387   -0.43493   0.0116776 
-0.752138  0.667155   -0.426052  0.00788264
-0.723578  0.581714   -0.417532  0.00936303
-0.659999  0.582406   -0.384163  0.0145469 
-0.676197  0.518661   -0.323295  0.0119561 
-0.67708   0.53828    -0.355595  0.0130467 
-0.752053  0.538697   -0.390162  0.00713687
-0.747716  0.595205   -0.4352    0.0117612 
-0.67335   0.549526   -0.364491  0.0129975 
-0.67335   0.549526   -0.364491  0.011414  
-0.579234  0.600404   -0.29427   0.0123978 
-0.553111  0.689161   -0.286353  0.0147097 
-0.483789  0.764137   -0.277706  0.0176711 
-0.483789  0.764137   -0.277706  0.0150043 
-0.483789  0.764137   -0.277706  0.0127176 
-0.582429  0.714294   -0.312364  0.0192465 
-0.529535  0.787793   -0.308077  0.0152524 
-0.433211  0.858385   -0.291169  0.0175224 
-0.430373  0.916419   -0.292422  0.015853  
-0.411162  0.86993    -0.257164  0.0171828 
-0.406974  0.914452   -0.266883  0.0175993 
-0.457575  0.902985   -0.252836  0.0423482 
-0.457575  0.902985   -0.252836  0.0188045 
-0.476378  0.86975    -0.267261  0.0248676 
-0.508324  0.952811   -0.255948  0.066583  
-0.508324  0.952811   -0.255948  0.0257375 
-0.412737  1.00818    -0.236108  0.0228232 
-0.491732  0.93738    -0.239607  0.0279825 
-0.483187  0.976205   -0.229611  0.0285685 
-0.421074  1.00287    -0.243446  0.0651097 
-0.475049  1.09134    -0.0892999 0.054924  
-0.385306  1.09963    -0.106684  0.0416825 
-0.337239  1.08423    -0.148987  0.0476772 
-0.329694  1.15003    -0.0777995 0.0631746 
-0.316449  1.14457    -0.036533  0.0798554 
-0.316449  1.14457    -0.036533  0.056031  
-0.268413  1.19305    -0.105424  0.0624133 
-0.274254  1.17306    -0.00379694 0.0793201 
-0.274254  1.17306    -0.00379694 0.0589572 
-0.279604  1.22002    0.0225469  0.0614141 
-0.267734  1.24349    0.0672833  0.0599853 
-0.170972  1.22988    0.0103624  0.0585688 
-0.0881927 1.20663    -0.0217278 0.0477482 
-0.0609662 1.13013    -0.165322  0.0262152 
-0.0995068 1.06636    -0.232974  0.0212507 
-0.0603843 1.04276    -0.262264  0.0436407 
0.0370969  1.11063    -0.183128  0.0416886 
0.063227   1.18391    -0.108726  0.0424371 
0.133818   1.09653    -0.153394  0.0309388 
0.101249   1.08542    -0.204713  0.0295803 
0.0843706  1.16845    -0.189109  0.0741004 
0.0843706  1.16845    -0.189109  0.056898  
0.178241   1.20021    -0.0206871 0.0464432 
0.138688   1.19968    -0.0543965 0.0473969 
0.138688   1.19968    -0.0543965 0.0251989 
0.105227   1.11204    -0.251116  0.0288371 
0.116788   1.0715     -0.212428  0.049003  
0.116788   1.0715     -0.212428  0.0495184 
0.0364154  1.08636    -0.174784  0.0258503 
-0.00564241 1.00812    -0.234143  0.0217608 
-0.0379108 0.977085   -0.232269  0.0225848 
-0.0648144 1.0604     -0.2543    0.0176478 
-0.0615241 0.999449   -0.258755  0.0312056 
-0.143237  1.08941    -0.237594  0.0258859 
-0.140495  1.0898     -0.247621  0.0451008 
-0.191168  1.1073     -0.14734   0.0320781 
-0.207187  1.0254     -0.171882  0.0211349 
-0.212366  1.00339    -0.253285  0.0220455 
-0.30523   1.02052    -0.269939  0.0480652 
-0.30523   1.02052    -0.269939  0.0366798 
-0.30523   1.02052    -0.269939  0.0424907 
-0.30523   1.02052    -0.269939  0.0207405 
-0.273616  0.977495   -0.254526  0.0298215 
-0.291228  0.984576   -0.237742  0.031216  
-0.279301  0.985782   -0.246258  0.0319441 
-0.303727  1.05308    -0.174587  0.0255384 
-0.303676  1.00157    -0.230581  0.0180675 
-0.232018  0.943266   -0.236383  0.0187417 
-0.169216  0.994159   -0.226197  0.0188624 
-0.245264  0.999881   -0.222067  0.0217421 
-0.189003  1.00045    -0.243102  0.0171768 
-0.255085  0.977962   -0.249     0.0153716 
-0.180817  0.936627   -0.272326  0.0160558 
-0.15231   0.863857   -0.194002  0.0182154 
-0.211343  0.802313   -0.122954  0.0171047 
-0.290299  0.812564   -0.17559   0.016756  
-0.290299  0.812564   -0.17559   0.0166269 
-0.297888  0.894855   -0.242056  0.0156768 
-0.300371  0.841128   -0.20215   0.01772   
-0.316683  0.7589     -0.168504  0.0171234 
-0.369576  0.732821   -0.137471  0.0164662 
-0.423742  0.684779   -0.131889  0.0164573 
-0.482529  0.595049   -0.1726    0.0166533 
-0.469811  0.59396    -0.115855  0.0125191 
-0.553602  0.687205   -0.28622   0.0129829 
-0.553602  0.687205   -0.28622   0.0137514 
-0.513818  0.682298   -0.249139  0.0148919 
-0.513818  0.682298   -0.249139  0.0108173 
-0.608435  0.683491   -0.362366  0.00992293
-0.637651  0.666868   -0.376902  0.0106178 
-0.610962  0.58184    -0.313411  0.0134145 
-0.610962  0.58184    -0.313411  0.0194775 
-0.699188  0.493481   -0.310999  0.0204313 
-0.761606  0.492277   -0.289811  0.0423408 
-0.761606  0.492277   -0.289811  0.0189205 
-0.795462  0.498061   -0.267617  0.0391807 
-0.795462  0.498061   -0.267617  0.0089673 
-0.783967  0.568847   -0.431528  0.0115151 
-0.721339  0.546925   -0.395689  0.00920396
-0.736887  0.569139   -0.419246  0.0179719 
-0.760717  0.508093   -0.310676  0.00869621
-0.833036  0.581942   -0.432649  0.0127042 
-0.833036  0.581942   -0.432649  0.00850949
-0.815123  0.625282   -0.434572  0.0103265 
-0.909218  0.580301   -0.391956  0.0167998 
-0.890796  0.516968   -0.319721  0.0238792 
-0.890796  0.516968   -0.319721  0.0091622 
-0.8454    0.569225   -0.409776  0.00786121
-0.88906   0.61348    -0.42535   0.00696038
-0.813059  0.636893   -0.434677  0.00638313
-0.798841  0.605446   -0.441094  0.0176096 
-0.78838   0.693532   -0.393437  0.00613446
-0.738177  0.640914   -0.428093  0.00658474
-0.769447  0.640637   -0.442035  0.0125226 
-0.716718  0.689302   -0.39105   0.0140344 
-0.715253  0.770486   -0.391728  0.0340699 
-0.715253  0.770486   -0.391728  0.0293643 
-0.813485  0.80349    -0.273047  0.0360641 
-0.813485  0.80349    -0.273047  0.026573  
-0.829436  0.757267   -0.293331  0.0351983 
-0.874487  0.834916   -0.211225  0.0444221 
-0.904296  0.84242    -0.0691237 0.0580755 
-0.904296  0.84242    -0.0691237 0.0273845 
-0.842182  0.832407   -0.287996  0.0430852 
-0.842182  0.832407   -0.287996  0.046873  
-0.892225  0.878989   -0.0328311 0.0429258 
-0.803438  0.848329   -0.163299  0.0390841 
-0.799897  0.887648   -0.132775  0.0475152 
-0.799897  0.887648   -0.132775  0.0494126 
-0.771078  0.907263   -0.0778919 0.0474297 
-0.827404  0.874322   -0.150883  0.0387261 
-0.784926  0.831157   -0.177506  0.0269555 
-0.772685  0.841024   -0.275246  0.012603  
-0.681308  0.745592   -0.371204  0.00783929
-0.775749  0.64961    -0.439046  0.0132545 
-0.689152  0.720978   -0.36531   0.00681443
-0.733554  0.648854   -0.425119  0.00979665
-0.733554  0.648854   -0.425119  0.00807813
-0.696049  0.654183   -0.402648  0.00897826
-0.696049  0.654183   -0.402648  0.00880981
-0.78281   0.570985   -0.430174  0.00633046
-0.780877  0.613238   -0.442213  0.00795316
-0.705247  0.669679   -0.404294  0.0165044 
-0.698046  0.759452   -0.331714  0.0390027 
-0.795118  0.768668   -0.279375  0.0267321 
-0.847067  0.778697   -0.292103  0.0324835 
-0.862252  0.741538   -0.287757  0.0197847 
-0.807431  0.729826   -0.369016  0.00665112
-0.715425  0.656853   -0.421412  0.0109775 
-0.715425  0.656853   -0.421412  0.00797499
-0.682039  0.647029   -0.398606  0.0106627 
-0.629065  0.69328    -0.350228  0.0112438 
-0.609722  0.687782   -0.346666  0.00879786
-0.671211  0.58951    -0.387334  0.0141609 
-0.671211  0.58951    -0.387334  0.00754766
-0.689642  0.628933   -0.404329  0.00755231
-0.752048  0.628685   -0.432745  0.0160555 
-0.738148  0.722964   -0.376781  0.00903922
-0.738148  0.722964   -0.376781  0.0170976 
-0.738148  0.722964   -0.376781  0.0213954 
-0.774987  0.803982   -0.325729  0.0172548 
-0.766363  0.740298   -0.366423  0.0195427 
-0.755008  0.757977   -0.351626  0.035092  
-0.78394   0.825935   -0.254575  0.0281107 
-0.753705  0.814845   -0.283698  0.0259904 
-0.83883   0.811336   -0.274362  0.0439468 
-0.898788  0.824181   -0.127598  0.0441483 
-0.917607  0.887963   -0.0115634 0.0547702 
-0.845134  0.946445   0.0720077  0.03815   
-0.838914  0.916889   -0.119525  0.0544527 
