#MU        SIGMA      ENERGY     ERROR     
-0.728138  0.579628   -0.410266  0.00804389
-0.748725  0.580233   -0.427513  0.0104764 
-0.843708  0.562873   -0.403424  0.0197469 
-0.843708  0.562873   -0.403424  0.0126801 
-0.843708  0.562873   -0.403424  0.0195103 
-0.843708  0.562873   -0.403424  0.0125439 
-0.763981  0.657452   -0.412116  0.0107219 
-0.763981  0.657452   -0.412116  0.0174319 
-0.786848  0.754299   -0.354696  0.00975354
-0.764783  0.669818   -0.424721  0.00848606
-0.69784   0.66034    -0.402917  0.0189459 
-0.69784   0.66034    -0.402917  0.0111314 
-0.69784   0.66034    -0.402917  0.00781534
-0.671267  0.618696   -0.393175  0.00894601
-0.644428  0.654464   -0.385874  0.00871821
-0.728186  0.62199    -0.429684  0.0109213 
-0.728186  0.62199    -0.429684  0.00849907
-0.668861  0.591916   -0.388098  0.0136981 
-0.668861  0.591916   -0.388098  0.00733091
-0.675538  0.625878   -0.393035  0.00837111
-0.750149  0.575957   -0.42798   0.00645583
-0.802843  0.638495   -0.448379  0.00719574
-0.821043  0.606895   -0.439809  0.00599509
-0.770353  0.602168   -0.447675  0.0105242 
-0.770353  0.602168   -0.447675  0.0109689 
-0.770353  0.602168   -0.447675  0.0118946 
-0.770353  0.602168   -0.447675  0.0108573 
-0.768236  0.551856   -0.418609  0.0160491 
-0.768236  0.551856   -0.418609  0.0211845 
-0.768236  0.551856   -0.418609  0.00851549
-0.715569  0.622312   -0.410921  0.00912911
-0.743426  0.56716    -0.413655  0.0161536 
-0.743426  0.56716    -0.413655  0.0144274 
-0.743426  0.56716    -0.413655  0.0108424 
-0.743426  0.56716    -0.413655  0.0207535 
-0.743426  0.56716    -0.413655  0.00960743
-0.762489  0.562523   -0.413326  0.0146508 
-0.762489  0.562523   -0.413326  0.00904086
-0.712796  0.645087   -0.403926  0.0162905 
-0.76068   0.745085   -0.369638  0.0139033 
-0.751548  0.687914   -0.417576  0.0135114 
-0.827279  0.642734   -0.418822  0.0106101 
-0.749277  0.554085   -0.417223  0.0072329 
-0.792254  0.640426   -0.439419  0.00909173
-0.770585  0.672685   -0.43358   0.00894923
-0.746754  0.64494    -0.421496  0.0110226 
-0.771009  0.715165   -0.421049  0.015066  
-0.771009  0.715165   -0.421049  0.00856671
-0.789824  0.642055   -0.438531  0.0147037 
-0.80268   0.687072   -0.405164  0.026909  
-0.80268   0.687072   -0.405164  0.0219464 
-0.80268   0.687072   -0.405164  0.0105313 
-0.835085  0.623878   -0.425879  0.0097912 
-0.803992  0.642125   -0.427933  0.00780639
-0.82558   0.590551   -0.444985  0.012197  
-0.82558   0.590551   -0.444985  0.00837747
-0.82558   0.590551   -0.444985  0.0193112 
-0.82558   0.590551   -0.444985  0.00886028
-0.82558   0.590551   -0.444985  0.00562203
-0.755349  0.625031   -0.446857  0.0125365 
-0.755349  0.625031   -0.446857  0.00989278
-0.755349  0.625031   -0.446857  0.0129878 
-0.730527  0.722264   -0.385673  0.0176149 
-0.770755  0.748412   -0.360178  0.0331539 
-0.770755  0.748412   -0.360178  0.010286  
-0.773319  0.689653   -0.420953  0.00788323
-0.818365  0.664933   -0.452963  0.00823599
-0.828925  0.635769   -0.443938  0.00821421
-0.73698   0.597566   -0.430454  0.00740116
-0.690299  0.634892   -0.404128  0.0173314 
-0.690299  0.634892   -0.404128  0.00990859
-0.690299  0.634892   -0.404128  0.00902335
-0.690299  0.634892   -0.404128  0.0103903 
-0.690299  0.634892   -0.404128  0.0113142 
-0.690299  0.634892   -0.404128  0.0116098 
-0.690299  0.634892   -0.404128  0.0134289 
-0.690299  0.634892   -0.404128  0.00894058
-0.67231   0.677075   -0.387279  0.0123373 
-0.67231   0.677075   -0.387279  0.0116945 
-0.67231   0.677075   -0.387279  0.0105402 
-0.67231   0.677075   -0.387279  0.0139354 
-0.752426  0.727415   -0.392462  0.0267338 
-0.759481  0.818394   -0.281843  0.026553  
-0.72685   0.852131   -0.268361  0.0262807 
-0.692337  0.806926   -0.300627  0.0125912 
-0.648837  0.748369   -0.358801  0.00980536
-0.635617  0.657038   -0.370422  0.00981353
-0.626813  0.63085    -0.35438   0.0126439 
-0.626813  0.63085    -0.35438   0.0148996 
-0.626813  0.63085    -0.35438   0.0115868 
-0.699154  0.688434   -0.378037  0.0120685 
-0.699154  0.688434   -0.378037  0.00794023
-0.659047  0.634137   -0.382211  0.0116806 
-0.600203  0.54444    -0.259843  0.0128915 
-0.53392   0.636221   -0.234852  0.0126919 
-0.540572  0.610665   -0.252734  0.0152554 
-0.483711  0.696801   -0.216537  0.0140594 
-0.550531  0.729944   -0.286205  0.0129302 
-0.563949  0.636759   -0.284308  0.0110459 
-0.599623  0.580794   -0.317557  0.0125345 
-0.599623  0.580794   -0.317557  0.00901946
-0.637993  0.660663   -0.352089  0.0126786 
-0.637993  0.660663   -0.352089  0.0110413 
-0.637993  0.660663   -0.352089  0.00940142
-0.657731  0.657138   -0.367822  0.00961474
-0.665538  0.560728   -0.346895  0.0128144 
-0.665538  0.560728   -0.346895  0.0154416 
-0.752358  0.64703    -0.408511  0.0135212 
-0.752358  0.64703    -0.408511  0.0124824 
-0.752358  0.64703    -0.408511  0.0182996 
-0.752358  0.64703    -0.408511  0.0180022 
-0.752358  0.64703    -0.408511  0.00929407
-0.766383  0.622105   -0.434559  0.0141437 
-0.766383  0.622105   -0.434559  0.0125301 
-0.796297  0.666864   -0.398959  0.0149713 
-0.796297  0.666864   -0.398959  0.0121522 
-0.848588  0.665881   -0.410917  0.0143496 
-0.848588  0.665881   -0.410917  0.0221891 
-0.848588  0.665881   -0.410917  0.0287887 
-0.848588  0.665881   -0.410917  0.0449633 
-0.848588  0.665881   -0.410917  0.0160362 
-0.893273  0.652987   -0.403886  0.00904068
-0.848574  0.64307    -0.435158  0.0164363 
-0.848574  0.64307    -0.435158  0.0121917 
-0.848574  0.64307    -0.435158  0.017925  
-0.905291  0.679858   -0.368561  0.00612799
-0.831487  0.625058   -0.440754  0.0131714 
-0.831487  0.625058   -0.440754  0.00808829
-0.829282  0.581907   -0.437201  0.0181135 
-0.829282  0.581907   -0.437201  0.00960854
-0.772641  0.680059   -0.436281  0.00922754
-0.694816  0.687084   -0.402671  0.00752697
-0.674536  0.644461   -0.383302  0.00848989
-0.665429  0.669943   -0.387943  0.00658609
-0.725878  0.63256    -0.436088  0.00878192
-0.680975  0.680048   -0.388797  0.0114109 
-0.680975  0.680048   -0.388797  0.00883589
-0.670313  0.586063   -0.385912  0.00758854
-0.681123  0.647404   -0.398081  0.015498  
-0.681123  0.647404   -0.398081  0.00989409
-0.681123  0.647404   -0.398081  0.0140618 
-0.681123  0.647404   -0.398081  0.00852116
-0.700392  0.622668   -0.404617  0.0103192 
-0.701646  0.552765   -0.386111  0.0129338 
-0.701646  0.552765   -0.386111  0.0089994 
-0.796024  0.576014   -0.420063  0.0126391 
-0.803612  0.541438   -0.407119  0.0117549 
-0.783767  0.548411   -0.412699  0.0161106 
-0.783767  0.548411   -0.412699  0.0170606 
-0.783767  0.548411   -0.412699  0.00755615
-0.783767  0.548411   -0.412699  0.0267585 
-0.783767  0.548411   -0.412699  0.00856225
-0.80712   0.59471    -0.430923  0.0090293 
-0.791176  0.570519   -0.411945  0.0110291 
-0.732443  0.548512   -0.396909  0.0115578 
-0.69385   0.541523   -0.368834  0.00902962
-0.637081  0.606672   -0.352932  0.00785858
-0.703397  0.58625    -0.41101   0.00940845
-0.771771  0.668475   -0.430298  0.00658205
-0.771771  0.668475   -0.430298  0.0113632 
-0.771771  0.668475   -0.430298  0.00826034
-0.706889  0.58241    -0.408743  0.013541  
-0.706889  0.58241    -0.408743  0.00783337
-0.68071   0.645077   -0.384551  0.00946567
-0.702193  0.56702    -0.376791  0.0115306 
-0.702193  0.56702    -0.376791  0.0134728 
-0.776453  0.534612   -0.375323  0.00787046
-0.864384  0.588944   -0.418728  0.0115909 
-0.920823  0.618375   -0.373201  0.00858368
-0.883882  0.601463   -0.418419  0.0106783 
-0.883882  0.601463   -0.418419  0.0194873 
-0.883882  0.601463   -0.418419  0.0103808 
-0.914989  0.575425   -0.374477  0.00824212
-0.829277  0.579915   -0.420843  0.00656481
-0.742998  0.613848   -0.424576  0.0176347 
-0.742998  0.613848   -0.424576  0.0127314 
-0.814142  0.540214   -0.37532   0.0239749 
-0.814142  0.540214   -0.37532   0.0114912 
-0.776075  0.547389   -0.395287  0.0140233 
-0.776075  0.547389   -0.395287  0.0153049 
-0.776075  0.547389   -0.395287  0.0243038 
-0.776075  0.547389   -0.395287  0.00788497
-0.735708  0.576876   -0.412839  0.00662644
-0.772876  0.631907   -0.432279  0.00776999
-0.756779  0.653801   -0.431901  0.0159705 
-0.756779  0.653801   -0.431901  0.0101761 
-0.700443  0.690381   -0.415504  0.0071408 
-0.702396  0.647192   -0.417992  0.00897647
-0.702396  0.647192   -0.417992  0.0106601 
-0.711998  0.670443   -0.389763  0.00725452
-0.691937  0.616986   -0.405438  0.0120417 
-0.734911  0.546521   -0.401857  0.00863404
-0.781045  0.573952   -0.421161  0.00712288
-0.692904  0.618136   -0.406028  0.0120314 
-0.692904  0.618136   -0.406028  0.00993051
-0.692904  0.618136   -0.406028  0.0112458 
-0.65253   0.561542   -0.365699  0.0193713 
-0.65253   0.561542   -0.365699  0.019077  
-0.65253   0.561542   -0.365699  0.0123577 
-0.65253   0.561542   -0.365699  0.00626041
-0.728057  0.611441   -0.431568  0.00845654
-0.788133  0.572355   -0.411909  0.0125542 
-0.788133  0.572355   -0.411909  0.0075101 
-0.853682  0.624991   -0.437838  0.00697195
-0.766154  0.590637   -0.444755  0.00881233
-0.766154  0.590637   -0.444755  0.0131115 
-0.766154  0.590637   -0.444755  0.0087123 
-0.739002  0.687126   -0.423953  0.0119217 
-0.739002  0.687126   -0.423953  0.00705565
-0.69308   0.62954    -0.41439   0.0105787 
-0.766572  0.554455   -0.41699   0.0237317 
-0.766572  0.554455   -0.41699   0.0124139 
-0.766572  0.554455   -0.41699   0.0100981 
-0.865828  0.63364    -0.434978  0.0120799 
-0.865828  0.63364    -0.434978  0.0248998 
-0.865828  0.63364    -0.434978  0.0112081 
-0.922643  0.599836   -0.372755  0.0132595 
-0.874082  0.596259   -0.398378  0.0129727 
-0.874082  0.596259   -0.398378  0.0120831 
-0.820633  0.692803   -0.421246  0.023999  
-0.820633  0.692803   -0.421246  0.00700053
-0.800562  0.6343     -0.447622  0.0113726 
-0.800562  0.6343     -0.447622  0.00639965
-0.717626  0.621646   -0.434602  0.00774691
-0.79086   0.585419   -0.432399  0.00717257
-0.812347  0.589692   -0.420802  0.0086015 
-0.803313  0.675554   -0.428005  0.0094851 
-0.792118  0.668174   -0.431954  0.00927142
-0.695038  0.669412   -0.396953  0.0117694 
-0.695038  0.669412   -0.396953  0.0144663 
-0.695038  0.669412   -0.396953  0.00704442
-0.706826  0.656762   -0.413608  0.00812784
-0.74669   0.641546   -0.420665  0.00788356
-0.677314  0.636937   -0.376463  0.0117363 
-0.612189  0.72489    -0.332148  0.00913813
-0.636206  0.650131   -0.355237  0.00967843
-0.637419  0.651284   -0.355064  0.0105582 
-0.696831  0.555027   -0.380662  0.0127767 
-0.68225   0.537593   -0.346855  0.00997468
-0.754724  0.561027   -0.4046    0.0202959 
-0.754724  0.561027   -0.4046    0.00725756
-0.826517  0.597364   -0.432114  0.00807782
-0.759004  0.581343   -0.442018  0.00720587
-0.759004  0.581343   -0.442018  0.0184974 
-0.759004  0.581343   -0.442018  0.0177339 
-0.759004  0.581343   -0.442018  0.0161849 
-0.759004  0.581343   -0.442018  0.00791393
-0.759004  0.581343   -0.442018  0.00927689
-0.759004  0.581343   -0.442018  0.00843435
-0.825634  0.577532   -0.441137  0.0176473 
-0.825634  0.577532   -0.441137  0.0216283 
-0.825634  0.577532   -0.441137  0.0147884 
-0.825634  0.577532   -0.441137  0.0114719 
-0.852094  0.667418   -0.429549  0.00970931
-0.852094  0.667418   -0.429549  0.0156568 
-0.852094  0.667418   -0.429549  0.0163582 
-0.852094  0.667418   -0.429549  0.00769316
-0.842447  0.596806   -0.44188   0.00892664
-0.870066  0.614148   -0.430537  0.010877  
-0.870066  0.614148   -0.430537  0.0176718 
-0.870066  0.614148   -0.430537  0.022943  
-0.903481  0.690727   -0.344477  0.0130871 
-0.93557   0.638877   -0.36131   0.0176281 
-0.93557   0.638877   -0.36131   0.0319157 
-0.93557   0.638877   -0.36131   0.0277505 
-0.93557   0.638877   -0.36131   0.0279319 
-0.93557   0.638877   -0.36131   0.0131485 
-0.893355  0.676705   -0.383376  0.0213398 
-0.893355  0.676705   -0.383376  0.0198376 
-0.893355  0.676705   -0.383376  0.0204258 
-0.893355  0.676705   -0.383376  0.0362811 
-0.893355  0.676705   -0.383376  0.0347613 
-0.893355  0.676705   -0.383376  0.0129726 
-0.863628  0.673792   -0.398509  0.0227596 
-0.863628  0.673792   -0.398509  0.0143795 
-0.801532  0.687552   -0.409526  0.00754691
-0.735169  0.591075   -0.41528   0.0107634 
-0.668374  0.654739   -0.393658  0.0100954 
-0.638954  0.581798   -0.35639   0.0188287 
-0.638954  0.581798   -0.35639   0.0119362 
-0.638954  0.581798   -0.35639   0.00960326
-0.719234  0.564493   -0.411791  0.0072072 
-0.800247  0.654835   -0.447182  0.00796462
-0.748175  0.574964   -0.420741  0.00915733
-0.748175  0.574964   -0.420741  0.00750708
-0.677853  0.628276   -0.389944  0.0100791 
-0.653218  0.638047   -0.36042   0.00789803
-0.687333  0.593624   -0.386478  0.0094372 
-0.77747   0.571531   -0.429536  0.0161982 
-0.733244  0.514764   -0.346651  0.0296373 
-0.733244  0.514764   -0.346651  0.0299007 
-0.733244  0.514764   -0.346651  0.0198674 
-0.733244  0.514764   -0.346651  0.0123286 
-0.717492  0.541945   -0.356995  0.0113291 
-0.717492  0.541945   -0.356995  0.00666807
-0.776442  0.602337   -0.447093  0.00911176
-0.710078  0.686834   -0.40252   0.0125561 
-0.710078  0.686834   -0.40252   0.0185116 
-0.710078  0.686834   -0.40252   0.00780424
-0.710078  0.686834   -0.40252   0.0164869 
-0.761554  0.719442   -0.369971  0.0155727 
-0.754356  0.745033   -0.372077  0.016179  
-0.765212  0.752752   -0.380241  0.0321348 
-0.765212  0.752752   -0.380241  0.0322316 
-0.765212  0.752752   -0.380241  0.0309435 
-0.765212  0.752752   -0.380241  0.00777937
-0.69037   0.674151   -0.401485  0.0105694 
-0.69037   0.674151   -0.401485  0.00756215
-0.754696  0.583528   -0.426788  0.011994  
-0.754696  0.583528   -0.426788  0.00715115
-0.804057  0.643094   -0.450681  0.0238669 
-0.804057  0.643094   -0.450681  0.0109932 
-0.804057  0.643094   -0.450681  0.0112731 
-0.804057  0.643094   -0.450681  0.0257083 
-0.804057  0.643094   -0.450681  0.00678342
-0.758392  0.600235   -0.421637  0.0137073 
-0.83208   0.653028   -0.434337  0.0180115 
-0.83208   0.653028   -0.434337  0.00757715
-0.809229  0.625721   -0.446512  0.0101071 
-0.859413  0.592967   -0.429078  0.0140321 
-0.859413  0.592967   -0.429078  0.00575628
-0.775784  0.6209     -0.440304  0.00978301
-0.856084  0.638014   -0.427887  0.0121234 
-0.856084  0.638014   -0.427887  0.00927486
-0.856986  0.581841   -0.424981  0.00981186
-0.856986  0.581841   -0.424981  0.0133363 
-0.812107  0.625494   -0.430789  0.00657789
-0.747971  0.601351   -0.424109  0.00913843
-0.681416  0.56765    -0.351514  0.00712531
-0.713894  0.616015   -0.435557  0.0122686 
-0.713894  0.616015   -0.435557  0.00618362
-0.756658  0.639431   -0.445733  0.0102129 
-0.822864  0.559142   -0.402942  0.00944223
-0.919921  0.578963   -0.386365  0.0197198 
-0.919921  0.578963   -0.386365  0.0118202 
-0.919921  0.578963   -0.386365  0.00860158
-0.854583  0.626177   -0.439331  0.0105669 
-0.854583  0.626177   -0.439331  0.0122438 
-0.854583  0.626177   -0.439331  0.0141867 
-0.854583  0.626177   -0.439331  0.00816161
-0.854583  0.626177   -0.439331  0.00711729
-0.809669  0.597717   -0.446951  0.0143031 
-0.809669  0.597717   -0.446951  0.00887962
-0.806204  0.606779   -0.443352  0.0120152 
-0.827859  0.688491   -0.435703  0.0215073 
-0.773553  0.741281   -0.370316  0.0170269 
-0.773553  0.741281   -0.370316  0.0285484 
-0.773553  0.741281   -0.370316  0.0152741 
-0.75417   0.706868   -0.361079  0.0200086 
-0.806123  0.785844   -0.362064  0.0272841 
-0.806123  0.785844   -0.362064  0.0235559 
-0.806123  0.785844   -0.362064  0.0265954 
-0.858072  0.731637   -0.309155  0.0262742 
-0.788898  0.755281   -0.304797  0.0506837 
-0.788898  0.755281   -0.304797  0.017597  
-0.704639  0.786049   -0.364048  0.0111386 
-0.619017  0.702435   -0.341089  0.0138365 
-0.619017  0.702435   -0.341089  0.00955707
-0.661595  0.712777   -0.376653  0.0153715 
-0.661595  0.712777   -0.376653  0.0127772 
-0.653718  0.700382   -0.359588  0.0113552 
-0.654069  0.747958   -0.358268  0.0107922 
-0.625667  0.699314   -0.35203   0.0182005 
-0.625667  0.699314   -0.35203   0.0110061 
-0.579595  0.645662   -0.304184  0.00865077
-0.659926  0.67951    -0.397358  0.0114178 
-0.713193  0.724428   -0.389325  0.00974113
-0.688405  0.676695   -0.383595  0.0196129 
-0.688405  0.676695   -0.383595  0.0122609 
-0.624462  0.707839   -0.365364  0.0143495 
-0.671951  0.739248   -0.355846  0.0100989 
-0.647386  0.660592   -0.361138  0.00919705
-0.675029  0.645556   -0.387472  0.0118284 
-0.675029  0.645556   -0.387472  0.0135463 
-0.675029  0.645556   -0.387472  0.0178056 
-0.773738  0.710741   -0.375766  0.00744516
-0.759978  0.660821   -0.429926  0.0105592 
-0.851139  0.610998   -0.431753  0.0201248 
-0.851139  0.610998   -0.431753  0.0240103 
-0.851139  0.610998   -0.431753  0.0109923 
-0.851139  0.610998   -0.431753  0.0178415 
-0.851139  0.610998   -0.431753  0.0115817 
-0.851139  0.610998   -0.431753  0.0157665 
-0.851139  0.610998   -0.431753  0.0196057 
-0.851139  0.610998   -0.431753  0.010136  
-0.851139  0.610998   -0.431753  0.0206302 
-0.82912   0.687675   -0.378654  0.0146444 
-0.919063  0.661041   -0.376888  0.0106634 
-0.940307  0.5798     -0.362975  0.0117318 
-0.94024   0.556143   -0.352255  0.0245006 
-0.94024   0.556143   -0.352255  0.0148895 
-0.94024   0.556143   -0.352255  0.0181065 
-0.94024   0.556143   -0.352255  0.0182058 
-0.94024   0.556143   -0.352255  0.0145458 
-0.94024   0.556143   -0.352255  0.0122561 
-0.94024   0.556143   -0.352255  0.00802291
-0.843745  0.586299   -0.415193  0.0120963 
-0.843745  0.586299   -0.415193  0.00703723
-0.748714  0.615382   -0.428717  0.00725575
-0.748714  0.615382   -0.428717  0.0118375 
-0.803956  0.656601   -0.422157  0.0220163 
-0.803956  0.656601   -0.422157  0.00694849
-0.803956  0.656601   -0.422157  0.00625138
-0.792873  0.613445   -0.444954  0.00686373
-0.743793  0.591499   -0.430464  0.00787345
-0.811969  0.609763   -0.433306  0.00917159
-0.818936  0.65865    -0.434756  0.0200186 
-0.818936  0.65865    -0.434756  0.0202184 
-0.824141  0.741265   -0.360315  0.0406788 
-0.824141  0.741265   -0.360315  0.0193878 
-0.735371  0.748397   -0.341788  0.0294043 
-0.757838  0.829473   -0.277185  0.036242  
-0.757838  0.829473   -0.277185  0.039027  
-0.757838  0.829473   -0.277185  0.0413222 
-0.745153  0.849286   -0.204854  0.0384385 
-0.745153  0.849286   -0.204854  0.0374773 
-0.774652  0.851737   -0.210214  0.031429  
-0.862684  0.755936   -0.279363  0.0141899 
-0.787761  0.714252   -0.402642  0.00853761
-0.691845  0.643664   -0.403748  0.011341  
-0.691845  0.643664   -0.403748  0.0116847 
-0.691845  0.643664   -0.403748  0.0103497 
-0.686172  0.707543   -0.378807  0.0097297 
-0.686172  0.707543   -0.378807  0.0118097 
-0.612616  0.755963   -0.368913  0.0129181 
-0.612616  0.755963   -0.368913  0.0129743 
-0.587764  0.740826   -0.318977  0.0172623 
-0.629762  0.763051   -0.321894  0.0301576 
-0.694094  0.823179   -0.261573  0.0168875 
-0.632304  0.848287   -0.322165  0.0352166 
-0.632304  0.848287   -0.322165  0.0388141 
-0.632304  0.848287   -0.322165  0.0272416 
-0.632304  0.848287   -0.322165  0.0129421 
-0.553872  0.756495   -0.299346  0.0210932 
-0.591489  0.834556   -0.323055  0.0248383 
-0.591489  0.834556   -0.323055  0.0170513 
-0.64841   0.776644   -0.338471  0.028239  
-0.64841   0.776644   -0.338471  0.011911  
-0.734018  0.718183   -0.393026  0.0148557 
-0.734018  0.718183   -0.393026  0.00929624
-0.702361  0.721228   -0.384886  0.00993523
-0.702361  0.721228   -0.384886  0.0177232 
-0.702361  0.721228   -0.384886  0.0104591 
-0.640814  0.733021   -0.377612  0.0129689 
-0.653442  0.718063   -0.348008  0.0158746 
-0.653442  0.718063   -0.348008  0.02001   
-0.743585  0.758905   -0.351252  0.0140866 
-0.836515  0.67896    -0.400355  0.0206854 
-0.836515  0.67896    -0.400355  0.00835201
-0.752022  0.650418   -0.422982  0.0076798 
-0.693729  0.611232   -0.416862  0.0118186 
-0.693729  0.611232   -0.416862  0.00658325
-0.731033  0.620355   -0.435651  0.00819968
-0.731033  0.620355   -0.435651  0.0105225 
-0.731033  0.620355   -0.435651  0.0062098 
-0.72626   0.63529    -0.421735  0.00696902
-0.777977  0.62426    -0.442556  0.0070659 
-0.730232  0.624413   -0.435898  0.0065344 
-0.709659  0.634016   -0.432317  0.00904609
-0.709659  0.634016   -0.432317  0.0111636 
-0.709659  0.634016   -0.432317  0.00853021
-0.709659  0.634016   -0.432317  0.00809301
-0.709659  0.634016   -0.432317  0.00779184
-0.764699  0.597333   -0.424992  0.014083  
-0.764699  0.597333   -0.424992  0.0103164 
-0.761198  0.67564    -0.425005  0.0100865 
-0.761198  0.67564    -0.425005  0.00966464
-0.711775  0.688004   -0.40797   0.0147985 
-0.711775  0.688004   -0.40797   0.00905804
-0.711775  0.688004   -0.40797   0.0222459 
-0.711775  0.688004   -0.40797   0.00810237
-0.774752  0.658348   -0.436111  0.0171745 
-0.774752  0.658348   -0.436111  0.0085642 
-0.788616  0.689765   -0.435896  0.0219545 
-0.788616  0.689765   -0.435896  0.0116216 
-0.788616  0.689765   -0.435896  0.00856803
-0.706388  0.642347   -0.412507  0.00854188
-0.660343  0.663723   -0.397456  0.0077247 
-0.715542  0.586795   -0.415462  0.00661066
-0.762933  0.596027   -0.454193  0.0163099 
-0.762933  0.596027   -0.454193  0.00836907
-0.765812  0.617586   -0.427022  0.00730496
-0.735161  0.637382   -0.434019  0.0115177 
-0.797048  0.675626   -0.429302  0.00607567
-0.754949  0.605325   -0.436992  0.00872043
-0.754949  0.605325   -0.436992  0.0121903 
-0.761928  0.678631   -0.418888  0.00627034
-0.753103  0.605564   -0.440907  0.0111744 
-0.753103  0.605564   -0.440907  0.010203  
-0.753103  0.605564   -0.440907  0.00965619
-0.669098  0.694404   -0.401544  0.0112733 
-0.691724  0.722805   -0.379243  0.0185005 
-0.691724  0.722805   -0.379243  0.0176015 
-0.691724  0.722805   -0.379243  0.0111993 
-0.691724  0.722805   -0.379243  0.0132661 
-0.777626  0.716611   -0.393317  0.0180086 
-0.735513  0.733158   -0.368362  0.0152037 
-0.737433  0.744847   -0.366995  0.0152703 
-0.808354  0.708663   -0.403257  0.00822531
-0.883556  0.625355   -0.426298  0.0266772 
-0.883556  0.625355   -0.426298  0.0136118 
-0.883556  0.625355   -0.426298  0.0125326 
-0.883556  0.625355   -0.426298  0.0088823 
-0.835881  0.565791   -0.398713  0.0125654 
-0.850154  0.635822   -0.417949  0.013072  
-0.910076  0.53756    -0.355644  0.0114095 
-0.864164  0.560036   -0.395426  0.00796033
-0.827188  0.597385   -0.440289  0.01173   
-0.906268  0.662121   -0.394479  0.00864011
-0.833508  0.622392   -0.430371  0.01716   
-0.833508  0.622392   -0.430371  0.0161338 
-0.833508  0.622392   -0.430371  0.00771207
-0.819804  0.582646   -0.429419  0.0187898 
-0.819804  0.582646   -0.429419  0.0101948 
-0.904353  0.64256    -0.402132  0.0123902 
-0.904353  0.64256    -0.402132  0.017539  
-0.904353  0.64256    -0.402132  0.00918695
-0.869511  0.628579   -0.424127  0.00949703
-0.869511  0.628579   -0.424127  0.0311394 
-0.869511  0.628579   -0.424127  0.0313391 
-0.869511  0.628579   -0.424127  0.00937636
-0.834463  0.566952   -0.423966  0.017103  
-0.834463  0.566952   -0.423966  0.0119014 
-0.834463  0.566952   -0.423966  0.0197972 
-0.834463  0.566952   -0.423966  0.0123911 
-0.834463  0.566952   -0.423966  0.00840333
-0.846231  0.599861   -0.439664  0.0109537 
-0.840202  0.556677   -0.410344  0.00860133
-0.765176  0.576401   -0.414777  0.010554  
-0.692376  0.552552   -0.379796  0.00867541
-0.662274  0.648122   -0.386246  0.0137975 
-0.762248  0.744362   -0.379403  0.0110928 
-0.662694  0.730779   -0.380012  0.011915  
-0.598298  0.684692   -0.328025  0.0101193 
-0.615603  0.695927   -0.350698  0.015252  
-0.668539  0.751341   -0.362225  0.0188338 
-0.668539  0.751341   -0.362225  0.00838208
-0.656687  0.665764   -0.382536  0.0115378 
-0.656687  0.665764   -0.382536  0.00959369
-0.656687  0.665764   -0.382536  0.008065  
-0.6689    0.66804    -0.383758  0.00797414
-0.695068  0.65783    -0.395606  0.00739528
-0.740295  0.591605   -0.424292  0.00758891
-0.756225  0.592264   -0.43365   0.0099607 
-0.756225  0.592264   -0.43365   0.0206289 
-0.756225  0.592264   -0.43365   0.00940357
-0.711612  0.567937   -0.403946  0.00872589
-0.671764  0.654164   -0.392854  0.0113192 
-0.671764  0.654164   -0.392854  0.0116297 
-0.671764  0.654164   -0.392854  0.0154973 
-0.673456  0.742102   -0.360947  0.0119771 
-0.635386  0.713127   -0.338454  0.010366  
-0.682354  0.699162   -0.394231  0.0249652 
-0.682354  0.699162   -0.394231  0.00974802
-0.759532  0.642474   -0.423861  0.0069271 
-0.706627  0.623753   -0.422509  0.00890507
-0.740968  0.56797    -0.413168  0.0233969 
-0.740968  0.56797    -0.413168  0.00801967
-0.80195   0.612192   -0.444942  0.00825678
-0.760384  0.673898   -0.433671  0.00713269
-0.802993  0.645889   -0.453722  0.0144872 
-0.847414  0.689415   -0.421327  0.0207677 
-0.847414  0.689415   -0.421327  0.0164    
-0.838325  0.666983   -0.403382  0.0168138 
-0.838325  0.666983   -0.403382  0.00930902
-0.772478  0.669815   -0.430557  0.0153428 
-0.772478  0.669815   -0.430557  0.0076213 
-0.859001  0.607608   -0.433734  0.00797137
-0.799948  0.65186    -0.4419    0.0102707 
-0.886648  0.627451   -0.413621  0.0141369 
-0.886648  0.627451   -0.413621  0.00863879
-0.787002  0.659378   -0.433239  0.0196309 
-0.787002  0.659378   -0.433239  0.0116948 
-0.815962  0.676762   -0.41996   0.00926001
-0.883338  0.588247   -0.416583  0.0190237 
-0.883338  0.588247   -0.416583  0.00817869
-0.84239   0.578471   -0.425628  0.0210845 
-0.84239   0.578471   -0.425628  0.0222998 
-0.84239   0.578471   -0.425628  0.021756  
-0.84239   0.578471   -0.425628  0.0192868 
-0.84239   0.578471   -0.425628  0.00562199
-0.753636  0.63398    -0.440586  0.0102902 
-0.753636  0.63398    -0.440586  0.0123284 
-0.753636  0.63398    -0.440586  0.00693225
-0.753201  0.58885    -0.434287  0.0168032 
-0.753201  0.58885    -0.434287  0.0105955 
-0.753201  0.58885    -0.434287  0.00767866
-0.753201  0.58885    -0.434287  0.0161893 
-0.753201  0.58885    -0.434287  0.0103972 
-0.830796  0.559398   -0.425696  0.0079402 
-0.858147  0.619246   -0.433946  0.0303606 
-0.858147  0.619246   -0.433946  0.0164391 
-0.925432  0.671479   -0.366181  0.0353422 
-0.925432  0.671479   -0.366181  0.0136672 
-0.907923  0.590256   -0.379724  0.0102778 
-0.907923  0.590256   -0.379724  0.0168756 
-0.907923  0.590256   -0.379724  0.0125248 
-0.921828  0.64543    -0.378899  0.0166693 
-0.921828  0.64543    -0.378899  0.0103045 
-0.929629  0.582669   -0.381971  0.0135837 
-0.929629  0.582669   -0.381971  0.016536  
-0.867781  0.662082   -0.3899    0.00768584
-0.769565  0.608334   -0.421645  0.00772933
-0.681798  0.60676    -0.384043  0.00908298
-0.703294  0.563435   -0.376792  0.0150948 
-0.703294  0.563435   -0.376792  0.0195317 
-0.703294  0.563435   -0.376792  0.00784053
-0.658296  0.634718   -0.380592  0.0125044 
-0.658296  0.634718   -0.380592  0.00964007
-0.658296  0.634718   -0.380592  0.0104573 
-0.608166  0.604465   -0.323845  0.0112809 
-0.608166  0.604465   -0.323845  0.0118712 
-0.608166  0.604465   -0.323845  0.00822249
-0.673707  0.609534   -0.399896  0.0141067 
-0.773578  0.692947   -0.389627  0.0163881 
-0.773578  0.692947   -0.389627  0.0129512 
-0.806927  0.664621   -0.421454  0.0104463 
-0.792407  0.685283   -0.424796  0.0194234 
-0.792407  0.685283   -0.424796  0.00737529
-0.703309  0.600698   -0.397129  0.0103513 
-0.752854  0.679489   -0.425237  0.00835797
-0.752854  0.679489   -0.425237  0.00815024
-0.679286  0.6718     -0.391197  0.0114723 
-0.679286  0.6718     -0.391197  0.0143975 
-0.679286  0.6718     -0.391197  0.00860027
-0.706611  0.679546   -0.412158  0.0103865 
-0.801216  0.651998   -0.430346  0.00685854
-0.779609  0.616042   -0.443324  0.0111956 
-0.779609  0.616042   -0.443324  0.012623  
-0.804108  0.693029   -0.400308  0.0106467 
-0.85555   0.652438   -0.42065   0.0399048 
-0.85555   0.652438   -0.42065   0.00694066
-0.770267  0.64642    -0.423703  0.00999736
-0.73109   0.707653   -0.395259  0.0173402 
-0.73109   0.707653   -0.395259  0.0143373 
-0.73109   0.707653   -0.395259  0.0189979 
-0.73109   0.707653   -0.395259  0.00643761
-0.801633  0.611402   -0.440935  0.0154574 
-0.801633  0.611402   -0.440935  0.0161407 
-0.801633  0.611402   -0.440935  0.00883243
-0.794957  0.572262   -0.426255  0.0117506 
-0.865604  0.631822   -0.429632  0.00741337
-0.775421  0.592422   -0.425937  0.00741294
-0.825255  0.632827   -0.437087  0.0175772 
-0.825255  0.632827   -0.437087  0.00938878
-0.825255  0.632827   -0.437087  0.0169883 
-0.895507  0.601422   -0.388234  0.0142836 
-0.832861  0.652607   -0.418283  0.00979468
-0.746982  0.559756   -0.405072  0.00877599
-0.66209   0.576917   -0.342757  0.0118344 
-0.66209   0.576917   -0.342757  0.0146671 
-0.739495  0.524147   -0.327639  0.0128107 
-0.773658  0.541226   -0.387646  0.0136589 
-0.773658  0.541226   -0.387646  0.014427  
-0.709557  0.525405   -0.340833  0.00856274
-0.717614  0.571903   -0.392377  0.0197841 
-0.717614  0.571903   -0.392377  0.010483  
-0.717614  0.571903   -0.392377  0.00869916
-0.693787  0.658526   -0.4001    0.00951888
-0.693787  0.658526   -0.4001    0.00785145
-0.792145  0.603039   -0.439509  0.0077242 
-0.832078  0.634711   -0.44641   0.00940198
-0.832078  0.634711   -0.44641   0.0073535 
-0.739788  0.635109   -0.428552  0.00876588
-0.739788  0.635109   -0.428552  0.00919348
-0.739788  0.635109   -0.428552  0.011869  
-0.766943  0.726941   -0.423191  0.0191053 
-0.766943  0.726941   -0.423191  0.0174765 
-0.766943  0.726941   -0.423191  0.0115849 
-0.667692  0.713224   -0.38482   0.0113806 
-0.592295  0.70352    -0.326866  0.0227595 
-0.592295  0.70352    -0.326866  0.0159288 
-0.592295  0.70352    -0.326866  0.0150757 
-0.592295  0.70352    -0.326866  0.0130236 
-0.620401  0.74077    -0.34574   0.0135805 
-0.620401  0.74077    -0.34574   0.0167528 
-0.620401  0.74077    -0.34574   0.0117059 
-0.577893  0.67582    -0.316651  0.0194495 
-0.613963  0.705079   -0.313727  0.0141712 
-0.613963  0.705079   -0.313727  0.0131759 
-0.613963  0.705079   -0.313727  0.0152589 
-0.616502  0.773598   -0.320071  0.0168938 
-0.608828  0.826506   -0.31907   0.013596  
-0.536488  0.752736   -0.293019  0.0229914 
-0.536488  0.752736   -0.293019  0.0131586 
-0.635931  0.680274   -0.356172  0.0128779 
-0.635931  0.680274   -0.356172  0.0115136 
-0.589721  0.639946   -0.334158  0.0143535 
-0.502986  0.717609   -0.255131  0.013741  
-0.503368  0.715187   -0.248606  0.0129031 
-0.585069  0.784412   -0.327406  0.00995373
-0.66148   0.689976   -0.375122  0.00889162
-0.686676  0.687871   -0.408632  0.00694015
-0.750842  0.606305   -0.438354  0.0139418 
-0.750842  0.606305   -0.438354  0.0102981 
-0.815495  0.671121   -0.427959  0.0176128 
-0.815495  0.671121   -0.427959  0.0129309 
-0.815495  0.671121   -0.427959  0.0104096 
-0.735112  0.665357   -0.411608  0.00706816
-0.753202  0.616402   -0.435576  0.0126124 
-0.753202  0.616402   -0.435576  0.0103159 
-0.75784   0.692908   -0.419169  0.0107733 
-0.852769  0.695862   -0.413262  0.0412036 
-0.852769  0.695862   -0.413262  0.0117958 
-0.945193  0.60252    -0.362633  0.00926753
-0.883511  0.597013   -0.407306  0.0105455 
-0.883511  0.597013   -0.407306  0.010368  
-0.83303   0.674457   -0.425577  0.0238851 
-0.892028  0.730476   -0.314963  0.0112324 
-0.842978  0.633276   -0.439625  0.0124517 
-0.842978  0.633276   -0.439625  0.018661  
-0.842978  0.633276   -0.439625  0.010495  
-0.842978  0.633276   -0.439625  0.0122481 
-0.770647  0.540654   -0.38782   0.0174196 
-0.770647  0.540654   -0.38782   0.0209536 
-0.770647  0.540654   -0.38782   0.0089485 
-0.822246  0.572087   -0.421854  0.00889541
-0.882044  0.582403   -0.418027  0.0127131 
-0.897183  0.532776   -0.313385  0.0294594 
-0.897183  0.532776   -0.313385  0.00874416
-0.822647  0.603348   -0.434029  0.00842845
-0.782131  0.671913   -0.423663  0.0117616 
-0.859834  0.643978   -0.421367  0.00554633
-0.77801   0.630165   -0.44142   0.00693133
-0.77801   0.630165   -0.44142   0.00942436
-0.838167  0.645611   -0.424529  0.010742  
-0.826547  0.552368   -0.39271   0.0109232 
-0.813624  0.556502   -0.394059  0.00985477
-0.913425  0.586022   -0.391728  0.0125349 
-0.813574  0.678224   -0.41694   0.0220949 
-0.813574  0.678224   -0.41694   0.011605  
-0.813574  0.678224   -0.41694   0.0215981 
-0.813574  0.678224   -0.41694   0.00578543
-0.769936  0.655208   -0.44407   0.0069213 
-0.739316  0.59337    -0.433154  0.0139636 
-0.739316  0.59337    -0.433154  0.0120858 
-0.795936  0.547355   -0.419512  0.00642433
-0.728157  0.646768   -0.442168  0.0100902 
-0.683828  0.71294    -0.393001  0.00826587
-0.683828  0.71294    -0.393001  0.00966695
-0.683828  0.71294    -0.393001  0.0115862 
-0.723774  0.704545   -0.395516  0.0181967 
-0.723774  0.704545   -0.395516  0.0510398 
-0.723774  0.704545   -0.395516  0.00924307
-0.723774  0.704545   -0.395516  0.0112547 
-0.774821  0.650525   -0.418452  0.00895484
-0.819234  0.569172   -0.415074  0.0127014 
-0.819234  0.569172   -0.415074  0.0161274 
-0.819234  0.569172   -0.415074  0.0223132 
-0.819234  0.569172   -0.415074  0.022718  
-0.819234  0.569172   -0.415074  0.00910318
-0.732125  0.644856   -0.425721  0.0121586 
-0.732125  0.644856   -0.425721  0.0177465 
-0.732125  0.644856   -0.425721  0.00974248
-0.732125  0.644856   -0.425721  0.0109785 
-0.732125  0.644856   -0.425721  0.00749085
-0.822383  0.589965   -0.442982  0.0161425 
-0.822383  0.589965   -0.442982  0.018325  
-0.822383  0.589965   -0.442982  0.0142671 
-0.822383  0.589965   -0.442982  0.0114785 
-0.822383  0.589965   -0.442982  0.00814355
-0.78792   0.574176   -0.425596  0.010227  
-0.78792   0.574176   -0.425596  0.0109564 
-0.78792   0.574176   -0.425596  0.0168064 
-0.78792   0.574176   -0.425596  0.00917582
-0.694696  0.568014   -0.378124  0.00894685
-0.72191   0.568857   -0.385791  0.00998505
-0.791737  0.561025   -0.399569  0.0116061 
-0.829406  0.657042   -0.420517  0.00753445
-0.833492  0.622358   -0.44358   0.00908528
-0.833492  0.622358   -0.44358   0.0134811 
-0.783306  0.680115   -0.405486  0.00805221
-0.754427  0.621129   -0.436938  0.00734714
-0.754427  0.621129   -0.436938  0.00664026
-0.717396  0.637829   -0.424767  0.0116978 
-0.717396  0.637829   -0.424767  0.00859799
-0.769051  0.644276   -0.446358  0.0120153 
-0.769051  0.644276   -0.446358  0.0106202 
-0.769051  0.644276   -0.446358  0.0100143 
-0.769051  0.644276   -0.446358  0.0071847 
-0.769051  0.644276   -0.446358  0.0087663 
-0.724996  0.675986   -0.412211  0.0141353 
-0.749544  0.702131   -0.401366  0.00898665
-0.749544  0.702131   -0.401366  0.016608  
-0.749544  0.702131   -0.401366  0.00778727
-0.708571  0.627391   -0.414146  0.00830842
-0.677035  0.589835   -0.384504  0.0169487 
-0.677035  0.589835   -0.384504  0.0116425 
-0.677035  0.589835   -0.384504  0.00648827
-0.72961   0.629266   -0.417613  0.00813458
-0.668205  0.640642   -0.391597  0.00612764
-0.741457  0.625726   -0.442107  0.0122803 
-0.741457  0.625726   -0.442107  0.0182598 
-0.741457  0.625726   -0.442107  0.00810295
-0.741457  0.625726   -0.442107  0.0118397 
-0.817855  0.662432   -0.415557  0.0076865 
-0.725523  0.582718   -0.400147  0.00795777
-0.659483  0.641914   -0.37475   0.00672562
-0.707425  0.649641   -0.421065  0.00838281
-0.77673   0.654791   -0.431108  0.0134539 
-0.77673   0.654791   -0.431108  0.0129195 
-0.77673   0.654791   -0.431108  0.0108481 
-0.746773  0.713386   -0.411828  0.0119022 
-0.757464  0.689377   -0.410416  0.0151861 
-0.818102  0.714096   -0.399071  0.0237564 
-0.818102  0.714096   -0.399071  0.0106401 
-0.821887  0.639258   -0.421228  0.0111284 
-0.732515  0.650735   -0.413739  0.0127853 
-0.667774  0.68959    -0.37978   0.0167707 
-0.667774  0.68959    -0.37978   0.0122628 
-0.667774  0.68959    -0.37978   0.0106351 
-0.577353  0.632428   -0.279034  0.0085077 
-0.655676  0.619154   -0.386977  0.0103763 
-0.655676  0.619154   -0.386977  0.0120717 
-0.706612  0.541516   -0.357393  0.00630528
-0.751981  0.603396   -0.433286  0.0131803 
-0.751981  0.603396   -0.433286  0.0122339 
-0.751981  0.603396   -0.433286  0.0136782 
-0.751981  0.603396   -0.433286  0.00907487
-0.846909  0.580181   -0.423925  0.0170196 
-0.846909  0.580181   -0.423925  0.0111728 
-0.806331  0.551729   -0.408499  0.0162934 
-0.806331  0.551729   -0.408499  0.012912  
-0.806331  0.551729   -0.408499  0.00749911
-0.841271  0.60389    -0.436242  0.00968944
-0.76161   0.560193   -0.405123  0.0128293 
-0.778241  0.53861    -0.409938  0.0115017 
-0.717465  0.551097   -0.396996  0.0236395 
-0.717465  0.551097   -0.396996  0.00996828
-0.784642  0.559424   -0.403452  0.0175218 
-0.784642  0.559424   -0.403452  0.0247968 
-0.784642  0.559424   -0.403452  0.0213473 
-0.784642  0.559424   -0.403452  0.0204621 
-0.784642  0.559424   -0.403452  0.00797795
-0.855949  0.623166   -0.444302  0.024853  
-0.855949  0.623166   -0.444302  0.0109155 
-0.790404  0.677839   -0.424087  0.00735514
-0.727302  0.601894   -0.420575  0.00737957
-0.727302  0.601894   -0.420575  0.00628348
-0.733047  0.626973   -0.432351  0.00875159
-0.650182  0.616474   -0.36206   0.011237  
-0.710862  0.671804   -0.405171  0.00974507
-0.808861  0.636249   -0.428067  0.0109553 
-0.830094  0.673365   -0.429789  0.0284276 
-0.830094  0.673365   -0.429789  0.0121082 
-0.830094  0.673365   -0.429789  0.0175332 
-0.860831  0.705891   -0.396517  0.0218038 
-0.860831  0.705891   -0.396517  0.0188999 
-0.860831  0.705891   -0.396517  0.0161066 
-0.860831  0.705891   -0.396517  0.0231288 
-0.860831  0.705891   -0.396517  0.012032  
-0.807771  0.706374   -0.409102  0.00645298
-0.759517  0.647562   -0.445598  0.00837988
-0.740528  0.69088    -0.431271  0.01958   
-0.740528  0.69088    -0.431271  0.0206561 
-0.740528  0.69088    -0.431271  0.00912513
-0.740528  0.69088    -0.431271  0.00755825
-0.758867  0.591904   -0.432843  0.0105741 
-0.680603  0.556203   -0.368063  0.0100783 
-0.744357  0.560181   -0.407433  0.00675252
-0.735876  0.603747   -0.433931  0.00663239
-0.720156  0.615212   -0.42824   0.0114521 
-0.623899  0.558735   -0.318306  0.0211887 
-0.623899  0.558735   -0.318306  0.00905518
-0.654761  0.657016   -0.37977   0.00882928
-0.737773  0.684646   -0.418108  0.0320095 
-0.737773  0.684646   -0.418108  0.0147663 
-0.737773  0.684646   -0.418108  0.00869669
-0.737773  0.684646   -0.418108  0.0211611 
-0.737773  0.684646   -0.418108  0.0121988 
-0.823903  0.676621   -0.412099  0.00877723
-0.813196  0.587046   -0.431672  0.0134556 
-0.813196  0.587046   -0.431672  0.00821425
-0.85205   0.602561   -0.433777  0.00750538
-0.795145  0.584379   -0.446078  0.0204222 
-0.795145  0.584379   -0.446078  0.010724  
-0.795145  0.584379   -0.446078  0.0112453 
-0.798656  0.55235    -0.429494  0.0127461 
-0.798656  0.55235    -0.429494  0.0123377 
-0.798656  0.55235    -0.429494  0.0171063 
-0.798656  0.55235    -0.429494  0.0235987 
-0.798656  0.55235    -0.429494  0.00768109
-0.762801  0.583138   -0.433874  0.0108567 
-0.676349  0.555737   -0.369303  0.0191737 
-0.676349  0.555737   -0.369303  0.0195735 
-0.676349  0.555737   -0.369303  0.0115651 
-0.689604  0.549455   -0.394564  0.00737274
-0.699797  0.597218   -0.400992  0.0175406 
-0.699797  0.597218   -0.400992  0.0106269 
-0.6668    0.556131   -0.351535  0.0106294 
-0.726194  0.556266   -0.403363  0.00989608
-0.726194  0.556266   -0.403363  0.0237675 
-0.726194  0.556266   -0.403363  0.0167179 
-0.726194  0.556266   -0.403363  0.0072717 
-0.805899  0.640611   -0.452603  0.00880029
-0.805899  0.640611   -0.452603  0.0104072 
-0.805899  0.640611   -0.452603  0.00809271
-0.782045  0.577254   -0.445706  0.0212764 
-0.782045  0.577254   -0.445706  0.00698857
-0.782045  0.577254   -0.445706  0.00673218
-0.782045  0.577254   -0.445706  0.0252392 
-0.782045  0.577254   -0.445706  0.0218552 
-0.782045  0.577254   -0.445706  0.00701814
-0.79159   0.649805   -0.440475  0.010093  
-0.755299  0.695355   -0.424321  0.00895135
-0.804467  0.64982    -0.438151  0.0099618 
-0.804467  0.64982    -0.438151  0.0102935 
-0.804467  0.64982    -0.438151  0.00935991
-0.87975   0.572828   -0.421616  0.0232345 
-0.87975   0.572828   -0.421616  0.00612685
-0.812594  0.64678    -0.444421  0.0112912 
-0.812594  0.64678    -0.444421  0.0261417 
-0.812594  0.64678    -0.444421  0.0119083 
-0.812594  0.64678    -0.444421  0.00981006
-0.812594  0.64678    -0.444421  0.0294725 
-0.812594  0.64678    -0.444421  0.0135057 
-0.812594  0.64678    -0.444421  0.00627181
-0.762005  0.626192   -0.43856   0.0237764 
-0.762005  0.626192   -0.43856   0.0105546 
-0.762005  0.626192   -0.43856   0.0085954 
-0.668644  0.65244    -0.389288  0.0112082 
-0.677787  0.726773   -0.370803  0.0131696 
-0.657282  0.712062   -0.354902  0.0109488 
-0.675653  0.717163   -0.382091  0.0134646 
-0.675653  0.717163   -0.382091  0.0134315 
-0.698584  0.726438   -0.37265   0.00941946
-0.795824  0.673067   -0.422592  0.0122054 
-0.753964  0.738234   -0.402398  0.025151  
-0.737728  0.750134   -0.334644  0.011919  
-0.781258  0.671834   -0.426094  0.00630816
-0.739771  0.65251    -0.431858  0.00856297
-0.739771  0.65251    -0.431858  0.0197674 
-0.739771  0.65251    -0.431858  0.020469  
-0.739771  0.65251    -0.431858  0.0139907 
-0.739771  0.65251    -0.431858  0.00680091
-0.807084  0.601543   -0.441976  0.0132495 
-0.807084  0.601543   -0.441976  0.00795931
-0.734095  0.673473   -0.423874  0.0114245 
-0.734095  0.673473   -0.423874  0.00770197
-0.680147  0.651742   -0.406023  0.0107933 
-0.673126  0.713613   -0.374846  0.0232777 
-0.663076  0.806553   -0.332048  0.0112046 
-0.60553   0.74234    -0.3491    0.0168752 
-0.692778  0.777174   -0.334079  0.0271843 
-0.692778  0.777174   -0.334079  0.0357786 
-0.692778  0.777174   -0.334079  0.0126187 
-0.625649  0.791149   -0.333106  0.0137791 
-0.554437  0.814802   -0.325408  0.0141866 
-0.498635  0.740249   -0.281505  0.0137914 
-0.498635  0.740249   -0.281505  0.0153961 
-0.593074  0.817486   -0.360902  0.0124658 
-0.622141  0.750484   -0.367169  0.00943859
-0.662754  0.653288   -0.384388  0.0124672 
-0.662754  0.653288   -0.384388  0.0104858 
-0.662754  0.653288   -0.384388  0.0109819 
-0.681072  0.710217   -0.367862  0.0195705 
-0.681072  0.710217   -0.367862  0.0323314 
-0.681072  0.710217   -0.367862  0.0115524 
-0.589494  0.696099   -0.322157  0.013636  
-0.525871  0.755812   -0.297722  0.0215442 
-0.525871  0.755812   -0.297722  0.0112965 
-0.598585  0.689028   -0.328577  0.0130666 
-0.598585  0.689028   -0.328577  0.0164806 
-0.598585  0.689028   -0.328577  0.0118231 
-0.608956  0.766336   -0.351152  0.0132807 
-0.622296  0.747797   -0.338559  0.0152485 
-0.662095  0.818673   -0.331204  0.0210612 
-0.751112  0.769371   -0.322951  0.039208  
-0.770185  0.814336   -0.272246  0.0269461 
-0.741     0.841983   -0.285575  0.0430105 
-0.741     0.841983   -0.285575  0.024614  
-0.741     0.841983   -0.285575  0.0477412 
-0.741     0.841983   -0.285575  0.0242175 
-0.830528  0.759057   -0.322931  0.0279862 
-0.830528  0.759057   -0.322931  0.0227747 
-0.825695  0.778875   -0.308743  0.0231845 
-0.919596  0.735083   -0.304965  0.0230841 
-0.919596  0.735083   -0.304965  0.0336325 
-0.919596  0.735083   -0.304965  0.047369  
-0.919596  0.735083   -0.304965  0.0334704 
-0.919596  0.735083   -0.304965  0.0367827 
-0.919596  0.735083   -0.304965  0.040208  
-0.919596  0.735083   -0.304965  0.0403801 
-0.919596  0.735083   -0.304965  0.0181847 
-0.895104  0.668949   -0.367842  0.0278847 
-0.895104  0.668949   -0.367842  0.0179838 
-0.895104  0.668949   -0.367842  0.0204163 
-0.895104  0.668949   -0.367842  0.0123905 
-0.851752  0.632027   -0.428551  0.019602  
-0.823955  0.70044    -0.380114  0.00779225
-0.780235  0.630187   -0.440587  0.0099313 
-0.763295  0.561978   -0.418831  0.0182404 
-0.763295  0.561978   -0.418831  0.00943468
-0.82182   0.56793    -0.418079  0.00800568
-0.823694  0.604819   -0.457187  0.0113862 
-0.823694  0.604819   -0.457187  0.00982542
-0.823694  0.604819   -0.457187  0.00981735
-0.823694  0.604819   -0.457187  0.0112684 
-0.764512  0.640256   -0.43006   0.00741912
-0.775228  0.584778   -0.447243  0.0171677 
-0.775228  0.584778   -0.447243  0.00914241
-0.775228  0.584778   -0.447243  0.00925214
-0.779001  0.570545   -0.420556  0.0112133 
-0.86426   0.658678   -0.425714  0.027959  
-0.86426   0.658678   -0.425714  0.0136933 
-0.793103  0.733364   -0.389087  0.0144009 
-0.793103  0.733364   -0.389087  0.0107445 
-0.838713  0.658906   -0.427291  0.00604187
-0.779391  0.603654   -0.448222  0.010571  
-0.872162  0.617484   -0.403318  0.0143696 
-0.872162  0.617484   -0.403318  0.0180733 
-0.872162  0.617484   -0.403318  0.00991672
-0.878433  0.577138   -0.41417   0.0155145 
-0.878433  0.577138   -0.41417   0.00768773
-0.798174  0.644044   -0.442343  0.0090374 
-0.798174  0.644044   -0.442343  0.00945493
-0.824764  0.67047    -0.43532   0.0097642 
-0.824764  0.67047    -0.43532   0.0142452 
-0.824764  0.67047    -0.43532   0.00681364
-0.785687  0.60567    -0.44099   0.0148985 
-0.785687  0.60567    -0.44099   0.0122056 
-0.733807  0.542822   -0.40058   0.0240814 
-0.733807  0.542822   -0.40058   0.00684624
-0.721472  0.599521   -0.405869  0.0085717 
-0.654623  0.602412   -0.365626  0.011067  
-0.654623  0.602412   -0.365626  0.00871896
-0.725684  0.664571   -0.410525  0.0186788 
-0.725684  0.664571   -0.410525  0.00875609
-0.725684  0.664571   -0.410525  0.0184081 
-0.725684  0.664571   -0.410525  0.00965899
-0.725684  0.664571   -0.410525  0.0191945 
-0.725684  0.664571   -0.410525  0.00876503
-0.708017  0.658397   -0.412033  0.00730031
-0.761946  0.597903   -0.431997  0.0135844 
-0.761946  0.597903   -0.431997  0.00919048
-0.761946  0.597903   -0.431997  0.0113333 
-0.84333   0.550329   -0.40718   0.0278396 
-0.84333   0.550329   -0.40718   0.0147357 
-0.84333   0.550329   -0.40718   0.0110932 
-0.84333   0.550329   -0.40718   0.0107592 
-0.84333   0.550329   -0.40718   0.0192844 
-0.84333   0.550329   -0.40718   0.00912398
-0.878405  0.608178   -0.407635  0.00829269
-0.881273  0.637773   -0.440904  0.00775987
-0.881273  0.637773   -0.440904  0.0124873 
-0.82956   0.693439   -0.418852  0.023129  
-0.82956   0.693439   -0.418852  0.0191284 
-0.82956   0.693439   -0.418852  0.0336748 
-0.82956   0.693439   -0.418852  0.0100507 
-0.82956   0.693439   -0.418852  0.0120615 
-0.921288  0.638684   -0.372287  0.0108762 
-0.871739  0.590642   -0.415616  0.0123013 
-0.871739  0.590642   -0.415616  0.0082072 
-0.774593  0.578963   -0.432801  0.00890466
-0.801083  0.651241   -0.443996  0.00926116
-0.801083  0.651241   -0.443996  0.0111629 
-0.773191  0.553826   -0.429151  0.0151541 
-0.773191  0.553826   -0.429151  0.0202064 
-0.773191  0.553826   -0.429151  0.0106748 
-0.864867  0.650142   -0.429179  0.0136817 
-0.864867  0.650142   -0.429179  0.00710093
-0.82396   0.644456   -0.446799  0.0179643 
-0.82396   0.644456   -0.446799  0.00696106
-0.751162  0.594462   -0.430966  0.00755876
-0.751162  0.594462   -0.430966  0.00734591
-0.684042  0.608612   -0.390568  0.0114396 
-0.602174  0.563667   -0.28348   0.0190033 
-0.602174  0.563667   -0.28348   0.0147474 
-0.602174  0.563667   -0.28348   0.0153394 
-0.602174  0.563667   -0.28348   0.0114768 
-0.63615   0.548827   -0.322568  0.0106884 
-0.613764  0.573632   -0.326242  0.0132914 
-0.613764  0.573632   -0.326242  0.00752914
-0.697889  0.659841   -0.394132  0.0098353 
-0.697889  0.659841   -0.394132  0.0113805 
-0.725371  0.7178     -0.396403  0.0135    
-0.725371  0.7178     -0.396403  0.0199567 
-0.725371  0.7178     -0.396403  0.0304935 
-0.725371  0.7178     -0.396403  0.00639579
-0.750212  0.624419   -0.435569  0.013859  
-0.750212  0.624419   -0.435569  0.0126523 
-0.750212  0.624419   -0.435569  0.0174205 
-0.750212  0.624419   -0.435569  0.00679473
-0.704661  0.63431    -0.412783  0.0113479 
-0.704661  0.63431    -0.412783  0.00921873
-0.654969  0.656032   -0.373867  0.0120842 
-0.654969  0.656032   -0.373867  0.0141431 
-0.698507  0.742606   -0.380756  0.00763572
-0.703348  0.664352   -0.421733  0.0181881 
-0.703348  0.664352   -0.421733  0.00944459
-0.663495  0.661275   -0.389035  0.012388  
-0.663495  0.661275   -0.389035  0.0177497 
-0.663495  0.661275   -0.389035  0.00936686
-0.63156   0.620622   -0.375702  0.0137168 
-0.63156   0.620622   -0.375702  0.0137735 
-0.63156   0.620622   -0.375702  0.0105438 
-0.671575  0.562744   -0.386369  0.00689355
-0.717591  0.614277   -0.418745  0.0129871 
-0.664334  0.528246   -0.346035  0.00997119
-0.745651  0.558573   -0.386661  0.00967632
-0.843533  0.623085   -0.430439  0.00769505
-0.792043  0.580599   -0.435453  0.00645946
-0.71921   0.616099   -0.422949  0.0145328 
-0.71921   0.616099   -0.422949  0.0144392 
-0.71921   0.616099   -0.422949  0.00741023
-0.73782   0.589477   -0.420773  0.0111222 
-0.807136  0.618805   -0.44082   0.00888254
-0.807136  0.618805   -0.44082   0.00639853
-0.723852  0.642167   -0.428959  0.010301  
-0.799796  0.558409   -0.431048  0.00671775
-0.732206  0.605065   -0.43013   0.00828847
-0.732206  0.605065   -0.43013   0.00718326
-0.732206  0.605065   -0.43013   0.00875525
-0.732206  0.605065   -0.43013   0.00782289
-0.77846   0.586906   -0.450873  0.0109332 
-0.824742  0.558936   -0.437489  0.00748258
-0.824742  0.558936   -0.437489  0.0119643 
-0.824742  0.558936   -0.437489  0.0086139 
-0.846411  0.634339   -0.432254  0.0113063 
-0.846411  0.634339   -0.432254  0.022047  
-0.846411  0.634339   -0.432254  0.018573  
-0.846411  0.634339   -0.432254  0.0121874 
-0.822475  0.693904   -0.415874  0.0109311 
-0.828147  0.603947   -0.432141  0.00863592
-0.828147  0.603947   -0.432141  0.0138528 
-0.828147  0.603947   -0.432141  0.0182574 
-0.828147  0.603947   -0.432141  0.0133228 
-0.828147  0.603947   -0.432141  0.00598621
-0.778214  0.620257   -0.448752  0.00782469
-0.778214  0.620257   -0.448752  0.00864142
-0.774603  0.57198    -0.414467  0.0190447 
-0.774603  0.57198    -0.414467  0.0116286 
-0.774603  0.57198    -0.414467  0.0111009 
-0.746956  0.551886   -0.408896  0.0123217 
-0.746956  0.551886   -0.408896  0.0155879 
-0.746956  0.551886   -0.408896  0.00862488
-0.746956  0.551886   -0.408896  0.00864426
-0.746956  0.551886   -0.408896  0.0103984 
-0.746956  0.551886   -0.408896  0.00712164
-0.69897   0.62077    -0.411264  0.010962  
-0.76015   0.552932   -0.391706  0.0209922 
-0.76015   0.552932   -0.391706  0.00774217
-0.79193   0.588814   -0.448605  0.00904596
-0.87263   0.588785   -0.41596   0.010231  
-0.87263   0.588785   -0.41596   0.00792703
-0.835894  0.593687   -0.421235  0.0171037 
-0.835894  0.593687   -0.421235  0.0110853 
-0.835894  0.593687   -0.421235  0.0208784 
-0.835894  0.593687   -0.421235  0.015277  
-0.835894  0.593687   -0.421235  0.0143049 
-0.835894  0.593687   -0.421235  0.0122287 
-0.852114  0.669588   -0.41413   0.0073028 
-0.797508  0.635417   -0.437815  0.00837709
-0.797508  0.635417   -0.437815  0.0224288 
-0.797508  0.635417   -0.437815  0.00814366
-0.832155  0.579079   -0.432284  0.013742  
-0.832155  0.579079   -0.432284  0.0160792 
-0.832155  0.579079   -0.432284  0.010172  
-0.887009  0.566801   -0.383663  0.0128189 
-0.887009  0.566801   -0.383663  0.0105272 
-0.869091  0.558757   -0.386589  0.00933297
-0.905924  0.580457   -0.391009  0.0110503 
-0.836922  0.674091   -0.42119   0.00914937
-0.847205  0.580695   -0.426981  0.0179532 
-0.847205  0.580695   -0.426981  0.00738236
-0.771378  0.654483   -0.447351  0.0231173 
-0.771378  0.654483   -0.447351  0.0126706 
-0.771378  0.654483   -0.447351  0.00798191
-0.840898  0.62275    -0.431159  0.00947112
-0.875847  0.61416    -0.416846  0.0111954 
-0.875859  0.580328   -0.405397  0.0150852 
-0.839314  0.668448   -0.400227  0.00880225
-0.839314  0.668448   -0.400227  0.0253405 
-0.885833  0.730025   -0.313572  0.030852  
-0.885833  0.730025   -0.313572  0.0280195 
-0.885833  0.730025   -0.313572  0.0167176 
-0.953804  0.63738    -0.349293  0.0134785 
-0.953804  0.63738    -0.349293  0.0297468 
-0.953804  0.63738    -0.349293  0.0111644 
-0.864754  0.554977   -0.401916  0.0193799 
-0.864754  0.554977   -0.401916  0.0188947 
-0.864754  0.554977   -0.401916  0.0234091 
-0.864754  0.554977   -0.401916  0.0154038 
-0.864754  0.554977   -0.401916  0.0276258 
-0.864754  0.554977   -0.401916  0.0187609 
-0.864754  0.554977   -0.401916  0.0125877 
-0.876649  0.547951   -0.36721   0.0073753 
-0.827985  0.614655   -0.450628  0.00923626
-0.827985  0.614655   -0.450628  0.0148344 
-0.827985  0.614655   -0.450628  0.014095  
-0.814801  0.676255   -0.414361  0.00691594
-0.715422  0.625535   -0.406957  0.0111311 
-0.715422  0.625535   -0.406957  0.00620581
-0.774588  0.612292   -0.455018  0.00751221
-0.774588  0.612292   -0.455018  0.0132853 
-0.774588  0.612292   -0.455018  0.00899811
-0.738439  0.673553   -0.423736  0.0250893 
-0.738439  0.673553   -0.423736  0.00801848
-0.83262   0.615096   -0.442781  0.0104941 
-0.928899  0.560417   -0.364583  0.0238658 
-0.928899  0.560417   -0.364583  0.00794852
-0.875735  0.613294   -0.426815  0.0201476 
-0.875735  0.613294   -0.426815  0.00973685
-0.875735  0.613294   -0.426815  0.0113671 
-0.875735  0.613294   -0.426815  0.0114682 
-0.875735  0.613294   -0.426815  0.0332504 
-0.883491  0.680318   -0.364694  0.00624111
-0.813575  0.608937   -0.437682  0.00728265
-0.766288  0.651892   -0.437785  0.00781035
-0.731219  0.586434   -0.426931  0.00669322
-0.829371  0.611192   -0.447736  0.00891657
-0.858067  0.580419   -0.41409   0.0216076 
-0.858067  0.580419   -0.41409   0.020507  
-0.858067  0.580419   -0.41409   0.0118349 
-0.90476   0.648442   -0.412889  0.0084253 
-0.814813  0.578787   -0.431946  0.0190297 
-0.814813  0.578787   -0.431946  0.00752259
-0.803661  0.596886   -0.444078  0.0100164 
-0.803661  0.596886   -0.444078  0.0178198 
-0.803661  0.596886   -0.444078  0.00836727
-0.803661  0.596886   -0.444078  0.0114125 
-0.773547  0.548571   -0.421618  0.012935  
-0.773547  0.548571   -0.421618  0.0148558 
-0.773547  0.548571   -0.421618  0.0115352 
-0.773547  0.548571   -0.421618  0.0283517 
-0.773547  0.548571   -0.421618  0.0133225 
-0.773547  0.548571   -0.421618  0.0107727 
-0.70925   0.624532   -0.406697  0.00770227
-0.725248  0.63382    -0.403798  0.00971452
-0.723329  0.561889   -0.397829  0.00660945
-0.751441  0.651732   -0.436732  0.00651968
-0.712024  0.650053   -0.426047  0.00732823
-0.712024  0.650053   -0.426047  0.0152492 
-0.712024  0.650053   -0.426047  0.00837339
-0.712024  0.650053   -0.426047  0.0151323 
-0.712024  0.650053   -0.426047  0.0113409 
-0.712024  0.650053   -0.426047  0.0107715 
-0.791052  0.644989   -0.433239  0.0098487 
-0.791052  0.644989   -0.433239  0.00673277
-0.74034   0.653098   -0.432566  0.0135838 
-0.775582  0.682969   -0.394342  0.00976448
-0.811296  0.67378    -0.430105  0.0242349 
-0.811296  0.67378    -0.430105  0.0150686 
-0.818668  0.699093   -0.398664  0.0334664 
-0.818668  0.699093   -0.398664  0.0243438 
-0.818668  0.699093   -0.398664  0.0143183 
-0.904006  0.606612   -0.402513  0.0136834 
-0.936559  0.617116   -0.367483  0.0209762 
-0.936559  0.617116   -0.367483  0.015914  
-0.895095  0.686956   -0.371568  0.0334936 
-0.895095  0.686956   -0.371568  0.00972328
-0.889281  0.602703   -0.416664  0.0140507 
-0.884483  0.666877   -0.386014  0.00687451
-0.810233  0.596792   -0.448121  0.0136873 
-0.810233  0.596792   -0.448121  0.0060108 
-0.814602  0.625166   -0.454083  0.00698063
-0.753633  0.593852   -0.447291  0.00749009
-0.753633  0.593852   -0.447291  0.0097082 
-0.752059  0.561586   -0.409037  0.00791463
-0.752059  0.561586   -0.409037  0.00574421
-0.727585  0.637097   -0.425479  0.00884682
-0.630053  0.621012   -0.343167  0.0142244 
-0.629336  0.716615   -0.3462    0.0109841 
-0.611418  0.692645   -0.343537  0.00862019
-0.66124   0.646311   -0.383886  0.0109887 
-0.698647  0.552217   -0.375875  0.0175229 
-0.698647  0.552217   -0.375875  0.00814754
-0.755166  0.639817   -0.428139  0.0101186 
-0.739754  0.559193   -0.412085  0.0101594 
-0.739754  0.559193   -0.412085  0.0113597 
-0.821866  0.552331   -0.409152  0.0238204 
-0.821866  0.552331   -0.409152  0.0105576 
-0.82023   0.559144   -0.434403  0.0101896 
-0.82023   0.559144   -0.434403  0.0237704 
-0.82023   0.559144   -0.434403  0.0130086 
-0.82023   0.559144   -0.434403  0.00578128
-0.813985  0.618171   -0.457491  0.0119089 
-0.907293  0.62175    -0.398094  0.0298415 
-0.907293  0.62175    -0.398094  0.0224745 
-0.907293  0.62175    -0.398094  0.00726004
-0.849458  0.59251    -0.443502  0.0101354 
-0.849458  0.59251    -0.443502  0.0112279 
-0.849458  0.59251    -0.443502  0.00832079
-0.828839  0.596573   -0.441246  0.0183978 
-0.758058  0.505369   -0.335583  0.0387986 
-0.758058  0.505369   -0.335583  0.00744937
-0.832414  0.585583   -0.429643  0.00812008
-0.837942  0.645655   -0.435276  0.0157724 
-0.837942  0.645655   -0.435276  0.00755204
-0.761132  0.594037   -0.436498  0.00781188
-0.716661  0.673667   -0.410263  0.00828056
-0.648848  0.629149   -0.349068  0.00985441
-0.644285  0.573839   -0.35008   0.0148655 
-0.644285  0.573839   -0.35008   0.00992634
-0.652658  0.568761   -0.361345  0.0120086 
-0.652658  0.568761   -0.361345  0.00849576
-0.660762  0.621658   -0.376032  0.00819688
-0.662101  0.655579   -0.377299  0.0104786 
-0.619298  0.717304   -0.370774  0.00679102
-0.717624  0.627754   -0.433607  0.0127667 
-0.717624  0.627754   -0.433607  0.00759163
-0.717624  0.627754   -0.433607  0.0104696 
-0.740651  0.71353    -0.418238  0.00635725
-0.730192  0.629312   -0.416671  0.0097303 
-0.662644  0.695363   -0.392965  0.0171079 
-0.736387  0.763818   -0.35392   0.0194154 
-0.829666  0.758827   -0.350509  0.0389309 
-0.829666  0.758827   -0.350509  0.0519021 
-0.829666  0.758827   -0.350509  0.0144392 
-0.821302  0.679581   -0.394675  0.014673  
-0.797102  0.72305    -0.390346  0.0205182 
-0.797102  0.72305    -0.390346  0.0355225 
-0.797102  0.72305    -0.390346  0.0263734 
-0.797102  0.72305    -0.390346  0.0146261 
-0.893606  0.677747   -0.400945  0.0153384 
-0.821467  0.712863   -0.372772  0.00917557
-0.814935  0.628062   -0.436133  0.00900353
-0.85271   0.639074   -0.440383  0.0212257 
-0.85271   0.639074   -0.440383  0.00749486
-0.75488   0.58261    -0.452195  0.0172743 
-0.75488   0.58261    -0.452195  0.00772623
-0.770279  0.603644   -0.439676  0.00905802
-0.770279  0.603644   -0.439676  0.00687269
-0.782395  0.631285   -0.448305  0.00626573
-0.719268  0.635617   -0.425007  0.00900225
-0.726466  0.567709   -0.396862  0.0120374 
-0.726466  0.567709   -0.396862  0.0133926 
-0.726466  0.567709   -0.396862  0.00823428
-0.723281  0.574847   -0.406441  0.00912239
-0.723281  0.574847   -0.406441  0.0152965 
-0.723281  0.574847   -0.406441  0.0146509 
-0.801429  0.532752   -0.404454  0.0290059 
-0.801429  0.532752   -0.404454  0.0296768 
-0.801429  0.532752   -0.404454  0.00631668
-0.796106  0.605732   -0.45843   0.011788  
-0.796106  0.605732   -0.45843   0.0103614 
-0.796106  0.605732   -0.45843   0.0110073 
-0.796106  0.605732   -0.45843   0.00621608
-0.740353  0.680985   -0.431343  0.0422596 
-0.740353  0.680985   -0.431343  0.0193568 
-0.740353  0.680985   -0.431343  0.0147897 
-0.740353  0.680985   -0.431343  0.00857875
-0.649155  0.618881   -0.371927  0.00615002
-0.745278  0.61307    -0.441535  0.00672735
-0.745278  0.61307    -0.441535  0.00787074
-0.737118  0.584575   -0.421554  0.00672605
-0.700728  0.634581   -0.417801  0.00794783
-0.748002  0.651736   -0.425517  0.00779546
-0.740626  0.700658   -0.410577  0.0128844 
-0.646774  0.75025    -0.358886  0.0157746 
-0.646774  0.75025    -0.358886  0.00856084
-0.656634  0.650529   -0.369746  0.0121912 
-0.656634  0.650529   -0.369746  0.0131529 
-0.656634  0.650529   -0.369746  0.0164633 
-0.742428  0.685536   -0.401963  0.00594454
-0.725315  0.634243   -0.421569  0.00957297
-0.745125  0.559861   -0.397724  0.00788863
-0.725652  0.59123    -0.415907  0.0158199 
-0.725652  0.59123    -0.415907  0.00868684
-0.725652  0.59123    -0.415907  0.0093633 
-0.725652  0.59123    -0.415907  0.013842  
-0.725652  0.59123    -0.415907  0.010448  
-0.788565  0.673414   -0.427458  0.0178    
-0.788565  0.673414   -0.427458  0.0224571 
-0.788565  0.673414   -0.427458  0.011399  
-0.87829   0.656928   -0.419362  0.023807  
-0.87829   0.656928   -0.419362  0.0159417 
-0.824366  0.721394   -0.392046  0.0120192 
-0.841806  0.680255   -0.415531  0.00683421
-0.755582  0.655223   -0.445288  0.00935419
-0.776359  0.647041   -0.442085  0.0219585 
-0.776359  0.647041   -0.442085  0.0084305 
-0.776359  0.647041   -0.442085  0.00853163
-0.789273  0.646456   -0.437109  0.0117794 
-0.825232  0.710545   -0.420742  0.0247039 
-0.825232  0.710545   -0.420742  0.012974  
-0.806169  0.667607   -0.412548  0.00720921
-0.746576  0.651567   -0.440478  0.00933045
-0.802132  0.645819   -0.431884  0.0209126 
-0.796182  0.736056   -0.355873  0.0131646 
-0.84203   0.697577   -0.407116  0.0309691 
-0.84203   0.697577   -0.407116  0.0296465 
-0.84203   0.697577   -0.407116  0.0168304 
-0.757201  0.790939   -0.349649  0.0152541 
-0.671823  0.744194   -0.34563   0.0105359 
-0.650975  0.725612   -0.368634  0.00941318
-0.658388  0.676783   -0.377761  0.0127535 
-0.577943  0.745947   -0.347071  0.0239645 
-0.577943  0.745947   -0.347071  0.0113865 
-0.577943  0.745947   -0.347071  0.0153644 
-0.578875  0.79868    -0.330243  0.0141955 
-0.592525  0.744501   -0.320231  0.013465  
-0.594989  0.718133   -0.317832  0.0143255 
-0.566405  0.737887   -0.305001  0.011166  
-0.574477  0.647023   -0.275104  0.0102669 
-0.613994  0.59172    -0.30596   0.0143989 
-0.613994  0.59172    -0.30596   0.0122072 
-0.613994  0.59172    -0.30596   0.0124355 
-0.58556   0.576808   -0.280384  0.0167375 
-0.58556   0.576808   -0.280384  0.0176289 
-0.58556   0.576808   -0.280384  0.013455  
-0.528967  0.660739   -0.262228  0.0104067 
-0.605249  0.599183   -0.315715  0.0113143 
-0.595913  0.603001   -0.325472  0.0133143 
-0.595913  0.603001   -0.325472  0.0139007 
-0.525333  0.672464   -0.262007  0.0153527 
-0.525333  0.672464   -0.262007  0.0122085 
-0.568483  0.695024   -0.29382   0.0107906 
-0.592434  0.664338   -0.345443  0.0107787 
-0.610019  0.653062   -0.338554  0.0129689 
-0.610019  0.653062   -0.338554  0.0111124 
-0.637943  0.728792   -0.344157  0.0172622 
-0.637943  0.728792   -0.344157  0.0125011 
-0.728058  0.692321   -0.391788  0.0114836 
-0.640964  0.70667    -0.357309  0.0127334 
-0.640964  0.70667    -0.357309  0.00811892
-0.651662  0.638735   -0.375543  0.00697384
-0.703421  0.636743   -0.41179   0.0101958 
-0.745973  0.671199   -0.435516  0.00844515
-0.682891  0.663314   -0.391529  0.00937914
-0.77602   0.565981   -0.417517  0.0232189 
-0.77602   0.565981   -0.417517  0.0171593 
-0.77602   0.565981   -0.417517  0.00707608
-0.801122  0.596205   -0.454361  0.00587493
-0.801122  0.596205   -0.454361  0.0123185 
-0.801122  0.596205   -0.454361  0.0103822 
-0.801122  0.596205   -0.454361  0.0182261 
-0.801122  0.596205   -0.454361  0.0179682 
-0.801122  0.596205   -0.454361  0.0182927 
-0.801122  0.596205   -0.454361  0.00720092
-0.805534  0.600908   -0.45115   0.0176008 
-0.805534  0.600908   -0.45115   0.0103683 
-0.805534  0.600908   -0.45115   0.0206651 
-0.805534  0.600908   -0.45115   0.00753945
-0.805534  0.600908   -0.45115   0.00767217
-0.805534  0.600908   -0.45115   0.0106142 
-0.805534  0.600908   -0.45115   0.0126603 
-0.805534  0.600908   -0.45115   0.00707099
-0.781866  0.60653    -0.443864  0.0128921 
-0.781866  0.60653    -0.443864  0.00885953
-0.781866  0.60653    -0.443864  0.0137129 
-0.781866  0.60653    -0.443864  0.0188648 
-0.781866  0.60653    -0.443864  0.00788248
-0.781866  0.60653    -0.443864  0.00739075
-0.801947  0.632142   -0.448506  0.00800142
-0.801947  0.632142   -0.448506  0.0145118 
-0.801947  0.632142   -0.448506  0.0110454 
-0.801947  0.632142   -0.448506  0.0102861 
-0.801947  0.632142   -0.448506  0.013026  
-0.710885  0.708412   -0.373265  0.0141515 
-0.710885  0.708412   -0.373265  0.00609036
-0.768607  0.60893    -0.443726  0.0185176 
-0.751879  0.678244   -0.398048  0.0148763 
-0.698437  0.774531   -0.3687    0.0148849 
-0.649101  0.696749   -0.355092  0.0103527 
-0.619907  0.690158   -0.34511   0.0130124 
-0.619907  0.690158   -0.34511   0.0153026 
-0.697399  0.752572   -0.365461  0.0110289 
-0.674635  0.708244   -0.359875  0.011554  
-0.674635  0.708244   -0.359875  0.00886427
-0.630482  0.626395   -0.354116  0.0124783 
-0.630482  0.626395   -0.354116  0.0125775 
-0.693556  0.546743   -0.392229  0.0263541 
-0.693556  0.546743   -0.392229  0.0102817 
-0.616986  0.597752   -0.339686  0.0135598 
-0.616986  0.597752   -0.339686  0.0138767 
-0.616986  0.597752   -0.339686  0.0136479 
-0.667883  0.682894   -0.373685  0.0196734 
-0.749161  0.742044   -0.350661  0.0231217 
-0.848713  0.709982   -0.35523   0.0435444 
-0.848713  0.709982   -0.35523   0.0229514 
-0.848713  0.709982   -0.35523   0.027725  
-0.848713  0.709982   -0.35523   0.0239103 
-0.848713  0.709982   -0.35523   0.00557655
-0.767905  0.613903   -0.444378  0.011201  
-0.859093  0.557181   -0.381641  0.00884413
-0.773043  0.571914   -0.427314  0.0175931 
-0.773043  0.571914   -0.427314  0.0118592 
-0.773043  0.571914   -0.427314  0.00919409
-0.74778   0.56979    -0.432939  0.00733524
-0.813357  0.589105   -0.439896  0.00832579
-0.787829  0.666891   -0.435869  0.00645701
-0.731579  0.65981    -0.425002  0.00817853
-0.731579  0.65981    -0.425002  0.0115679 
-0.752099  0.701957   -0.405088  0.0129892 
-0.752099  0.701957   -0.405088  0.0121507 
-0.752099  0.701957   -0.405088  0.0117816 
-0.706418  0.681789   -0.398587  0.0090068 
-0.706418  0.681789   -0.398587  0.0109693 
-0.638131  0.773079   -0.36938   0.0211994 
-0.638131  0.773079   -0.36938   0.0197614 
-0.723785  0.743697   -0.361773  0.0179144 
-0.723785  0.743697   -0.361773  0.0385128 
-0.723785  0.743697   -0.361773  0.00870818
-0.679806  0.667481   -0.390944  0.00636705
-0.741067  0.603819   -0.431282  0.0134786 
-0.741067  0.603819   -0.431282  0.0159241 
-0.741067  0.603819   -0.431282  0.00871248
-0.72385   0.570933   -0.414879  0.02394   
-0.72385   0.570933   -0.414879  0.00627822
