#MU        SIGMA      ENERGY     ERROR     
-0.7657    0.677758   -0.43635   0.0108322 
-0.7657    0.677758   -0.43635   0.00909096
-0.745608  0.619778   -0.4243    0.00797457
-0.657771  0.628373   -0.377885  0.00630093
-0.717607  0.627415   -0.408967  0.0116113 
-0.717607  0.627415   -0.408967  0.010904  
-0.723593  0.695352   -0.404345  0.0201321 
-0.723593  0.695352   -0.404345  0.00844153
-0.723593  0.695352   -0.404345  0.0145786 
-0.71294   0.740523   -0.374883  0.0154023 
-0.77471   0.726967   -0.394848  0.00890294
-0.763474  0.680242   -0.437493  0.0186595 
-0.763474  0.680242   -0.437493  0.00792868
-0.775492  0.603546   -0.438829  0.0106168 
-0.679114  0.554731   -0.373889  0.0114736 
-0.737564  0.545293   -0.38445   0.010519  
-0.706368  0.556926   -0.388165  0.0106554 
-0.777376  0.554187   -0.409053  0.00972384
-0.791081  0.64038    -0.433821  0.0113427 
-0.764847  0.694177   -0.417865  0.0290504 
-0.764847  0.694177   -0.417865  0.0243528 
-0.764847  0.694177   -0.417865  0.0136264 
-0.835787  0.712803   -0.397469  0.0164721 
-0.835787  0.712803   -0.397469  0.0343129 
-0.835787  0.712803   -0.397469  0.0302832 
-0.835787  0.712803   -0.397469  0.00608517
-0.762534  0.629122   -0.445565  0.0123699 
-0.824192  0.543035   -0.407342  0.00815738
-0.848112  0.599448   -0.43553   0.0161851 
-0.848112  0.599448   -0.43553   0.0121272 
-0.848112  0.599448   -0.43553   0.0125126 
-0.862564  0.627369   -0.417678  0.00973626
-0.779697  0.565241   -0.420594  0.00599873
-0.75631   0.608694   -0.453121  0.00829157
-0.737404  0.660721   -0.421342  0.00800085
-0.729922  0.701444   -0.423312  0.00659019
-0.73352   0.608711   -0.42562   0.0173081 
-0.790322  0.691028   -0.397571  0.00837699
-0.843759  0.59486    -0.435077  0.0125181 
-0.843759  0.59486    -0.435077  0.012665  
-0.843759  0.59486    -0.435077  0.0140022 
-0.843759  0.59486    -0.435077  0.018778  
-0.843759  0.59486    -0.435077  0.0117784 
-0.777213  0.542178   -0.37211   0.00811946
-0.751245  0.580668   -0.441809  0.0156976 
-0.850285  0.523548   -0.329279  0.028211  
-0.850285  0.523548   -0.329279  0.00696326
-0.832228  0.621928   -0.443902  0.0132009 
-0.784283  0.685803   -0.407889  0.00651132
-0.730176  0.607856   -0.421517  0.00734027
-0.695544  0.627429   -0.40329   0.0094625 
-0.730595  0.569872   -0.417131  0.0087078 
-0.730595  0.569872   -0.417131  0.0178233 
-0.730595  0.569872   -0.417131  0.00967231
-0.76661   0.567144   -0.432255  0.00753032
-0.798441  0.61487    -0.450312  0.00656972
-0.781074  0.614686   -0.44387   0.0121746 
-0.781074  0.614686   -0.44387   0.0079512 
-0.710145  0.687214   -0.424852  0.00784081
-0.696943  0.671512   -0.418288  0.0128281 
-0.641462  0.765777   -0.350508  0.0123318 
-0.641462  0.765777   -0.350508  0.0178836 
-0.641462  0.765777   -0.350508  0.0155182 
-0.667316  0.783007   -0.358058  0.0365204 
-0.667316  0.783007   -0.358058  0.0136593 
-0.716383  0.713567   -0.387239  0.0267846 
-0.716383  0.713567   -0.387239  0.018949  
-0.716383  0.713567   -0.387239  0.0262383 
-0.770155  0.789742   -0.348797  0.0262431 
-0.849535  0.705111   -0.356938  0.0220486 
-0.849535  0.705111   -0.356938  0.0128245 
-0.849234  0.672864   -0.390462  0.0291554 
-0.849234  0.672864   -0.390462  0.0070538 
-0.780103  0.593527   -0.441326  0.00990518
-0.752784  0.595349   -0.424684  0.0146452 
-0.752784  0.595349   -0.424684  0.00872659
-0.746737  0.574371   -0.425642  0.0198149 
-0.746737  0.574371   -0.425642  0.00792258
-0.746737  0.574371   -0.425642  0.0210434 
-0.746737  0.574371   -0.425642  0.00928838
-0.730927  0.56336    -0.416824  0.00819145
-0.746681  0.653896   -0.430722  0.0182974 
-0.746681  0.653896   -0.430722  0.00785254
-0.736044  0.579846   -0.422085  0.0135906 
-0.736044  0.579846   -0.422085  0.00621494
-0.736044  0.579846   -0.422085  0.0143917 
-0.736044  0.579846   -0.422085  0.016929  
-0.736044  0.579846   -0.422085  0.0140148 
-0.736044  0.579846   -0.422085  0.00805612
-0.808367  0.653494   -0.429285  0.00831754
-0.807303  0.661652   -0.442441  0.00918074
-0.807303  0.661652   -0.442441  0.0111979 
-0.822771  0.665152   -0.417157  0.0310822 
-0.860954  0.747108   -0.311606  0.0550083 
-0.860954  0.747108   -0.311606  0.0456806 
-0.860954  0.747108   -0.311606  0.0211812 
-0.897181  0.682548   -0.357801  0.0139259 
-0.897181  0.682548   -0.357801  0.0169299 
-0.950281  0.653814   -0.338405  0.0228959 
-0.950281  0.653814   -0.338405  0.0135818 
-0.995113  0.593311   -0.270761  0.0154312 
-0.95583   0.648124   -0.35925   0.00987116
-0.881631  0.593051   -0.41437   0.0157309 
-0.881631  0.593051   -0.41437   0.0269025 
-0.881631  0.593051   -0.41437   0.0128884 
-0.881631  0.593051   -0.41437   0.0121103 
-0.868621  0.651013   -0.422351  0.0212407 
-0.868621  0.651013   -0.422351  0.00990541
-0.926981  0.571035   -0.357762  0.0275332 
-0.926981  0.571035   -0.357762  0.0146997 
-0.926981  0.571035   -0.357762  0.0194583 
-0.926981  0.571035   -0.357762  0.0123064 
-0.926981  0.571035   -0.357762  0.0095897 
-0.868345  0.601139   -0.420277  0.0116036 
-0.868345  0.601139   -0.420277  0.0165193 
-0.868345  0.601139   -0.420277  0.0116773 
-0.79941   0.549646   -0.397271  0.0249118 
-0.79941   0.549646   -0.397271  0.0190043 
-0.79941   0.549646   -0.397271  0.00576416
-0.774504  0.60755    -0.448117  0.0116575 
-0.800936  0.548544   -0.414686  0.0069423 
-0.713285  0.614382   -0.412672  0.00978784
-0.647298  0.695527   -0.355407  0.0116933 
-0.647298  0.695527   -0.355407  0.00815981
-0.65609   0.641312   -0.375465  0.00833038
-0.727469  0.576098   -0.407742  0.00613502
-0.790433  0.614467   -0.45515   0.00855347
-0.790433  0.614467   -0.45515   0.011385  
-0.790433  0.614467   -0.45515   0.0130319 
-0.794785  0.537532   -0.382819  0.0097386 
-0.695947  0.562963   -0.387113  0.0205913 
-0.695947  0.562963   -0.387113  0.0068904 
-0.795431  0.594637   -0.449346  0.0172413 
-0.795431  0.594637   -0.449346  0.00579923
-0.795431  0.594637   -0.449346  0.0150289 
-0.795431  0.594637   -0.449346  0.010277  
-0.807476  0.649289   -0.434179  0.0127881 
-0.807476  0.649289   -0.434179  0.0217404 
-0.807476  0.649289   -0.434179  0.0129815 
-0.807476  0.649289   -0.434179  0.00666777
-0.763635  0.617857   -0.444218  0.00894647
-0.763635  0.617857   -0.444218  0.0106761 
-0.824926  0.646967   -0.422063  0.0102537 
-0.782006  0.667281   -0.436652  0.0119268 
-0.709955  0.688951   -0.391767  0.0161342 
-0.709955  0.688951   -0.391767  0.0141982 
-0.691165  0.749089   -0.356613  0.0278307 
-0.708959  0.845094   -0.297595  0.0502231 
-0.708959  0.845094   -0.297595  0.0192087 
-0.698998  0.809161   -0.29663   0.0160178 
-0.771035  0.759923   -0.396254  0.020778  
-0.771035  0.759923   -0.396254  0.0133774 
-0.869095  0.7029     -0.391094  0.00699917
-0.838535  0.622689   -0.448987  0.00865064
-0.838535  0.622689   -0.448987  0.0116566 
-0.896071  0.551863   -0.368176  0.0213189 
-0.896071  0.551863   -0.368176  0.0299412 
-0.896071  0.551863   -0.368176  0.0106622 
-0.889659  0.559595   -0.372082  0.00929505
-0.892074  0.584947   -0.418079  0.0133859 
-0.892074  0.584947   -0.418079  0.00701164
-0.816419  0.630292   -0.446031  0.00934569
-0.731156  0.565297   -0.404711  0.0107464 
-0.818482  0.656715   -0.42574   0.00882077
-0.760943  0.695601   -0.421048  0.0128654 
-0.803507  0.679371   -0.415598  0.00986056
-0.830029  0.61571    -0.433952  0.0107085 
-0.89116   0.627449   -0.417273  0.0200676 
-0.89116   0.627449   -0.417273  0.0227818 
-0.89116   0.627449   -0.417273  0.0201173 
-0.89116   0.627449   -0.417273  0.0113568 
-0.89116   0.627449   -0.417273  0.0136652 
-0.817067  0.710655   -0.411293  0.0146379 
-0.914098  0.649351   -0.391365  0.015389  
-0.851807  0.72469    -0.386855  0.0131423 
-0.851807  0.72469    -0.386855  0.023155  
-0.851807  0.72469    -0.386855  0.0261207 
-0.851807  0.72469    -0.386855  0.0209923 
-0.779848  0.741515   -0.350244  0.0195684 
-0.753654  0.748779   -0.352801  0.0249656 
-0.753654  0.748779   -0.352801  0.0156573 
-0.784678  0.708022   -0.389644  0.0148311 
-0.866055  0.652364   -0.404085  0.00777607
-0.766922  0.596811   -0.447856  0.00891166
-0.766922  0.596811   -0.447856  0.0083794 
-0.766922  0.596811   -0.447856  0.0113874 
-0.735856  0.573784   -0.3956    0.0181555 
-0.815725  0.657669   -0.403131  0.00914186
-0.886972  0.573213   -0.406126  0.0109388 
-0.886972  0.573213   -0.406126  0.00926641
-0.899046  0.587221   -0.407084  0.0185954 
-0.899046  0.587221   -0.407084  0.00745236
-0.858107  0.619275   -0.431743  0.00886807
-0.784477  0.57364    -0.430908  0.00852246
-0.837824  0.590162   -0.42757   0.00686914
-0.780025  0.590625   -0.439991  0.00916231
-0.780025  0.590625   -0.439991  0.00744778
-0.839629  0.619789   -0.436824  0.0116633 
-0.839629  0.619789   -0.436824  0.0152996 
-0.839629  0.619789   -0.436824  0.0124914 
-0.839629  0.619789   -0.436824  0.0148323 
-0.839629  0.619789   -0.436824  0.007734  
-0.796005  0.583572   -0.443271  0.0110007 
-0.796005  0.583572   -0.443271  0.00581472
-0.812875  0.623008   -0.451114  0.00819484
-0.855454  0.659325   -0.436114  0.00689092
-0.805574  0.662396   -0.435971  0.00743973
-0.77042   0.600007   -0.439288  0.00851839
-0.68559   0.585125   -0.384076  0.010317  
-0.764177  0.559347   -0.401547  0.0101433 
-0.830368  0.624943   -0.428345  0.0145379 
-0.760051  0.528545   -0.368096  0.0146112 
-0.826561  0.530742   -0.365967  0.0179902 
-0.826561  0.530742   -0.365967  0.0106849 
-0.88724   0.564994   -0.401722  0.0200137 
-0.88724   0.564994   -0.401722  0.00815084
-0.829107  0.600689   -0.447878  0.0179251 
-0.829107  0.600689   -0.447878  0.0173099 
-0.829107  0.600689   -0.447878  0.010246  
-0.829107  0.600689   -0.447878  0.0124591 
-0.829107  0.600689   -0.447878  0.00677477
-0.829107  0.600689   -0.447878  0.0106745 
-0.760831  0.695292   -0.414726  0.0073768 
-0.690981  0.601679   -0.410932  0.0084713 
-0.690981  0.601679   -0.410932  0.0100238 
-0.760598  0.557871   -0.425941  0.0171334 
-0.760598  0.557871   -0.425941  0.0104046 
-0.780329  0.555158   -0.414817  0.00804839
-0.695126  0.649183   -0.406115  0.00781751
-0.68379   0.635615   -0.390759  0.0097375 
-0.613044  0.63049    -0.317561  0.0144901 
-0.613044  0.63049    -0.317561  0.0101186 
-0.622303  0.699032   -0.354087  0.00984789
-0.704857  0.642308   -0.410957  0.00915633
-0.717674  0.567422   -0.398912  0.00830003
-0.698794  0.584028   -0.395183  0.0101721 
-0.731664  0.555797   -0.381725  0.0061927 
-0.76065   0.621776   -0.444268  0.0109761 
-0.771287  0.677703   -0.416916  0.0195873 
-0.771287  0.677703   -0.416916  0.0146135 
-0.771287  0.677703   -0.416916  0.00770688
-0.709773  0.606999   -0.414207  0.0096753 
-0.709773  0.606999   -0.414207  0.0136562 
-0.763668  0.535471   -0.393652  0.016091  
-0.763668  0.535471   -0.393652  0.0274975 
-0.763668  0.535471   -0.393652  0.00853368
-0.664758  0.632792   -0.400452  0.00913776
-0.731657  0.694423   -0.413142  0.00753335
-0.772146  0.624766   -0.434241  0.00885161
-0.703485  0.666806   -0.412932  0.014063  
-0.788922  0.704212   -0.393029  0.00708374
-0.819008  0.615838   -0.453222  0.013126  
-0.819008  0.615838   -0.453222  0.0122254 
-0.819008  0.615838   -0.453222  0.0115254 
-0.796007  0.702783   -0.408145  0.0250424 
-0.796007  0.702783   -0.408145  0.00740093
-0.747931  0.622252   -0.439005  0.00691363
-0.68676   0.637281   -0.386133  0.00736132
-0.774792  0.587736   -0.447549  0.00726078
-0.748215  0.660929   -0.439361  0.0100165 
-0.735353  0.565176   -0.419593  0.0205977 
-0.735353  0.565176   -0.419593  0.0136889 
-0.833326  0.533493   -0.364858  0.0224011 
-0.833326  0.533493   -0.364858  0.00707747
-0.73576   0.604109   -0.429922  0.00881792
-0.73576   0.604109   -0.429922  0.0167674 
-0.73576   0.604109   -0.429922  0.00796793
-0.73576   0.604109   -0.429922  0.0120587 
-0.794734  0.696452   -0.416537  0.0144408 
-0.864193  0.68391    -0.413513  0.0177872 
-0.864193  0.68391    -0.413513  0.0225066 
-0.864193  0.68391    -0.413513  0.0127066 
-0.864193  0.68391    -0.413513  0.00740428
-0.775068  0.671054   -0.44071   0.00849247
-0.761018  0.688731   -0.430911  0.00740077
-0.761018  0.688731   -0.430911  0.0243296 
-0.761018  0.688731   -0.430911  0.0072229 
-0.693928  0.616057   -0.401634  0.014669  
-0.693928  0.616057   -0.401634  0.0100001 
-0.771426  0.560883   -0.414478  0.00750141
-0.765775  0.659972   -0.429189  0.0446805 
-0.765775  0.659972   -0.429189  0.00991732
-0.765775  0.659972   -0.429189  0.0132879 
-0.765775  0.659972   -0.429189  0.0152368 
-0.765775  0.659972   -0.429189  0.00870986
-0.860402  0.589582   -0.407802  0.018187  
-0.860402  0.589582   -0.407802  0.0210227 
-0.860402  0.589582   -0.407802  0.0155531 
-0.86152   0.625601   -0.407234  0.018334  
-0.86152   0.625601   -0.407234  0.0134677 
-0.86152   0.625601   -0.407234  0.0114906 
-0.789865  0.553152   -0.411775  0.0192938 
-0.789865  0.553152   -0.411775  0.00668219
-0.764716  0.644127   -0.4422    0.0243409 
-0.764716  0.644127   -0.4422    0.00749733
-0.795749  0.594088   -0.447086  0.008137  
-0.778703  0.636676   -0.437357  0.0075946 
-0.752254  0.598855   -0.435189  0.0159338 
-0.752254  0.598855   -0.435189  0.0123485 
-0.752254  0.598855   -0.435189  0.00809945
-0.723217  0.584953   -0.42713   0.00862002
-0.63923   0.619331   -0.356032  0.0107974 
-0.588766  0.645678   -0.333348  0.0142699 
-0.588766  0.645678   -0.333348  0.0125458 
-0.603676  0.692954   -0.306793  0.0123713 
-0.592764  0.753691   -0.337747  0.0168978 
-0.540501  0.822829   -0.286676  0.0158979 
-0.52165   0.81258    -0.296711  0.0120056 
-0.594599  0.717308   -0.309246  0.0107006 
-0.654339  0.690969   -0.376316  0.0116607 
-0.625171  0.759301   -0.35209   0.0108763 
-0.625171  0.759301   -0.35209   0.0131888 
-0.625171  0.759301   -0.35209   0.01155   
-0.572453  0.709991   -0.322737  0.0179114 
-0.661685  0.788795   -0.330426  0.00911039
-0.67704   0.693638   -0.394961  0.0109701 
-0.703756  0.726554   -0.371446  0.00763885
-0.707031  0.646621   -0.418647  0.00964433
-0.707031  0.646621   -0.418647  0.0081261 
-0.707031  0.646621   -0.418647  0.00959795
-0.707031  0.646621   -0.418647  0.0114749 
-0.707031  0.646621   -0.418647  0.00889465
-0.707031  0.646621   -0.418647  0.00862731
-0.728432  0.628566   -0.426641  0.00942765
-0.728432  0.628566   -0.426641  0.0114521 
-0.780587  0.668688   -0.41996   0.00571694
-0.759203  0.621724   -0.451724  0.00770662
-0.759203  0.621724   -0.451724  0.0090927 
-0.759203  0.621724   -0.451724  0.0082491 
-0.759203  0.621724   -0.451724  0.0110452 
-0.759203  0.621724   -0.451724  0.00771011
-0.759203  0.621724   -0.451724  0.0133342 
-0.759203  0.621724   -0.451724  0.00911174
-0.691658  0.700378   -0.398954  0.0105112 
-0.691658  0.700378   -0.398954  0.00876796
-0.643718  0.633674   -0.376799  0.0105358 
-0.643718  0.633674   -0.376799  0.00860887
-0.657352  0.650036   -0.390817  0.00983222
-0.727169  0.664811   -0.409658  0.011985  
-0.738592  0.676346   -0.415824  0.0187319 
-0.738592  0.676346   -0.415824  0.0190049 
-0.738592  0.676346   -0.415824  0.014838  
-0.720882  0.729713   -0.377793  0.0138411 
-0.720882  0.729713   -0.377793  0.0216657 
-0.720882  0.729713   -0.377793  0.00956088
-0.798471  0.663084   -0.432237  0.011197  
-0.78247   0.694048   -0.40865   0.0104552 
-0.7812    0.621514   -0.436453  0.00964894
-0.7812    0.621514   -0.436453  0.00973103
-0.7812    0.621514   -0.436453  0.0094623 
-0.826623  0.684189   -0.439701  0.0112436 
-0.826623  0.684189   -0.439701  0.0221708 
-0.826623  0.684189   -0.439701  0.00697158
-0.73107   0.64028    -0.421352  0.0110554 
-0.749517  0.551334   -0.405543  0.0198272 
-0.749517  0.551334   -0.405543  0.014858  
-0.749517  0.551334   -0.405543  0.00793104
-0.839037  0.587448   -0.448104  0.0173839 
-0.921482  0.664075   -0.356752  0.0145198 
-0.932836  0.671707   -0.375017  0.0187923 
-0.932836  0.671707   -0.375017  0.00849808
-0.841014  0.592628   -0.439013  0.00835873
-0.769452  0.57628    -0.434434  0.0198782 
-0.769452  0.57628    -0.434434  0.0229416 
-0.769452  0.57628    -0.434434  0.00675432
-0.78526   0.6009     -0.44221   0.0119563 
-0.821065  0.546131   -0.400975  0.0131433 
-0.821065  0.546131   -0.400975  0.0271665 
-0.821065  0.546131   -0.400975  0.00708812
-0.762923  0.591026   -0.438077  0.00567936
-0.743067  0.666328   -0.437342  0.00837937
-0.743067  0.666328   -0.437342  0.0148687 
-0.743067  0.666328   -0.437342  0.00884016
-0.743067  0.666328   -0.437342  0.00974451
-0.757127  0.660125   -0.419895  0.0156027 
-0.817288  0.689508   -0.406341  0.0105701 
-0.822121  0.653984   -0.423617  0.00982135
-0.741503  0.563389   -0.428455  0.00836775
-0.732036  0.574961   -0.405919  0.00751568
-0.67854   0.636135   -0.400203  0.0103617 
-0.777966  0.555076   -0.392239  0.0151999 
-0.777966  0.555076   -0.392239  0.00740742
-0.739965  0.5857     -0.42175   0.00977278
-0.786981  0.565571   -0.430249  0.0178932 
-0.786981  0.565571   -0.430249  0.00875758
-0.827568  0.571128   -0.41501   0.0114093 
-0.832732  0.652522   -0.428889  0.0128605 
-0.779594  0.720969   -0.389781  0.00915479
-0.683811  0.659863   -0.395953  0.0075342 
-0.69458   0.599141   -0.405823  0.00798948
-0.710208  0.651226   -0.409418  0.0078182 
-0.747012  0.66021    -0.421603  0.00909417
-0.747012  0.66021    -0.421603  0.00784371
-0.761561  0.673916   -0.429747  0.0149485 
-0.779261  0.710113   -0.405759  0.0381599 
-0.779261  0.710113   -0.405759  0.0303125 
-0.779261  0.710113   -0.405759  0.0144711 
-0.779261  0.710113   -0.405759  0.0134    
-0.858907  0.616054   -0.409484  0.00662678
-0.770857  0.614808   -0.438751  0.0105978 
-0.718865  0.682899   -0.393954  0.0155847 
-0.718865  0.682899   -0.393954  0.00779873
-0.674534  0.647414   -0.377407  0.0110531 
-0.674534  0.647414   -0.377407  0.0132461 
-0.724863  0.661385   -0.410567  0.00901024
-0.724863  0.661385   -0.410567  0.0093369 
-0.724863  0.661385   -0.410567  0.0136154 
-0.724863  0.661385   -0.410567  0.0087938 
-0.724863  0.661385   -0.410567  0.012616  
-0.737813  0.711847   -0.401345  0.00708363
-0.72799   0.626255   -0.417048  0.0089879 
-0.72799   0.626255   -0.417048  0.00538698
-0.760151  0.637128   -0.446273  0.0156881 
-0.760151  0.637128   -0.446273  0.0234261 
-0.760151  0.637128   -0.446273  0.0100618 
-0.760151  0.637128   -0.446273  0.00777092
-0.760151  0.637128   -0.446273  0.0177829 
-0.760151  0.637128   -0.446273  0.00956878
-0.833178  0.667276   -0.437338  0.0146065 
-0.833178  0.667276   -0.437338  0.0121787 
-0.833178  0.667276   -0.437338  0.010457  
-0.833178  0.667276   -0.437338  0.00887423
-0.742897  0.568296   -0.408311  0.00896461
-0.824089  0.648321   -0.441163  0.0235944 
-0.824089  0.648321   -0.441163  0.017204  
-0.824089  0.648321   -0.441163  0.0155852 
-0.824089  0.648321   -0.441163  0.00734051
-0.742465  0.603767   -0.436003  0.0070246 
-0.742465  0.603767   -0.436003  0.00937185
-0.742465  0.603767   -0.436003  0.0140086 
-0.742465  0.603767   -0.436003  0.0100245 
-0.810604  0.561058   -0.431188  0.0123534 
-0.74338   0.54155    -0.396472  0.017435  
-0.74338   0.54155    -0.396472  0.00835626
-0.816124  0.582956   -0.426953  0.00910976
-0.810083  0.630285   -0.417537  0.0125857 
-0.810083  0.630285   -0.417537  0.018566  
-0.810083  0.630285   -0.417537  0.00976101
-0.874844  0.569113   -0.400778  0.0121923 
-0.874844  0.569113   -0.400778  0.0080055 
-0.857598  0.617768   -0.425931  0.0101356 
-0.857598  0.617768   -0.425931  0.0164094 
-0.812041  0.713004   -0.388428  0.0206744 
-0.746911  0.729545   -0.369029  0.0139281 
-0.783659  0.720982   -0.377357  0.0104246 
-0.7434    0.70149    -0.415177  0.00658678
-0.7434    0.70149    -0.415177  0.0102672 
-0.7434    0.70149    -0.415177  0.0191745 
-0.7434    0.70149    -0.415177  0.00754741
-0.719269  0.679461   -0.419464  0.00926112
-0.719269  0.679461   -0.419464  0.0111913 
-0.719269  0.679461   -0.419464  0.00906537
-0.777418  0.645455   -0.425891  0.00728804
-0.710742  0.602244   -0.422116  0.0086461 
-0.671083  0.665587   -0.390946  0.0103917 
-0.644141  0.567794   -0.363685  0.0164793 
-0.644141  0.567794   -0.363685  0.00688049
-0.704175  0.620312   -0.408483  0.0135763 
-0.801734  0.643304   -0.426924  0.00768069
-0.794788  0.642856   -0.433602  0.0159971 
-0.802577  0.735176   -0.376744  0.00594763
-0.744529  0.645378   -0.432651  0.0100753 
-0.744529  0.645378   -0.432651  0.00816073
-0.668186  0.661215   -0.391353  0.0126471 
-0.668186  0.661215   -0.391353  0.0175106 
-0.662058  0.734891   -0.346163  0.0110825 
-0.689889  0.711223   -0.392283  0.0204986 
-0.689889  0.711223   -0.392283  0.0066209 
-0.709027  0.624699   -0.412043  0.0122564 
-0.639738  0.704637   -0.353248  0.0140277 
-0.574984  0.748582   -0.290417  0.0102264 
-0.63941   0.704463   -0.364338  0.0115511 
-0.63941   0.704463   -0.364338  0.0085937 
-0.665411  0.636115   -0.401573  0.00663314
-0.729974  0.658853   -0.432503  0.0106264 
-0.729974  0.658853   -0.432503  0.00806341
-0.761569  0.65723    -0.434574  0.00696768
-0.750016  0.617715   -0.439136  0.0122998 
-0.750016  0.617715   -0.439136  0.0152512 
-0.750016  0.617715   -0.439136  0.0124047 
-0.750016  0.617715   -0.439136  0.0109309 
-0.750016  0.617715   -0.439136  0.00913037
-0.757989  0.671185   -0.423245  0.00841099
-0.707513  0.678073   -0.407774  0.00913469
-0.707513  0.678073   -0.407774  0.0192008 
-0.766471  0.731459   -0.390386  0.0125759 
-0.74738   0.674005   -0.414343  0.0149953 
-0.797942  0.704452   -0.40209   0.0113975 
-0.876264  0.65996    -0.40912   0.0121571 
-0.876264  0.65996    -0.40912   0.0258731 
-0.876264  0.65996    -0.40912   0.00964778
-0.786212  0.683623   -0.416632  0.0257568 
-0.756965  0.755731   -0.344465  0.0227496 
-0.846787  0.767347   -0.308631  0.0108154 
-0.839683  0.670927   -0.417739  0.0124392 
-0.783143  0.70764    -0.397455  0.0145857 
-0.769708  0.684667   -0.40102   0.0244129 
-0.769708  0.684667   -0.40102   0.00677526
-0.798247  0.615922   -0.45248   0.0122978 
-0.798247  0.615922   -0.45248   0.00790263
-0.798247  0.615922   -0.45248   0.00608194
-0.819121  0.608997   -0.458096  0.0117381 
-0.819121  0.608997   -0.458096  0.0168365 
-0.819121  0.608997   -0.458096  0.012623  
-0.819121  0.608997   -0.458096  0.0169884 
-0.819121  0.608997   -0.458096  0.0125663 
-0.819121  0.608997   -0.458096  0.0106117 
-0.819121  0.608997   -0.458096  0.0116385 
-0.819121  0.608997   -0.458096  0.0167326 
-0.819121  0.608997   -0.458096  0.0147242 
-0.869214  0.700641   -0.412312  0.0206374 
-0.869214  0.700641   -0.412312  0.022858  
-0.869214  0.700641   -0.412312  0.0104669 
-0.869214  0.700641   -0.412312  0.0183558 
-0.821693  0.710554   -0.375542  0.0152637 
-0.861035  0.683191   -0.389193  0.0159084 
-0.85131   0.715376   -0.389706  0.0057494 
-0.760504  0.665134   -0.450128  0.00760182
-0.760504  0.665134   -0.450128  0.00960954
-0.858933  0.579254   -0.424671  0.0102838 
-0.858933  0.579254   -0.424671  0.0145613 
-0.858933  0.579254   -0.424671  0.0108639 
-0.839322  0.650683   -0.428725  0.0327424 
-0.839322  0.650683   -0.428725  0.0151045 
-0.916946  0.681938   -0.382083  0.0359228 
-0.916946  0.681938   -0.382083  0.01432   
-0.952595  0.633492   -0.336919  0.0184696 
-0.903384  0.685303   -0.333173  0.0237232 
-0.903384  0.685303   -0.333173  0.0206281 
-0.827105  0.73394    -0.37255   0.0256546 
-0.827105  0.73394    -0.37255   0.0157489 
-0.915276  0.642669   -0.381175  0.014361  
-0.885779  0.675898   -0.387925  0.0158631 
-0.838214  0.744069   -0.374499  0.0157425 
-0.892281  0.675592   -0.376865  0.00846066
-0.834206  0.577438   -0.425954  0.0205086 
-0.894656  0.645268   -0.398949  0.0139486 
-0.894656  0.645268   -0.398949  0.0174933 
-0.894656  0.645268   -0.398949  0.0346117 
-0.894656  0.645268   -0.398949  0.0197422 
-0.894656  0.645268   -0.398949  0.0138043 
-0.894656  0.645268   -0.398949  0.0285694 
-0.894656  0.645268   -0.398949  0.0121514 
-0.812316  0.670725   -0.41311   0.00866082
-0.721684  0.574481   -0.411953  0.00794229
-0.673565  0.622352   -0.395073  0.0125099 
-0.673565  0.622352   -0.395073  0.00827502
-0.71013   0.581656   -0.420372  0.00677397
-0.705194  0.649599   -0.408807  0.00706299
-0.765927  0.601728   -0.436871  0.01373   
-0.765927  0.601728   -0.436871  0.00653892
-0.765927  0.601728   -0.436871  0.0229967 
-0.765927  0.601728   -0.436871  0.0188671 
-0.765927  0.601728   -0.436871  0.0194147 
-0.765927  0.601728   -0.436871  0.0134548 
-0.765927  0.601728   -0.436871  0.0107484 
-0.765927  0.601728   -0.436871  0.00815576
-0.765927  0.601728   -0.436871  0.0166728 
-0.765927  0.601728   -0.436871  0.0109664 
-0.781237  0.550542   -0.394917  0.00941006
-0.831025  0.620985   -0.431223  0.0116947 
-0.831025  0.620985   -0.431223  0.011324  
-0.822335  0.707814   -0.419991  0.0125677 
-0.822335  0.707814   -0.419991  0.00907809
-0.906537  0.619753   -0.411363  0.0126664 
-0.906537  0.619753   -0.411363  0.0167314 
-0.906537  0.619753   -0.411363  0.00984962
-0.906537  0.619753   -0.411363  0.0168399 
-0.906537  0.619753   -0.411363  0.0245596 
-0.906537  0.619753   -0.411363  0.0119886 
-0.813829  0.549196   -0.406418  0.011311  
-0.802038  0.550116   -0.395277  0.00748293
-0.77405   0.58806    -0.44734   0.012134  
-0.77405   0.58806    -0.44734   0.00714113
-0.77405   0.58806    -0.44734   0.00877798
-0.77405   0.58806    -0.44734   0.00790967
-0.77405   0.58806    -0.44734   0.0164196 
-0.77405   0.58806    -0.44734   0.0124059 
-0.77405   0.58806    -0.44734   0.0136309 
-0.77405   0.58806    -0.44734   0.0189346 
-0.77405   0.58806    -0.44734   0.0128987 
-0.77405   0.58806    -0.44734   0.0183642 
-0.77405   0.58806    -0.44734   0.0105931 
-0.77405   0.58806    -0.44734   0.00951182
-0.771097  0.563292   -0.419048  0.0153824 
-0.771097  0.563292   -0.419048  0.00718017
-0.740605  0.590451   -0.433997  0.00710803
-0.820372  0.627427   -0.437559  0.00747502
-0.868125  0.614907   -0.43745   0.0127361 
-0.868125  0.614907   -0.43745   0.025532  
-0.868125  0.614907   -0.43745   0.0107755 
-0.845288  0.63951    -0.433653  0.0126701 
-0.845288  0.63951    -0.433653  0.00726174
-0.782663  0.58485    -0.453024  0.0112585 
-0.782663  0.58485    -0.453024  0.0105553 
-0.782663  0.58485    -0.453024  0.00709514
-0.787333  0.588914   -0.430736  0.0120918 
-0.787333  0.588914   -0.430736  0.0131167 
-0.77356   0.682392   -0.413725  0.0085229 
-0.681841  0.587727   -0.377457  0.0096532 
-0.761646  0.561258   -0.40875   0.00760944
-0.796166  0.618027   -0.45136   0.00828456
-0.796166  0.618027   -0.45136   0.00919743
-0.824752  0.575187   -0.437743  0.0145783 
-0.824752  0.575187   -0.437743  0.0118379 
-0.824752  0.575187   -0.437743  0.00906958
-0.849013  0.644971   -0.430746  0.00657488
-0.762394  0.655035   -0.450194  0.00806742
-0.762394  0.655035   -0.450194  0.0154417 
-0.762394  0.655035   -0.450194  0.00904731
-0.84569   0.657967   -0.434588  0.0111831 
-0.84569   0.657967   -0.434588  0.0102597 
-0.775123  0.67169    -0.421986  0.014675  
-0.806221  0.715596   -0.385652  0.0230152 
-0.806221  0.715596   -0.385652  0.0163649 
-0.898382  0.645772   -0.382972  0.0184528 
-0.898382  0.645772   -0.382972  0.0192471 
-0.814041  0.718426   -0.394404  0.00755785
-0.770456  0.686846   -0.438536  0.0232019 
-0.840827  0.763088   -0.313418  0.0116323 
-0.858402  0.695182   -0.417406  0.0102409 
-0.839971  0.659806   -0.419466  0.0111745 
-0.933463  0.631056   -0.36884   0.0170991 
-0.933463  0.631056   -0.36884   0.0278917 
-0.933463  0.631056   -0.36884   0.0136429 
-0.865731  0.644727   -0.397627  0.0154954 
-0.799243  0.715587   -0.388472  0.0196488 
-0.78406   0.749925   -0.344702  0.0233157 
-0.822346  0.740816   -0.344992  0.0230105 
-0.8355    0.772773   -0.324137  0.0559546 
-0.8355    0.772773   -0.324137  0.02694   
-0.8355    0.772773   -0.324137  0.0306423 
-0.8355    0.772773   -0.324137  0.0332792 
-0.8355    0.772773   -0.324137  0.0264797 
-0.789905  0.813132   -0.281192  0.0293482 
-0.803866  0.768448   -0.302523  0.0207356 
-0.70407   0.835332   -0.343796  0.0307653 
-0.70407   0.835332   -0.343796  0.0366204 
-0.70407   0.835332   -0.343796  0.0243331 
-0.762204  0.809323   -0.308601  0.0160885 
-0.697219  0.731665   -0.354215  0.0122059 
-0.759929  0.704413   -0.418762  0.00859065
-0.837611  0.621962   -0.430577  0.0180704 
-0.837611  0.621962   -0.430577  0.0121146 
-0.837611  0.621962   -0.430577  0.0209469 
-0.837611  0.621962   -0.430577  0.00681011
-0.770137  0.594316   -0.429003  0.0173895 
-0.770137  0.594316   -0.429003  0.00772441
-0.757359  0.58293    -0.43816   0.0111678 
-0.849263  0.612725   -0.43086   0.00705248
-0.789278  0.592311   -0.433049  0.0172896 
-0.789278  0.592311   -0.433049  0.0115099 
-0.791735  0.641611   -0.424054  0.00676371
-0.849169  0.612795   -0.441891  0.0115815 
-0.849169  0.612795   -0.441891  0.0117897 
-0.849169  0.612795   -0.441891  0.00669519
-0.833041  0.619202   -0.451451  0.0110245 
-0.833041  0.619202   -0.451451  0.00927657
-0.833041  0.619202   -0.451451  0.0136241 
-0.833041  0.619202   -0.451451  0.0136168 
-0.833041  0.619202   -0.451451  0.0139414 
-0.833041  0.619202   -0.451451  0.00974241
-0.917591  0.592801   -0.390612  0.0191618 
-0.917591  0.592801   -0.390612  0.00932168
-0.83666   0.645316   -0.432506  0.00969793
-0.823545  0.658833   -0.444557  0.0146221 
-0.823545  0.658833   -0.444557  0.0113132 
-0.823545  0.658833   -0.444557  0.026535  
-0.823545  0.658833   -0.444557  0.0203617 
-0.823545  0.658833   -0.444557  0.019725  
-0.823545  0.658833   -0.444557  0.0327862 
-0.823545  0.658833   -0.444557  0.0211974 
-0.823545  0.658833   -0.444557  0.00696294
-0.754552  0.594102   -0.43137   0.011107  
-0.710342  0.550154   -0.383282  0.00985596
-0.691998  0.565831   -0.379359  0.0159083 
-0.759637  0.521344   -0.358416  0.0311511 
-0.759637  0.521344   -0.358416  0.0278236 
-0.759637  0.521344   -0.358416  0.0086161 
-0.680523  0.578463   -0.397607  0.0202454 
-0.680523  0.578463   -0.397607  0.00903326
-0.680523  0.578463   -0.397607  0.00949249
-0.680523  0.578463   -0.397607  0.0174583 
-0.680523  0.578463   -0.397607  0.00833413
-0.730929  0.668798   -0.420052  0.0109978 
-0.7742    0.709384   -0.407511  0.012479  
-0.7742    0.709384   -0.407511  0.00701109
-0.790983  0.643593   -0.440765  0.00980221
-0.881726  0.57351    -0.410421  0.0116276 
-0.881726  0.57351    -0.410421  0.0157777 
-0.881726  0.57351    -0.410421  0.015017  
-0.881726  0.57351    -0.410421  0.0216206 
-0.881726  0.57351    -0.410421  0.0149727 
-0.881726  0.57351    -0.410421  0.00809454
-0.844189  0.628749   -0.44338   0.00985537
-0.855674  0.662661   -0.436018  0.00852143
-0.841612  0.575966   -0.417223  0.0159955 
-0.922635  0.641304   -0.366894  0.0148854 
-0.903889  0.674373   -0.362648  0.00717426
-0.874729  0.614364   -0.446698  0.00876499
-0.93526   0.597921   -0.412817  0.0135301 
-0.93526   0.597921   -0.412817  0.0095311 
-0.840295  0.566945   -0.43122   0.0122587 
-0.839055  0.661856   -0.422179  0.0220984 
-0.839055  0.661856   -0.422179  0.0129971 
-0.789723  0.702997   -0.417283  0.00977159
-0.741823  0.710482   -0.413844  0.0140063 
-0.704563  0.737385   -0.373983  0.0179912 
-0.704563  0.737385   -0.373983  0.00965128
-0.679124  0.662573   -0.388635  0.00756039
-0.714179  0.688201   -0.388479  0.00691743
-0.704095  0.663043   -0.413469  0.00829404
-0.704095  0.663043   -0.413469  0.0111476 
-0.704095  0.663043   -0.413469  0.00681583
-0.718281  0.604984   -0.43135   0.0125302 
-0.718281  0.604984   -0.43135   0.0136787 
-0.777664  0.688724   -0.389507  0.00625009
-0.746209  0.625592   -0.431032  0.00776102
-0.746209  0.625592   -0.431032  0.00752757
-0.746209  0.625592   -0.431032  0.0110086 
-0.746209  0.625592   -0.431032  0.00892372
-0.79102   0.586076   -0.43282   0.00973382
-0.704411  0.666757   -0.414479  0.0103356 
-0.777602  0.644907   -0.420195  0.0105517 
-0.777602  0.644907   -0.420195  0.0190675 
-0.777602  0.644907   -0.420195  0.011229  
-0.777602  0.644907   -0.420195  0.00740321
-0.788345  0.595725   -0.441939  0.0111831 
-0.819946  0.661905   -0.420383  0.0264769 
-0.819946  0.661905   -0.420383  0.0101528 
-0.905411  0.566725   -0.38923   0.0226997 
-0.905411  0.566725   -0.38923   0.0107763 
-0.905411  0.566725   -0.38923   0.0131803 
-0.905411  0.566725   -0.38923   0.0189446 
-0.905411  0.566725   -0.38923   0.0118369 
-0.905411  0.566725   -0.38923   0.0124819 
-0.928998  0.633374   -0.372561  0.026638  
-0.928998  0.633374   -0.372561  0.0125019 
-0.927656  0.635891   -0.38438   0.0283129 
-0.927656  0.635891   -0.38438   0.0108844 
-0.890967  0.636267   -0.407185  0.0140126 
-0.906981  0.593225   -0.37378   0.0207214 
-0.906981  0.593225   -0.37378   0.00828907
-0.883962  0.603559   -0.42999   0.012915  
-0.883962  0.603559   -0.42999   0.0150236 
-0.883962  0.603559   -0.42999   0.0111403 
-0.883962  0.603559   -0.42999   0.0106298 
-0.883962  0.603559   -0.42999   0.0169954 
-0.883962  0.603559   -0.42999   0.0181888 
-0.883962  0.603559   -0.42999   0.0167387 
-0.883962  0.603559   -0.42999   0.010135  
-0.847122  0.561976   -0.393753  0.00879189
-0.779396  0.639622   -0.430858  0.00898452
-0.867333  0.611473   -0.410891  0.0129832 
-0.884033  0.645935   -0.41677   0.0131314 
-0.905222  0.642669   -0.401621  0.0254242 
-0.905222  0.642669   -0.401621  0.00796436
-0.822427  0.60031    -0.430736  0.00653336
-0.791159  0.597093   -0.435917  0.0148733 
-0.791159  0.597093   -0.435917  0.00694716
-0.791159  0.597093   -0.435917  0.00761335
-0.766362  0.685842   -0.447514  0.0206087 
-0.766362  0.685842   -0.447514  0.00986126
-0.766362  0.685842   -0.447514  0.0192519 
-0.766362  0.685842   -0.447514  0.00993305
-0.703583  0.652885   -0.40587   0.00903502
-0.703583  0.652885   -0.40587   0.00849878
-0.674007  0.616228   -0.397457  0.0109034 
-0.674007  0.616228   -0.397457  0.013508  
-0.674007  0.616228   -0.397457  0.0105821 
-0.662758  0.554433   -0.367707  0.0172397 
-0.716322  0.508913   -0.317899  0.0134087 
-0.809495  0.537083   -0.390647  0.00627567
-0.777089  0.605691   -0.438296  0.0101455 
-0.775545  0.642986   -0.42201   0.0100266 
-0.857608  0.629502   -0.424263  0.0187675 
-0.857608  0.629502   -0.424263  0.00950854
-0.857608  0.629502   -0.424263  0.0108196 
-0.794472  0.660866   -0.424611  0.00785137
-0.86335   0.598357   -0.433307  0.00739411
-0.861416  0.60561    -0.442492  0.00840877
-0.809895  0.639805   -0.449616  0.00616386
-0.811309  0.612955   -0.453828  0.0143206 
-0.811309  0.612955   -0.453828  0.014188  
-0.811309  0.612955   -0.453828  0.0116095 
-0.811309  0.612955   -0.453828  0.00800188
-0.811309  0.612955   -0.453828  0.0182594 
-0.811309  0.612955   -0.453828  0.0173689 
-0.811309  0.612955   -0.453828  0.00693382
-0.811309  0.612955   -0.453828  0.0255976 
-0.811309  0.612955   -0.453828  0.00626309
-0.76377   0.617024   -0.441494  0.00800153
-0.832429  0.591768   -0.426618  0.00707594
-0.82301   0.602313   -0.436702  0.0140395 
-0.82301   0.602313   -0.436702  0.010067  
-0.82301   0.602313   -0.436702  0.0184527 
-0.82301   0.602313   -0.436702  0.0141634 
-0.82301   0.602313   -0.436702  0.00694936
-0.827027  0.597158   -0.446642  0.0128386 
-0.827027  0.597158   -0.446642  0.0122888 
-0.827027  0.597158   -0.446642  0.014142  
-0.827027  0.597158   -0.446642  0.0166416 
-0.827027  0.597158   -0.446642  0.0105827 
-0.827027  0.597158   -0.446642  0.0120959 
-0.836086  0.666753   -0.414992  0.0190939 
-0.83601   0.740286   -0.361174  0.0233146 
-0.83601   0.740286   -0.361174  0.0466649 
-0.83601   0.740286   -0.361174  0.0349777 
-0.83601   0.740286   -0.361174  0.0155033 
-0.777169  0.75392    -0.362935  0.0137312 
-0.779076  0.664228   -0.416594  0.00742831
-0.851966  0.631878   -0.438144  0.00644795
-0.759275  0.599157   -0.442656  0.0185043 
-0.759275  0.599157   -0.442656  0.00705739
-0.765252  0.595185   -0.429819  0.00822009
-0.69467   0.580285   -0.395929  0.0154085 
-0.69467   0.580285   -0.395929  0.00800213
-0.708539  0.582382   -0.406013  0.00657035
-0.745495  0.608851   -0.435135  0.015285  
-0.745495  0.608851   -0.435135  0.00793323
-0.682384  0.624493   -0.382037  0.0107138 
-0.682384  0.624493   -0.382037  0.00809989
-0.661786  0.609867   -0.386281  0.0119908 
-0.661786  0.609867   -0.386281  0.00987524
-0.660442  0.68618    -0.377125  0.00631332
-0.7587    0.612378   -0.448587  0.0083693 
-0.7587    0.612378   -0.448587  0.0159051 
-0.7587    0.612378   -0.448587  0.0118386 
-0.758872  0.678555   -0.405282  0.0207532 
-0.776304  0.740236   -0.347702  0.0208732 
-0.776304  0.740236   -0.347702  0.008968  
-0.734915  0.641832   -0.432828  0.00866172
-0.670454  0.600783   -0.391811  0.0146604 
-0.670454  0.600783   -0.391811  0.00945681
-0.670454  0.600783   -0.391811  0.010139  
-0.617106  0.584255   -0.329136  0.0149208 
-0.617106  0.584255   -0.329136  0.0137475 
-0.617106  0.584255   -0.329136  0.0133071 
-0.617106  0.584255   -0.329136  0.0106043 
-0.591197  0.613487   -0.300394  0.0131514 
-0.550659  0.605937   -0.262057  0.0148359 
-0.550659  0.605937   -0.262057  0.0138265 
-0.550659  0.605937   -0.262057  0.0184596 
-0.519419  0.677408   -0.251593  0.0138456 
-0.519419  0.677408   -0.251593  0.011174  
-0.579855  0.653542   -0.291375  0.0127719 
-0.603463  0.710339   -0.334013  0.0114221 
-0.578022  0.629216   -0.313532  0.0108    
-0.620609  0.573292   -0.336436  0.0138959 
-0.620609  0.573292   -0.336436  0.00663256
-0.716209  0.609892   -0.428357  0.00971827
-0.716209  0.609892   -0.428357  0.0151993 
-0.716209  0.609892   -0.428357  0.00939205
-0.716209  0.609892   -0.428357  0.011222  
-0.716209  0.609892   -0.428357  0.00732447
-0.775314  0.590226   -0.44372   0.0109214 
-0.775314  0.590226   -0.44372   0.00707782
-0.768082  0.596453   -0.438856  0.01136   
-0.768082  0.596453   -0.438856  0.0113067 
-0.768082  0.596453   -0.438856  0.00879261
-0.724607  0.692646   -0.407294  0.0272358 
-0.724607  0.692646   -0.407294  0.00775326
-0.675502  0.611883   -0.406758  0.00800345
-0.693611  0.592478   -0.395306  0.00966032
-0.693611  0.592478   -0.395306  0.0110104 
-0.693611  0.592478   -0.395306  0.00753336
-0.771559  0.662023   -0.435733  0.0117312 
-0.75182   0.748481   -0.400856  0.00749337
-0.704316  0.655361   -0.411927  0.0167984 
-0.704316  0.655361   -0.411927  0.0104811 
-0.704316  0.655361   -0.411927  0.00861435
-0.704316  0.655361   -0.411927  0.00971749
-0.704316  0.655361   -0.411927  0.00766676
-0.704316  0.655361   -0.411927  0.00919018
-0.704316  0.655361   -0.411927  0.007287  
-0.673897  0.635982   -0.402948  0.0103006 
-0.752274  0.662811   -0.415829  0.00907319
-0.752274  0.662811   -0.415829  0.00735812
-0.693539  0.608995   -0.407377  0.0119908 
-0.693539  0.608995   -0.407377  0.00946921
-0.650094  0.702279   -0.386671  0.00710503
-0.712208  0.633726   -0.410613  0.00932907
-0.783164  0.690688   -0.424389  0.00842834
-0.783164  0.690688   -0.424389  0.0116949 
-0.783164  0.690688   -0.424389  0.0189253 
-0.783164  0.690688   -0.424389  0.00666048
-0.721275  0.644813   -0.425515  0.00938383
-0.704954  0.566055   -0.388818  0.0130167 
-0.787819  0.621394   -0.423094  0.00634305
-0.732464  0.615177   -0.436069  0.00935094
-0.732464  0.615177   -0.436069  0.012451  
-0.732464  0.615177   -0.436069  0.0092437 
-0.732464  0.615177   -0.436069  0.0107963 
-0.732464  0.615177   -0.436069  0.00789195
-0.69437   0.647555   -0.413348  0.0076251 
-0.69437   0.647555   -0.413348  0.00911373
-0.69437   0.647555   -0.413348  0.00757144
-0.69017   0.60576    -0.400708  0.0142876 
-0.69017   0.60576    -0.400708  0.0071611 
-0.699727  0.603198   -0.401529  0.0106328 
-0.691992  0.561897   -0.388877  0.00742815
-0.705979  0.633354   -0.400597  0.00626727
-0.721969  0.66704    -0.42473   0.00911544
-0.721969  0.66704    -0.42473   0.0167447 
-0.721969  0.66704    -0.42473   0.0216027 
-0.721969  0.66704    -0.42473   0.00744753
-0.694252  0.627027   -0.408478  0.0110765 
-0.677282  0.693142   -0.387928  0.00695044
-0.696634  0.651822   -0.411526  0.0072624 
-0.724804  0.67449    -0.426458  0.0067891 
-0.781246  0.632192   -0.440851  0.0122064 
-0.781246  0.632192   -0.440851  0.00785867
-0.81815   0.647351   -0.440991  0.00994537
-0.81815   0.647351   -0.440991  0.0114226 
-0.81815   0.647351   -0.440991  0.0137327 
-0.81815   0.647351   -0.440991  0.0113368 
-0.81815   0.647351   -0.440991  0.00933462
-0.81815   0.647351   -0.440991  0.00972215
-0.81815   0.647351   -0.440991  0.0119136 
-0.776556  0.682566   -0.397684  0.0125887 
-0.821015  0.730808   -0.397075  0.0349345 
-0.821015  0.730808   -0.397075  0.0139272 
-0.821015  0.730808   -0.397075  0.0191333 
-0.821015  0.730808   -0.397075  0.043885  
-0.821015  0.730808   -0.397075  0.0121703 
-0.778723  0.726709   -0.404266  0.0173146 
-0.733108  0.728739   -0.385856  0.0103465 
-0.687585  0.713874   -0.379769  0.0173973 
-0.687585  0.713874   -0.379769  0.0157    
-0.687585  0.713874   -0.379769  0.00705488
-0.72202   0.658709   -0.431905  0.012653  
-0.716653  0.716258   -0.38663   0.0112178 
-0.716653  0.716258   -0.38663   0.0130679 
-0.683134  0.687476   -0.38883   0.00753615
-0.768805  0.651523   -0.429297  0.0114793 
-0.788164  0.68518    -0.401182  0.00797567
-0.770896  0.628219   -0.441796  0.00756234
-0.825131  0.622955   -0.439365  0.00839177
-0.761514  0.664165   -0.429551  0.00543049
-0.76745   0.62249    -0.440174  0.00983663
-0.792085  0.70916    -0.42545   0.0157371 
-0.792085  0.70916    -0.42545   0.0275494 
-0.792085  0.70916    -0.42545   0.0301719 
-0.792085  0.70916    -0.42545   0.00704251
-0.697894  0.619246   -0.405029  0.0156556 
-0.697894  0.619246   -0.405029  0.0108893 
-0.750757  0.55036    -0.39115   0.0189855 
-0.750757  0.55036    -0.39115   0.00733902
-0.73376   0.631867   -0.422198  0.00773371
-0.741663  0.657193   -0.428732  0.00665772
-0.79381   0.612654   -0.440586  0.010361  
-0.703602  0.556273   -0.394583  0.00763636
-0.725104  0.592162   -0.424621  0.0191056 
-0.725104  0.592162   -0.424621  0.00941963
-0.725104  0.592162   -0.424621  0.00838315
-0.684371  0.627799   -0.404258  0.0110453 
-0.755523  0.640789   -0.437314  0.011382  
-0.755523  0.640789   -0.437314  0.0112915 
-0.76257   0.68014    -0.411793  0.00645386
-0.761327  0.610753   -0.432339  0.00969289
-0.761327  0.610753   -0.432339  0.0126345 
-0.761327  0.610753   -0.432339  0.00795861
-0.778879  0.655881   -0.442121  0.013697  
-0.78859   0.728356   -0.384803  0.0202263 
-0.78859   0.728356   -0.384803  0.0143378 
-0.738776  0.691125   -0.398383  0.0125242 
-0.788161  0.703095   -0.39264   0.0169966 
-0.769027  0.678861   -0.421507  0.00758921
-0.799406  0.59419    -0.44233   0.0147656 
-0.799406  0.59419    -0.44233   0.00951383
-0.799406  0.59419    -0.44233   0.0120248 
-0.879181  0.653366   -0.420545  0.0109742 
-0.879181  0.653366   -0.420545  0.027178  
-0.879181  0.653366   -0.420545  0.0108473 
-0.879181  0.653366   -0.420545  0.0328903 
-0.879181  0.653366   -0.420545  0.00969003
-0.832635  0.662054   -0.424544  0.00860686
-0.824741  0.574577   -0.426512  0.0137722 
-0.824741  0.574577   -0.426512  0.0244068 
-0.824741  0.574577   -0.426512  0.0106196 
-0.920642  0.621962   -0.400813  0.034395  
-0.850359  0.707138   -0.357984  0.029971  
-0.850359  0.707138   -0.357984  0.00961353
-0.766779  0.680117   -0.420286  0.0137959 
-0.766779  0.680117   -0.420286  0.0206193 
-0.817686  0.674231   -0.407496  0.0118995 
-0.86886   0.673913   -0.420082  0.0106788 
-0.86886   0.673913   -0.420082  0.0411435 
-0.86886   0.673913   -0.420082  0.0306537 
-0.86886   0.673913   -0.420082  0.0220832 
-0.86886   0.673913   -0.420082  0.0145072 
-0.776973  0.701961   -0.406387  0.00760957
-0.734401  0.684189   -0.418526  0.00928727
-0.792364  0.628145   -0.448446  0.0083145 
-0.819575  0.586226   -0.426382  0.0196084 
-0.819575  0.586226   -0.426382  0.0177017 
-0.819575  0.586226   -0.426382  0.0102405 
-0.888809  0.577165   -0.397171  0.011306  
-0.888809  0.577165   -0.397171  0.00835962
-0.855633  0.588306   -0.416169  0.0142759 
-0.909798  0.6613     -0.402492  0.00614103
-0.83431   0.615902   -0.445154  0.0130643 
-0.83431   0.615902   -0.445154  0.0107119 
-0.841439  0.56243    -0.408381  0.00761933
-0.851964  0.59922    -0.427787  0.0146699 
-0.851964  0.59922    -0.427787  0.00875035
-0.770819  0.571235   -0.427488  0.00730018
-0.869004  0.612828   -0.440658  0.0121069 
-0.869004  0.612828   -0.440658  0.0168074 
-0.913036  0.662366   -0.379342  0.019577  
-0.913036  0.662366   -0.379342  0.0349001 
-0.913036  0.662366   -0.379342  0.0151101 
-0.856112  0.664575   -0.403269  0.0148354 
-0.793126  0.659754   -0.428198  0.0092024 
-0.804724  0.569704   -0.406305  0.00795421
-0.707657  0.587084   -0.415164  0.00596817
-0.753956  0.615567   -0.440361  0.00712084
-0.753956  0.615567   -0.440361  0.0103622 
-0.766374  0.677363   -0.433793  0.0100544 
-0.678685  0.709454   -0.399681  0.0136298 
-0.678685  0.709454   -0.399681  0.0097314 
-0.678685  0.709454   -0.399681  0.0158151 
-0.678685  0.709454   -0.399681  0.0124718 
-0.678685  0.709454   -0.399681  0.0101563 
-0.678685  0.709454   -0.399681  0.0103057 
-0.74616   0.697651   -0.418164  0.00885164
-0.72296   0.688685   -0.409467  0.0205125 
-0.751053  0.74363    -0.353901  0.015323  
-0.800889  0.672167   -0.403935  0.0131434 
-0.797557  0.705916   -0.415587  0.0159872 
-0.797557  0.705916   -0.415587  0.0171356 
-0.797557  0.705916   -0.415587  0.00825142
-0.734805  0.654028   -0.417463  0.00657192
-0.716219  0.652006   -0.418351  0.00854137
-0.716219  0.652006   -0.418351  0.0132702 
-0.745271  0.722749   -0.384422  0.0116702 
-0.745271  0.722749   -0.384422  0.0130436 
-0.737329  0.749932   -0.404056  0.0208062 
-0.737329  0.749932   -0.404056  0.00983327
-0.817417  0.661141   -0.437923  0.0063728 
-0.720583  0.609888   -0.423069  0.0096276 
-0.720583  0.609888   -0.423069  0.00737459
-0.749528  0.58555    -0.419976  0.0137073 
-0.749528  0.58555    -0.419976  0.0130617 
-0.844447  0.665135   -0.406936  0.0208181 
-0.92166   0.702387   -0.341089  0.0287586 
-0.92166   0.702387   -0.341089  0.019056  
-0.841616  0.720426   -0.35217   0.0113605 
-0.902152  0.650739   -0.395204  0.0176751 
-0.90617   0.615513   -0.387794  0.00890657
-0.899364  0.617535   -0.40794   0.0151077 
-0.899364  0.617535   -0.40794   0.00766916
-0.817305  0.649626   -0.442098  0.007799  
-0.817305  0.649626   -0.442098  0.010052  
-0.916144  0.608043   -0.393184  0.0133757 
-0.86819   0.535371   -0.366675  0.0252752 
-0.86819   0.535371   -0.366675  0.00821315
-0.880972  0.620467   -0.424682  0.00820542
-0.85914   0.593906   -0.432944  0.00805673
-0.793936  0.66221    -0.446984  0.00837645
-0.793936  0.66221    -0.446984  0.0130771 
-0.787069  0.723197   -0.395848  0.013213  
-0.724746  0.714595   -0.409031  0.006176  
-0.780342  0.614908   -0.442638  0.00766896
-0.780342  0.614908   -0.442638  0.0148141 
-0.819287  0.705618   -0.386687  0.0186686 
-0.79781   0.75971    -0.366296  0.0212784 
-0.861209  0.703154   -0.371849  0.018532  
-0.839403  0.675425   -0.410358  0.009874  
-0.786961  0.664959   -0.426231  0.0180861 
-0.827894  0.740908   -0.322627  0.0219635 
-0.776176  0.767004   -0.345081  0.0119809 
-0.705326  0.712352   -0.365812  0.0305344 
-0.710562  0.796805   -0.290567  0.0250136 
-0.775553  0.851576   -0.265777  0.0331293 
-0.839801  0.795313   -0.254243  0.0243179 
-0.849987  0.730955   -0.368333  0.0146043 
-0.79408   0.687711   -0.394491  0.0111635 
-0.702565  0.74284    -0.3905    0.0226917 
-0.702565  0.74284    -0.3905    0.0283874 
-0.702565  0.74284    -0.3905    0.0205759 
-0.702565  0.74284    -0.3905    0.0079072 
-0.790808  0.6591     -0.445794  0.00872173
-0.790808  0.6591     -0.445794  0.00978506
-0.839344  0.562061   -0.407344  0.0111135 
-0.839344  0.562061   -0.407344  0.00993733
-0.856122  0.590776   -0.416195  0.0203763 
-0.856122  0.590776   -0.416195  0.0087618 
-0.781673  0.571875   -0.432405  0.00906647
-0.79044   0.572964   -0.418411  0.00745368
-0.698883  0.595227   -0.412923  0.0060352 
-0.771785  0.63444    -0.452852  0.00914861
-0.806017  0.675897   -0.432179  0.0180252 
-0.806017  0.675897   -0.432179  0.00644674
-0.758685  0.597575   -0.437618  0.0183646 
-0.758685  0.597575   -0.437618  0.0158846 
-0.758685  0.597575   -0.437618  0.0082392 
-0.758685  0.597575   -0.437618  0.00724555
-0.784871  0.645387   -0.437529  0.0096523 
-0.688942  0.663847   -0.402436  0.0107751 
-0.688942  0.663847   -0.402436  0.00874604
-0.672373  0.588032   -0.397971  0.00863222
-0.672373  0.588032   -0.397971  0.0184395 
-0.672373  0.588032   -0.397971  0.00795789
-0.729689  0.670632   -0.413715  0.0177208 
-0.729689  0.670632   -0.413715  0.00837842
-0.740902  0.588852   -0.422533  0.00600979
-0.77736   0.618323   -0.4537    0.00873775
-0.820094  0.626994   -0.451888  0.0087097 
-0.820094  0.626994   -0.451888  0.0153141 
-0.820094  0.626994   -0.451888  0.0159031 
-0.820094  0.626994   -0.451888  0.013793  
-0.89413   0.663951   -0.402277  0.0213404 
-0.89413   0.663951   -0.402277  0.03817   
-0.89413   0.663951   -0.402277  0.0115122 
-0.836566  0.675902   -0.417833  0.0273487 
-0.836566  0.675902   -0.417833  0.00998291
-0.818439  0.685411   -0.42193   0.0152078 
-0.91724   0.675773   -0.369362  0.0197848 
-0.889239  0.654649   -0.373996  0.0194091 
-0.888634  0.739157   -0.338344  0.015901  
-0.834993  0.728283   -0.392929  0.00641182
-0.782139  0.649714   -0.447755  0.00881468
-0.782139  0.649714   -0.447755  0.0106308 
-0.759392  0.704896   -0.412273  0.0124434 
-0.734337  0.720973   -0.399546  0.00720759
-0.702103  0.634492   -0.402959  0.0133638 
-0.695335  0.720946   -0.388358  0.0272852 
-0.719809  0.81705    -0.290115  0.0107968 
-0.680474  0.732778   -0.362463  0.0122125 
-0.715657  0.722586   -0.380358  0.0196857 
-0.715657  0.722586   -0.380358  0.0125272 
-0.715657  0.722586   -0.380358  0.00817548
-0.674042  0.662118   -0.393821  0.0122186 
-0.599814  0.731424   -0.343941  0.0161586 
-0.599814  0.731424   -0.343941  0.0132156 
-0.648044  0.696503   -0.34697   0.010898  
-0.648044  0.696503   -0.34697   0.0170764 
-0.743206  0.762548   -0.360855  0.0113385 
-0.650803  0.714229   -0.345954  0.0105754 
-0.731895  0.71954    -0.416654  0.00881269
-0.731895  0.71954    -0.416654  0.0209625 
-0.731895  0.71954    -0.416654  0.0183577 
-0.731895  0.71954    -0.416654  0.00931679
-0.78843   0.670164   -0.431851  0.0152127 
-0.843092  0.656777   -0.416933  0.0172587 
-0.820384  0.727634   -0.394301  0.0213826 
-0.820384  0.727634   -0.394301  0.0138722 
-0.916781  0.649107   -0.383917  0.0170394 
-0.916781  0.649107   -0.383917  0.00924749
-0.864112  0.613413   -0.422803  0.0098816 
-0.864112  0.613413   -0.422803  0.00785287
-0.823776  0.631252   -0.442777  0.0117627 
-0.823776  0.631252   -0.442777  0.0122939 
-0.823776  0.631252   -0.442777  0.00805047
-0.817004  0.576635   -0.434506  0.00749772
-0.900592  0.620584   -0.431801  0.00858146
-0.866505  0.605814   -0.42089   0.0106154 
-0.844981  0.649798   -0.430514  0.0108193 
-0.844981  0.649798   -0.430514  0.0085894 
-0.755661  0.663308   -0.422654  0.0131794 
-0.686107  0.706335   -0.365071  0.0181832 
-0.730627  0.774608   -0.360958  0.0283529 
-0.730627  0.774608   -0.360958  0.015731  
-0.714999  0.760055   -0.369852  0.0260902 
-0.714999  0.760055   -0.369852  0.01144   
-0.714999  0.760055   -0.369852  0.0158596 
-0.714999  0.760055   -0.369852  0.00994112
-0.772292  0.667704   -0.422599  0.0176994 
-0.772292  0.667704   -0.422599  0.00806662
-0.781594  0.691005   -0.430445  0.0167168 
-0.845888  0.715516   -0.398902  0.0233042 
-0.845888  0.715516   -0.398902  0.00815214
-0.891199  0.623818   -0.429971  0.0111304 
-0.891199  0.623818   -0.429971  0.0092115 
-0.900307  0.581146   -0.408781  0.0098999 
-0.822602  0.565488   -0.43133   0.0124979 
-0.822602  0.565488   -0.43133   0.0121866 
-0.822602  0.565488   -0.43133   0.0113733 
-0.915184  0.552647   -0.351624  0.0145408 
-0.94758   0.51563    -0.253576  0.0125355 
-0.94758   0.51563    -0.253576  0.0130853 
-0.984233  0.535697   -0.239562  0.0181019 
-1.02054   0.601186   -0.244686  0.0118278 
-0.983349  0.582678   -0.304565  0.0141691 
-0.983349  0.582678   -0.304565  0.0179122 
-0.983349  0.582678   -0.304565  0.0190332 
-0.914185  0.657063   -0.362418  0.0215768 
-0.8836    0.704645   -0.345425  0.0294486 
-0.847201  0.801032   -0.234145  0.0203034 
-0.841261  0.733631   -0.329248  0.0295624 
-0.841261  0.733631   -0.329248  0.0123959 
-0.767367  0.691173   -0.425339  0.00735622
-0.789833  0.667649   -0.432343  0.00861221
-0.752593  0.659644   -0.415112  0.00828097
-0.78705   0.669537   -0.437461  0.0227142 
-0.78705   0.669537   -0.437461  0.0278621 
-0.78705   0.669537   -0.437461  0.015766  
-0.78705   0.669537   -0.437461  0.0280641 
-0.78705   0.669537   -0.437461  0.00878152
-0.786943  0.57381    -0.42377   0.0111899 
-0.798835  0.552178   -0.39634   0.00819355
-0.747754  0.581846   -0.410557  0.00983065
-0.783842  0.562463   -0.417856  0.00796489
-0.853598  0.603301   -0.434075  0.0117393 
-0.801765  0.545716   -0.39299   0.00754932
-0.708948  0.591237   -0.412525  0.00733579
-0.678732  0.634476   -0.416847  0.00858964
-0.726193  0.662785   -0.414679  0.00913614
-0.647924  0.615334   -0.375549  0.0130492 
-0.681745  0.686013   -0.372938  0.0201658 
-0.681745  0.686013   -0.372938  0.0111903 
-0.681745  0.686013   -0.372938  0.0158591 
-0.681745  0.686013   -0.372938  0.0141711 
-0.672996  0.726949   -0.370285  0.00843877
-0.643956  0.635211   -0.366316  0.00805703
-0.667219  0.625172   -0.379263  0.0124026 
-0.667219  0.625172   -0.379263  0.0110236 
-0.760511  0.552246   -0.407328  0.0115688 
-0.853239  0.549274   -0.404931  0.0208426 
-0.853239  0.549274   -0.404931  0.010008  
-0.853239  0.549274   -0.404931  0.0168724 
-0.853239  0.549274   -0.404931  0.00792328
-0.833168  0.590739   -0.446043  0.00629267
-0.815165  0.607287   -0.465541  0.00800111
-0.815165  0.607287   -0.465541  0.0183234 
-0.815165  0.607287   -0.465541  0.00757951
-0.762094  0.679452   -0.434761  0.00813951
-0.762094  0.679452   -0.434761  0.00881973
-0.762094  0.679452   -0.434761  0.0080507 
-0.762094  0.679452   -0.434761  0.00809722
-0.787677  0.662519   -0.429378  0.0139574 
-0.787677  0.662519   -0.429378  0.0141811 
-0.705619  0.749486   -0.378348  0.0239901 
-0.705619  0.749486   -0.378348  0.0257257 
-0.778052  0.812138   -0.287951  0.023951  
-0.863958  0.794518   -0.307044  0.0177299 
-0.848348  0.724969   -0.354658  0.0230857 
-0.848348  0.724969   -0.354658  0.0166023 
-0.862238  0.669444   -0.389945  0.0194337 
-0.862238  0.669444   -0.389945  0.013117  
-0.886123  0.655826   -0.389853  0.0114432 
-0.865157  0.633049   -0.422319  0.0133105 
-0.865157  0.633049   -0.422319  0.01337   
-0.781449  0.691554   -0.389804  0.0115969 
-0.739247  0.734025   -0.404256  0.0206427 
-0.739247  0.734025   -0.404256  0.0266225 
-0.739247  0.734025   -0.404256  0.0178088 
-0.739247  0.734025   -0.404256  0.00605145
-0.746147  0.636664   -0.442995  0.0137822 
-0.691753  0.711308   -0.39306   0.00998576
-0.632664  0.677584   -0.356645  0.00797217
-0.729485  0.678213   -0.420369  0.00597896
-0.772736  0.625378   -0.438263  0.00688141
-0.78924   0.601395   -0.44089   0.00800042
-0.769867  0.627926   -0.433435  0.00976189
-0.769867  0.627926   -0.433435  0.0135298 
-0.863473  0.550202   -0.397393  0.016494  
-0.863473  0.550202   -0.397393  0.00942963
-0.879049  0.575391   -0.431632  0.0107574 
-0.886803  0.628219   -0.405942  0.010643  
-0.886803  0.628219   -0.405942  0.0308027 
-0.886803  0.628219   -0.405942  0.0195891 
-0.886803  0.628219   -0.405942  0.0097522 
-0.886803  0.628219   -0.405942  0.0136254 
-0.859678  0.7019     -0.410034  0.0205166 
-0.859678  0.7019     -0.410034  0.0113371 
-0.890291  0.658853   -0.413299  0.0110078 
-0.838657  0.670019   -0.421017  0.00781937
-0.828137  0.622893   -0.444563  0.00991708
-0.903122  0.613      -0.402586  0.00878153
-0.833521  0.617107   -0.436318  0.0270456 
-0.833521  0.617107   -0.436318  0.00910442
-0.849851  0.573066   -0.424222  0.00782309
-0.871907  0.599023   -0.424318  0.0126371 
-0.803923  0.543612   -0.416758  0.0069006 
-0.724897  0.611501   -0.423207  0.00750565
-0.707686  0.65299    -0.406103  0.00748483
-0.740069  0.647635   -0.428547  0.00815202
-0.740069  0.647635   -0.428547  0.0326034 
-0.740069  0.647635   -0.428547  0.0095974 
-0.740069  0.647635   -0.428547  0.0171844 
-0.740069  0.647635   -0.428547  0.0120401 
-0.783361  0.746563   -0.408847  0.00930459
-0.727709  0.707199   -0.415565  0.0119432 
-0.710039  0.753347   -0.391446  0.0211987 
-0.710039  0.753347   -0.391446  0.025605  
-0.710039  0.753347   -0.391446  0.0281151 
-0.710039  0.753347   -0.391446  0.0182325 
-0.726413  0.766953   -0.343609  0.0254649 
-0.726413  0.766953   -0.343609  0.0322774 
-0.726413  0.766953   -0.343609  0.0306231 
-0.726413  0.766953   -0.343609  0.0198071 
-0.750651  0.69972    -0.38172   0.0145275 
-0.750651  0.69972    -0.38172   0.0120699 
-0.824149  0.652044   -0.441833  0.00900075
-0.824149  0.652044   -0.441833  0.010016  
-0.824149  0.652044   -0.441833  0.00902515
-0.804556  0.587302   -0.432856  0.0106992 
-0.779172  0.556704   -0.410435  0.0106902 
-0.740062  0.554891   -0.391936  0.018485  
-0.791963  0.50371    -0.32403   0.0146654 
-0.830681  0.532018   -0.374577  0.00799723
-0.798049  0.599731   -0.427271  0.0120707 
-0.737018  0.542021   -0.393168  0.0118959 
-0.66274   0.547617   -0.35538   0.014676  
-0.66274   0.547617   -0.35538   0.00983627
-0.66274   0.547617   -0.35538   0.0130117 
-0.629592  0.533868   -0.307122  0.0109571 
-0.629592  0.533868   -0.307122  0.0128799 
-0.687829  0.530446   -0.328313  0.0190632 
-0.687829  0.530446   -0.328313  0.0160711 
-0.687829  0.530446   -0.328313  0.0116179 
-0.687829  0.530446   -0.328313  0.00957099
-0.738348  0.561348   -0.39175   0.0102865 
-0.69136   0.558935   -0.369525  0.00638008
-0.73188   0.603638   -0.426854  0.0152144 
-0.688185  0.521977   -0.360094  0.0166303 
-0.688185  0.521977   -0.360094  0.0113769 
-0.641246  0.548238   -0.329399  0.0147398 
-0.641246  0.548238   -0.329399  0.00776048
-0.687845  0.621557   -0.40496   0.0118075 
-0.687845  0.621557   -0.40496   0.00783766
-0.687845  0.621557   -0.40496   0.00825604
-0.714009  0.628563   -0.406157  0.0178805 
-0.764237  0.727687   -0.364321  0.00746097
-0.678945  0.650404   -0.393544  0.0164742 
-0.678945  0.650404   -0.393544  0.0112685 
-0.678945  0.650404   -0.393544  0.0105768 
-0.678945  0.650404   -0.393544  0.00671551
-0.774135  0.601743   -0.453633  0.00847767
-0.774135  0.601743   -0.453633  0.0109262 
-0.862481  0.559504   -0.398861  0.0123554 
-0.862481  0.559504   -0.398861  0.0216888 
-0.862481  0.559504   -0.398861  0.0240395 
-0.862481  0.559504   -0.398861  0.0233614 
-0.862481  0.559504   -0.398861  0.0238259 
-0.862481  0.559504   -0.398861  0.0121913 
-0.929062  0.626642   -0.374192  0.0166827 
-0.916494  0.683002   -0.381196  0.0110048 
-0.88852   0.645158   -0.398897  0.0197455 
-0.88852   0.645158   -0.398897  0.0216084 
-0.890385  0.700798   -0.354727  0.00906631
-0.865726  0.608211   -0.434736  0.0250005 
-0.865726  0.608211   -0.434736  0.0167715 
-0.865726  0.608211   -0.434736  0.00953221
-0.821744  0.648271   -0.44215   0.0107696 
-0.821744  0.648271   -0.44215   0.0156925 
-0.768605  0.735909   -0.38624   0.0156025 
-0.766027  0.679993   -0.4079    0.0144074 
-0.789784  0.672626   -0.405542  0.00998867
-0.736034  0.694232   -0.422096  0.007054  
-0.80394   0.62594    -0.443261  0.00707453
-0.817348  0.620917   -0.440082  0.0101591 
-0.817348  0.620917   -0.440082  0.00679519
-0.818848  0.612561   -0.430832  0.0163912 
-0.818848  0.612561   -0.430832  0.00944938
-0.818848  0.612561   -0.430832  0.0113706 
-0.801043  0.693807   -0.411332  0.0210505 
-0.801043  0.693807   -0.411332  0.0137777 
-0.803881  0.71584    -0.406017  0.0158254 
-0.774658  0.745794   -0.355578  0.0409896 
-0.774658  0.745794   -0.355578  0.0229245 
-0.774658  0.745794   -0.355578  0.00701521
-0.800615  0.665455   -0.448367  0.0186644 
-0.800615  0.665455   -0.448367  0.00703173
-0.800615  0.665455   -0.448367  0.00849947
-0.797047  0.589911   -0.432913  0.0117842 
-0.797047  0.589911   -0.432913  0.011329  
-0.803799  0.556769   -0.411492  0.0228819 
-0.803799  0.556769   -0.411492  0.0112988 
-0.786389  0.553009   -0.420248  0.0188461 
-0.786389  0.553009   -0.420248  0.0157888 
-0.786389  0.553009   -0.420248  0.00953556
-0.786389  0.553009   -0.420248  0.007348  
-0.872764  0.608769   -0.427555  0.00833929
-0.814218  0.653476   -0.432498  0.00818376
-0.779614  0.58225    -0.426498  0.0118764 
-0.779614  0.58225    -0.426498  0.0171672 
-0.779614  0.58225    -0.426498  0.00786593
-0.744303  0.580481   -0.432899  0.00796446
-0.744303  0.580481   -0.432899  0.00628004
-0.772277  0.628189   -0.436104  0.0076852 
-0.806837  0.635706   -0.450207  0.00963795
-0.806837  0.635706   -0.450207  0.0132467 
-0.806837  0.635706   -0.450207  0.0098625 
-0.806837  0.635706   -0.450207  0.0151344 
-0.806837  0.635706   -0.450207  0.0103721 
-0.806837  0.635706   -0.450207  0.0097341 
-0.749544  0.662051   -0.430158  0.0104189 
-0.726407  0.683585   -0.410818  0.0132211 
-0.726407  0.683585   -0.410818  0.00927176
-0.726407  0.683585   -0.410818  0.00994136
-0.822013  0.624132   -0.421097  0.0129567 
-0.870277  0.667565   -0.406601  0.00612662
-0.814614  0.609674   -0.457012  0.00728619
-0.715989  0.63749    -0.427707  0.00656132
-0.755866  0.623987   -0.441194  0.0137473 
-0.755866  0.623987   -0.441194  0.0129027 
-0.755866  0.623987   -0.441194  0.00832182
-0.755866  0.623987   -0.441194  0.0107926 
-0.7283    0.699865   -0.410198  0.0165797 
-0.7283    0.699865   -0.410198  0.0196027 
-0.7283    0.699865   -0.410198  0.0088784 
-0.796164  0.666447   -0.430137  0.00891526
-0.816553  0.575684   -0.436247  0.00918853
-0.876331  0.585306   -0.411556  0.0189713 
-0.876331  0.585306   -0.411556  0.0163106 
-0.876331  0.585306   -0.411556  0.0160977 
-0.876331  0.585306   -0.411556  0.0108538 
-0.876331  0.585306   -0.411556  0.00968268
-0.884716  0.630352   -0.426253  0.0104556 
-0.913295  0.576588   -0.373056  0.0152404 
-0.913295  0.576588   -0.373056  0.0116201 
-0.866434  0.556887   -0.393195  0.0137278 
-0.881245  0.535666   -0.350162  0.0227451 
-0.881245  0.535666   -0.350162  0.00756862
-0.800942  0.611985   -0.449101  0.00781904
-0.800942  0.611985   -0.449101  0.0154969 
-0.800942  0.611985   -0.449101  0.0101856 
-0.815904  0.562013   -0.428824  0.00662944
-0.781644  0.625616   -0.444609  0.00803399
-0.781644  0.625616   -0.444609  0.0170445 
-0.781644  0.625616   -0.444609  0.0105564 
-0.781644  0.625616   -0.444609  0.00881251
-0.691534  0.669023   -0.402835  0.0151909 
-0.606265  0.717711   -0.325814  0.0117808 
-0.584528  0.712451   -0.342011  0.0130828 
-0.584528  0.712451   -0.342011  0.0128869 
-0.584528  0.712451   -0.342011  0.0114215 
-0.599635  0.658025   -0.315457  0.012466  
-0.542884  0.719187   -0.276118  0.0117514 
-0.579011  0.686386   -0.325349  0.0143025 
-0.579011  0.686386   -0.325349  0.015212  
-0.631163  0.778828   -0.336621  0.0106698 
-0.653337  0.708337   -0.357368  0.0169659 
-0.740626  0.747615   -0.367937  0.0142906 
-0.753315  0.750912   -0.375479  0.00782551
-0.710955  0.664502   -0.415918  0.0121762 
-0.710955  0.664502   -0.415918  0.00884365
-0.710955  0.664502   -0.415918  0.00686723
-0.710955  0.664502   -0.415918  0.012231  
-0.710955  0.664502   -0.415918  0.0120865 
-0.710955  0.664502   -0.415918  0.0124304 
-0.710955  0.664502   -0.415918  0.0113991 
-0.692822  0.707148   -0.371652  0.0118975 
-0.670471  0.711697   -0.368702  0.0149699 
-0.755242  0.721422   -0.393203  0.01013   
-0.768513  0.677788   -0.424391  0.0061979 
-0.773777  0.614174   -0.43443   0.0112269 
-0.773777  0.614174   -0.43443   0.00803302
-0.773777  0.614174   -0.43443   0.00790932
-0.712399  0.675187   -0.409799  0.0103224 
-0.712399  0.675187   -0.409799  0.0106184 
-0.712399  0.675187   -0.409799  0.00983199
-0.712399  0.675187   -0.409799  0.0070386 
-0.706138  0.655707   -0.425549  0.00934772
-0.706138  0.655707   -0.425549  0.00716777
-0.727957  0.596832   -0.416005  0.0105738 
-0.727957  0.596832   -0.416005  0.00683872
-0.727957  0.596832   -0.416005  0.008609  
-0.755773  0.675441   -0.429523  0.0184187 
-0.755773  0.675441   -0.429523  0.00791503
-0.755773  0.675441   -0.429523  0.0102107 
-0.755773  0.675441   -0.429523  0.00737722
-0.713989  0.669496   -0.412502  0.016167  
-0.740969  0.730044   -0.382126  0.0190389 
-0.740969  0.730044   -0.382126  0.0104419 
-0.695974  0.740766   -0.391248  0.0223082 
-0.695974  0.740766   -0.391248  0.01239   
-0.772754  0.699881   -0.396514  0.0172511 
-0.852424  0.704813   -0.387948  0.0280416 
-0.852424  0.704813   -0.387948  0.0264444 
-0.903724  0.715725   -0.304702  0.0426534 
-0.903724  0.715725   -0.304702  0.013848  
-0.934647  0.620188   -0.377966  0.0123793 
-0.934647  0.620188   -0.377966  0.0376879 
-0.934647  0.620188   -0.377966  0.00881957
-0.872756  0.596919   -0.433571  0.00944252
-0.83099   0.587765   -0.44412   0.0154329 
-0.83099   0.587765   -0.44412   0.0112391 
-0.782877  0.598075   -0.435037  0.00983648
-0.782877  0.598075   -0.435037  0.009404  
-0.782877  0.598075   -0.435037  0.0115626 
-0.782877  0.598075   -0.435037  0.0149992 
-0.782877  0.598075   -0.435037  0.0128581 
-0.809977  0.687028   -0.40402   0.0126744 
-0.813914  0.694369   -0.396569  0.00723818
-0.745446  0.609833   -0.44005   0.0144714 
-0.771434  0.530122   -0.376833  0.00812739
-0.768789  0.575033   -0.421846  0.0182978 
-0.768789  0.575033   -0.421846  0.00901296
-0.748159  0.572702   -0.430237  0.0067961 
-0.740605  0.613151   -0.434287  0.0111094 
-0.742298  0.551361   -0.413313  0.00745566
-0.689994  0.596191   -0.402216  0.0120887 
-0.752054  0.544534   -0.391838  0.0303639 
-0.752054  0.544534   -0.391838  0.0237531 
-0.752054  0.544534   -0.391838  0.0110781 
-0.752054  0.544534   -0.391838  0.00810074
