#MU        SIGMA      ENERGY     ERROR     
-0.711037  0.572775   -0.407691  0.00910085
-0.711037  0.572775   -0.407691  0.00962448
-0.711037  0.572775   -0.407691  0.0157404 
-0.711037  0.572775   -0.407691  0.0239412 
-0.711037  0.572775   -0.407691  0.0083267 
-0.711037  0.572775   -0.407691  0.0093676 
-0.624121  0.659719   -0.347929  0.0115233 
-0.624121  0.659719   -0.347929  0.00845852
-0.699054  0.604234   -0.407519  0.00968298
-0.699054  0.604234   -0.407519  0.00990171
-0.699054  0.604234   -0.407519  0.00745262
-0.680648  0.605972   -0.390237  0.0110305 
-0.680648  0.605972   -0.390237  0.00772005
-0.770798  0.579546   -0.43458   0.00881961
-0.805497  0.616346   -0.440117  0.0107963 
-0.805497  0.616346   -0.440117  0.0153614 
-0.805497  0.616346   -0.440117  0.00821027
-0.805497  0.616346   -0.440117  0.00902596
-0.81716   0.580082   -0.432784  0.0156203 
-0.849966  0.663219   -0.40531   0.0115732 
-0.835517  0.688551   -0.407919  0.00952206
-0.780003  0.673895   -0.418006  0.0143922 
-0.780003  0.673895   -0.418006  0.00768116
-0.780003  0.673895   -0.418006  0.00727721
-0.77588   0.58646    -0.441333  0.0115428 
-0.77588   0.58646    -0.441333  0.0196309 
-0.77588   0.58646    -0.441333  0.0180436 
-0.77588   0.58646    -0.441333  0.0140281 
-0.77588   0.58646    -0.441333  0.010353  
-0.77588   0.58646    -0.441333  0.00746867
-0.77588   0.58646    -0.441333  0.00840229
-0.77588   0.58646    -0.441333  0.014827  
-0.77588   0.58646    -0.441333  0.00917092
-0.77588   0.58646    -0.441333  0.0156135 
-0.77588   0.58646    -0.441333  0.00638368
-0.77588   0.58646    -0.441333  0.0061052 
-0.74422   0.627239   -0.436029  0.00811546
-0.74422   0.627239   -0.436029  0.0114737 
-0.736846  0.673759   -0.416948  0.0228612 
-0.764665  0.756792   -0.378212  0.0123865 
-0.764735  0.738635   -0.391235  0.0138951 
-0.764735  0.738635   -0.391235  0.0239321 
-0.764735  0.738635   -0.391235  0.01699   
-0.764735  0.738635   -0.391235  0.0153824 
-0.848419  0.689664   -0.39078   0.0145972 
-0.848419  0.689664   -0.39078   0.00948624
-0.825085  0.593728   -0.411094  0.00848522
-0.725354  0.576343   -0.408134  0.0095759 
-0.725354  0.576343   -0.408134  0.0080743 
-0.691959  0.590694   -0.405288  0.00840867
-0.761979  0.663163   -0.432927  0.0206925 
-0.761979  0.663163   -0.432927  0.00829451
-0.665227  0.62924    -0.390097  0.0115199 
-0.665227  0.62924    -0.390097  0.0105747 
-0.665227  0.62924    -0.390097  0.0103717 
-0.665227  0.62924    -0.390097  0.0116593 
-0.665227  0.62924    -0.390097  0.0136809 
-0.665227  0.62924    -0.390097  0.011834  
-0.665227  0.62924    -0.390097  0.00705614
-0.741234  0.59304    -0.427219  0.0066862 
-0.782489  0.640766   -0.454006  0.0115542 
-0.782489  0.640766   -0.454006  0.00696607
-0.782489  0.640766   -0.454006  0.00995278
-0.786899  0.66586    -0.438216  0.013644  
-0.786899  0.66586    -0.438216  0.0206505 
-0.786899  0.66586    -0.438216  0.0243269 
-0.786899  0.66586    -0.438216  0.00975314
-0.786899  0.66586    -0.438216  0.00876018
-0.752074  0.576703   -0.443012  0.00820223
-0.738777  0.577513   -0.416297  0.0105496 
-0.738777  0.577513   -0.416297  0.0150449 
-0.738777  0.577513   -0.416297  0.0225827 
-0.738777  0.577513   -0.416297  0.00975196
-0.738777  0.577513   -0.416297  0.00929567
-0.707842  0.668759   -0.414974  0.014989  
-0.707842  0.668759   -0.414974  0.00978245
-0.689334  0.693563   -0.399798  0.0155269 
-0.689334  0.693563   -0.399798  0.0100869 
-0.699777  0.681119   -0.391373  0.0135239 
-0.699777  0.681119   -0.391373  0.0128526 
-0.798089  0.718754   -0.395886  0.0129292 
-0.767653  0.662689   -0.421173  0.00818861
-0.767653  0.662689   -0.421173  0.0163995 
-0.767653  0.662689   -0.421173  0.0114447 
-0.795543  0.66524    -0.429537  0.0106294 
-0.850862  0.634611   -0.444771  0.0229111 
-0.850862  0.634611   -0.444771  0.011443  
-0.850862  0.634611   -0.444771  0.00979262
-0.828435  0.567644   -0.410685  0.01275   
-0.828435  0.567644   -0.410685  0.0198323 
-0.828435  0.567644   -0.410685  0.0232745 
-0.828435  0.567644   -0.410685  0.0189387 
-0.828435  0.567644   -0.410685  0.00788597
-0.829154  0.620451   -0.444897  0.014488  
-0.829154  0.620451   -0.444897  0.0124731 
-0.829154  0.620451   -0.444897  0.0118532 
-0.829154  0.620451   -0.444897  0.0130181 
-0.829154  0.620451   -0.444897  0.00658322
-0.829154  0.620451   -0.444897  0.00974057
-0.829154  0.620451   -0.444897  0.00928594
-0.829154  0.620451   -0.444897  0.0108491 
-0.829154  0.620451   -0.444897  0.00873868
-0.829154  0.620451   -0.444897  0.0158071 
-0.829154  0.620451   -0.444897  0.0143674 
-0.829154  0.620451   -0.444897  0.0120353 
-0.829154  0.620451   -0.444897  0.0106152 
-0.829154  0.620451   -0.444897  0.0133518 
-0.829154  0.620451   -0.444897  0.00873737
-0.817648  0.579565   -0.432278  0.0163855 
-0.817648  0.579565   -0.432278  0.00910119
-0.843913  0.625621   -0.431166  0.0166276 
-0.843913  0.625621   -0.431166  0.00950863
-0.781684  0.609845   -0.43678   0.00772303
-0.781684  0.609845   -0.43678   0.00835424
-0.781684  0.609845   -0.43678   0.00937345
-0.781684  0.609845   -0.43678   0.0143304 
-0.781684  0.609845   -0.43678   0.00892517
-0.790188  0.668668   -0.447103  0.00773513
-0.790188  0.668668   -0.447103  0.0112397 
-0.790188  0.668668   -0.447103  0.00967946
-0.790188  0.668668   -0.447103  0.0129403 
-0.790188  0.668668   -0.447103  0.0134118 
-0.790188  0.668668   -0.447103  0.0220443 
-0.790188  0.668668   -0.447103  0.00949261
-0.790188  0.668668   -0.447103  0.00773742
-0.803452  0.649118   -0.443886  0.0116668 
-0.803452  0.649118   -0.443886  0.007949  
-0.767128  0.659742   -0.436918  0.00858127
-0.783047  0.676829   -0.433185  0.0108199 
-0.692373  0.678097   -0.37523   0.0152427 
-0.749445  0.743577   -0.35352   0.0395731 
-0.749445  0.743577   -0.35352   0.0252186 
-0.749445  0.743577   -0.35352   0.0189054 
-0.749445  0.743577   -0.35352   0.0124648 
-0.749445  0.743577   -0.35352   0.0129255 
-0.749445  0.743577   -0.35352   0.0200893 
-0.749445  0.743577   -0.35352   0.0221293 
-0.749823  0.776752   -0.342947  0.0107353 
-0.692213  0.71188    -0.388197  0.0137033 
-0.692213  0.71188    -0.388197  0.00935618
-0.789243  0.676669   -0.425313  0.00792228
-0.82996   0.644087   -0.4359    0.00611029
-0.755036  0.640731   -0.439701  0.0155582 
-0.838003  0.706318   -0.40717   0.0240461 
-0.838003  0.706318   -0.40717   0.00917885
-0.862316  0.611564   -0.431737  0.0144721 
-0.862316  0.611564   -0.431737  0.020022  
-0.862316  0.611564   -0.431737  0.0109165 
-0.825905  0.660214   -0.433694  0.0333903 
-0.825905  0.660214   -0.433694  0.0100176 
-0.825905  0.660214   -0.433694  0.010692  
-0.825905  0.660214   -0.433694  0.0095963 
-0.825905  0.660214   -0.433694  0.00920155
-0.825905  0.660214   -0.433694  0.00980551
-0.825905  0.660214   -0.433694  0.00951442
-0.825905  0.660214   -0.433694  0.0208733 
-0.825905  0.660214   -0.433694  0.00841196
-0.824997  0.595049   -0.431848  0.0106418 
-0.824997  0.595049   -0.431848  0.00933496
-0.824997  0.595049   -0.431848  0.0107795 
-0.840878  0.680124   -0.423467  0.00673495
-0.758151  0.623247   -0.447115  0.0123901 
-0.758151  0.623247   -0.447115  0.0148991 
-0.758151  0.623247   -0.447115  0.0126522 
-0.758151  0.623247   -0.447115  0.0138696 
-0.758151  0.623247   -0.447115  0.0124666 
-0.758151  0.623247   -0.447115  0.0087081 
-0.772663  0.579997   -0.446672  0.0199621 
-0.772663  0.579997   -0.446672  0.00991803
-0.772663  0.579997   -0.446672  0.0215721 
-0.772663  0.579997   -0.446672  0.0107723 
-0.772663  0.579997   -0.446672  0.00799127
-0.841077  0.588456   -0.435183  0.0107287 
-0.841077  0.588456   -0.435183  0.0157484 
-0.841077  0.588456   -0.435183  0.00904692
-0.841077  0.588456   -0.435183  0.0181657 
-0.841077  0.588456   -0.435183  0.0182254 
-0.841077  0.588456   -0.435183  0.0134345 
-0.810856  0.664029   -0.429759  0.00681809
-0.826961  0.634053   -0.450124  0.0142666 
-0.826961  0.634053   -0.450124  0.0205253 
-0.826961  0.634053   -0.450124  0.011426  
-0.826961  0.634053   -0.450124  0.00605501
-0.826961  0.634053   -0.450124  0.0415147 
-0.826961  0.634053   -0.450124  0.0108287 
-0.826961  0.634053   -0.450124  0.00756437
-0.805673  0.593165   -0.441878  0.0079556 
-0.85218   0.613836   -0.45017   0.00774327
-0.810092  0.590213   -0.455124  0.00688459
-0.749208  0.655913   -0.426964  0.00841112
-0.749208  0.655913   -0.426964  0.012941  
-0.790649  0.673168   -0.409781  0.00793981
-0.772462  0.580385   -0.416199  0.0212843 
-0.772462  0.580385   -0.416199  0.00720555
-0.772462  0.580385   -0.416199  0.00899675
-0.732632  0.571842   -0.405004  0.00932033
-0.732632  0.571842   -0.405004  0.00544573
-0.76068   0.623392   -0.444787  0.00776168
-0.76068   0.623392   -0.444787  0.00906988
-0.76068   0.623392   -0.444787  0.0117084 
-0.829311  0.672805   -0.430873  0.0224699 
-0.829311  0.672805   -0.430873  0.0186002 
-0.829311  0.672805   -0.430873  0.0190027 
-0.829311  0.672805   -0.430873  0.011196  
-0.829311  0.672805   -0.430873  0.00698338
-0.772706  0.592777   -0.43038   0.0115305 
-0.784233  0.680332   -0.427472  0.00622898
-0.776076  0.623014   -0.443427  0.010227  
-0.776076  0.623014   -0.443427  0.00840355
-0.776076  0.623014   -0.443427  0.00939963
-0.776076  0.623014   -0.443427  0.0211385 
-0.776076  0.623014   -0.443427  0.0136371 
-0.776076  0.623014   -0.443427  0.0149399 
-0.776076  0.623014   -0.443427  0.00855978
-0.873265  0.625367   -0.434132  0.0118755 
-0.811215  0.695323   -0.409525  0.0108267 
-0.791413  0.675074   -0.438351  0.00779369
-0.6985    0.587907   -0.406709  0.0192718 
-0.6985    0.587907   -0.406709  0.010553  
-0.6985    0.587907   -0.406709  0.0143183 
-0.6985    0.587907   -0.406709  0.0111212 
-0.6985    0.587907   -0.406709  0.0206806 
-0.6985    0.587907   -0.406709  0.0201218 
-0.6985    0.587907   -0.406709  0.00953444
-0.6985    0.587907   -0.406709  0.00863915
-0.6985    0.587907   -0.406709  0.0103299 
-0.771597  0.678048   -0.412516  0.0126092 
-0.730023  0.750881   -0.385184  0.0154566 
-0.740073  0.704361   -0.388962  0.00715301
-0.697802  0.631747   -0.413674  0.00791735
-0.697802  0.631747   -0.413674  0.0158067 
-0.697802  0.631747   -0.413674  0.0106308 
-0.697802  0.631747   -0.413674  0.00757311
-0.779936  0.640377   -0.445904  0.00686447
-0.720977  0.601669   -0.428891  0.00731425
-0.746395  0.599166   -0.424692  0.0130505 
-0.746395  0.599166   -0.424692  0.0162857 
-0.746395  0.599166   -0.424692  0.0190728 
-0.746395  0.599166   -0.424692  0.0175044 
-0.746395  0.599166   -0.424692  0.00975314
-0.777562  0.564252   -0.418255  0.0173836 
-0.777562  0.564252   -0.418255  0.00763215
-0.777562  0.564252   -0.418255  0.0100774 
-0.784793  0.594904   -0.432492  0.00995567
-0.85075   0.62613    -0.43259   0.0130624 
-0.85075   0.62613    -0.43259   0.0185907 
-0.85075   0.62613    -0.43259   0.0120192 
-0.85075   0.62613    -0.43259   0.00673168
-0.778272  0.660604   -0.443018  0.00978838
-0.795302  0.562789   -0.413756  0.00590475
-0.792433  0.630275   -0.445596  0.00923844
-0.792433  0.630275   -0.445596  0.0219287 
-0.792433  0.630275   -0.445596  0.0111545 
-0.792433  0.630275   -0.445596  0.00875779
-0.792433  0.630275   -0.445596  0.0187237 
-0.792433  0.630275   -0.445596  0.00971298
-0.792433  0.630275   -0.445596  0.0106409 
-0.792433  0.630275   -0.445596  0.00735301
-0.792433  0.630275   -0.445596  0.00703154
-0.792433  0.630275   -0.445596  0.00991226
-0.787116  0.660139   -0.440693  0.013958  
-0.787116  0.660139   -0.440693  0.00729081
-0.76966   0.599834   -0.448284  0.0116229 
-0.76966   0.599834   -0.448284  0.0135087 
-0.76966   0.599834   -0.448284  0.00641261
-0.76966   0.599834   -0.448284  0.00620966
-0.781588  0.609434   -0.447185  0.00820877
-0.781588  0.609434   -0.447185  0.0157888 
-0.781588  0.609434   -0.447185  0.0110399 
-0.879211  0.644603   -0.417644  0.0136569 
-0.879211  0.644603   -0.417644  0.02351   
-0.879211  0.644603   -0.417644  0.0177009 
-0.879211  0.644603   -0.417644  0.0281227 
-0.879211  0.644603   -0.417644  0.0152127 
-0.863659  0.691268   -0.407531  0.0150084 
-0.80565   0.71862    -0.380959  0.0109154 
-0.850006  0.627898   -0.41978   0.0171894 
-0.762082  0.707758   -0.40213   0.0230682 
-0.762082  0.707758   -0.40213   0.0163084 
-0.836175  0.689414   -0.414246  0.0192705 
-0.836175  0.689414   -0.414246  0.0298584 
-0.836175  0.689414   -0.414246  0.0176474 
-0.857474  0.692452   -0.39037   0.0124867 
-0.876901  0.660467   -0.410521  0.0252332 
-0.876901  0.660467   -0.410521  0.0152578 
-0.789236  0.708576   -0.39931   0.00592153
-0.770403  0.61335    -0.427153  0.00909831
-0.770054  0.634787   -0.442073  0.00714449
-0.716702  0.598878   -0.432134  0.00669258
-0.716702  0.598878   -0.432134  0.0143409 
-0.716702  0.598878   -0.432134  0.00795727
-0.716702  0.598878   -0.432134  0.0146522 
-0.716702  0.598878   -0.432134  0.0131285 
-0.716702  0.598878   -0.432134  0.0179562 
-0.716702  0.598878   -0.432134  0.00891007
-0.716702  0.598878   -0.432134  0.00763279
-0.716702  0.598878   -0.432134  0.0183698 
-0.716702  0.598878   -0.432134  0.00700058
-0.800429  0.592298   -0.441863  0.0103224 
-0.800429  0.592298   -0.441863  0.00928537
-0.800429  0.592298   -0.441863  0.0120237 
-0.800429  0.592298   -0.441863  0.0130499 
-0.834636  0.539972   -0.378556  0.0166652 
-0.834636  0.539972   -0.378556  0.010343  
-0.903459  0.636052   -0.412677  0.0157899 
-0.820484  0.637808   -0.414394  0.0164491 
-0.820484  0.637808   -0.414394  0.00923076
-0.761336  0.661353   -0.424165  0.00763732
-0.733058  0.635869   -0.423718  0.00828425
-0.733058  0.635869   -0.423718  0.0085754 
-0.733058  0.635869   -0.423718  0.0110982 
-0.733058  0.635869   -0.423718  0.0113161 
-0.727257  0.721963   -0.378593  0.0213194 
-0.805996  0.773411   -0.330321  0.00893452
-0.762421  0.694341   -0.424193  0.0245807 
-0.762421  0.694341   -0.424193  0.0114293 
-0.805937  0.711358   -0.418891  0.0284632 
-0.805937  0.711358   -0.418891  0.0155053 
-0.805937  0.711358   -0.418891  0.0105023 
-0.827382  0.61265    -0.434633  0.0103383 
-0.802031  0.654657   -0.415987  0.00905529
-0.802031  0.654657   -0.415987  0.00696324
-0.736974  0.609664   -0.441656  0.00914428
-0.736974  0.609664   -0.441656  0.0158171 
-0.736974  0.609664   -0.441656  0.00865778
-0.736974  0.609664   -0.441656  0.00791769
-0.736974  0.609664   -0.441656  0.00872861
-0.817814  0.573024   -0.433805  0.00939052
-0.817814  0.573024   -0.433805  0.00901219
-0.817814  0.573024   -0.433805  0.0147237 
-0.817814  0.573024   -0.433805  0.0186732 
-0.817814  0.573024   -0.433805  0.0096029 
-0.817814  0.573024   -0.433805  0.012157  
-0.817814  0.573024   -0.433805  0.0146178 
-0.817814  0.573024   -0.433805  0.00568918
-0.77167   0.638762   -0.452901  0.0123945 
-0.77167   0.638762   -0.452901  0.017864  
-0.77167   0.638762   -0.452901  0.00772855
-0.745484  0.6591     -0.442994  0.0140525 
-0.745484  0.6591     -0.442994  0.0110766 
-0.745484  0.6591     -0.442994  0.021546  
-0.745484  0.6591     -0.442994  0.00743604
-0.842978  0.593367   -0.431799  0.0183681 
-0.842978  0.593367   -0.431799  0.00746504
-0.797903  0.586019   -0.4396    0.00775601
-0.71814   0.664032   -0.427712  0.00782452
-0.813408  0.58738    -0.447097  0.00860478
-0.813408  0.58738    -0.447097  0.0214568 
-0.813408  0.58738    -0.447097  0.0158678 
-0.813408  0.58738    -0.447097  0.00703422
-0.813408  0.58738    -0.447097  0.0128962 
-0.813408  0.58738    -0.447097  0.0144706 
-0.813408  0.58738    -0.447097  0.0086583 
-0.813408  0.58738    -0.447097  0.00787214
-0.767949  0.584296   -0.44803   0.0105037 
-0.767949  0.584296   -0.44803   0.0061669 
-0.823922  0.624388   -0.447853  0.0155336 
-0.823922  0.624388   -0.447853  0.00982752
-0.823922  0.624388   -0.447853  0.0172595 
-0.823922  0.624388   -0.447853  0.0137841 
-0.823922  0.624388   -0.447853  0.0186486 
-0.823922  0.624388   -0.447853  0.0182382 
-0.823922  0.624388   -0.447853  0.00831507
-0.823922  0.624388   -0.447853  0.0095887 
-0.823922  0.624388   -0.447853  0.00796231
-0.766779  0.647362   -0.444557  0.0079697 
-0.766779  0.647362   -0.444557  0.0143739 
-0.766779  0.647362   -0.444557  0.0153221 
-0.766779  0.647362   -0.444557  0.0190332 
-0.766779  0.647362   -0.444557  0.00760122
-0.782889  0.619066   -0.428355  0.01675   
-0.85696   0.668337   -0.382283  0.020079  
-0.85696   0.668337   -0.382283  0.0187554 
-0.85696   0.668337   -0.382283  0.0304055 
-0.85696   0.668337   -0.382283  0.00613434
-0.782808  0.612111   -0.438393  0.012365  
-0.782808  0.612111   -0.438393  0.0109503 
-0.782808  0.612111   -0.438393  0.0163709 
-0.782808  0.612111   -0.438393  0.0141947 
-0.782808  0.612111   -0.438393  0.0113444 
-0.782808  0.612111   -0.438393  0.0077895 
-0.782808  0.612111   -0.438393  0.00634493
-0.739337  0.611949   -0.431528  0.00531208
-0.789985  0.62881    -0.450649  0.0132607 
-0.863893  0.633841   -0.402871  0.0112117 
-0.789147  0.679563   -0.423345  0.013254  
-0.789147  0.679563   -0.423345  0.0061818 
-0.740757  0.614442   -0.443462  0.00630349
-0.811073  0.61914    -0.459623  0.00819415
-0.811073  0.61914    -0.459623  0.00960442
-0.811073  0.61914    -0.459623  0.00834879
-0.811073  0.61914    -0.459623  0.00865768
-0.794249  0.645489   -0.452403  0.0103714 
-0.794249  0.645489   -0.452403  0.019333  
-0.794249  0.645489   -0.452403  0.0144519 
-0.777354  0.686642   -0.421327  0.00826379
-0.770601  0.661213   -0.440047  0.0103565 
-0.770601  0.661213   -0.440047  0.00890081
-0.770601  0.661213   -0.440047  0.00650426
-0.773087  0.63965    -0.444006  0.0207992 
-0.773087  0.63965    -0.444006  0.0141758 
-0.773087  0.63965    -0.444006  0.00893677
-0.773087  0.63965    -0.444006  0.00710809
-0.773087  0.63965    -0.444006  0.00836923
-0.773087  0.63965    -0.444006  0.0151859 
-0.773087  0.63965    -0.444006  0.00879258
-0.773087  0.63965    -0.444006  0.0177487 
-0.773087  0.63965    -0.444006  0.0116978 
-0.773087  0.63965    -0.444006  0.0126213 
-0.773087  0.63965    -0.444006  0.0102057 
-0.773087  0.63965    -0.444006  0.00945689
-0.773087  0.63965    -0.444006  0.00808435
-0.763256  0.636558   -0.444112  0.0257936 
-0.763256  0.636558   -0.444112  0.0180544 
-0.763256  0.636558   -0.444112  0.020485  
-0.763256  0.636558   -0.444112  0.0131032 
-0.763256  0.636558   -0.444112  0.0101794 
-0.709618  0.701598   -0.388877  0.0155482 
-0.709618  0.701598   -0.388877  0.0151444 
-0.709618  0.701598   -0.388877  0.0115348 
-0.675827  0.680779   -0.376639  0.0113332 
-0.602519  0.717897   -0.357086  0.0132396 
-0.602519  0.717897   -0.357086  0.027704  
-0.602519  0.717897   -0.357086  0.00946659
-0.645131  0.708706   -0.37158   0.0196165 
-0.645131  0.708706   -0.37158   0.00646339
-0.700014  0.642861   -0.418928  0.00930098
-0.700014  0.642861   -0.418928  0.0107836 
-0.704356  0.652868   -0.401455  0.0121367 
-0.704356  0.652868   -0.401455  0.0136929 
-0.79487   0.716195   -0.403988  0.00592442
-0.790426  0.628802   -0.445025  0.00979399
-0.834849  0.64141    -0.431231  0.00871022
-0.834849  0.64141    -0.431231  0.00758975
-0.812251  0.645516   -0.44421   0.00821745
-0.811182  0.627211   -0.446454  0.00810836
-0.832503  0.621325   -0.44315   0.0112531 
-0.832503  0.621325   -0.44315   0.00628857
-0.769842  0.603047   -0.45971   0.0107207 
-0.769842  0.603047   -0.45971   0.0131242 
-0.769842  0.603047   -0.45971   0.0141343 
-0.769842  0.603047   -0.45971   0.0093689 
-0.769842  0.603047   -0.45971   0.0141015 
-0.769842  0.603047   -0.45971   0.0116392 
-0.769842  0.603047   -0.45971   0.0121322 
-0.769842  0.603047   -0.45971   0.0157744 
-0.769842  0.603047   -0.45971   0.0112212 
-0.769842  0.603047   -0.45971   0.0126173 
-0.769842  0.603047   -0.45971   0.0110792 
-0.769842  0.603047   -0.45971   0.0131842 
-0.769842  0.603047   -0.45971   0.00828568
-0.769842  0.603047   -0.45971   0.00634187
-0.769842  0.603047   -0.45971   0.00597634
-0.769842  0.603047   -0.45971   0.010066  
-0.769842  0.603047   -0.45971   0.0141015 
-0.769842  0.603047   -0.45971   0.00736671
-0.769842  0.603047   -0.45971   0.0085131 
-0.802094  0.578507   -0.445011  0.0221405 
-0.802094  0.578507   -0.445011  0.00991807
-0.802094  0.578507   -0.445011  0.0108859 
-0.802094  0.578507   -0.445011  0.00569622
-0.770065  0.631066   -0.447284  0.00732254
-0.770065  0.631066   -0.447284  0.00846365
-0.770065  0.631066   -0.447284  0.0123348 
-0.770065  0.631066   -0.447284  0.0121971 
-0.770065  0.631066   -0.447284  0.00787423
-0.775055  0.665974   -0.430444  0.0122363 
-0.775055  0.665974   -0.430444  0.022282  
-0.775055  0.665974   -0.430444  0.0171353 
-0.775055  0.665974   -0.430444  0.0166924 
-0.775055  0.665974   -0.430444  0.0110068 
-0.775055  0.665974   -0.430444  0.0158638 
-0.775055  0.665974   -0.430444  0.00998518
-0.775055  0.665974   -0.430444  0.0144184 
-0.775055  0.665974   -0.430444  0.0117064 
-0.775055  0.665974   -0.430444  0.00702102
-0.732708  0.61107    -0.422413  0.0111351 
-0.732708  0.61107    -0.422413  0.0060565 
-0.747334  0.605633   -0.433268  0.00879114
-0.747334  0.605633   -0.433268  0.0120302 
-0.747334  0.605633   -0.433268  0.012421  
-0.707809  0.541347   -0.37195   0.0175378 
-0.707809  0.541347   -0.37195   0.0133006 
-0.707809  0.541347   -0.37195   0.0115956 
-0.739585  0.546385   -0.389869  0.00747319
-0.807585  0.607348   -0.436487  0.0177191 
-0.807585  0.607348   -0.436487  0.017499  
-0.807585  0.607348   -0.436487  0.0099888 
-0.807585  0.607348   -0.436487  0.0217273 
-0.807585  0.607348   -0.436487  0.0147971 
-0.807585  0.607348   -0.436487  0.00997699
-0.840553  0.64901    -0.435961  0.0141848 
-0.840553  0.64901    -0.435961  0.0101059 
-0.840553  0.64901    -0.435961  0.0218925 
-0.840553  0.64901    -0.435961  0.0116554 
-0.840553  0.64901    -0.435961  0.014445  
-0.840553  0.64901    -0.435961  0.0118145 
-0.779386  0.685999   -0.423317  0.0068197 
-0.739891  0.636601   -0.424348  0.00869376
-0.77097   0.657307   -0.426394  0.0160361 
-0.77097   0.657307   -0.426394  0.0134276 
-0.77097   0.657307   -0.426394  0.00779884
-0.741163  0.581068   -0.425512  0.0123735 
-0.741163  0.581068   -0.425512  0.00624659
-0.735261  0.636546   -0.431232  0.012674  
-0.735261  0.636546   -0.431232  0.0112784 
-0.735261  0.636546   -0.431232  0.0194047 
-0.735261  0.636546   -0.431232  0.0159563 
-0.735261  0.636546   -0.431232  0.00713983
-0.735261  0.636546   -0.431232  0.00688507
-0.786635  0.649482   -0.445116  0.00997151
-0.803119  0.63759    -0.442289  0.00792066
-0.83058   0.649775   -0.433222  0.0086479 
-0.83058   0.649775   -0.433222  0.00719688
-0.739689  0.588897   -0.432597  0.0167381 
-0.739689  0.588897   -0.432597  0.0118601 
-0.739689  0.588897   -0.432597  0.00779659
-0.739689  0.588897   -0.432597  0.00914766
-0.739689  0.588897   -0.432597  0.0151246 
-0.739689  0.588897   -0.432597  0.0146361 
-0.739689  0.588897   -0.432597  0.0149057 
-0.739689  0.588897   -0.432597  0.00899894
-0.770091  0.571361   -0.428865  0.00983194
-0.756568  0.66483    -0.416447  0.00869475
-0.756568  0.66483    -0.416447  0.00787176
-0.756568  0.66483    -0.416447  0.00807004
-0.841204  0.6006     -0.434426  0.0183288 
-0.841204  0.6006     -0.434426  0.0148082 
-0.841204  0.6006     -0.434426  0.024138  
-0.841204  0.6006     -0.434426  0.0109675 
-0.833442  0.634223   -0.438816  0.00613963
-0.764639  0.633785   -0.451795  0.0121284 
-0.764639  0.633785   -0.451795  0.0184735 
-0.764639  0.633785   -0.451795  0.0105475 
-0.764639  0.633785   -0.451795  0.0167887 
-0.764639  0.633785   -0.451795  0.00666568
-0.757455  0.641949   -0.42907   0.0114526 
-0.757455  0.641949   -0.42907   0.0165416 
-0.758129  0.715008   -0.385172  0.00779244
-0.679131  0.661691   -0.388955  0.00619479
-0.744065  0.610199   -0.427974  0.0102082 
-0.744065  0.610199   -0.427974  0.00816546
-0.717411  0.646151   -0.416616  0.00949267
-0.717411  0.646151   -0.416616  0.00973534
-0.717411  0.646151   -0.416616  0.035847  
-0.717411  0.646151   -0.416616  0.0107496 
-0.717411  0.646151   -0.416616  0.0143813 
-0.717411  0.646151   -0.416616  0.0111423 
-0.717411  0.646151   -0.416616  0.00807432
-0.717411  0.646151   -0.416616  0.00818346
-0.800613  0.659227   -0.436594  0.0116372 
-0.800613  0.659227   -0.436594  0.0108734 
-0.800613  0.659227   -0.436594  0.00963245
-0.800613  0.659227   -0.436594  0.011687  
-0.800613  0.659227   -0.436594  0.00819627
-0.786634  0.578943   -0.454058  0.0117117 
-0.786634  0.578943   -0.454058  0.015223  
-0.786634  0.578943   -0.454058  0.00880052
-0.786634  0.578943   -0.454058  0.00849119
-0.786634  0.578943   -0.454058  0.0101599 
-0.786634  0.578943   -0.454058  0.0104482 
-0.786634  0.578943   -0.454058  0.0231976 
-0.786634  0.578943   -0.454058  0.0152222 
-0.786634  0.578943   -0.454058  0.0107538 
-0.786634  0.578943   -0.454058  0.00790301
-0.786634  0.578943   -0.454058  0.0091431 
-0.825886  0.677234   -0.437552  0.0300224 
-0.825886  0.677234   -0.437552  0.00685963
-0.726351  0.622205   -0.436427  0.00592433
-0.745491  0.61454    -0.452466  0.00974681
-0.745491  0.61454    -0.452466  0.00711511
-0.745491  0.61454    -0.452466  0.00816368
-0.745491  0.61454    -0.452466  0.00780505
-0.805528  0.582186   -0.453334  0.0141441 
-0.805528  0.582186   -0.453334  0.0193164 
-0.805528  0.582186   -0.453334  0.0173083 
-0.805528  0.582186   -0.453334  0.0219073 
-0.805528  0.582186   -0.453334  0.0125449 
-0.805528  0.582186   -0.453334  0.00803969
-0.805528  0.582186   -0.453334  0.0115865 
-0.805528  0.582186   -0.453334  0.00888143
-0.805506  0.665075   -0.438001  0.0292587 
-0.805506  0.665075   -0.438001  0.00818915
-0.805506  0.665075   -0.438001  0.00793444
-0.825591  0.601326   -0.439453  0.0163202 
-0.825591  0.601326   -0.439453  0.00764031
-0.768688  0.677302   -0.440425  0.00681098
-0.722415  0.626817   -0.437587  0.0123033 
-0.722415  0.626817   -0.437587  0.012659  
-0.722415  0.626817   -0.437587  0.0118235 
-0.722415  0.626817   -0.437587  0.00877767
-0.722415  0.626817   -0.437587  0.0255712 
-0.722415  0.626817   -0.437587  0.00787818
-0.731572  0.593169   -0.423111  0.00721443
-0.704223  0.601391   -0.416446  0.00742528
-0.770276  0.658634   -0.449487  0.00681054
-0.770276  0.658634   -0.449487  0.0239119 
-0.770276  0.658634   -0.449487  0.00835596
-0.770276  0.658634   -0.449487  0.0161913 
-0.770276  0.658634   -0.449487  0.0141983 
-0.770276  0.658634   -0.449487  0.00749482
-0.770276  0.658634   -0.449487  0.00833725
-0.770276  0.658634   -0.449487  0.00648913
-0.838552  0.625814   -0.446727  0.0109734 
-0.838552  0.625814   -0.446727  0.014485  
-0.838552  0.625814   -0.446727  0.00900749
-0.794478  0.646503   -0.445979  0.0118076 
-0.794478  0.646503   -0.445979  0.00880322
-0.794478  0.646503   -0.445979  0.0218614 
-0.794478  0.646503   -0.445979  0.00810019
-0.798289  0.60136    -0.436722  0.00975372
-0.809576  0.628731   -0.432916  0.00678631
-0.722048  0.656492   -0.431624  0.00749244
-0.811716  0.587791   -0.433287  0.00933307
-0.764814  0.679737   -0.430785  0.018436  
-0.764814  0.679737   -0.430785  0.0179033 
-0.764814  0.679737   -0.430785  0.0114933 
-0.830611  0.678898   -0.434315  0.0206427 
-0.830611  0.678898   -0.434315  0.032262  
-0.830611  0.678898   -0.434315  0.0166842 
-0.830611  0.678898   -0.434315  0.0192    
-0.830611  0.678898   -0.434315  0.0142929 
-0.830611  0.678898   -0.434315  0.0112685 
-0.830611  0.678898   -0.434315  0.0145284 
-0.830611  0.678898   -0.434315  0.0128874 
-0.830611  0.678898   -0.434315  0.0185311 
-0.830611  0.678898   -0.434315  0.0151807 
-0.830611  0.678898   -0.434315  0.0188946 
-0.830611  0.678898   -0.434315  0.0189636 
-0.830611  0.678898   -0.434315  0.00723264
-0.841025  0.613954   -0.45119   0.0156385 
-0.841025  0.613954   -0.45119   0.00996749
-0.841025  0.613954   -0.45119   0.0108198 
-0.841025  0.613954   -0.45119   0.00820918
-0.795047  0.647589   -0.439684  0.0178527 
-0.8495    0.738306   -0.362969  0.0118052 
-0.756905  0.694397   -0.408613  0.00719523
-0.756905  0.694397   -0.408613  0.00842055
-0.731561  0.674198   -0.419127  0.0102575 
-0.731561  0.674198   -0.419127  0.0202162 
-0.731561  0.674198   -0.419127  0.0114092 
-0.731561  0.674198   -0.419127  0.0109752 
-0.731561  0.674198   -0.419127  0.00638622
-0.757958  0.612647   -0.435596  0.0106141 
-0.757958  0.612647   -0.435596  0.0100817 
-0.757958  0.612647   -0.435596  0.00798921
-0.783161  0.579752   -0.44255   0.00627156
-0.783161  0.579752   -0.44255   0.00969058
-0.752594  0.570579   -0.432489  0.00668678
-0.727624  0.608823   -0.418098  0.0094799 
-0.778809  0.651985   -0.425469  0.00929895
-0.792311  0.679284   -0.440069  0.015241  
-0.792311  0.679284   -0.440069  0.00843059
-0.771575  0.645886   -0.441846  0.0208604 
-0.771575  0.645886   -0.441846  0.00863546
-0.819766  0.651143   -0.436007  0.009567  
-0.788242  0.565373   -0.429526  0.0214128 
-0.788242  0.565373   -0.429526  0.00734529
-0.76168   0.631436   -0.44464   0.00765179
-0.76168   0.631436   -0.44464   0.00747083
-0.76168   0.631436   -0.44464   0.0133779 
-0.831491  0.715822   -0.403482  0.00872545
-0.742355  0.682196   -0.417827  0.0076993 
-0.725208  0.58684    -0.426793  0.00926908
-0.752164  0.565216   -0.41544   0.0173867 
-0.752164  0.565216   -0.41544   0.00824192
-0.752164  0.565216   -0.41544   0.0141757 
-0.752164  0.565216   -0.41544   0.00839626
-0.752164  0.565216   -0.41544   0.024114  
-0.752164  0.565216   -0.41544   0.0168698 
-0.752164  0.565216   -0.41544   0.00842122
-0.752164  0.565216   -0.41544   0.0107608 
-0.830789  0.555996   -0.406045  0.0114387 
-0.82052   0.550172   -0.400939  0.0109228 
-0.782957  0.553571   -0.407188  0.00808288
-0.708914  0.582433   -0.407737  0.0104118 
-0.708914  0.582433   -0.407737  0.0133577 
-0.708914  0.582433   -0.407737  0.00820258
-0.651326  0.650182   -0.378779  0.00877915
-0.651326  0.650182   -0.378779  0.0105295 
-0.651326  0.650182   -0.378779  0.00832878
-0.710896  0.578326   -0.407316  0.00983143
-0.696448  0.561057   -0.384553  0.0110326 
-0.696448  0.561057   -0.384553  0.0103851 
-0.696448  0.561057   -0.384553  0.00899148
-0.690756  0.57549    -0.389201  0.0115308 
-0.690756  0.57549    -0.389201  0.0185943 
-0.690756  0.57549    -0.389201  0.012024  
-0.78091   0.543651   -0.393169  0.0248859 
-0.78091   0.543651   -0.393169  0.0217254 
-0.78091   0.543651   -0.393169  0.00710624
-0.724859  0.617741   -0.42987   0.0093557 
-0.724859  0.617741   -0.42987   0.00646801
-0.720152  0.635806   -0.428774  0.00830144
-0.733185  0.66638    -0.427213  0.020958  
-0.733185  0.66638    -0.427213  0.00668073
-0.733185  0.66638    -0.427213  0.0112399 
-0.778777  0.706171   -0.42149   0.00940834
-0.707748  0.631877   -0.416605  0.00950176
-0.693706  0.5684     -0.39115   0.0130723 
-0.693706  0.5684     -0.39115   0.00890621
-0.693706  0.5684     -0.39115   0.00784604
-0.749523  0.657184   -0.44501   0.00744643
-0.792618  0.607037   -0.443477  0.0112644 
-0.792618  0.607037   -0.443477  0.0153335 
-0.792618  0.607037   -0.443477  0.00791149
-0.792618  0.607037   -0.443477  0.0117627 
-0.792618  0.607037   -0.443477  0.0065556 
-0.770525  0.617393   -0.442902  0.00738967
-0.770525  0.617393   -0.442902  0.0134029 
-0.770525  0.617393   -0.442902  0.00813846
-0.770525  0.617393   -0.442902  0.0139895 
-0.770525  0.617393   -0.442902  0.0092613 
-0.770525  0.617393   -0.442902  0.00939563
-0.780342  0.682071   -0.436924  0.0103465 
-0.780342  0.682071   -0.436924  0.0114549 
-0.780342  0.682071   -0.436924  0.0109309 
-0.770171  0.681921   -0.423499  0.028786  
-0.770171  0.681921   -0.423499  0.0138888 
-0.770171  0.681921   -0.423499  0.0154194 
-0.770171  0.681921   -0.423499  0.00770913
-0.863525  0.641292   -0.439142  0.0172765 
-0.863525  0.641292   -0.439142  0.0125099 
-0.863525  0.641292   -0.439142  0.00918511
-0.863525  0.641292   -0.439142  0.0131251 
-0.863525  0.641292   -0.439142  0.00842929
-0.856156  0.617036   -0.431234  0.01556   
-0.856156  0.617036   -0.431234  0.0112593 
-0.856156  0.617036   -0.431234  0.0178071 
-0.856156  0.617036   -0.431234  0.0158052 
-0.856156  0.617036   -0.431234  0.00984219
-0.856156  0.617036   -0.431234  0.00696158
-0.815565  0.608753   -0.442157  0.0334899 
-0.815565  0.608753   -0.442157  0.0126534 
-0.815565  0.608753   -0.442157  0.0136891 
-0.815565  0.608753   -0.442157  0.0161655 
-0.815565  0.608753   -0.442157  0.00951077
-0.815565  0.608753   -0.442157  0.0127725 
-0.815565  0.608753   -0.442157  0.00826343
-0.815565  0.608753   -0.442157  0.0124419 
-0.815565  0.608753   -0.442157  0.00640678
-0.722662  0.617935   -0.431768  0.0111611 
-0.722662  0.617935   -0.431768  0.00847453
-0.818733  0.633593   -0.44685   0.0088583 
-0.882525  0.603763   -0.427848  0.017969  
-0.882525  0.603763   -0.427848  0.012007  
-0.882525  0.603763   -0.427848  0.0108025 
-0.882525  0.603763   -0.427848  0.0208078 
-0.882525  0.603763   -0.427848  0.0118856 
-0.882525  0.603763   -0.427848  0.00856847
-0.788002  0.655916   -0.433319  0.0110576 
-0.788002  0.655916   -0.433319  0.0130929 
-0.788002  0.655916   -0.433319  0.0175486 
-0.788002  0.655916   -0.433319  0.00942299
-0.788002  0.655916   -0.433319  0.00970784
-0.788002  0.655916   -0.433319  0.0103887 
-0.788002  0.655916   -0.433319  0.0122323 
-0.788002  0.655916   -0.433319  0.0112355 
-0.797071  0.70288    -0.420838  0.00807891
-0.833046  0.630194   -0.444984  0.00946067
-0.833046  0.630194   -0.444984  0.0166486 
-0.833046  0.630194   -0.444984  0.0149679 
-0.833046  0.630194   -0.444984  0.00679625
-0.794779  0.599243   -0.451848  0.0142073 
-0.794779  0.599243   -0.451848  0.00911302
-0.794779  0.599243   -0.451848  0.00896756
-0.794779  0.599243   -0.451848  0.00670374
-0.794779  0.599243   -0.451848  0.00986579
-0.794779  0.599243   -0.451848  0.00684946
-0.794779  0.599243   -0.451848  0.00684185
-0.794779  0.599243   -0.451848  0.00954444
-0.794779  0.599243   -0.451848  0.0122447 
-0.794779  0.599243   -0.451848  0.0124909 
-0.794779  0.599243   -0.451848  0.0101826 
-0.794779  0.599243   -0.451848  0.0149141 
-0.794779  0.599243   -0.451848  0.0106037 
-0.794779  0.599243   -0.451848  0.0145139 
-0.794779  0.599243   -0.451848  0.00881271
-0.794779  0.599243   -0.451848  0.0179843 
-0.794779  0.599243   -0.451848  0.0112594 
-0.838261  0.63457    -0.432212  0.0120783 
-0.820407  0.651023   -0.427101  0.00863209
-0.761549  0.663024   -0.434027  0.0073459 
-0.761549  0.663024   -0.434027  0.00827986
-0.761549  0.663024   -0.434027  0.00809064
-0.83347   0.600293   -0.446374  0.0121753 
-0.83347   0.600293   -0.446374  0.0155182 
-0.83347   0.600293   -0.446374  0.00691904
-0.764671  0.607086   -0.43545   0.0113827 
-0.764671  0.607086   -0.43545   0.0106232 
-0.764671  0.607086   -0.43545   0.00998551
-0.764671  0.607086   -0.43545   0.00744701
-0.746569  0.604423   -0.419006  0.00749947
-0.771621  0.590372   -0.451243  0.00930791
-0.771621  0.590372   -0.451243  0.0171506 
-0.771621  0.590372   -0.451243  0.00796998
-0.771621  0.590372   -0.451243  0.0136331 
-0.771621  0.590372   -0.451243  0.00778266
-0.771621  0.590372   -0.451243  0.00771752
-0.771621  0.590372   -0.451243  0.0164718 
-0.771621  0.590372   -0.451243  0.00811524
-0.771621  0.590372   -0.451243  0.00777263
-0.771621  0.590372   -0.451243  0.0127123 
-0.771621  0.590372   -0.451243  0.00814394
-0.839615  0.616156   -0.438206  0.00832507
-0.750081  0.574067   -0.450429  0.00688893
-0.809382  0.613511   -0.449586  0.00996358
-0.809382  0.613511   -0.449586  0.0192817 
-0.809382  0.613511   -0.449586  0.013432  
-0.809382  0.613511   -0.449586  0.00789843
-0.809382  0.613511   -0.449586  0.00606213
-0.734054  0.634459   -0.445427  0.0060738 
-0.801943  0.620054   -0.445446  0.0105413 
-0.801943  0.620054   -0.445446  0.00759288
-0.801943  0.620054   -0.445446  0.0146426 
-0.801943  0.620054   -0.445446  0.0109841 
-0.801943  0.620054   -0.445446  0.00592929
-0.72874   0.636642   -0.430543  0.0143482 
-0.72874   0.636642   -0.430543  0.0192884 
-0.72874   0.636642   -0.430543  0.00910614
-0.72874   0.636642   -0.430543  0.0131437 
-0.802554  0.719794   -0.403764  0.0116927 
-0.864773  0.630572   -0.428043  0.0168325 
-0.864773  0.630572   -0.428043  0.0330238 
-0.864773  0.630572   -0.428043  0.00763475
-0.848325  0.590308   -0.436685  0.0114567 
-0.848325  0.590308   -0.436685  0.0157143 
-0.848325  0.590308   -0.436685  0.0154787 
-0.848325  0.590308   -0.436685  0.0129689 
-0.848325  0.590308   -0.436685  0.00850813
-0.854408  0.59573    -0.423645  0.0153881 
-0.854408  0.59573    -0.423645  0.00801722
-0.809491  0.622294   -0.451972  0.00957913
-0.809491  0.622294   -0.451972  0.0104661 
-0.809491  0.622294   -0.451972  0.0110081 
-0.796633  0.688344   -0.42127   0.0196518 
-0.796633  0.688344   -0.42127   0.010975  
-0.796633  0.688344   -0.42127   0.0115068 
-0.796633  0.688344   -0.42127   0.0167694 
-0.796633  0.688344   -0.42127   0.0142916 
-0.823633  0.664427   -0.421245  0.013431  
-0.846328  0.683497   -0.412795  0.00733907
-0.800082  0.58719    -0.433901  0.00658257
-0.714261  0.609466   -0.423134  0.00895782
-0.714261  0.609466   -0.423134  0.0082774 
-0.718732  0.688173   -0.420268  0.0280437 
-0.73584   0.728811   -0.368912  0.0217424 
-0.73584   0.728811   -0.368912  0.00969407
-0.725913  0.684902   -0.418816  0.00960184
-0.80524   0.664917   -0.432642  0.0262655 
-0.80524   0.664917   -0.432642  0.00805536
-0.870716  0.593155   -0.414539  0.0134923 
-0.870716  0.593155   -0.414539  0.011264  
-0.870716  0.593155   -0.414539  0.0158708 
-0.870716  0.593155   -0.414539  0.00884963
-0.870716  0.593155   -0.414539  0.00831313
-0.787313  0.579895   -0.457581  0.01403   
-0.787313  0.579895   -0.457581  0.0102654 
-0.787313  0.579895   -0.457581  0.0202269 
-0.787313  0.579895   -0.457581  0.0165326 
-0.787313  0.579895   -0.457581  0.00751742
-0.787313  0.579895   -0.457581  0.0197492 
-0.787313  0.579895   -0.457581  0.00826588
-0.787313  0.579895   -0.457581  0.0112591 
-0.787313  0.579895   -0.457581  0.00672965
-0.787313  0.579895   -0.457581  0.0181408 
-0.787313  0.579895   -0.457581  0.0216209 
-0.787313  0.579895   -0.457581  0.00749957
-0.787313  0.579895   -0.457581  0.0137188 
-0.787313  0.579895   -0.457581  0.0184111 
-0.787313  0.579895   -0.457581  0.0108942 
-0.787313  0.579895   -0.457581  0.00746343
-0.882034  0.594356   -0.41698   0.0109411 
-0.826623  0.654159   -0.428316  0.00929812
-0.826623  0.654159   -0.428316  0.019455  
-0.826623  0.654159   -0.428316  0.00753315
-0.832213  0.589555   -0.432636  0.00738943
-0.7388    0.587701   -0.450698  0.00819495
-0.7388    0.587701   -0.450698  0.00686244
-0.702713  0.626115   -0.410679  0.0159711 
-0.702713  0.626115   -0.410679  0.00899247
-0.702713  0.626115   -0.410679  0.00984985
-0.702713  0.626115   -0.410679  0.0105475 
-0.775818  0.682159   -0.430607  0.0234447 
-0.775818  0.682159   -0.430607  0.0112274 
-0.775818  0.682159   -0.430607  0.0079571 
-0.775818  0.682159   -0.430607  0.0173235 
-0.775818  0.682159   -0.430607  0.00789343
-0.834727  0.588062   -0.426369  0.011819  
-0.834727  0.588062   -0.426369  0.00713527
-0.746615  0.625358   -0.434637  0.00841163
-0.746615  0.625358   -0.434637  0.0116115 
-0.746615  0.625358   -0.434637  0.0154426 
-0.746615  0.625358   -0.434637  0.00761475
-0.758217  0.584458   -0.439792  0.0110624 
-0.758217  0.584458   -0.439792  0.00644589
-0.728218  0.608872   -0.415566  0.00929279
-0.728218  0.608872   -0.415566  0.0111415 
-0.728218  0.608872   -0.415566  0.00822558
-0.728359  0.578413   -0.403665  0.0219882 
-0.728359  0.578413   -0.403665  0.0106602 
-0.808906  0.556864   -0.414556  0.0108287 
-0.808906  0.556864   -0.414556  0.0115451 
-0.78063   0.609775   -0.424875  0.00847096
-0.869287  0.599239   -0.426124  0.00939574
-0.786984  0.667487   -0.428252  0.0133833 
-0.786984  0.667487   -0.428252  0.0233402 
-0.786984  0.667487   -0.428252  0.0219842 
-0.786984  0.667487   -0.428252  0.00748042
-0.76764   0.608917   -0.433965  0.00982385
-0.76764   0.608917   -0.433965  0.00609753
-0.799416  0.616827   -0.454715  0.0112717 
-0.799416  0.616827   -0.454715  0.0077653 
-0.799416  0.616827   -0.454715  0.00897255
-0.799416  0.616827   -0.454715  0.008787  
-0.799416  0.616827   -0.454715  0.00716975
-0.799416  0.616827   -0.454715  0.0114928 
-0.799416  0.616827   -0.454715  0.0106322 
-0.811953  0.675215   -0.418953  0.0103473 
-0.761748  0.691403   -0.411756  0.0117065 
-0.7503    0.671731   -0.41438   0.0200747 
-0.7503    0.671731   -0.41438   0.00628041
-0.767916  0.627645   -0.439877  0.00717599
-0.767916  0.627645   -0.439877  0.00962047
-0.767916  0.627645   -0.439877  0.0100148 
-0.860074  0.656244   -0.428768  0.00759812
-0.843535  0.596263   -0.441005  0.0209073 
-0.843535  0.596263   -0.441005  0.018514  
-0.843535  0.596263   -0.441005  0.00914179
-0.843535  0.596263   -0.441005  0.00638607
-0.778421  0.60846    -0.444495  0.00711456
-0.778421  0.60846    -0.444495  0.00933465
-0.734835  0.678399   -0.413927  0.00766075
-0.747005  0.664509   -0.433945  0.0069049 
-0.731541  0.597698   -0.424052  0.00818275
-0.731541  0.597698   -0.424052  0.0126606 
-0.795088  0.669973   -0.415382  0.0126953 
-0.795088  0.669973   -0.415382  0.00608047
-0.818271  0.631498   -0.451158  0.00577874
-0.781791  0.612391   -0.444146  0.0205003 
-0.781791  0.612391   -0.444146  0.00984388
-0.781791  0.612391   -0.444146  0.00731114
-0.781791  0.612391   -0.444146  0.0120502 
-0.781791  0.612391   -0.444146  0.00791267
-0.876957  0.613493   -0.431081  0.00776423
-0.801742  0.603654   -0.428828  0.00745808
-0.795669  0.665804   -0.440761  0.0228818 
-0.795669  0.665804   -0.440761  0.0234736 
-0.795669  0.665804   -0.440761  0.0075142 
-0.80794   0.649167   -0.440184  0.0110787 
-0.80794   0.649167   -0.440184  0.0139925 
-0.80794   0.649167   -0.440184  0.0077192 
-0.80794   0.649167   -0.440184  0.00886386
-0.80794   0.649167   -0.440184  0.00788413
-0.868891  0.594176   -0.41092   0.017429  
-0.868891  0.594176   -0.41092   0.0111399 
-0.857331  0.551383   -0.384824  0.00873289
-0.895768  0.616859   -0.422118  0.0111016 
-0.895768  0.616859   -0.422118  0.012853  
-0.883765  0.586277   -0.40829   0.0178877 
-0.883765  0.586277   -0.40829   0.0141356 
-0.883765  0.586277   -0.40829   0.0180162 
-0.883765  0.586277   -0.40829   0.0132871 
-0.883765  0.586277   -0.40829   0.011496  
-0.883765  0.586277   -0.40829   0.00653619
-0.815802  0.607952   -0.450809  0.0130364 
-0.815802  0.607952   -0.450809  0.0103451 
-0.815802  0.607952   -0.450809  0.0121321 
-0.815802  0.607952   -0.450809  0.0160628 
-0.815802  0.607952   -0.450809  0.0130379 
-0.815802  0.607952   -0.450809  0.00781533
-0.815802  0.607952   -0.450809  0.0174597 
-0.815802  0.607952   -0.450809  0.00923598
-0.815802  0.607952   -0.450809  0.0110268 
-0.815802  0.607952   -0.450809  0.0121262 
-0.815802  0.607952   -0.450809  0.0147607 
-0.815802  0.607952   -0.450809  0.00623225
-0.778909  0.64108    -0.440822  0.0107846 
-0.778909  0.64108    -0.440822  0.00838789
-0.778909  0.64108    -0.440822  0.01647   
-0.778909  0.64108    -0.440822  0.0111298 
-0.778909  0.64108    -0.440822  0.00659508
-0.778909  0.64108    -0.440822  0.00691943
-0.693696  0.639398   -0.404788  0.00990898
-0.72522   0.698482   -0.407676  0.0202972 
-0.72522   0.698482   -0.407676  0.00969489
-0.72522   0.698482   -0.407676  0.0086323 
-0.731334  0.702889   -0.422813  0.00732115
-0.749435  0.635231   -0.437663  0.00719137
-0.749435  0.635231   -0.437663  0.0141888 
-0.749435  0.635231   -0.437663  0.0123332 
-0.749435  0.635231   -0.437663  0.0229702 
-0.749435  0.635231   -0.437663  0.0109748 
-0.749435  0.635231   -0.437663  0.00987984
-0.749435  0.635231   -0.437663  0.00955283
-0.749435  0.635231   -0.437663  0.0287845 
-0.749435  0.635231   -0.437663  0.00879154
-0.749435  0.635231   -0.437663  0.0063913 
-0.774449  0.601803   -0.442179  0.00886796
-0.774449  0.601803   -0.442179  0.00732295
-0.774449  0.601803   -0.442179  0.0146064 
-0.774449  0.601803   -0.442179  0.00798462
-0.685067  0.599808   -0.410741  0.0103652 
-0.685067  0.599808   -0.410741  0.010185  
-0.685067  0.599808   -0.410741  0.0109219 
-0.685067  0.599808   -0.410741  0.0107303 
-0.685067  0.599808   -0.410741  0.00855435
-0.701944  0.65982    -0.41634   0.0150045 
-0.682054  0.707951   -0.370639  0.00739678
-0.686097  0.63113    -0.400676  0.010096  
-0.686097  0.63113    -0.400676  0.0116336 
-0.686097  0.63113    -0.400676  0.00974389
-0.686097  0.63113    -0.400676  0.0102786 
-0.686097  0.63113    -0.400676  0.00777471
-0.665499  0.625221   -0.380697  0.0102782 
-0.724366  0.559268   -0.399327  0.0242621 
-0.724366  0.559268   -0.399327  0.00990471
-0.812786  0.584145   -0.432627  0.0114269 
-0.812786  0.584145   -0.432627  0.0113195 
-0.812786  0.584145   -0.432627  0.00776577
-0.789882  0.582899   -0.439147  0.011249  
-0.720809  0.639362   -0.417353  0.012997  
-0.720809  0.639362   -0.417353  0.0140521 
-0.720809  0.639362   -0.417353  0.00698005
-0.720809  0.639362   -0.417353  0.0119191 
-0.720809  0.639362   -0.417353  0.0117351 
-0.720809  0.639362   -0.417353  0.00905298
-0.720809  0.639362   -0.417353  0.00683737
-0.715324  0.649959   -0.419003  0.0110282 
-0.715324  0.649959   -0.419003  0.0235026 
-0.715324  0.649959   -0.419003  0.00763609
-0.790731  0.582272   -0.431086  0.0174889 
-0.790731  0.582272   -0.431086  0.0179564 
-0.790731  0.582272   -0.431086  0.0169085 
-0.790731  0.582272   -0.431086  0.0154958 
-0.790731  0.582272   -0.431086  0.00730717
-0.793695  0.587597   -0.435946  0.00766999
-0.824987  0.660414   -0.434504  0.00715161
-0.803383  0.600014   -0.444552  0.0177393 
-0.803383  0.600014   -0.444552  0.00859568
-0.803383  0.600014   -0.444552  0.0134505 
-0.803383  0.600014   -0.444552  0.0180314 
-0.803383  0.600014   -0.444552  0.0136761 
-0.803383  0.600014   -0.444552  0.00741787
-0.815699  0.641431   -0.437902  0.0115872 
-0.815699  0.641431   -0.437902  0.0126506 
-0.815699  0.641431   -0.437902  0.0086849 
-0.815699  0.641431   -0.437902  0.018926  
-0.815699  0.641431   -0.437902  0.0180295 
-0.815699  0.641431   -0.437902  0.0100902 
-0.815699  0.641431   -0.437902  0.0175996 
-0.815699  0.641431   -0.437902  0.0101879 
-0.815699  0.641431   -0.437902  0.0087413 
-0.815699  0.641431   -0.437902  0.00671395
-0.757783  0.598495   -0.440046  0.0178526 
-0.757783  0.598495   -0.440046  0.00872963
-0.85594   0.625346   -0.430782  0.00904874
-0.85594   0.625346   -0.430782  0.0133257 
-0.85594   0.625346   -0.430782  0.0143996 
-0.85594   0.625346   -0.430782  0.0187263 
-0.85594   0.625346   -0.430782  0.00777122
-0.822185  0.633652   -0.436246  0.0130459 
-0.822185  0.633652   -0.436246  0.0112779 
-0.822185  0.633652   -0.436246  0.00722899
-0.822185  0.633652   -0.436246  0.0178915 
-0.822185  0.633652   -0.436246  0.00740799
-0.810446  0.6144     -0.453917  0.0125817 
-0.810446  0.6144     -0.453917  0.0110219 
-0.810446  0.6144     -0.453917  0.00676068
-0.810446  0.6144     -0.453917  0.0128773 
-0.810446  0.6144     -0.453917  0.0108817 
-0.810446  0.6144     -0.453917  0.0146832 
-0.810446  0.6144     -0.453917  0.0069111 
-0.810446  0.6144     -0.453917  0.0159364 
-0.810446  0.6144     -0.453917  0.00883025
-0.810446  0.6144     -0.453917  0.0166157 
-0.810446  0.6144     -0.453917  0.0065428 
-0.747457  0.602551   -0.426403  0.009639  
-0.70019   0.56323    -0.407628  0.0213469 
-0.70019   0.56323    -0.407628  0.0126773 
-0.70019   0.56323    -0.407628  0.0102916 
-0.775821  0.556319   -0.42034   0.0166987 
-0.775821  0.556319   -0.42034   0.0107323 
-0.775821  0.556319   -0.42034   0.00799609
-0.775821  0.556319   -0.42034   0.0220411 
-0.775821  0.556319   -0.42034   0.0112962 
-0.775821  0.556319   -0.42034   0.0269756 
-0.775821  0.556319   -0.42034   0.0101759 
-0.840428  0.567403   -0.419931  0.0155829 
-0.840428  0.567403   -0.419931  0.00652365
-0.749069  0.635142   -0.439647  0.00866034
-0.749069  0.635142   -0.439647  0.00666751
-0.749069  0.635142   -0.439647  0.0103588 
-0.749069  0.635142   -0.439647  0.00869691
-0.751945  0.623763   -0.419181  0.0100994 
-0.751945  0.623763   -0.419181  0.00946765
-0.756182  0.604262   -0.42522   0.0125334 
-0.756182  0.604262   -0.42522   0.0187673 
-0.756182  0.604262   -0.42522   0.00811731
-0.756182  0.604262   -0.42522   0.0101115 
-0.756182  0.604262   -0.42522   0.0063144 
-0.782536  0.65197    -0.445795  0.0151806 
-0.782536  0.65197    -0.445795  0.00709738
-0.750114  0.594268   -0.440778  0.006955  
-0.750114  0.594268   -0.440778  0.00797957
-0.750114  0.594268   -0.440778  0.00721223
-0.750114  0.594268   -0.440778  0.0172584 
-0.750114  0.594268   -0.440778  0.00812837
-0.750114  0.594268   -0.440778  0.015513  
-0.750114  0.594268   -0.440778  0.0134352 
-0.750114  0.594268   -0.440778  0.0112134 
-0.750114  0.594268   -0.440778  0.00759865
-0.750114  0.594268   -0.440778  0.0170073 
-0.750114  0.594268   -0.440778  0.00864137
-0.750114  0.594268   -0.440778  0.0140022 
-0.750114  0.594268   -0.440778  0.00739457
-0.688476  0.602884   -0.407295  0.00723797
-0.709202  0.59957    -0.416821  0.0115928 
-0.709202  0.59957    -0.416821  0.0101445 
-0.761834  0.664233   -0.419794  0.0182479 
-0.761834  0.664233   -0.419794  0.00767461
-0.746947  0.646424   -0.420725  0.0172315 
-0.746947  0.646424   -0.420725  0.0108125 
-0.746947  0.646424   -0.420725  0.0107777 
-0.746947  0.646424   -0.420725  0.00714601
-0.746947  0.646424   -0.420725  0.00830301
-0.746947  0.646424   -0.420725  0.0109904 
-0.746947  0.646424   -0.420725  0.0104913 
-0.839559  0.653495   -0.420666  0.0106331 
-0.832968  0.557994   -0.404502  0.00768143
-0.777098  0.581669   -0.446837  0.0106744 
-0.849703  0.63903    -0.431249  0.0135853 
-0.867322  0.641035   -0.396323  0.0153795 
-0.878391  0.676132   -0.404713  0.00684299
-0.80605   0.596787   -0.4499    0.0108874 
-0.80605   0.596787   -0.4499    0.016767  
-0.80605   0.596787   -0.4499    0.00874003
-0.80605   0.596787   -0.4499    0.0137551 
-0.80605   0.596787   -0.4499    0.0106924 
-0.80605   0.596787   -0.4499    0.0132853 
-0.80605   0.596787   -0.4499    0.014032  
-0.80605   0.596787   -0.4499    0.0146415 
-0.80605   0.596787   -0.4499    0.0139202 
-0.80605   0.596787   -0.4499    0.0157221 
-0.80605   0.596787   -0.4499    0.0119121 
-0.80605   0.596787   -0.4499    0.00761776
-0.80605   0.596787   -0.4499    0.0137917 
-0.80605   0.596787   -0.4499    0.00709705
-0.80605   0.596787   -0.4499    0.0130111 
-0.80605   0.596787   -0.4499    0.010083  
-0.80605   0.596787   -0.4499    0.0064006 
-0.80605   0.596787   -0.4499    0.00815791
-0.80605   0.596787   -0.4499    0.0137728 
-0.80605   0.596787   -0.4499    0.0142555 
-0.80605   0.596787   -0.4499    0.00964095
-0.80605   0.596787   -0.4499    0.0142893 
-0.80605   0.596787   -0.4499    0.00805162
-0.80605   0.596787   -0.4499    0.0146258 
-0.80605   0.596787   -0.4499    0.0207915 
-0.80605   0.596787   -0.4499    0.00659232
-0.840826  0.604064   -0.45112   0.0114006 
-0.840826  0.604064   -0.45112   0.0108522 
-0.840826  0.604064   -0.45112   0.00601758
-0.766434  0.617311   -0.448292  0.0122041 
-0.766434  0.617311   -0.448292  0.00663239
-0.766434  0.617311   -0.448292  0.014092  
-0.766434  0.617311   -0.448292  0.00764438
-0.766434  0.617311   -0.448292  0.0181863 
-0.766434  0.617311   -0.448292  0.00584538
-0.753618  0.630802   -0.439406  0.0104802 
-0.753618  0.630802   -0.439406  0.0105143 
-0.810088  0.661528   -0.42927   0.00686543
-0.810088  0.661528   -0.42927   0.00708725
-0.794586  0.588782   -0.443605  0.0122733 
-0.794586  0.588782   -0.443605  0.0125304 
-0.794586  0.588782   -0.443605  0.0098514 
-0.794586  0.588782   -0.443605  0.0171625 
-0.794586  0.588782   -0.443605  0.01857   
-0.794586  0.588782   -0.443605  0.014672  
-0.794586  0.588782   -0.443605  0.0188641 
-0.794586  0.588782   -0.443605  0.00610008
-0.746563  0.617585   -0.447308  0.0150912 
-0.746563  0.617585   -0.447308  0.00756427
-0.746563  0.617585   -0.447308  0.00967568
-0.788039  0.717002   -0.425928  0.0121965 
-0.788039  0.717002   -0.425928  0.0103837 
-0.79938   0.628671   -0.430109  0.0129899 
-0.79938   0.628671   -0.430109  0.00775744
-0.751103  0.648691   -0.436544  0.00892974
-0.757324  0.572713   -0.433846  0.0216396 
-0.757324  0.572713   -0.433846  0.0179579 
-0.757324  0.572713   -0.433846  0.00954391
-0.757324  0.572713   -0.433846  0.0110348 
-0.757324  0.572713   -0.433846  0.0110026 
-0.757324  0.572713   -0.433846  0.00764095
-0.816189  0.625402   -0.444712  0.0120059 
-0.816189  0.625402   -0.444712  0.0162439 
-0.816189  0.625402   -0.444712  0.0120532 
-0.816189  0.625402   -0.444712  0.00750868
-0.829585  0.628605   -0.444378  0.00737476
-0.834156  0.587325   -0.431609  0.0113093 
-0.834156  0.587325   -0.431609  0.0190925 
-0.834156  0.587325   -0.431609  0.0192847 
-0.834156  0.587325   -0.431609  0.00835396
-0.834156  0.587325   -0.431609  0.00970502
-0.848554  0.630734   -0.438592  0.00720049
-0.838973  0.62994    -0.444219  0.00846737
-0.838973  0.62994    -0.444219  0.00902597
-0.838973  0.62994    -0.444219  0.0152237 
-0.765635  0.694246   -0.405165  0.0162881 
-0.765635  0.694246   -0.405165  0.00773338
-0.686705  0.63888    -0.406991  0.0116807 
-0.695819  0.646849   -0.403228  0.0080559 
-0.725033  0.584601   -0.419318  0.00841726
-0.766853  0.638832   -0.434468  0.00620495
-0.766853  0.638832   -0.434468  0.00817217
-0.766853  0.638832   -0.434468  0.0110509 
-0.766853  0.638832   -0.434468  0.00763301
-0.775408  0.583863   -0.432881  0.0163494 
-0.775408  0.583863   -0.432881  0.006502  
-0.788875  0.601021   -0.451121  0.00687552
-0.774794  0.611736   -0.438261  0.0109907 
-0.774794  0.611736   -0.438261  0.00869809
-0.73965   0.574414   -0.418734  0.00853742
-0.73965   0.574414   -0.418734  0.0140583 
-0.73965   0.574414   -0.418734  0.00658473
-0.703595  0.640654   -0.422485  0.00926659
-0.703595  0.640654   -0.422485  0.00949578
-0.736297  0.563393   -0.409055  0.00819231
-0.736297  0.563393   -0.409055  0.00774954
-0.7947    0.5853     -0.436593  0.0182615 
-0.7947    0.5853     -0.436593  0.0104662 
-0.7947    0.5853     -0.436593  0.00908969
-0.7947    0.5853     -0.436593  0.0149223 
-0.7947    0.5853     -0.436593  0.0106527 
-0.7947    0.5853     -0.436593  0.0172637 
-0.7947    0.5853     -0.436593  0.0189241 
-0.7947    0.5853     -0.436593  0.00799816
-0.759845  0.610786   -0.447055  0.00796555
-0.759845  0.610786   -0.447055  0.00765666
-0.759845  0.610786   -0.447055  0.00969132
-0.759845  0.610786   -0.447055  0.00881034
-0.822719  0.604819   -0.441656  0.0111476 
-0.822719  0.604819   -0.441656  0.0110006 
-0.822719  0.604819   -0.441656  0.00598896
-0.822719  0.604819   -0.441656  0.00880422
-0.822719  0.604819   -0.441656  0.0222309 
-0.822719  0.604819   -0.441656  0.00960657
-0.822719  0.604819   -0.441656  0.0100649 
-0.848734  0.562686   -0.413436  0.0261129 
-0.848734  0.562686   -0.413436  0.0105461 
-0.848734  0.562686   -0.413436  0.0110185 
-0.895078  0.57446    -0.405233  0.0105363 
-0.863629  0.618498   -0.422303  0.0243833 
-0.863629  0.618498   -0.422303  0.00666637
-0.807344  0.597506   -0.436307  0.00934893
-0.794439  0.567303   -0.438573  0.0201122 
-0.794439  0.567303   -0.438573  0.0213301 
-0.794439  0.567303   -0.438573  0.00937342
-0.768167  0.563341   -0.42556   0.00751713
-0.740315  0.639154   -0.427067  0.00844671
-0.743055  0.656536   -0.425648  0.00655692
-0.783174  0.619369   -0.442215  0.00885543
-0.795048  0.645657   -0.441578  0.00727431
-0.795048  0.645657   -0.441578  0.0109348 
-0.849136  0.654577   -0.428757  0.0176386 
-0.849136  0.654577   -0.428757  0.00684777
-0.772565  0.593327   -0.449042  0.0111956 
-0.772565  0.593327   -0.449042  0.00603432
-0.789823  0.652959   -0.451423  0.0109347 
-0.789823  0.652959   -0.451423  0.00956882
-0.789823  0.652959   -0.451423  0.0128643 
-0.866418  0.64937    -0.420192  0.0123596 
-0.876841  0.634259   -0.403836  0.0201312 
-0.876841  0.634259   -0.403836  0.01338   
-0.925168  0.673096   -0.384682  0.0314182 
-0.925168  0.673096   -0.384682  0.028895  
-0.925168  0.673096   -0.384682  0.0360468 
-0.925168  0.673096   -0.384682  0.0251371 
-0.925168  0.673096   -0.384682  0.0181674 
-0.925168  0.673096   -0.384682  0.018192  
-0.925168  0.673096   -0.384682  0.0137543 
-0.917234  0.618665   -0.378571  0.0116188 
-0.86913   0.65015    -0.426301  0.0250118 
-0.86913   0.65015    -0.426301  0.0128538 
-0.901463  0.616443   -0.3895    0.00552326
-0.822628  0.630903   -0.456264  0.0129342 
-0.822628  0.630903   -0.456264  0.0103174 
-0.822628  0.630903   -0.456264  0.0141148 
-0.822628  0.630903   -0.456264  0.022264  
-0.822628  0.630903   -0.456264  0.0265683 
-0.822628  0.630903   -0.456264  0.0100272 
-0.822628  0.630903   -0.456264  0.00986717
-0.822628  0.630903   -0.456264  0.00909875
-0.822628  0.630903   -0.456264  0.0100723 
-0.822628  0.630903   -0.456264  0.0253858 
-0.822628  0.630903   -0.456264  0.013417  
-0.822628  0.630903   -0.456264  0.00769432
-0.822628  0.630903   -0.456264  0.0067748 
-0.789427  0.596496   -0.455437  0.0155387 
-0.789427  0.596496   -0.455437  0.0107795 
-0.789427  0.596496   -0.455437  0.012991  
-0.789427  0.596496   -0.455437  0.0181511 
-0.789427  0.596496   -0.455437  0.0146611 
-0.827917  0.682105   -0.416009  0.00985603
-0.774197  0.690354   -0.4407    0.00685187
-0.774197  0.690354   -0.4407    0.0228099 
-0.774197  0.690354   -0.4407    0.00868775
-0.776789  0.677327   -0.426352  0.0137349 
-0.776789  0.677327   -0.426352  0.0148379 
-0.776789  0.677327   -0.426352  0.0135253 
-0.776789  0.677327   -0.426352  0.0195491 
-0.776789  0.677327   -0.426352  0.0144817 
-0.776789  0.677327   -0.426352  0.0117173 
-0.792039  0.697316   -0.408382  0.0206096 
-0.798971  0.766189   -0.36501   0.019884  
-0.798971  0.766189   -0.36501   0.0101271 
-0.699928  0.714473   -0.401093  0.0226436 
-0.699928  0.714473   -0.401093  0.017858  
-0.699928  0.714473   -0.401093  0.00893829
-0.699928  0.714473   -0.401093  0.0102969 
-0.758094  0.690457   -0.411657  0.00680247
-0.758094  0.690457   -0.411657  0.0129314 
-0.837243  0.667578   -0.419869  0.0107327 
-0.899065  0.640258   -0.409553  0.0120058 
-0.899065  0.640258   -0.409553  0.0118491 
-0.899065  0.640258   -0.409553  0.0168139 
-0.899065  0.640258   -0.409553  0.00704655
-0.838216  0.623825   -0.439381  0.0104882 
-0.838216  0.623825   -0.439381  0.0103853 
-0.833714  0.670218   -0.412002  0.0270847 
-0.833714  0.670218   -0.412002  0.00764811
-0.795476  0.637475   -0.443059  0.00740131
-0.783787  0.596448   -0.43491   0.00873371
-0.783787  0.596448   -0.43491   0.00666402
-0.783787  0.596448   -0.43491   0.00745564
-0.783787  0.596448   -0.43491   0.0216142 
-0.783787  0.596448   -0.43491   0.0105364 
-0.846017  0.680615   -0.428848  0.0300032 
-0.846017  0.680615   -0.428848  0.0206275 
-0.846017  0.680615   -0.428848  0.0162909 
-0.846017  0.680615   -0.428848  0.0181237 
-0.846017  0.680615   -0.428848  0.0102171 
-0.817721  0.650142   -0.435028  0.00980737
-0.84459   0.564986   -0.413222  0.016891  
-0.84459   0.564986   -0.413222  0.0100908 
-0.84459   0.564986   -0.413222  0.0234778 
-0.84459   0.564986   -0.413222  0.00835663
-0.872659  0.609577   -0.432856  0.010849  
-0.872659  0.609577   -0.432856  0.0165667 
-0.872659  0.609577   -0.432856  0.0117948 
-0.872659  0.609577   -0.432856  0.0181363 
-0.872659  0.609577   -0.432856  0.0162595 
-0.872659  0.609577   -0.432856  0.00790465
-0.812904  0.612956   -0.436374  0.00741566
-0.821471  0.626312   -0.441538  0.0113367 
-0.821471  0.626312   -0.441538  0.0107736 
-0.821471  0.626312   -0.441538  0.0125848 
-0.821471  0.626312   -0.441538  0.00677815
-0.821471  0.626312   -0.441538  0.0133501 
-0.821471  0.626312   -0.441538  0.00937577
-0.821471  0.626312   -0.441538  0.00697575
-0.724074  0.654814   -0.427152  0.00677012
-0.758701  0.646973   -0.444032  0.00726415
-0.780539  0.586666   -0.436998  0.0110785 
-0.780539  0.586666   -0.436998  0.00845928
-0.855585  0.582129   -0.437285  0.0155719 
-0.855585  0.582129   -0.437285  0.0113424 
-0.855585  0.582129   -0.437285  0.0126048 
-0.855585  0.582129   -0.437285  0.0109613 
-0.759964  0.680695   -0.43642   0.00732405
-0.774161  0.583513   -0.43289   0.0183465 
-0.774161  0.583513   -0.43289   0.0149053 
-0.774161  0.583513   -0.43289   0.00570768
-0.818971  0.634228   -0.459608  0.00599991
-0.818971  0.634228   -0.459608  0.00787725
-0.818971  0.634228   -0.459608  0.0130155 
-0.818971  0.634228   -0.459608  0.0172764 
-0.818971  0.634228   -0.459608  0.0069761 
-0.818971  0.634228   -0.459608  0.00823368
-0.818971  0.634228   -0.459608  0.00901662
-0.804408  0.582613   -0.440248  0.00837895
-0.861124  0.596817   -0.442346  0.00715354
-0.845157  0.616805   -0.439107  0.00893308
-0.845157  0.616805   -0.439107  0.00842265
-0.777208  0.668031   -0.430506  0.00722803
-0.762697  0.592507   -0.443652  0.0196286 
-0.762697  0.592507   -0.443652  0.0093385 
-0.744148  0.645086   -0.433643  0.0121308 
-0.744148  0.645086   -0.433643  0.010817  
-0.728888  0.55024    -0.396851  0.0190281 
-0.728888  0.55024    -0.396851  0.0212964 
-0.728888  0.55024    -0.396851  0.0223614 
-0.728888  0.55024    -0.396851  0.0175709 
-0.776443  0.509337   -0.340036  0.00681188
-0.810849  0.587953   -0.43653   0.0101056 
-0.810849  0.587953   -0.43653   0.0100275 
-0.810849  0.587953   -0.43653   0.00892716
-0.810849  0.587953   -0.43653   0.0127133 
-0.810849  0.587953   -0.43653   0.00696305
-0.731505  0.648775   -0.429354  0.0088183 
-0.731505  0.648775   -0.429354  0.0114729 
-0.731505  0.648775   -0.429354  0.00797536
-0.731505  0.648775   -0.429354  0.0133973 
-0.731505  0.648775   -0.429354  0.0110185 
-0.731505  0.648775   -0.429354  0.0182962 
-0.731505  0.648775   -0.429354  0.00652731
-0.736795  0.626987   -0.430085  0.0123363 
-0.736795  0.626987   -0.430085  0.0179406 
-0.736795  0.626987   -0.430085  0.0122991 
-0.777043  0.702879   -0.398322  0.00723095
-0.779524  0.641561   -0.44974   0.00900755
-0.779524  0.641561   -0.44974   0.011235  
-0.779524  0.641561   -0.44974   0.00773736
-0.779524  0.641561   -0.44974   0.00690724
-0.779524  0.641561   -0.44974   0.00788927
-0.779524  0.641561   -0.44974   0.0141993 
-0.779524  0.641561   -0.44974   0.00846402
-0.829918  0.625411   -0.439259  0.0110551 
-0.829918  0.625411   -0.439259  0.0143681 
-0.829918  0.625411   -0.439259  0.0136973 
-0.829918  0.625411   -0.439259  0.00705875
-0.74274   0.668939   -0.436514  0.00885804
-0.825138  0.65673    -0.447034  0.0086403 
-0.79367   0.573272   -0.428281  0.00742026
-0.765852  0.60769    -0.438637  0.00745723
-0.773549  0.646331   -0.433064  0.0272554 
-0.773549  0.646331   -0.433064  0.0171057 
-0.773549  0.646331   -0.433064  0.0107955 
-0.803936  0.664879   -0.436213  0.0151089 
-0.792178  0.66421    -0.406372  0.0132814 
-0.692524  0.734326   -0.337624  0.0227138 
-0.692524  0.734326   -0.337624  0.00996762
-0.683539  0.706586   -0.387917  0.00628599
-0.769296  0.654477   -0.443074  0.00982057
-0.769296  0.654477   -0.443074  0.0110597 
-0.769296  0.654477   -0.443074  0.00733442
-0.769296  0.654477   -0.443074  0.00999915
-0.769296  0.654477   -0.443074  0.008191  
-0.769296  0.654477   -0.443074  0.00791002
-0.769296  0.654477   -0.443074  0.00794673
-0.805694  0.656046   -0.443825  0.00905056
-0.805694  0.656046   -0.443825  0.00782321
-0.743124  0.582779   -0.437512  0.0102229 
-0.743124  0.582779   -0.437512  0.00933884
-0.835259  0.581899   -0.436698  0.0180783 
-0.835259  0.581899   -0.436698  0.00965381
-0.796918  0.659565   -0.440121  0.0241763 
-0.796918  0.659565   -0.440121  0.0134451 
-0.796918  0.659565   -0.440121  0.0063482 
-0.78044   0.606644   -0.447099  0.00848138
-0.78044   0.606644   -0.447099  0.0117002 
-0.78044   0.606644   -0.447099  0.00814789
-0.814581  0.576744   -0.434603  0.0134172 
-0.814581  0.576744   -0.434603  0.00866759
-0.814581  0.576744   -0.434603  0.0196375 
-0.814581  0.576744   -0.434603  0.00969684
-0.898936  0.609262   -0.40678   0.0129086 
-0.898936  0.609262   -0.40678   0.00889149
-0.841209  0.580521   -0.424336  0.0113817 
-0.92168   0.618213   -0.400565  0.00735024
-0.839323  0.614331   -0.44015   0.00801244
-0.852289  0.633943   -0.439158  0.00765491
-0.766347  0.660711   -0.434552  0.00796925
-0.775356  0.63977    -0.432442  0.0126475 
-0.775356  0.63977    -0.432442  0.00817701
-0.794735  0.592449   -0.43308   0.0163523 
-0.794735  0.592449   -0.43308   0.0196728 
-0.794735  0.592449   -0.43308   0.0115192 
-0.794735  0.592449   -0.43308   0.0104695 
-0.794735  0.592449   -0.43308   0.00814109
-0.794735  0.592449   -0.43308   0.00884314
-0.794735  0.592449   -0.43308   0.0109424 
-0.858157  0.664431   -0.43183   0.023008  
-0.858157  0.664431   -0.43183   0.0120013 
-0.858157  0.664431   -0.43183   0.00843513
-0.858157  0.664431   -0.43183   0.0171245 
-0.858157  0.664431   -0.43183   0.00798999
-0.773115  0.681574   -0.431467  0.0216261 
-0.773115  0.681574   -0.431467  0.0234347 
-0.773115  0.681574   -0.431467  0.0119701 
-0.752419  0.712327   -0.399978  0.0223995 
-0.752419  0.712327   -0.399978  0.00693696
-0.739524  0.637021   -0.426439  0.0100136 
-0.739524  0.637021   -0.426439  0.00962806
-0.759613  0.566948   -0.428435  0.0149385 
-0.759613  0.566948   -0.428435  0.00738467
-0.808998  0.585948   -0.439474  0.0062699 
-0.792365  0.621422   -0.453304  0.0103615 
-0.776975  0.69645    -0.421009  0.0132759 
-0.776975  0.69645    -0.421009  0.00735322
-0.804757  0.635759   -0.444806  0.00914378
-0.804757  0.635759   -0.444806  0.0242913 
-0.804757  0.635759   -0.444806  0.0177546 
-0.804757  0.635759   -0.444806  0.019159  
-0.804757  0.635759   -0.444806  0.00935967
-0.804757  0.635759   -0.444806  0.0335475 
-0.804757  0.635759   -0.444806  0.00744756
-0.804757  0.635759   -0.444806  0.00695875
-0.71033   0.654152   -0.428122  0.0121212 
