#MU        SIGMA      ENERGY     ERROR     
-0.776304  0.652079   -0.434764  0.0155662 
-0.736359  0.749955   -0.387714  0.00826365
-0.741391  0.671237   -0.414687  0.0158938 
-0.766702  0.695632   -0.41819   0.00859402
-0.720594  0.674953   -0.406065  0.0252461 
-0.800441  0.769583   -0.343539  0.011669  
-0.790031  0.698176   -0.41402   0.00654821
-0.74586   0.601721   -0.441231  0.00783511
-0.712192  0.58636    -0.412155  0.00663793
-0.70852   0.649768   -0.416604  0.00896324
-0.70852   0.649768   -0.416604  0.00880984
-0.685785  0.572512   -0.367009  0.0160939 
-0.749596  0.517129   -0.315322  0.0313519 
-0.674327  0.432494   0.0341124  0.0415438 
-0.744272  0.404791   0.348168   0.0594919 
-0.744272  0.404791   0.348168   0.0454618 
-0.695664  0.392991   0.281491   0.0356469 
-0.624512  0.41353    0.119973   0.0392895 
-0.665319  0.402339   0.210066   0.0514473 
-0.689748  0.375758   0.507126   0.0913455 
-0.650356  0.304708   1.52025    0.0400906 
-0.607402  0.39652    0.203325   0.0849053 
-0.607402  0.39652    0.203325   0.0248801 
-0.510599  0.437606   -0.00224164 0.023204  
-0.468023  0.427867   0.129352   0.040507  
-0.455526  0.362955   0.349569   0.0243489 
-0.504497  0.436033   0.017069   0.0181207 
-0.435691  0.518766   0.0530853  0.0231207 
-0.358313  0.470004   0.289047   0.0263252 
-0.271325  0.555684   0.249518   0.020712  
-0.31608   0.634956   0.0387921  0.0229023 
-0.266254  0.650919   0.0623183  0.0196474 
-0.351396  0.671852   -0.0809722 0.0202088 
-0.277299  0.655843   0.0670825  0.0241407 
-0.282681  0.578386   0.201354   0.0219554 
-0.320077  0.639366   0.0337875  0.0171221 
-0.398981  0.691202   -0.1449    0.0161057 
-0.495955  0.690756   -0.232544  0.0139347 
-0.493448  0.693613   -0.227612  0.0160593 
-0.471478  0.61173    -0.132592  0.0109496 
-0.571291  0.620722   -0.280294  0.0139755 
-0.524792  0.681898   -0.274035  0.0108224 
-0.610703  0.676443   -0.348176  0.0104835 
-0.624775  0.690858   -0.369384  0.0114285 
-0.575969  0.672559   -0.303002  0.0118533 
-0.569683  0.628616   -0.289313  0.0143134 
-0.530247  0.715443   -0.274019  0.0118464 
-0.628641  0.737516   -0.35729   0.0142668 
-0.557325  0.792216   -0.301448  0.014115  
-0.598085  0.771922   -0.331824  0.015503  
-0.509855  0.751885   -0.248975  0.012927  
-0.554573  0.755966   -0.310528  0.0146906 
-0.566176  0.826309   -0.3068    0.0115077 
-0.58508   0.728786   -0.307169  0.0141565 
-0.551791  0.725923   -0.307716  0.0113959 
-0.589883  0.702761   -0.310278  0.0140254 
-0.544924  0.771988   -0.297344  0.0136759 
-0.523144  0.684428   -0.258852  0.0144426 
-0.469654  0.722795   -0.208491  0.0149905 
-0.421969  0.773223   -0.204725  0.017494  
-0.35202   0.755106   -0.141749  0.0218658 
-0.271639  0.691925   -0.0339509 0.0202468 
-0.281946  0.689568   -0.0384763 0.0232859 
-0.307857  0.601834   0.0868213  0.0222209 
-0.216774  0.679543   0.0369764  0.0231928 
-0.283642  0.647356   0.0118373  0.0236995 
-0.19001   0.657529   0.10584    0.0280701 
-0.200738  0.558786   0.394838   0.0369584 
-0.166289  0.468359   0.725492   0.0322638 
-0.218424  0.517688   0.435877   0.0238871 
-0.261677  0.614531   0.141472   0.0233717 
-0.341457  0.577048   0.0579555  0.0210875 
-0.382222  0.482277   0.230817   0.0294169 
-0.333402  0.421347   0.456806   0.0372591 
-0.258497  0.433686   0.56352    0.0314819 
-0.293425  0.440417   0.573999   0.0249001 
-0.341497  0.503069   0.241857   0.0262372 
-0.358389  0.462135   0.291128   0.0256649 
-0.327698  0.510068   0.272003   0.0219458 
-0.308507  0.606316   0.159391   0.0195078 
-0.371797  0.656103   -0.0688221 0.0159537 
-0.449456  0.65075    -0.153001  0.0146485 
-0.503294  0.687701   -0.246109  0.0137741 
-0.541213  0.746577   -0.278761  0.0142997 
-0.443913  0.812003   -0.271182  0.0413641 
-0.443913  0.812003   -0.271182  0.0168417 
-0.385759  0.800977   -0.235036  0.0176626 
-0.468534  0.851547   -0.249635  0.0229072 
-0.526451  0.945156   -0.253707  0.0179181 
-0.497184  0.939285   -0.304325  0.0260117 
-0.425807  0.886813   -0.246346  0.0455123 
-0.498795  0.940957   -0.228604  0.0182146 
-0.584283  0.857915   -0.295391  0.0272502 
-0.649078  0.814697   -0.290044  0.0248416 
-0.62729   0.831282   -0.277415  0.0168341 
-0.632518  0.792064   -0.341343  0.0185296 
-0.598752  0.805922   -0.283653  0.0164419 
-0.563064  0.824499   -0.314255  0.015454  
-0.465453  0.8302     -0.289306  0.0145085 
-0.513848  0.756486   -0.286209  0.0135774 
-0.544244  0.807292   -0.284613  0.0150916 
-0.463921  0.757799   -0.241457  0.0147781 
-0.488555  0.813513   -0.301513  0.0147262 
-0.488555  0.813513   -0.301513  0.0154327 
-0.511607  0.839656   -0.315965  0.019269  
-0.522915  0.835401   -0.263997  0.0161764 
-0.538474  0.796742   -0.282976  0.0146301 
-0.445834  0.769719   -0.236547  0.0165548 
-0.39517   0.757443   -0.186188  0.0163998 
-0.451409  0.663497   -0.1608    0.0177841 
-0.39012   0.683194   -0.129369  0.0196358 
-0.309653  0.678023   0.014351   0.024064  
-0.309653  0.678023   0.014351   0.0231413 
-0.224563  0.658078   0.069897   0.0207376 
-0.293064  0.660179   0.0421057  0.0231908 
-0.302702  0.623449   0.0605483  0.0178698 
-0.385106  0.713733   -0.142073  0.017037  
-0.420735  0.699726   -0.196989  0.015815  
-0.423094  0.748678   -0.198864  0.0148322 
-0.47663   0.702077   -0.215971  0.0172459 
-0.4591    0.616339   -0.154518  0.0174839 
-0.443483  0.530326   0.00925772 0.0203575 
-0.404719  0.614038   -0.106344  0.0190351 
-0.436528  0.578205   -0.0685295 0.0188825 
-0.399479  0.585076   0.0421172  0.0213559 
-0.343338  0.567401   0.11061    0.0267868 
-0.279511  0.540678   0.307561   0.0229188 
-0.37757   0.502131   0.20159    0.0168115 
-0.430065  0.572055   -0.00419152 0.0241388 
-0.430065  0.572055   -0.00419152 0.0199268 
-0.410262  0.522332   0.0599927  0.0195844 
-0.432022  0.485564   0.0992418  0.0272259 
-0.474268  0.419111   0.131797   0.0287598 
-0.543759  0.426583   0.0106661  0.0173438 
-0.500697  0.488475   -0.0413936 0.026851  
-0.423949  0.405042   0.222839   0.0689799 
-0.423949  0.405042   0.222839   0.0210312 
-0.446819  0.473412   0.0238999  0.0398162 
-0.485592  0.377617   0.323329   0.0194061 
-0.484301  0.467991   -0.0013209 0.0181127 
-0.495339  0.493749   -0.0764864 0.0174965 
-0.471636  0.590381   -0.152188  0.0162738 
-0.47484   0.597349   -0.151542  0.01272   
-0.553462  0.662261   -0.286131  0.0119182 
-0.554051  0.601859   -0.240045  0.0155996 
-0.600861  0.506964   -0.235306  0.0101417 
-0.618728  0.605255   -0.323379  0.0102389 
-0.702199  0.66082    -0.395242  0.0065964 
-0.762608  0.618739   -0.428225  0.0140329 
-0.675544  0.527216   -0.331749  0.0264515 
-0.725069  0.457791   -0.0626044 0.0228996 
-0.787814  0.482983   -0.275049  0.0200918 
-0.875375  0.495321   -0.253766  0.015334  
-0.793977  0.517219   -0.319745  0.0158313 
-0.698573  0.515078   -0.330278  0.0325379 
-0.698573  0.515078   -0.330278  0.0221173 
-0.640482  0.472451   -0.189258  0.0255383 
-0.569862  0.44421    -0.0362764 0.0243513 
-0.608075  0.455776   -0.143017  0.0303776 
-0.556056  0.417155   0.10386    0.0602524 
-0.641658  0.355114   0.693281   0.0934948 
-0.641658  0.355114   0.693281   0.0280616 
-0.633423  0.453898   -0.193514  0.0575284 
-0.687306  0.36453    0.617082   0.0445083 
-0.704299  0.394825   0.328669   0.0587867 
-0.739423  0.36823    0.537386   0.0242988 
-0.717522  0.46634    -0.161323  0.0278916 
-0.709887  0.454348   -0.104143  0.0223969 
-0.787374  0.487731   -0.267087  0.0118268 
-0.729981  0.545355   -0.396327  0.0133947 
-0.707638  0.532925   -0.359477  0.0102458 
-0.619948  0.583822   -0.321347  0.0146536 
-0.548375  0.5344     -0.187845  0.0117537 
-0.585261  0.553645   -0.245286  0.0118883 
-0.578311  0.556821   -0.251786  0.0160876 
-0.523753  0.518553   -0.129906  0.022308  
-0.551145  0.452954   -0.060757  0.0196407 
-0.631805  0.485069   -0.273454  0.0213824 
-0.626995  0.47764    -0.202166  0.0271697 
-0.654408  0.448422   -0.125514  0.0112438 
-0.735749  0.547202   -0.398011  0.00976562
-0.669518  0.568761   -0.373207  0.00970562
-0.618179  0.643214   -0.340985  0.00698314
-0.685124  0.613497   -0.385261  0.00637712
-0.760894  0.601318   -0.433964  0.0151028 
-0.738749  0.524946   -0.358538  0.0143544 
-0.740113  0.525794   -0.337716  0.00857198
-0.64834   0.602974   -0.349759  0.00882179
-0.63757   0.619697   -0.361928  0.0123989 
-0.563162  0.597879   -0.272544  0.0153123 
-0.506926  0.684685   -0.25684   0.0129896 
-0.53371   0.75952    -0.3017    0.0128962 
-0.605395  0.747459   -0.319211  0.0162346 
-0.657889  0.729186   -0.32782   0.00930034
-0.630347  0.632183   -0.358525  0.00898812
-0.669249  0.663058   -0.392002  0.0108024 
-0.589504  0.647407   -0.311383  0.0122007 
-0.594821  0.553345   -0.274479  0.0199612 
-0.618902  0.477863   -0.183525  0.0235128 
-0.660878  0.472143   -0.178969  0.0151135 
-0.571072  0.504971   -0.204692  0.0134533 
-0.56525   0.537339   -0.217577  0.0153255 
-0.542588  0.516076   -0.18552   0.0125756 
-0.552181  0.605377   -0.269327  0.0142598 
-0.523984  0.634316   -0.237504  0.0152471 
-0.483239  0.611062   -0.16939   0.0204767 
-0.483239  0.611062   -0.16939   0.013557  
-0.513947  0.650833   -0.221588  0.0121618 
-0.555142  0.61164    -0.251429  0.0127569 
-0.534431  0.696531   -0.278743  0.0111415 
-0.575128  0.645406   -0.292715  0.0151171 
-0.491323  0.63712    -0.182785  0.0210644 
-0.39763   0.579974   -0.00372857 0.0221075 
-0.386563  0.557717   0.0298526  0.0216161 
-0.401245  0.475166   0.17766    0.0358325 
-0.427113  0.390529   0.236258   0.0405311 
-0.454606  0.365158   0.381749   0.0424056 
-0.449626  0.365503   0.334088   0.038201  
-0.409649  0.36022    0.477998   0.0212991 
-0.450969  0.424323   0.199484   0.0534038 
-0.44991   0.338748   0.646577   0.0754056 
-0.546185  0.316141   1.25697    0.147278  
-0.523228  0.250917   2.74995    0.137097  
-0.523228  0.250917   2.74995    0.0802269 
-0.57688   0.321684   1.09063    0.0899365 
-0.530903  0.300355   1.49305    0.0993029 
-0.435432  0.284172   1.30074    0.230833  
-0.435432  0.284172   1.30074    0.0443116 
-0.413282  0.351845   0.510094   0.0341165 
-0.452261  0.379341   0.390198   0.044083  
-0.426857  0.349203   0.561739   0.0423475 
-0.337384  0.321417   0.736527   0.0698177 
-0.360929  0.284806   1.21741    0.220508  
-0.360929  0.284806   1.21741    0.0456978 
-0.262146  0.326224   1.12994    0.0658918 
-0.180272  0.354541   1.19263    0.0536318 
-0.260458  0.314581   1.08961    0.0329466 
-0.326124  0.381239   0.545662   0.0370727 
-0.340799  0.355584   0.616977   0.0668582 
-0.370251  0.291625   1.12206    0.155137  
-0.370251  0.291625   1.12206    0.157229  
-0.370251  0.291625   1.12206    0.0363722 
-0.372985  0.361394   0.510637   0.0406948 
-0.302554  0.328579   0.850202   0.0919212 
-0.204824  0.2319     2.24311    0.327894  
-0.204824  0.2319     2.24311    0.0883811 
-0.272804  0.247776   1.5854     0.0986109 
-0.3452    0.257346   1.78385    0.115769  
-0.313048  0.239621   1.94639    0.123353  
-0.36624   0.247452   1.913      0.0815026 
-0.399847  0.290381   1.04324    0.126149  
-0.399847  0.290381   1.04324    0.0583562 
-0.489641  0.341899   0.547568   0.0880495 
-0.489641  0.341899   0.547568   0.138001  
-0.489641  0.341899   0.547568   0.0546667 
-0.48286   0.342518   0.48643    0.025694  
-0.52541   0.440335   -0.0103004 0.0252238 
-0.593798  0.444975   -0.0428566 0.0146715 
-0.519706  0.537533   -0.139606  0.0106336 
-0.587052  0.621334   -0.285052  0.0127223 
-0.581106  0.561674   -0.270234  0.0129218 
-0.584715  0.55199    -0.274923  0.0199031 
-0.653848  0.488711   -0.257277  0.0242418 
-0.690036  0.460659   -0.103626  0.0225162 
-0.788836  0.486647   -0.295568  0.0350442 
-0.694883  0.427187   0.033757   0.0554514 
-0.677226  0.37773    0.397341   0.0739935 
-0.677226  0.37773    0.397341   0.0640538 
-0.690011  0.344334   0.889808   0.122475  
-0.782433  0.260458   2.46249    0.310244  
-0.782433  0.260458   2.46249    0.199963  
-0.782433  0.260458   2.46249    0.178478  
-0.782433  0.260458   2.46249    0.0563594 
-0.876409  0.348766   0.834757   0.0547366 
-0.820634  0.376044   0.468778   0.0484748 
-0.90715   0.373525   0.543536   0.0606258 
-0.90715   0.373525   0.543536   0.0738384 
-0.854978  0.316423   1.2897     0.0869048 
-0.915576  0.299197   1.41445    0.1006    
-0.915576  0.299197   1.41445    0.119535  
-0.881968  0.26329    2.37998    0.149604  
-0.887916  0.218654   4.24298    0.0902799 
-0.98165   0.298375   1.38062    0.0757192 
-0.970001  0.314919   1.20453    0.118918  
-1.03066   0.25736    2.33968    0.103991  
-1.12582   0.278575   1.75799    0.0622474 
-1.07194   0.334575   0.80684    0.0407116 
-1.04166   0.382605   0.42758    0.0430999 
-1.04166   0.382605   0.42758    0.0501231 
-1.05058   0.365174   0.532004   0.029794  
-1.03491   0.426479   0.149558   0.0545675 
-1.03491   0.426479   0.149558   0.0554188 
-1.11262   0.33801    0.930517   0.0823829 
-1.14976   0.28418    1.9475     0.212574  
-1.14305   0.204979   4.23709    0.0805543 
-1.11128   0.300278   1.35857    0.093866  
-1.1101    0.284722   1.76225    0.237123  
-1.1101    0.284722   1.76225    0.145079  
-1.1101    0.284722   1.76225    0.0654594 
-1.06986   0.315253   1.21995    0.0503434 
-1.02815   0.352766   0.787936   0.0635711 
-1.02815   0.352766   0.787936   0.050466  
-1.11894   0.357912   0.71307    0.0549015 
-1.18048   0.346939   0.838256   0.0772365 
-1.10322   0.301757   1.40519    0.148305  
-1.10322   0.301757   1.40519    0.0352877 
-1.19767   0.384533   0.662287   0.0187557 
-1.11307   0.47151    0.0933064  0.0127266 
-1.10827   0.526498   -0.021275  0.016446  
-1.12265   0.478633   0.102447   0.0181346 
-1.19538   0.517867   0.220149   0.0175604 
-1.11724   0.467841   0.118429   0.0173529 
-1.08689   0.479869   0.0338912  0.0194717 
-1.18292   0.544179   0.136879   0.0251547 
-1.28287   0.502676   0.508176   0.0408526 
-1.37272   0.518143   1.0156     0.0298625 
-1.37642   0.426592   1.09316    0.0250846 
-1.30399   0.474417   0.634775   0.030167  
-1.27715   0.394377   0.794179   0.0465597 
-1.34571   0.358837   1.27954    0.0303543 
-1.33957   0.404549   0.978862   0.0665041 
-1.33957   0.404549   0.978862   0.0491176 
-1.27631   0.346878   1.10392    0.0352159 
-1.35823   0.39155    1.08608    0.0843505 
-1.35823   0.39155    1.08608    0.0281509 
-1.29148   0.412311   0.763935   0.0270185 
-1.32693   0.456611   0.799399   0.0251991 
-1.31623   0.432921   0.78726    0.0222983 
-1.25825   0.431459   0.577283   0.0223378 
-1.21389   0.436837   0.384469   0.0168325 
-1.18616   0.463041   0.297323   0.0343175 
-1.24039   0.38957    0.676562   0.0732003 
-1.24039   0.38957    0.676562   0.0637764 
-1.15498   0.332449   0.984291   0.0776007 
-1.15498   0.332449   0.984291   0.0756892 
-1.06343   0.305097   1.37673    0.0746328 
-1.09561   0.311866   1.10128    0.186547  
-1.09561   0.311866   1.10128    0.0752951 
-1.0417    0.307792   1.24317    0.105001  
-1.0417    0.307792   1.24317    0.0470556 
-1.01072   0.371076   0.480633   0.100049  
-1.01072   0.371076   0.480633   0.0526231 
-1.09028   0.350871   0.708753   0.0562411 
-1.02932   0.348942   0.785211   0.0314841 
-0.995806  0.426923   0.147049   0.0269847 
-1.06825   0.433312   0.18074    0.0190813 
-1.03267   0.472605   -0.0105296 0.0155713 
-1.08024   0.52756    -0.0679963 0.0208599 
-1.15565   0.550157   0.0772936  0.0340789 
-1.16834   0.620025   0.181124   0.0158993 
-1.13971   0.544342   0.0594022  0.0166649 
-1.19361   0.471041   0.275503   0.0199592 
-1.15427   0.450576   0.273028   0.0223625 
-1.16548   0.436035   0.296302   0.0408693 
-1.25956   0.372599   0.877761   0.026921  
-1.17487   0.410619   0.474698   0.0648591 
-1.19151   0.319265   1.2504     0.0702294 
-1.24157   0.312079   1.46309    0.0702393 
-1.15527   0.315416   1.35088    0.219243  
-1.15527   0.315416   1.35088    0.0330307 
-1.06437   0.399062   0.383112   0.0387754 
-0.971872  0.393798   0.386206   0.0222498 
-0.964104  0.47262    -0.120628  0.0225978 
-0.964439  0.472079   -0.0799582 0.0128725 
-1.0151    0.547564   -0.240235  0.0132236 
-1.01327   0.550271   -0.21884   0.0110936 
-0.918338  0.557738   -0.365892  0.0174365 
-0.962831  0.497942   -0.16408   0.0133759 
-1.01661   0.547648   -0.223026  0.0227283 
-0.975389  0.466512   -0.0324046 0.0157455 
-1.07307   0.489208   -0.00999399 0.0189542 
-1.09499   0.55677    -0.066019  0.016783  
-1.09602   0.557181   -0.0885054 0.0212676 
-1.11894   0.59928    -0.0176687 0.0290453 
-1.20724   0.55118    0.31694    0.0355002 
-1.29607   0.545759   0.727842   0.0578257 
-1.38228   0.567485   1.21063    0.0541299 
-1.38838   0.589114   1.142      0.0410719 
-1.40019   0.504421   1.1452     0.0360349 
-1.386     0.473595   1.03226    0.043615  
-1.386     0.473595   1.03226    0.0381846 
-1.38633   0.483079   1.03331    0.0780608 
-1.38633   0.483079   1.03331    0.052431  
-1.45155   0.517769   1.44883    0.0896152 
-1.53715   0.596345   2.55386    0.11283   
-1.53715   0.596345   2.55386    0.0695282 
-1.54842   0.507501   2.25528    0.113384  
-1.54842   0.507501   2.25528    0.0748412 
-1.60494   0.476817   2.80733    0.0624721 
-1.54725   0.454671   2.18044    0.0665142 
-1.62042   0.384105   3.07155    0.068746  
-1.627     0.371387   3.10927    0.0728827 
-1.70961   0.368319   4.14028    0.0997724 
-1.80397   0.385325   5.54527    0.0985585 
-1.76566   0.438422   4.67338    0.155092  
-1.76566   0.438422   4.67338    0.096818  
-1.78096   0.395173   4.9393     0.0820935 
-1.69948   0.335047   4.02925    0.103126  
-1.7758    0.296049   5.88191    0.102079  
-1.80954   0.313307   5.9676     0.107706  
-1.74667   0.284937   5.45731    0.0742418 
-1.68489   0.34751    3.95633    0.0771932 
-1.68489   0.34751    3.95633    0.145328  
-1.68489   0.34751    3.95633    0.0780029 
-1.68626   0.352533   3.93778    0.0643801 
-1.59019   0.356651   2.96884    0.069805  
-1.63592   0.40606    3.06947    0.052809  
-1.53796   0.38477    2.16064    0.0589527 
-1.56755   0.370152   2.63713    0.0944561 
-1.57127   0.286166   3.52488    0.066988  
-1.606     0.364648   2.84648    0.0912328 
-1.606     0.364648   2.84648    0.0771296 
-1.6891    0.342014   4.08491    0.0803522 
-1.69837   0.369473   3.81696    0.0789095 
-1.62702   0.31766    3.67404    0.09869   
-1.5655    0.294506   3.10414    0.0675529 
-1.55473   0.324076   2.94525    0.0608471 
-1.61569   0.377523   3.12252    0.096803  
-1.5383    0.283576   3.40345    0.147373  
-1.5431    0.245925   4.07158    0.10934   
-1.58297   0.276857   3.72351    0.290885  
-1.58297   0.276857   3.72351    0.142347  
-1.58297   0.276857   3.72351    0.15681   
-1.58297   0.276857   3.72351    0.165082  
-1.50232   0.226963   4.45178    0.338001  
-1.50232   0.226963   4.45178    0.235496  
-1.50232   0.226963   4.45178    0.095077  
-1.51589   0.292102   2.77052    0.0622918 
-1.56756   0.369083   2.50305    0.0715188 
-1.56756   0.369083   2.50305    0.082055  
-1.56756   0.369083   2.50305    0.0790086 
-1.63766   0.316655   3.73787    0.155292  
-1.5654    0.24377    4.36725    0.0581923 
-1.58561   0.339705   3.11133    0.125473  
-1.58561   0.339705   3.11133    0.0984155 
-1.67932   0.297947   4.33821    0.17845   
-1.76568   0.23166    6.93142    0.120462  
-1.78928   0.267399   6.33957    0.390957  
-1.78928   0.267399   6.33957    0.127844  
-1.72136   0.265971   5.41704    0.0868059 
-1.75397   0.360425   4.94173    0.106629  
-1.75397   0.360425   4.94173    0.102837  
-1.69812   0.284584   4.9258     0.137216  
-1.69812   0.284584   4.9258     0.162064  
-1.69812   0.284584   4.9258     0.182044  
-1.69812   0.284584   4.9258     0.0950046 
-1.73026   0.314573   4.65346    0.115487  
-1.73026   0.314573   4.65346    0.108511  
-1.73026   0.314573   4.65346    0.177992  
-1.73026   0.314573   4.65346    0.0879948 
-1.75275   0.34426    4.82617    0.154331  
-1.75275   0.34426    4.82617    0.127235  
-1.75275   0.34426    4.82617    0.0783474 
-1.66509   0.412726   3.56003    0.0579291 
-1.59224   0.365985   3.00155    0.0691746 
-1.64604   0.406676   3.2962     0.0785245 
-1.70158   0.355418   4.1274     0.111702  
-1.62751   0.273201   4.14449    0.153523  
-1.60789   0.241428   4.52916    0.205315  
-1.60789   0.241428   4.52916    0.151944  
-1.60789   0.241428   4.52916    0.0817934 
-1.60058   0.329514   3.06074    0.0938425 
-1.51153   0.281262   3.19042    0.0796898 
-1.47641   0.302978   2.52737    0.1383    
-1.47641   0.302978   2.52737    0.0455043 
-1.43131   0.360647   1.75918    0.0487505 
-1.51517   0.401553   2.10154    0.0641216 
-1.59048   0.403324   2.59431    0.0659647 
-1.59048   0.403324   2.59431    0.0771685 
-1.57106   0.315406   3.13673    0.0741121 
-1.49914   0.303142   2.78898    0.208184  
-1.49914   0.303142   2.78898    0.0453598 
-1.46221   0.388571   1.69622    0.0611907 
-1.46221   0.388571   1.69622    0.0530639 
-1.47767   0.483365   1.63984    0.041168  
-1.43732   0.388757   1.54694    0.0520016 
-1.49977   0.373728   2.05228    0.0392931 
-1.43565   0.427652   1.42087    0.0555443 
-1.45476   0.503173   1.5328     0.060019  
-1.40469   0.600065   1.33764    0.0899164 
-1.40742   0.677936   1.75988    0.0850391 
-1.40742   0.677936   1.75988    0.069056  
-1.39873   0.62163    1.39378    0.0950796 
-1.35079   0.681919   1.46373    0.0927018 
-1.39822   0.684309   1.89701    0.0443205 
-1.29857   0.593008   0.639048   0.0533418 
-1.30539   0.634311   0.816873   0.0485683 
-1.27357   0.637455   0.61931    0.0469627 
-1.27357   0.637455   0.61931    0.0942653 
-1.31558   0.720195   1.28526    0.0735503 
-1.27812   0.719251   1.02983    0.0660888 
-1.24433   0.736456   0.832911   0.129534  
-1.27881   0.83147    1.80358    0.0580419 
-1.19991   0.73866    0.522257   0.0332627 
-1.16761   0.643062   0.150989   0.0323565 
-1.16288   0.640906   0.19054    0.0201522 
-1.10562   0.620641   -0.0976513 0.0191687 
-1.01591   0.619687   -0.234189  0.01345   
-0.974253  0.545431   -0.301831  0.0195928 
-1.02719   0.474626   -0.0224739 0.0310074 
-1.00543   0.423102   0.190149   0.044123  
-1.04774   0.385801   0.443824   0.0200725 
-1.04313   0.472717   -0.0340462 0.0190568 
-1.10237   0.569697   -0.0307494 0.0223761 
-1.05239   0.629639   -0.152231  0.0180584 
-0.988296  0.634599   -0.307337  0.0124824 
-0.917921  0.597326   -0.3874    0.0153549 
-0.950982  0.515858   -0.241496  0.0142155 
-0.981804  0.610171   -0.304235  0.0104826 
-0.962182  0.557391   -0.27886   0.00963099
-0.883042  0.572937   -0.42942   0.0131036 
-0.883042  0.572937   -0.42942   0.00794072
-0.840578  0.588139   -0.434235  0.00982618
-0.863976  0.564823   -0.377295  0.0192308 
-0.830797  0.501528   -0.307662  0.0178578 
-0.809191  0.512486   -0.304571  0.020447  
-0.729694  0.48912    -0.243028  0.01519   
-0.742365  0.52073    -0.326697  0.0160821 
-0.767149  0.519174   -0.346858  0.0292175 
-0.863099  0.450189   -0.034102  0.0116715 
-0.792064  0.546048   -0.403492  0.00725473
-0.696499  0.622968   -0.399737  0.00903712
-0.78899   0.570016   -0.422155  0.00969917
-0.702411  0.566631   -0.399255  0.00664172
-0.792927  0.605382   -0.446484  0.00783977
-0.756018  0.615345   -0.436805  0.0107455 
-0.716682  0.556996   -0.417654  0.0087982 
-0.730408  0.57168    -0.403048  0.0174317 
-0.633789  0.493253   -0.242774  0.0115873 
-0.632919  0.542364   -0.291068  0.0123285 
-0.601406  0.55568    -0.298409  0.0151771 
-0.601406  0.55568    -0.298409  0.011455  
-0.585311  0.652226   -0.294078  0.00935014
-0.642925  0.653674   -0.352355  0.0130027 
-0.546151  0.567375   -0.2078    0.0119776 
-0.59564   0.553117   -0.263424  0.0141736 
-0.541581  0.518617   -0.155375  0.0174272 
-0.618028  0.493499   -0.210024  0.0132517 
-0.627729  0.545523   -0.322976  0.0150876 
-0.55562   0.513786   -0.182481  0.0166445 
-0.633876  0.507625   -0.292425  0.0187058 
-0.684741  0.491011   -0.277113  0.0238485 
-0.629305  0.464776   -0.179879  0.0143266 
-0.675718  0.518297   -0.300636  0.0109749 
-0.627172  0.563499   -0.321881  0.0130498 
-0.63228   0.537546   -0.328625  0.0134677 
-0.593018  0.524751   -0.245305  0.0246884 
-0.591117  0.460041   -0.127224  0.0458053 
-0.591117  0.460041   -0.127224  0.0149305 
-0.581084  0.517475   -0.237873  0.0121885 
-0.562407  0.565189   -0.234711  0.014637  
-0.559178  0.548414   -0.245985  0.0106881 
-0.600985  0.598965   -0.303247  0.0143506 
-0.571459  0.517343   -0.179649  0.0159359 
-0.540255  0.517058   -0.195301  0.0174718 
-0.440666  0.593437   -0.0728747 0.0186883 
-0.363925  0.665477   -0.0450697 0.0167556 
-0.448574  0.65172    -0.173584  0.0186023 
-0.41798   0.619926   -0.102263  0.0156511 
-0.436292  0.716611   -0.19371   0.0142925 
-0.483404  0.690221   -0.219576  0.0160451 
-0.437691  0.699813   -0.187829  0.0151427 
-0.413238  0.782934   -0.208999  0.0148865 
-0.482425  0.763394   -0.243284  0.0208634 
-0.581347  0.853078   -0.299069  0.0209374 
-0.574161  0.814121   -0.302498  0.0411608 
-0.642557  0.903134   -0.168203  0.026087  
-0.633093  0.935536   -0.251526  0.0380293 
-0.654866  0.938305   -0.124636  0.0629298 
-0.688028  0.977147   -0.0711578 0.0499497 
-0.740765  0.976527   -0.105006  0.0916977 
-0.831596  1.07576    0.394617   0.0943399 
-0.831596  1.07576    0.394617   0.0840598 
-0.840141  1.0469     0.270885   0.0738572 
-0.896188  0.987325   0.318077   0.0487028 
-0.796812  1.06451    0.0652398  0.0553237 
-0.717267  1.06768    0.0602239  0.0959245 
-0.717267  1.06768    0.0602239  0.0644245 
-0.637927  1.08313    0.0218612  0.0381965 
-0.588446  1.01375    -0.133655  0.0194037 
-0.499385  0.918297   -0.257237  0.0172214 
-0.454095  0.862602   -0.256001  0.0168326 
-0.518049  0.874377   -0.271318  0.0196487 
-0.453909  0.888486   -0.279068  0.023095  
-0.499238  0.816186   -0.274951  0.0356835 
-0.531577  0.881267   -0.265312  0.0214178 
-0.447224  0.933566   -0.275088  0.0254822 
-0.438576  0.979547   -0.248363  0.0187767 
-0.382418  0.98534    -0.25814   0.0305321 
-0.417511  0.998125   -0.228684  0.0166222 
-0.3862    0.926763   -0.276989  0.0208794 
-0.37022   0.978149   -0.288076  0.0224233 
-0.444959  0.965816   -0.276302  0.0360828 
-0.397411  1.04531    -0.163414  0.0399388 
-0.309553  1.1361     -0.0829376 0.0471309 
-0.358334  1.12967    -0.100142  0.0264206 
-0.44562   1.05396    -0.25276   0.0560253 
-0.536832  1.08627    -0.0646343 0.0675564 
-0.536832  1.08627    -0.0646343 0.0415618 
-0.602119  0.990536   -0.055806  0.0312511 
-0.596918  0.94996    -0.206466  0.041389  
-0.631368  0.961536   -0.170986  0.0673175 
-0.588272  1.01561    -0.107145  0.0329036 
-0.542255  0.927377   -0.229354  0.029619  
-0.47091   0.964433   -0.20384   0.0300155 
-0.507615  1.00695    -0.216446  0.0366609 
-0.490566  0.916923   -0.235002  0.0279235 
-0.409455  1.01384    -0.250631  0.0349478 
-0.488681  1.02692    -0.127303  0.0640307 
-0.471971  0.972034   -0.123881  0.0215955 
-0.509278  0.896464   -0.241118  0.0327319 
-0.477515  0.870746   -0.230689  0.016223  
-0.526451  0.881738   -0.312825  0.016301  
-0.433849  0.786582   -0.228253  0.0163051 
-0.470758  0.759434   -0.232875  0.015954  
-0.375496  0.793094   -0.200944  0.0179994 
-0.374597  0.714761   -0.136622  0.0160742 
-0.370616  0.770278   -0.179738  0.0151001 
-0.4533    0.722535   -0.205549  0.0188709 
-0.369518  0.688482   -0.129075  0.0162734 
-0.434979  0.667892   -0.164968  0.0161897 
-0.402918  0.757667   -0.197742  0.0165606 
-0.319689  0.809737   -0.201886  0.0186414 
-0.274664  0.768677   -0.125117  0.017114  
-0.267653  0.812515   -0.184963  0.0202136 
-0.254041  0.721918   -0.0634048 0.0185999 
-0.241154  0.800482   -0.155003  0.0183668 
-0.270614  0.751411   -0.108817  0.0227405 
-0.271234  0.65709    0.0642937  0.0252271 
-0.327287  0.565199   0.124108   0.0228616 
-0.268251  0.640263   0.0825005  0.0248634 
-0.190676  0.623007   0.219741   0.0222354 
-0.179946  0.69357    0.070008   0.0170657 
-0.27878   0.782098   -0.147798  0.0218075 
-0.222751  0.699117   -0.0268833 0.0239343 
-0.214875  0.645976   0.120653   0.0264229 
-0.18107   0.592359   0.284579   0.0281341 
-0.204352  0.584128   0.236187   0.021537  
-0.242531  0.666905   0.0305053  0.0193488 
-0.165122  0.760031   -0.0685927 0.0187065 
-0.165122  0.760031   -0.0685927 0.0177928 
-0.251195  0.854111   -0.231844  0.0176909 
-0.348267  0.884053   -0.231137  0.0164231 
-0.347831  0.840747   -0.237119  0.0162567 
-0.380899  0.808251   -0.18938   0.0173564 
-0.327134  0.735688   -0.115875  0.0178897 
-0.228029  0.782409   -0.10947   0.0218299 
-0.18094   0.692358   0.0399143  0.0192854 
-0.243242  0.706763   0.000363154 0.0213159 
-0.301805  0.635763   0.0826709  0.0216301 
-0.341935  0.618591   0.0481992  0.0206586 
-0.337949  0.655061   -0.00156817 0.0230206 
-0.286555  0.625673   0.0951343  0.0225091 
-0.221719  0.657696   0.116388   0.0208303 
-0.185734  0.718627   -0.00366423 0.0196144 
-0.183334  0.772478   -0.112349  0.0219833 
-0.189363  0.68454    0.100427   0.0225023 
-0.174921  0.669956   0.105385   0.0240336 
-0.210669  0.644884   0.0928797  0.018873  
-0.261795  0.735598   -0.0711723 0.0162952 
-0.330918  0.787674   -0.164939  0.0173994 
-0.387812  0.719638   -0.161625  0.0168704 
-0.441995  0.643378   -0.119507  0.0176047 
-0.43055   0.655235   -0.148856  0.0192324 
-0.360437  0.660915   -0.0901058 0.0183607 
-0.296885  0.741914   -0.118652  0.0212779 
-0.273981  0.660719   0.0569956  0.0205537 
-0.339886  0.649203   0.0118397  0.0164301 
-0.432286  0.69602    -0.17969   0.0175986 
-0.349137  0.7649     -0.198655  0.0174783 
-0.312793  0.6958     -0.00432283 0.0171505 
-0.305136  0.771805   -0.181151  0.0155081 
-0.257047  0.866294   -0.227508  0.0197655 
-0.254638  0.958691   -0.251677  0.0359577 
-0.334529  1.03835    -0.182276  0.026631  
-0.401502  1.02001    -0.231563  0.0287042 
-0.306798  1.01917    -0.226065  0.0164306 
-0.317018  0.921362   -0.259915  0.0184213 
-0.34022   0.992115   -0.247171  0.0262778 
-0.370697  0.90587    -0.212052  0.0159052 
-0.399294  0.806581   -0.222869  0.0144173 
-0.4831    0.832234   -0.294738  0.0177573 
-0.55233   0.817879   -0.287918  0.0301527 
-0.606273  0.901129   -0.207135  0.0223183 
-0.510369  0.957953   -0.247502  0.0367942 
-0.565297  0.972812   -0.209084  0.0246216 
-0.5471    0.91658    -0.276366  0.0260065 
-0.561813  0.915457   -0.216491  0.0209965 
-0.651608  0.905737   -0.313197  0.0234332 
-0.736814  0.848582   -0.291372  0.0528574 
-0.736814  0.848582   -0.291372  0.0354369 
-0.644855  0.875903   -0.221617  0.0187278 
-0.545161  0.776019   -0.278426  0.0131456 
-0.504599  0.727387   -0.248574  0.0189305 
-0.451152  0.750298   -0.185801  0.0185897 
-0.442436  0.839255   -0.240773  0.0158215 
-0.410515  0.821462   -0.243867  0.0178227 
-0.359503  0.752441   -0.163792  0.0194402 
-0.359503  0.752441   -0.163792  0.0151845 
-0.410488  0.835396   -0.250284  0.0150275 
-0.40264   0.832356   -0.270074  0.0282234 
-0.4587    0.860146   -0.26286   0.0148859 
-0.453105  0.788109   -0.235949  0.0148151 
-0.490659  0.768643   -0.212705  0.0161837 
-0.419519  0.793555   -0.25387   0.0152785 
-0.41185   0.846987   -0.238053  0.0280295 
-0.414262  0.90832    -0.200207  0.0155093 
-0.375738  0.84211    -0.240373  0.0189214 
-0.33793   0.857427   -0.236655  0.0171954 
-0.283628  0.809037   -0.145255  0.016714  
-0.221717  0.815066   -0.177721  0.0209633 
-0.163406  0.720422   0.0018407  0.0217245 
-0.257233  0.66047    0.0651972  0.0248173 
-0.233752  0.626555   0.141749   0.0306329 
-0.233752  0.626555   0.141749   0.0222237 
-0.146271  0.687058   0.0916458  0.0212284 
-0.20021   0.715188   -0.00125527 0.0278126 
-0.15292   0.789884   -0.0626909 0.0172895 
-0.164689  0.88201    -0.228896  0.016547  
-0.185257  0.833151   -0.158556  0.0185949 
-0.234393  0.752288   -0.0835594 0.0201652 
-0.278263  0.761831   -0.0985998 0.0156344 
-0.324066  0.821023   -0.194933  0.0211668 
-0.310235  0.798437   -0.179377  0.0195402 
-0.295778  0.710391   -0.0663614 0.0187626 
-0.274567  0.786164   -0.138369  0.0165893 
-0.212204  0.854051   -0.172428  0.0172346 
-0.305457  0.851679   -0.203245  0.0163617 
-0.346553  0.857285   -0.234886  0.0182187 
-0.27463   0.762951   -0.130656  0.0167633 
-0.289621  0.814775   -0.207646  0.0162969 
-0.242736  0.890336   -0.218531  0.0159912 
-0.218857  0.859218   -0.196253  0.0161147 
-0.291355  0.888544   -0.236852  0.0164748 
-0.234287  0.831591   -0.16089   0.0155936 
-0.161224  0.885264   -0.227047  0.0162802 
-0.147156  0.889828   -0.216749  0.0166247 
-0.242159  0.980732   -0.286021  0.0210857 
-0.248645  0.98071    -0.255406  0.0154169 
-0.221574  0.893947   -0.252428  0.0252242 
-0.211981  0.98641    -0.218471  0.0223414 
-0.308311  0.952309   -0.253817  0.0223927 
-0.325827  1.00582    -0.23357   0.0211169 
-0.335257  0.969355   -0.253118  0.022799  
-0.391765  0.904277   -0.225996  0.0209202 
-0.446775  0.915034   -0.264625  0.0274226 
-0.479085  0.990729   -0.257474  0.0253184 
-0.55569   0.961895   -0.256013  0.0307563 
-0.505679  0.91368    -0.195218  0.0170179 
-0.581586  0.877981   -0.29498   0.0321582 
-0.616929  0.879465   -0.270544  0.0309646 
-0.693752  0.89988    -0.262302  0.0725384 
-0.693752  0.89988    -0.262302  0.0293971 
-0.703098  0.878819   -0.249365  0.0346054 
-0.699349  0.856913   -0.202905  0.0286767 
-0.735796  0.810087   -0.274298  0.0244589 
-0.650248  0.894001   -0.251606  0.0172631 
-0.606396  0.833284   -0.314347  0.0137413 
-0.51531   0.790506   -0.293154  0.0277856 
-0.55239   0.873269   -0.260448  0.0280422 
-0.516311  0.90931    -0.245535  0.0348962 
-0.5684    0.980978   -0.158418  0.0223883 
-0.515857  0.923435   -0.303439  0.0247844 
-0.425001  0.987795   -0.221466  0.0344935 
-0.428341  1.05121    -0.214936  0.0389798 
-0.39534   1.05001    -0.137441  0.0522655 
-0.299271  1.14867    -0.0271186 0.0308505 
-0.279222  1.08242    -0.186796  0.0465926 
-0.343541  1.08907    -0.117558  0.0486504 
-0.289247  1.07083    -0.127657  0.023468  
-0.382218  1.01504    -0.255541  0.0281914 
-0.4385    0.952497   -0.272916  0.0209432 
-0.348439  1.01118    -0.272658  0.0218992 
-0.364953  0.9542     -0.230404  0.034196  
-0.377111  1.03849    -0.216409  0.0345374 
-0.427769  1.09523    -0.13275   0.0444446 
-0.378907  1.03106    -0.203239  0.0300566 
-0.401065  1.03009    -0.219128  0.0597257 
-0.433305  1.11872    -0.0437061 0.0490432 
-0.435701  1.123      -0.11436   0.0567047 
-0.48613   1.2113     0.0659294  0.0614369 
-0.567982  1.17403    0.119893   0.0614207 
-0.631591  1.1103     0.084384   0.0522683 
-0.721047  1.02989    -0.0346523 0.0445213 
-0.802069  0.958974   -0.0252834 0.0497838 
-0.835139  0.871739   -0.139247  0.0635827 
-0.851162  0.961908   0.197459   0.0590885 
-0.935172  0.884646   0.047238   0.0612916 
-1.03223   0.841353   0.137863   0.097998  
-1.09118   0.909371   0.863576   0.0735632 
-1.14615   0.86435    0.735955   0.0914328 
-1.04742   0.932195   0.724163   0.114682  
-1.1014    1.01379    1.09588    0.132073  
-1.0828    1.0627     1.4405     0.139655  
-1.06693   1.08305    1.29186    0.120718  
-1.1409    1.0542     1.39135    0.132771  
-1.20249   1.03123    1.65012    0.167108  
-1.16187   1.06954    2.0925     0.238664  
-1.14116   1.16232    2.36478    0.251002  
-1.14116   1.16232    2.36478    0.207799  
-1.21794   1.09363    2.50659    0.216539  
-1.13149   1.15238    2.40809    0.125789  
-1.03233   1.09394    1.17582    0.112573  
-1.0661    1.00423    1.03568    0.120762  
-1.09132   0.983871   1.06153    0.0723459 
-0.999558  0.917261   0.377118   0.0818867 
-0.999558  0.917261   0.377118   0.10123   
-1.06231   0.873735   0.669301   0.0976994 
-0.976649  0.946506   0.557844   0.0691113 
-0.911523  1.0144     0.345502   0.104876  
-0.995315  1.05831    0.924149   0.105143  
-0.947659  1.1479     0.981985   0.143677  
-1.00171   1.10695    1.23986    0.143915  
-1.10099   1.14694    1.64497    0.148526  
-1.04846   1.10584    1.39145    0.180736  
-1.11508   1.1132     1.88041    0.124685  
-1.09654   1.02246    1.14132    0.085919  
-1.02949   0.995921   0.724492   0.115429  
-1.04116   1.06162    1.08569    0.121795  
-1.1145    0.999445   1.36576    0.187696  
-1.10831   1.02666    1.71239    0.0981755 
-1.01273   0.978828   0.670723   0.112548  
-1.01771   1.0459     0.966176   0.123415  
-1.01771   1.0459     0.966176   0.148364  
-1.01771   1.0459     0.966176   0.140982  
-1.06977   1.09008    1.36197    0.147204  
-1.1676    0.993231   1.73374    0.13941   
-1.16104   1.02291    1.65772    0.1583    
-1.06661   0.943118   1.22508    0.0982491 
-0.978274  1.03683    0.701224   0.0862631 
-1.00169   1.02176    0.55129    0.0884224 
-0.985351  0.968185   0.559646   0.0605071 
-0.914987  0.931511   0.175241   0.0782596 
-0.973676  0.864156   0.0995262  0.0463614 
-0.905288  0.86708    -0.0146912 0.0645762 
-0.938301  0.925255   0.248104   0.0644132 
-1.02233   0.871388   0.282882   0.0599839 
-1.00369   0.860683   0.148439   0.0463098 
-0.98544   0.771194   -0.0351136 0.0412253 
-1.00628   0.764022   -0.0252362 0.0555693 
-1.09004   0.777321   0.217044   0.0458222 
-1.06206   0.727743   0.0428144  0.0368987 
-0.977948  0.709352   -0.141163  0.0491181 
-1.01396   0.778627   0.0985185  0.0481058 
-1.10633   0.744159   0.211661   0.05639   
-1.16957   0.720497   0.441724   0.0379406 
-1.07768   0.643423   0.0155248  0.0157316 
-1.11509   0.566465   -0.0719836 0.0223183 
-1.02232   0.470075   -0.0685457 0.0262572 
-0.926968  0.456359   -0.0673118 0.0420484 
-0.926968  0.456359   -0.0673118 0.0204248 
-0.976321  0.484902   -0.121855  0.0251552 
-1.02967   0.446714   0.0571792  0.0237654 
-0.936296  0.469479   -0.103147  0.0200872 
-0.850837  0.501115   -0.299085  0.0152655 
-0.846916  0.524761   -0.347105  0.0278914 
-0.842694  0.460066   -0.0867097 0.0374963 
-0.810643  0.424534   0.0929737  0.0294751 
-0.821677  0.451569   -0.0506891 0.0307233 
-0.884817  0.442506   0.0214318  0.0338315 
-0.884817  0.442506   0.0214318  0.0167308 
-0.809423  0.518795   -0.348666  0.0106658 
-0.818302  0.565164   -0.396913  0.0226162 
-0.721417  0.482726   -0.270298  0.047152  
-0.648962  0.389038   0.276972   0.028585  
-0.591786  0.433282   -0.00508942 0.0176097 
-0.610878  0.489305   -0.199437  0.0158056 
-0.571992  0.522816   -0.222124  0.0172869 
-0.516155  0.486054   -0.0826939 0.0292177 
-0.453521  0.405023   0.172961   0.0227403 
-0.458805  0.47276    0.0348898  0.0190264 
-0.444802  0.524997   -0.0136832 0.0212829 
-0.374697  0.572166   0.0689544  0.0197326 
-0.375443  0.626003   -0.00756411 0.0196674 
-0.288116  0.682279   0.00295963 0.0169044 
-0.324972  0.769209   -0.164321  0.0184735 
-0.304513  0.72929    -0.143582  0.019315  
-0.227898  0.765575   -0.0979371 0.0181275 
-0.215752  0.795815   -0.116805  0.0168113 
-0.247352  0.809457   -0.184973  0.0163565 
-0.210639  0.876101   -0.209951  0.020536  
-0.291898  0.807169   -0.171104  0.0158588 
-0.312322  0.888234   -0.23977   0.0273069 
-0.386767  0.953629   -0.221827  0.0197302 
-0.344927  0.964942   -0.25273   0.0211322 
-0.391797  0.898008   -0.226779  0.0162107 
-0.31956   0.821521   -0.17809   0.0167837 
-0.33886   0.901862   -0.240288  0.0263858 
-0.415324  0.912005   -0.251757  0.026491  
-0.406638  0.921846   -0.264032  0.0199048 
-0.387491  0.920112   -0.262619  0.0356162 
-0.46071   0.965879   -0.231497  0.0227459 
-0.398926  0.944861   -0.262426  0.0157761 
-0.30678   0.983963   -0.280936  0.0356512 
-0.319136  1.05825    -0.189487  0.0333999 
-0.352303  1.03503    -0.227403  0.0436415 
-0.352303  1.03503    -0.227403  0.0294913 
-0.440419  1.08097    -0.197183  0.0698039 
-0.484836  1.16892    0.0506738  0.100732  
-0.484836  1.16892    0.0506738  0.128199  
-0.532857  1.10989    0.0278433  0.0641349 
-0.509345  1.15527    0.0562756  0.0912372 
-0.524783  1.14599    0.0632472  0.0592053 
-0.449254  1.16339    0.0234289  0.0588936 
-0.469812  1.16091    0.00902683 0.0483495 
-0.411088  1.07827    -0.0486654 0.0469394 
-0.482267  1.01119    -0.120329  0.0354221 
-0.50725   1.00488    -0.230845  0.0248283 
-0.427307  0.97309    -0.219647  0.01981   
-0.353128  0.970421   -0.239466  0.0161929 
-0.374307  0.92271    -0.253006  0.015621  
-0.294633  0.875776   -0.259833  0.0230806 
-0.260037  0.967427   -0.23143   0.0182553 
-0.301503  0.93115    -0.260497  0.0250788 
-0.259277  0.943504   -0.253087  0.0202128 
-0.340713  0.931966   -0.24829   0.0194965 
-0.318705  0.959361   -0.246964  0.0182235 
-0.386309  0.904083   -0.258779  0.0214065 
-0.396038  0.87683    -0.234518  0.0155561 
-0.332471  0.915617   -0.283513  0.0166006 
-0.293886  0.821472   -0.216535  0.0170768 
-0.325672  0.767611   -0.159427  0.0158221 
-0.304997  0.851377   -0.213887  0.0211129 
-0.34403   0.915945   -0.234511  0.0231002 
-0.268166  0.989399   -0.22477   0.0191933 
-0.191545  0.997443   -0.257999  0.0151023 
-0.212435  0.96755    -0.272853  0.0152611 
-0.163899  0.904072   -0.222601  0.0267696 
-0.241305  0.979478   -0.216801  0.026795  
-0.32585   0.992536   -0.243643  0.0649568 
-0.422274  1.06929    -0.0397071 0.0627497 
-0.447756  1.16624    -0.0613861 0.0386564 
-0.352646  1.15282    -0.0976596 0.0513718 
-0.280995  1.12249    -0.12415   0.0290368 
-0.313844  1.06937    -0.224613  0.033236  
-0.351607  1.11878    -0.12744   0.0356991 
-0.369932  1.07744    -0.169501  0.0591382 
-0.300064  1.12709    -0.0866919 0.064043  
-0.354291  1.14924    -0.012351  0.035845  
-0.310088  1.12082    -0.152258  0.0461622 
-0.384417  1.18333    -0.06845   0.0566615 
-0.352674  1.11665    -0.0946988 0.0299654 
-0.278877  1.03206    -0.223148  0.0168431 
-0.19652   0.985604   -0.267901  0.0236639 
-0.273524  0.946944   -0.23782   0.0160213 
-0.33965   0.914324   -0.253198  0.0150451 
-0.429857  0.817544   -0.276744  0.0146472 
-0.492346  0.82132    -0.287543  0.0400287 
-0.523442  0.901974   -0.179972  0.0312433 
-0.613191  0.920538   -0.170643  0.0288922 
-0.562418  0.917709   -0.258147  0.0153267 
-0.589055  0.86876    -0.286185  0.0407268 
-0.688585  0.966964   -0.16402   0.0721831 
-0.688585  0.966964   -0.16402   0.0577359 
-0.757592  1.00773    0.0711832  0.0415657 
-0.675401  0.96195    -0.118604  0.0429635 
-0.746821  0.914989   -0.134098  0.0465942 
-0.649245  0.982549   -0.115612  0.0277703 
-0.60772   0.964356   -0.215898  0.0377196 
-0.62246   0.977178   -0.184104  0.0521508 
-0.62246   0.977178   -0.184104  0.0464691 
-0.568177  1.06205    -0.0988907 0.0438702 
-0.645499  0.9742     -0.174493  0.0557808 
-0.688408  1.06535    0.00810301 0.0385589 
-0.669527  1.06361    -0.0596827 0.0380524 
-0.575511  1.00297    -0.113882  0.0441202 
-0.555111  1.05348    -0.0875365 0.0295713 
-0.558805  0.965506   -0.235134  0.0484246 
-0.469502  1.02585    -0.169845  0.0388777 
-0.551283  0.971883   -0.187823  0.0211315 
-0.489991  0.926263   -0.256106  0.0226822 
-0.544608  0.900245   -0.280813  0.0221078 
-0.526619  0.888322   -0.265328  0.0146078 
-0.5553    0.84085    -0.321138  0.016883  
-0.471695  0.79107    -0.251447  0.0157348 
-0.414781  0.760287   -0.218604  0.0184177 
-0.343582  0.735346   -0.157667  0.0175736 
-0.286857  0.768585   -0.15559   0.0225234 
-0.234458  0.683044   0.0185844  0.0235864 
-0.228402  0.629933   0.188052   0.0195818 
-0.28168   0.710117   -0.0460485 0.0179417 
-0.335131  0.720215   -0.116943  0.0180788 
-0.266948  0.76927    -0.135427  0.0180746 
-0.336964  0.706634   -0.0612433 0.0205813 
-0.316498  0.634671   0.0490876  0.0198361 
-0.379033  0.612011   0.000930368 0.0184932 
-0.352919  0.697541   -0.0823665 0.0197015 
-0.364138  0.62973    -0.0537338 0.0231104 
-0.329998  0.609182   0.00641477 0.026837  
-0.26587   0.51025    0.423118   0.0293153 
-0.198804  0.520605   0.506001   0.0379516 
-0.17563   0.47061    0.691379   0.0281881 
-0.205801  0.540025   0.433795   0.0435111 
-0.118894  0.475299   0.709646   0.0585243 
-0.072583  0.380518   1.62515    0.0594663 
-0.0237745 0.382608   1.52636    0.0767898 
-0.0218428 0.343279   1.93682    0.0665936 
-0.105166  0.364393   1.5037     0.0443508 
-0.0176073 0.45581    0.994922   0.0637138 
0.0540006  0.394024   1.2818     0.0454233 
-0.0191011 0.452681   1.07081    0.0341312 
-0.0678446 0.538008   0.567554   0.0266139 
-0.126981  0.631045   0.1731     0.0270696 
-0.114201  0.614445   0.23871    0.0293627 
-0.114201  0.614445   0.23871    0.0211335 
-0.18165   0.704862   0.0239879  0.0251225 
-0.214258  0.609886   0.183058   0.0204992 
-0.259404  0.701826   -0.0257538 0.0184111 
-0.280652  0.754381   -0.143751  0.0174626 
-0.202244  0.825494   -0.162849  0.018099  
-0.202244  0.825494   -0.162849  0.0165886 
-0.299347  0.839107   -0.243803  0.0166303 
-0.374122  0.833849   -0.222739  0.017079  
-0.3564    0.803546   -0.206188  0.0165985 
-0.439596  0.87935    -0.268436  0.0189514 
-0.419673  0.878051   -0.272035  0.0265799 
-0.504061  0.8585     -0.254774  0.0207229 
-0.592166  0.860636   -0.268305  0.024797  
-0.637769  0.861748   -0.273208  0.0132284 
-0.691659  0.77959    -0.353824  0.0158009 
-0.595082  0.801373   -0.312148  0.0144545 
-0.533134  0.787438   -0.283221  0.0168073 
-0.436256  0.767601   -0.204274  0.0183411 
-0.403851  0.805173   -0.194979  0.0159166 
-0.439616  0.730714   -0.230533  0.0151426 
-0.348281  0.803882   -0.170085  0.0183567 
-0.401043  0.891076   -0.224104  0.0163762 
-0.324486  0.805893   -0.176785  0.0171559 
-0.362381  0.747629   -0.177037  0.014746  
-0.358485  0.825979   -0.228736  0.0188285 
-0.284803  0.903638   -0.209332  0.0190561 
-0.294018  0.942429   -0.217122  0.0170115 
-0.258729  0.895935   -0.2217    0.0166633 
-0.238844  0.802328   -0.154737  0.0168422 
-0.185382  0.889221   -0.22873   0.0171734 
-0.201702  0.975525   -0.272901  0.0320906 
-0.258977  1.06525    -0.226663  0.0320234 
-0.261777  1.02234    -0.21071   0.0318091 
-0.257229  1.04569    -0.193887  0.0191865 
-0.342898  0.984943   -0.265368  0.0171187 
-0.35271   0.89926    -0.21392   0.0164709 
-0.364996  0.848895   -0.255094  0.0164546 
-0.362468  0.856615   -0.24292   0.0378488 
-0.397407  0.914581   -0.204808  0.0207071 
-0.402339  0.990038   -0.274519  0.0288921 
-0.47319   0.937501   -0.240367  0.0195567 
-0.456079  0.932234   -0.259732  0.0248441 
-0.503204  0.903793   -0.265187  0.0171275 
-0.481707  0.894302   -0.288034  0.0400541 
-0.550141  0.975047   -0.170711  0.0343143 
-0.575129  0.959262   -0.200427  0.0406096 
-0.562983  1.00017    -0.213994  0.0241819 
-0.496123  0.936029   -0.24341   0.0373592 
-0.580105  0.979946   -0.168967  0.0480562 
-0.546545  1.05358    -0.0835802 0.0481661 
-0.579382  1.07284    -0.0771802 0.0703465 
-0.662163  1.14768    0.185842   0.0949574 
-0.698227  1.12021    0.343008   0.114717  
-0.702288  1.21753    0.561239   0.0845917 
-0.613577  1.18927    0.335112   0.097545  
-0.670706  1.18049    0.448795   0.0519159 
-0.636935  1.13387    0.0457851  0.0813695 
-0.565139  1.22625    0.270139   0.0652428 
-0.473764  1.17955    0.0927359  0.0625139 
-0.530823  1.21213    0.153274   0.0630282 
-0.609367  1.17652    0.146696   0.146471  
-0.609367  1.17652    0.146696   0.0751022 
-0.553356  1.14174    0.192647   0.0797078 
-0.573322  1.21131    0.241885   0.0925365 
-0.533149  1.15073    0.119915   0.195492  
-0.511098  1.23622    0.352653   0.121539  
-0.596316  1.27075    0.681157   0.0903335 
-0.669359  1.20922    0.510529   0.12822   
-0.708785  1.17541    0.623062   0.100737  
-0.626377  1.14726    0.271441   0.28777   
-0.671132  1.20455    1.0887     0.155694  
-0.595825  1.28467    0.79552    0.053065  
-0.59175   1.18745    0.0787379  0.0630522 
-0.539987  1.16934    0.133482   0.0790077 
-0.532585  1.19426    0.270195   0.0865389 
-0.460363  1.2698     0.307734   0.163625  
-0.390744  1.35633    0.864437   0.109387  
-0.389656  1.38741    0.624336   0.127514  
-0.412593  1.45457    0.881167   0.206889  
-0.470389  1.54974    1.80529    0.151078  
-0.490441  1.49407    1.28526    0.231497  
-0.490441  1.49407    1.28526    0.258125  
-0.490441  1.49407    1.28526    0.276232  
-0.445352  1.53702    1.89269    0.20529   
-0.375467  1.56918    1.4744     0.245401  
-0.301774  1.62897    2.20343    0.202632  
-0.272258  1.5753     1.75449    0.26157   
-0.280338  1.51608    1.77813    0.183031  
-0.329889  1.57044    1.78911    0.291957  
-0.329889  1.57044    1.78911    0.160783  
-0.368868  1.51349    1.31465    0.129235  
-0.364359  1.45542    0.916965   0.282145  
-0.364359  1.45542    0.916965   0.164131  
-0.393723  1.50469    1.24375    0.212362  
-0.433741  1.51271    1.76854    0.197041  
-0.411413  1.51276    1.59578    0.280197  
-0.404282  1.47064    1.39414    0.177067  
-0.502806  1.38479    1.11908    0.134992  
-0.532157  1.36416    0.804522   0.201541  
-0.49563   1.45839    1.5158     0.151921  
-0.534338  1.50486    1.43725    0.214487  
-0.576149  1.52927    1.82981    0.19428   
-0.582924  1.47383    1.45161    0.362457  
-0.582924  1.47383    1.45161    0.331271  
-0.633809  1.39243    1.70398    0.204278  
-0.722525  1.36739    1.60206    0.342033  
-0.756864  1.46676    2.46799    0.391256  
-0.756864  1.46676    2.46799    0.185857  
-0.806247  1.43464    2.07189    0.189049  
-0.758687  1.4971     1.91341    0.296259  
-0.758687  1.4971     1.91341    0.334339  
-0.751128  1.47043    2.41922    0.461157  
-0.751128  1.47043    2.41922    0.167654  
-0.673172  1.37712    1.39615    0.155788  
-0.588514  1.38805    1.01317    0.156223  
-0.642342  1.39261    1.34575    0.134911  
-0.597157  1.35771    0.846787   0.186154  
-0.656826  1.40742    1.44513    0.287588  
-0.6793    1.49149    2.25811    0.174179  
-0.647341  1.39703    1.31566    0.173708  
-0.554447  1.34389    1.13609    0.117849  
-0.47376   1.39825    0.84594    0.104484  
-0.432039  1.32465    0.383714   0.0911507 
-0.425443  1.30778    0.416035   0.0820589 
-0.411235  1.29627    0.36038    0.144225  
-0.464899  1.35592    0.664115   0.149883  
-0.421102  1.39024    0.737866   0.152015  
-0.361125  1.46558    0.994031   0.124688  
-0.442482  1.44365    0.911186   0.182015  
-0.47677   1.48775    1.44566    0.182789  
-0.412618  1.50583    1.34209    0.18551   
-0.353934  1.45779    1.12584    0.17183   
-0.358599  1.53159    1.47087    0.328032  
-0.398051  1.6298     2.88412    0.221309  
-0.446721  1.6377     2.46455    0.279082  
-0.471166  1.62001    2.53925    0.190394  
-0.374873  1.54032    1.7821     0.239404  
-0.305423  1.53052    1.68876    0.303557  
-0.268222  1.61901    1.9808     0.188097  
-0.280909  1.54986    1.63916    0.188633  
-0.308422  1.52863    1.55429    0.185334  
-0.224734  1.51624    1.41759    0.231076  
-0.163378  1.56311    1.68384    0.223773  
-0.24409   1.54127    1.83601    0.148628  
-0.327257  1.44447    1.20061    0.199169  
-0.301094  1.35315    0.57893    0.129916  
-0.216925  1.40499    0.808136   0.0797422 
-0.266215  1.31167    0.260093   0.17071   
-0.266215  1.31167    0.260093   0.0751147 
-0.309521  1.25977    0.126994   0.0701553 
-0.36142   1.27029    0.121469   0.12045   
-0.36142   1.27029    0.121469   0.0447073 
-0.361196  1.22042    -0.0106855 0.0652299 
-0.292791  1.27171    0.0741942  0.0885072 
-0.369633  1.32784    0.237358   0.132519  
-0.369633  1.32784    0.237358   0.103347  
-0.428144  1.29597    0.446138   0.161316  
-0.475785  1.283      0.693267   0.102587  
-0.50237   1.32217    0.610741   0.225586  
-0.552439  1.41985    1.5906     0.1796    
-0.551521  1.49669    1.65679    0.17078   
-0.506177  1.45269    1.35441    0.154747  
-0.48905   1.44714    1.0569     0.22629   
-0.480034  1.41681    1.51355    0.111054  
-0.466333  1.36494    0.778044   0.084134  
-0.438437  1.28286    0.365745   0.10719   
-0.524465  1.34012    0.782497   0.0996361 
-0.490597  1.30919    0.447085   0.168898  
-0.490597  1.30919    0.447085   0.149867  
-0.502249  1.36269    0.818834   0.172832  
-0.53044   1.32502    0.720264   0.121291  
-0.557637  1.23456    0.413497   0.0919588 
-0.527625  1.22333    0.246103   0.0445451 
-0.43735   1.13077    -0.062249  0.051258  
-0.361864  1.11453    -0.0183416 0.026315  
-0.330826  1.0518     -0.226619  0.0367485 
-0.314926  1.00057    -0.234148  0.0253042 
-0.269907  1.07717    -0.186899  0.0178436 
-0.233476  0.989407   -0.273191  0.0187015 
-0.145544  0.957937   -0.233949  0.017432  
-0.170555  0.977005   -0.219808  0.0482533 
-0.208796  1.0631     -0.165216  0.0190191 
-0.148815  0.969702   -0.260493  0.0183048 
-0.227885  1.04922    -0.272279  0.0186073 
-0.134277  0.987303   -0.197932  0.0322022 
-0.152151  1.07536    -0.203521  0.0183325 
-0.22707   1.01449    -0.24775   0.0190762 
-0.283797  0.927944   -0.216348  0.0158419 
-0.212889  0.909974   -0.202395  0.0167396 
-0.156871  0.868638   -0.217063  0.0175728 
-0.110488  0.822524   -0.130876  0.0188361 
-0.122818  0.786214   -0.0865331 0.0178189 
-0.179728  0.849531   -0.197295  0.0153746 
-0.154984  0.923656   -0.21993   0.0163488 
-0.253057  0.824294   -0.168694  0.0161029 
-0.173474  0.88055    -0.202471  0.0185752 
-0.104641  0.855169   -0.169955  0.0195377 
-0.0187818 0.768909   -0.0426996 0.0208996 
-0.117533  0.727192   -0.0250712 0.0250022 
-0.0780243 0.64495    0.17767    0.022811  
-0.137513  0.686692   0.117608   0.0250622 
-0.184376  0.632088   0.177718   0.0228297 
-0.222943  0.665227   0.0758049  0.02419   
-0.222943  0.665227   0.0758049  0.0187528 
-0.283047  0.738197   -0.0763942 0.0164196 
-0.361475  0.794811   -0.169291  0.0161736 
-0.305814  0.857169   -0.216476  0.0163638 
-0.344026  0.892371   -0.278307  0.0310364 
-0.402395  0.895301   -0.216672  0.0350354 
-0.481614  0.938289   -0.16297   0.0304541 
-0.496574  1.00795    -0.220291  0.0199075 
-0.426257  0.965929   -0.302289  0.0254457 
-0.330633  1.02406    -0.234572  0.0405055 
-0.426163  1.10206    -0.129579  0.0319069 
-0.360255  1.05313    -0.206775  0.0456623 
-0.442199  1.12616    -0.0987198 0.0525273 
-0.407474  1.07113    -0.172172  0.0727849 
-0.421311  1.13844    0.0647549  0.104681  
-0.452557  1.23655    0.235928   0.0626253 
-0.449396  1.16578    -0.00204551 0.115275  
-0.41719   1.16523    0.0146184  0.0327504 
-0.323921  1.08653    -0.191489  0.0469811 
-0.404187  1.11053    -0.0959473 0.0218721 
-0.382826  1.01296    -0.27275   0.0361789 
-0.30176   1.06729    -0.19368   0.0165855 
-0.233924  0.995592   -0.311866  0.0191281 
-0.242536  1.01387    -0.267776  0.0198731 
-0.185759  1.02505    -0.274074  0.0195084 
-0.26366   1.00709    -0.266386  0.0215746 
-0.182207  1.03116    -0.229496  0.0169683 
-0.125613  0.964522   -0.233394  0.0156587 
-0.0329068 0.902836   -0.224015  0.0202699 
0.0461325  0.863472   -0.163182  0.0177508 
-0.0173862 0.823753   -0.139781  0.0181098 
-0.0862287 0.787024   -0.0741482 0.0213062 
-0.0862287 0.787024   -0.0741482 0.019073  
-0.118843  0.768494   -0.0708818 0.0165976 
-0.146981  0.853267   -0.170765  0.0188202 
-0.207536  0.768547   -0.110095  0.0193076 
-0.201441  0.770783   -0.113496  0.0213237 
-0.141188  0.729201   -0.0190264 0.0179308 
-0.191659  0.780035   -0.0491834 0.0174571 
-0.152958  0.826306   -0.149176  0.0178991 
-0.0579018 0.870819   -0.204252  0.0173669 
0.0249298  0.864152   -0.219117  0.0159137 
0.0551819  0.907756   -0.231529  0.0166249 
0.102495   0.937926   -0.244916  0.0151745 
0.191945   0.902481   -0.226788  0.0160291 
0.152729   0.878141   -0.206386  0.0195287 
0.0659189  0.780974   -0.0892246 0.0182029 
0.00338846 0.856666   -0.142753  0.0195324 
0.0393648  0.767011   -0.0339377 0.0180478 
0.131925   0.783781   -0.0755785 0.0167423 
0.194591   0.8507     -0.16729   0.0166675 
0.146526   0.85523    -0.183066  0.0160746 
0.0547092  0.92007    -0.248036  0.0167276 
-0.0373469 0.924832   -0.23455   0.0175231 
-0.113793  1.00467    -0.261909  0.0261341 
-0.0659442 1.05646    -0.237361  0.0231067 
-0.00957448 1.09717    -0.219887  0.0256226 
-0.106731  1.06796    -0.215446  0.0186115 
-0.0347996 1.05523    -0.268236  0.0197408 
0.0637014  1.08515    -0.250285  0.0244983 
-0.0332271 1.11098    -0.259246  0.0259226 
-0.0105019 1.14541    -0.214812  0.057572  
0.0821816  1.22498    -0.0641761 0.0519378 
0.101429   1.14023    -0.0739502 0.022296  
0.0350704  1.04429    -0.281472  0.0271852 
0.0895318  1.13288    -0.195023  0.0652155 
0.136267   1.2097     -0.0747071 0.0743308 
0.165858   1.23586    0.103501   0.0476202 
0.152383   1.19048    -0.0758054 0.076196  
0.112732   1.22211    0.0711528  0.0720763 
0.0201925  1.25873    0.113673   0.0496853 
-0.0750205 1.22195    -0.100742  0.0630307 
-0.0123362 1.25073    -0.0378452 0.052977  
0.0493025  1.24048    -0.0805756 0.0740112 
0.0715004  1.25991    0.108672   0.0794874 
0.144577   1.17438    0.0409125  0.0502979 
0.0658468  1.14018    -0.11826   0.0443838 
0.0619593  1.16089    -0.1273    0.0249638 
0.0601764  1.13575    -0.239673  0.0417636 
-0.013709  1.11626    -0.0814375 0.0365435 
-0.0878583 1.13875    -0.0990174 0.0446359 
-0.0772993 1.21034    -0.085483  0.128703  
-0.0772993 1.21034    -0.085483  0.0463056 
-0.11839   1.18269    -0.0249485 0.0545646 
-0.205526  1.24751    -0.0139264 0.0710331 
-0.294544  1.23998    0.155209   0.0673371 
-0.383559  1.2515     0.125008   0.129312  
-0.432313  1.30529    0.573515   0.147725  
-0.456571  1.2561     0.510759   0.138742  
-0.437578  1.34673    0.734982   0.0728793 
-0.469249  1.26923    0.202565   0.0673773 
-0.432936  1.22504    0.175898   0.128484  
-0.490522  1.32081    0.710165   0.105696  
-0.449361  1.36975    0.705905   0.0997005 
-0.367861  1.32872    0.416116   0.0940019 
-0.321613  1.37277    0.491347   0.0951742 
-0.259185  1.33415    0.440301   0.178508  
-0.259185  1.33415    0.440301   0.0574946 
-0.220121  1.24641    0.0798037  0.0413713 
-0.288035  1.22204    -0.0691397 0.185607  
-0.339771  1.3085     0.541528   0.165849  
-0.311656  1.35841    0.513513   0.235127  
-0.310772  1.33573    0.710501   0.0795814 
-0.248813  1.32292    0.271596   0.0687773 
-0.235903  1.27167    0.167396   0.111169  
-0.213112  1.35848    0.416697   0.101271  
-0.116147  1.31758    0.313588   0.0383137 
-0.0938097 1.22048    -0.160356  0.0408822 
-0.0584541 1.13504    -0.142331  0.0680163 
-0.018153  1.21108    -0.0442018 0.0605978 
-0.018153  1.21108    -0.0442018 0.092882  
-0.038341  1.2867     0.207471   0.0647156 
-0.104048  1.31416    0.178429   0.0945161 
-0.0123188 1.3506     0.291678   0.0786115 
-0.110895  1.27976    0.213824   0.0906765 
-0.126777  1.23552    0.0922635  0.0782969 
-0.0784    1.30742    0.171415   0.133893  
-0.0784    1.30742    0.171415   0.0713802 
-0.0942002 1.28908    0.0281354  0.0551973 
-0.0279392 1.23194    -0.0142951 0.0540102 
0.0353692  1.2484     -0.0284396 0.0377035 
-0.045402  1.1965     -0.086561  0.0524106 
-0.11171   1.19606    -0.0287568 0.0797336 
-0.161649  1.27805    0.213091   0.0727448 
-0.0718959 1.29877    0.155362   0.0595434 
-0.0824072 1.24322    -0.011867  0.0352933 
-0.0607668 1.17308    -0.159613  0.0217624 
-0.087608  1.10464    -0.269174  0.0465451 
-0.164097  1.1385     -0.122456  0.0460253 
-0.12512   1.10861    -0.189596  0.0298744 
-0.115476  1.0722     -0.221024  0.0245543 
-0.107204  1.07665    -0.234732  0.0246135 
-0.0112779 1.08979    -0.262235  0.0240249 
0.0378958  1.08336    -0.234632  0.0188225 
0.0337863  0.984866   -0.236124  0.0164269 
0.00563485 1.05407    -0.280855  0.0483602 
-0.0167327 1.11639    -0.177589  0.0460316 
0.0689756  1.11193    -0.107005  0.0195719 
0.124323   1.03467    -0.259867  0.0167076 
0.0956935  0.968666   -0.257463  0.0363238 
0.101023   1.05585    -0.180845  0.0221031 
0.133935   1.02328    -0.235763  0.0201263 
0.0395573  1.03448    -0.248799  0.0169003 
-0.0388275 1.04351    -0.319823  0.0305258 
0.0374271  1.00975    -0.237458  0.0189076 
0.0830542  1.00196    -0.246496  0.0230178 
0.0748914  1.03649    -0.256099  0.0202325 
0.15759    1.01773    -0.272862  0.0259618 
0.116439   1.07315    -0.25737   0.0287172 
0.189618   1.07173    -0.212248  0.0332464 
0.266393   1.11399    -0.185221  0.0530685 
0.266393   1.11399    -0.185221  0.0221725 
0.27152    1.0417     -0.221641  0.0480783 
0.178234   1.08527    -0.153597  0.0420371 
0.214233   1.08318    -0.211792  0.0320814 
0.248609   1.09545    -0.208     0.0471143 
0.217121   1.16422    -0.114972  0.066346  
0.203506   1.23177    0.0323435  0.0746774 
0.277472   1.24635    0.102992   0.0513446 
0.226125   1.2096     -0.0334926 0.0562146 
0.14827    1.22453    -0.0109391 0.0853751 
0.227841   1.29723    0.301675   0.0616626 
0.300376   1.231      0.101984   0.0752925 
0.24139    1.32498    0.22699    0.0684669 
0.213934   1.29125    0.0773464  0.0575777 
0.250897   1.28375    0.11384    0.0427993 
0.178613   1.24827    -0.0667077 0.0579901 
0.108413   1.22376    0.0467471  0.075175  
0.159555   1.23041    0.022072   0.0419187 
0.0725541  1.15592    -0.146506  0.0463762 
0.160085   1.21142    -0.0558731 0.0404128 
0.104617   1.17565    -0.130459  0.0207225 
0.0695021  1.08848    -0.275299  0.0289991 
0.0695021  1.08848    -0.275299  0.0187479 
0.100566   1.05048    -0.279901  0.042506  
0.169835   1.13697    -0.129792  0.0501853 
0.233212   1.20551    -0.0955549 0.0338769 
0.277707   1.18683    -0.139461  0.0561334 
0.254883   1.21211    -0.0706487 0.0382183 
0.174558   1.14956    -0.130127  0.0376324 
0.119198   1.12988    -0.161139  0.0257148 
0.201519   1.04761    -0.24272   0.0211156 
0.127514   1.06879    -0.262502  0.0192873 
0.11746    1.106      -0.268283  0.0310882 
0.0461555  1.11811    -0.255356  0.0275698 
0.0505488  1.05621    -0.208717  0.0439206 
0.00631022 1.01083    -0.21556   0.0157809 
-0.0872296 0.931167   -0.251606  0.0164842 
-0.111332  0.874568   -0.192907  0.0183817 
-0.042711  0.802051   -0.128645  0.0201032 
0.011651   0.758039   -0.00809607 0.0181136 
-0.0429714 0.805002   -0.0880403 0.0162236 
0.0141215  0.869093   -0.189703  0.0200752 
0.0474853  0.955662   -0.251778  0.0161455 
0.132581   0.988413   -0.270664  0.0201371 
0.132581   0.988413   -0.270664  0.0208266 
0.213329   1.0287     -0.273182  0.023139  
0.301003   1.00627    -0.229645  0.0254268 
0.290798   0.993961   -0.227291  0.0221758 
0.245479   1.00465    -0.270077  0.0173461 
0.32299    0.938551   -0.281437  0.0260966 
0.399525   0.980004   -0.254933  0.0166951 
0.332575   0.935024   -0.267172  0.020899  
0.361831   0.94873    -0.283967  0.0260114 
0.370093   0.937791   -0.245376  0.0206224 
0.315804   1.02722    -0.247623  0.0376446 
0.412192   1.0584     -0.153039  0.0603378 
0.453226   1.04473    -0.0216672 0.0457338 
0.467654   1.13389    -0.0299797 0.0531938 
0.451134   1.07429    -0.07839   0.0513837 
0.493114   1.14726    0.0219336  0.0682834 
0.475338   1.20357    0.205039   0.0940938 
0.404955   1.15797    0.0525031  0.0482036 
0.332434   1.08638    -0.139825  0.0729431 
0.309185   1.15476    -0.00909767 0.039356  
0.312126   1.11349    -0.151286  0.0230215 
0.236057   1.04738    -0.243687  0.0241433 
0.307908   0.997206   -0.233481  0.0248068 
0.256226   0.898661   -0.228226  0.0171666 
0.234347   0.952653   -0.282341  0.0165653 
0.238822   0.977598   -0.287452  0.0304578 
0.260996   1.03488    -0.205273  0.0317706 
0.3373     1.09584    -0.149296  0.0615264 
0.322602   1.16981    -0.056393  0.0529326 
0.362263   1.20121    0.0361739  0.0427081 
0.365723   1.13548    -0.117636  0.0468962 
0.308411   1.22853    -0.07583   0.0709136 
0.219135   1.21391    0.0403656  0.0813083 
0.16527    1.30443    0.111075   0.0715983 
0.227029   1.29109    0.186002   0.106491  
0.227029   1.29109    0.186002   0.0888286 
0.144778   1.32425    0.393399   0.0875651 
0.0999499  1.34783    0.380988   0.159442  
0.0750428  1.29745    0.234888   0.0977345 
0.0750428  1.29745    0.234888   0.117644  
0.130162   1.3763     0.506839   0.0971242 
0.113075   1.37541    0.424852   0.0975628 
0.112224   1.38114    0.504944   0.102347  
0.209144   1.33289    0.27032    0.0678097 
0.259713   1.24958    0.0729634  0.0594032 
0.192642   1.32015    0.103784   0.109977  
0.13505    1.33304    0.448162   0.0839106 
0.230461   1.30217    0.173445   0.0737091 
0.236466   1.31354    0.251018   0.0624036 
0.207085   1.24085    0.0953902  0.0692031 
0.258123   1.25251    0.0918392  0.0527479 
0.223244   1.21878    0.0469548  0.0505687 
0.167189   1.19919    -0.0466947 0.0565583 
0.248535   1.26869    0.0972558  0.050281  
0.222267   1.24888    -0.0273823 0.13176   
0.222267   1.24888    -0.0273823 0.0665126 
0.314133   1.25532    0.193375   0.0735083 
0.370054   1.26894    0.211161   0.100518  
0.359961   1.24856    0.289798   0.123116  
0.383076   1.30647    0.627511   0.0722292 
0.337211   1.22865    0.0565676  0.0780707 
0.417125   1.23715    0.27267    0.0507899 
0.488748   1.16842    -0.0386211 0.0967632 
0.566831   1.19285    0.340562   0.105129  
0.580316   1.20922    0.370037   0.120232  
0.603137   1.29208    0.547793   0.150413  
0.69514    1.21745    0.775145   0.0975973 
0.756683   1.23081    0.565186   0.128166  
0.667267   1.19326    0.676418   0.0814401 
0.625949   1.16482    0.264155   0.078249  
0.529503   1.17853    0.101004   0.0808614 
0.540961   1.21491    0.340381   0.064113  
0.577934   1.12735    0.0677779  0.0537443 
0.652285   1.05804    0.00616234 0.0596047 
0.585151   1.06909    0.0350772  0.039099  
0.54274    1.11895    -0.111348  0.0759306 
0.633618   1.13367    0.145789   0.0527292 
0.585586   1.06601    -0.0690188 0.085208  
0.634718   1.10719    0.117919   0.0855487 
0.732718   1.13171    0.325406   0.105252  
0.748273   1.165      0.402645   0.0911764 
0.65737    1.10591    0.330562   0.0867194 
0.626583   1.13556    0.140082   0.0641439 
0.626583   1.13556    0.140082   0.103137  
0.602403   1.1774     0.356271   0.0775451 
0.649808   1.13732    0.189998   0.11469   
0.649529   1.20706    0.642267   0.0524465 
0.6534     1.11911    0.0629509  0.0777126 
0.674461   1.07403    0.127433   0.0631749 
0.621431   1.04817    -0.0108167 0.0639033 
0.677241   1.12543    0.15307    0.065832  
0.727143   1.09392    0.0915866  0.0687776 
0.73195    1.09544    0.176989   0.0604945 
0.672034   1.10168    0.119644   0.130952  
0.709428   1.19463    0.686341   0.0923316 
0.674984   1.20218    0.403996   0.104827  
0.710158   1.14944    0.533935   0.123725  
