#MU        SIGMA      ENERGY     ERROR     
-0.773321  0.693999   -0.437194  0.0206913 
-0.7793    0.746435   -0.356536  0.0268409 
-0.7793    0.746435   -0.356536  0.0103065 
-0.720684  0.685003   -0.400738  0.0173747 
-0.720684  0.685003   -0.400738  0.00633016
-0.796156  0.624326   -0.445228  0.0145706 
-0.796156  0.624326   -0.445228  0.00687454
-0.734165  0.647976   -0.416323  0.0296784 
-0.763735  0.706502   -0.358398  0.0110219 
-0.673634  0.649866   -0.38143   0.00952587
-0.673634  0.649866   -0.38143   0.0117199 
-0.673634  0.649866   -0.38143   0.0112209 
-0.673634  0.649866   -0.38143   0.0144687 
-0.673634  0.649866   -0.38143   0.00902446
-0.712669  0.712845   -0.408501  0.00883715
-0.712669  0.712845   -0.408501  0.0092291 
-0.682682  0.66858    -0.381724  0.0111346 
-0.749124  0.692972   -0.414061  0.0120779 
-0.749124  0.692972   -0.414061  0.0160994 
-0.773487  0.714526   -0.388428  0.00975734
-0.746906  0.640302   -0.432807  0.010343  
-0.746906  0.640302   -0.432807  0.00879805
-0.808486  0.627186   -0.432118  0.00752808
-0.803147  0.596322   -0.444651  0.0188995 
-0.803147  0.596322   -0.444651  0.0144941 
-0.803147  0.596322   -0.444651  0.0090497 
-0.873871  0.572517   -0.409011  0.00915331
-0.885109  0.588728   -0.413722  0.0154816 
-0.885109  0.588728   -0.413722  0.0202698 
-0.885109  0.588728   -0.413722  0.0106627 
-0.843657  0.656356   -0.422729  0.0216564 
-0.843657  0.656356   -0.422729  0.00815182
-0.834323  0.638869   -0.440521  0.00894195
-0.857789  0.637899   -0.426801  0.0129535 
-0.857789  0.637899   -0.426801  0.0100442 
-0.76723   0.557441   -0.416071  0.0147647 
-0.804491  0.529462   -0.367008  0.0243279 
-0.804491  0.529462   -0.367008  0.032269  
-0.804491  0.529462   -0.367008  0.0322358 
-0.804491  0.529462   -0.367008  0.00988869
-0.764107  0.560319   -0.403046  0.00978628
-0.779151  0.565067   -0.431324  0.0167757 
-0.779151  0.565067   -0.431324  0.0109625 
-0.877085  0.629052   -0.413576  0.0087648 
-0.874803  0.62992    -0.428395  0.0115706 
-0.874803  0.62992    -0.428395  0.0220512 
-0.874803  0.62992    -0.428395  0.00945555
-0.922316  0.605122   -0.386533  0.0219657 
-0.922316  0.605122   -0.386533  0.022076  
-0.922316  0.605122   -0.386533  0.0164274 
-0.922316  0.605122   -0.386533  0.0285681 
-0.922316  0.605122   -0.386533  0.011937  
-0.922316  0.605122   -0.386533  0.0111301 
-0.922316  0.605122   -0.386533  0.0149147 
-0.922316  0.605122   -0.386533  0.0132133 
-0.922316  0.605122   -0.386533  0.0108542 
-0.922316  0.605122   -0.386533  0.0158852 
-0.922316  0.605122   -0.386533  0.0114585 
-0.904682  0.634523   -0.402576  0.0128324 
-0.904682  0.634523   -0.402576  0.00900767
-0.811054  0.662785   -0.437946  0.0238986 
-0.811054  0.662785   -0.437946  0.0075244 
-0.811054  0.662785   -0.437946  0.0106745 
-0.872335  0.639889   -0.422886  0.00873307
-0.785612  0.676125   -0.436409  0.0136325 
-0.785612  0.676125   -0.436409  0.00853313
-0.785612  0.676125   -0.436409  0.00701206
-0.841236  0.643356   -0.454882  0.0108371 
-0.829517  0.677215   -0.423927  0.0194651 
-0.829517  0.677215   -0.423927  0.0129605 
-0.873294  0.631718   -0.40776   0.0167784 
-0.873294  0.631718   -0.40776   0.00916513
-0.851455  0.569813   -0.430842  0.0183749 
-0.851455  0.569813   -0.430842  0.0171973 
-0.851455  0.569813   -0.430842  0.00563845
-0.799092  0.626073   -0.456211  0.0142454 
-0.799092  0.626073   -0.456211  0.00867646
-0.799092  0.626073   -0.456211  0.00886588
-0.719634  0.650095   -0.40742   0.00828819
-0.719634  0.650095   -0.40742   0.00730732
-0.722592  0.602095   -0.430766  0.00751058
-0.676195  0.619607   -0.390831  0.00854795
-0.771025  0.671163   -0.429485  0.018548  
-0.771025  0.671163   -0.429485  0.021603  
-0.771025  0.671163   -0.429485  0.012223  
-0.771025  0.671163   -0.429485  0.0221077 
-0.771025  0.671163   -0.429485  0.0171124 
-0.838978  0.718897   -0.37795   0.0248772 
-0.838978  0.718897   -0.37795   0.0101081 
-0.902201  0.619887   -0.40474   0.0145985 
-0.81241   0.714865   -0.39514   0.0231195 
-0.81241   0.714865   -0.39514   0.0183748 
-0.765992  0.69773    -0.399741  0.0200176 
-0.709089  0.766236   -0.359556  0.0148985 
-0.773489  0.755728   -0.387773  0.0192803 
-0.773489  0.755728   -0.387773  0.0301878 
-0.773489  0.755728   -0.387773  0.0453303 
-0.773489  0.755728   -0.387773  0.0166486 
-0.773489  0.755728   -0.387773  0.0305734 
-0.773489  0.755728   -0.387773  0.0288    
-0.773489  0.755728   -0.387773  0.0313203 
-0.773489  0.755728   -0.387773  0.0187305 
-0.852655  0.673424   -0.390504  0.0152348 
-0.862783  0.704406   -0.393603  0.0146014 
-0.820081  0.713461   -0.401446  0.0226187 
-0.820081  0.713461   -0.401446  0.00752861
-0.84891   0.616691   -0.442372  0.00835438
-0.84891   0.616691   -0.442372  0.0159059 
-0.84891   0.616691   -0.442372  0.0169014 
-0.84891   0.616691   -0.442372  0.0146555 
-0.84891   0.616691   -0.442372  0.0128732 
-0.813805  0.673726   -0.41983   0.017095  
-0.862164  0.679175   -0.378845  0.00715591
-0.869886  0.61409    -0.437206  0.0187577 
-0.869886  0.61409    -0.437206  0.00944434
-0.835485  0.585905   -0.429207  0.0122302 
-0.85158   0.657726   -0.412867  0.010868  
-0.824502  0.561136   -0.407781  0.0147139 
-0.785596  0.529899   -0.38326   0.0348601 
-0.785596  0.529899   -0.38326   0.0126924 
-0.70027   0.534598   -0.349818  0.0248072 
-0.70027   0.534598   -0.349818  0.0181476 
-0.70027   0.534598   -0.349818  0.0123197 
-0.669189  0.533186   -0.317964  0.0105084 
-0.623916  0.57101    -0.321018  0.00952263
-0.621557  0.615433   -0.334746  0.0165842 
-0.622723  0.701145   -0.338462  0.00903915
-0.699773  0.679336   -0.402668  0.0107519 
-0.699773  0.679336   -0.402668  0.00764039
-0.683585  0.604771   -0.389843  0.00990362
-0.621184  0.591823   -0.320599  0.0115554 
-0.621184  0.591823   -0.320599  0.00817368
-0.656403  0.608105   -0.383295  0.011617  
-0.656403  0.608105   -0.383295  0.0148648 
-0.656403  0.608105   -0.383295  0.0111747 
-0.656403  0.608105   -0.383295  0.00681549
-0.732409  0.626071   -0.42087   0.00684097
-0.70109   0.641647   -0.412959  0.0104829 
-0.776212  0.555827   -0.396811  0.0219437 
-0.776212  0.555827   -0.396811  0.0104022 
-0.714775  0.556829   -0.398605  0.0195297 
-0.714775  0.556829   -0.398605  0.0207604 
-0.714775  0.556829   -0.398605  0.0118242 
-0.714775  0.556829   -0.398605  0.00814932
-0.697234  0.610638   -0.402842  0.00960443
-0.623567  0.685128   -0.367212  0.0199032 
-0.714701  0.719141   -0.394514  0.00862231
-0.768193  0.654425   -0.428951  0.00741494
-0.741023  0.598861   -0.420512  0.00894365
-0.741023  0.598861   -0.420512  0.00785603
-0.687162  0.586721   -0.395689  0.00855358
-0.722277  0.670454   -0.406859  0.00923304
-0.722277  0.670454   -0.406859  0.0119    
-0.722277  0.670454   -0.406859  0.0167673 
-0.781329  0.753352   -0.357072  0.01614   
-0.733991  0.747946   -0.36121   0.0203414 
-0.758457  0.765051   -0.327525  0.00972313
-0.720862  0.71015    -0.411934  0.0172244 
-0.720862  0.71015    -0.411934  0.0206955 
-0.720862  0.71015    -0.411934  0.0165078 
-0.742341  0.757757   -0.36455   0.0207117 
-0.752241  0.740448   -0.364748  0.0277876 
-0.752241  0.740448   -0.364748  0.0211939 
-0.752241  0.740448   -0.364748  0.0334915 
-0.752241  0.740448   -0.364748  0.0121091 
-0.744678  0.710519   -0.400251  0.0146008 
-0.685597  0.650459   -0.375206  0.00725763
-0.703871  0.644429   -0.416998  0.00654716
-0.710065  0.619383   -0.412789  0.00956342
-0.710065  0.619383   -0.412789  0.00916808
-0.710065  0.619383   -0.412789  0.0112731 
-0.770037  0.55022    -0.403344  0.0236001 
-0.770037  0.55022    -0.403344  0.0196263 
-0.770037  0.55022    -0.403344  0.00698449
-0.695417  0.601274   -0.399241  0.00820408
-0.709689  0.576231   -0.393741  0.0122653 
-0.760875  0.673241   -0.41739   0.01193   
-0.760875  0.673241   -0.41739   0.022502  
-0.760875  0.673241   -0.41739   0.00764135
-0.681866  0.628549   -0.412778  0.0111426 
-0.679384  0.545793   -0.340946  0.0112035 
-0.722323  0.546832   -0.3877    0.00830827
-0.722323  0.546832   -0.3877    0.011787  
-0.670409  0.544235   -0.347171  0.0149351 
-0.670409  0.544235   -0.347171  0.0277471 
-0.670409  0.544235   -0.347171  0.0237035 
-0.670409  0.544235   -0.347171  0.0110613 
-0.632275  0.561321   -0.335367  0.00948516
-0.657673  0.56136    -0.342055  0.0116278 
-0.657673  0.56136    -0.342055  0.00792614
-0.660404  0.634543   -0.399372  0.00789616
-0.660404  0.634543   -0.399372  0.00789121
-0.679453  0.648329   -0.389945  0.0233617 
-0.679453  0.648329   -0.389945  0.0106717 
-0.679453  0.648329   -0.389945  0.0206284 
-0.679453  0.648329   -0.389945  0.00794927
-0.735214  0.579001   -0.424445  0.00793795
-0.735214  0.579001   -0.424445  0.00809047
-0.792936  0.579451   -0.427769  0.0101807 
-0.762549  0.557164   -0.407998  0.0115702 
-0.844108  0.550266   -0.399504  0.0202561 
-0.844108  0.550266   -0.399504  0.00773354
-0.757023  0.586211   -0.425282  0.00587381
-0.834469  0.620579   -0.446987  0.0113547 
-0.834469  0.620579   -0.446987  0.019732  
-0.834469  0.620579   -0.446987  0.0142777 
-0.852288  0.664599   -0.404044  0.00774018
-0.854204  0.58859    -0.432148  0.0125441 
-0.798179  0.544317   -0.399205  0.00623323
-0.78011   0.605152   -0.449888  0.00899044
-0.867102  0.630468   -0.421582  0.0207665 
-0.948836  0.699127   -0.301253  0.0292223 
-0.948836  0.699127   -0.301253  0.0150936 
-0.938804  0.658894   -0.336441  0.0136669 
-0.938804  0.658894   -0.336441  0.0163364 
-0.918816  0.660496   -0.364113  0.00904321
-0.857117  0.570176   -0.40875   0.0160716 
-0.857117  0.570176   -0.40875   0.0106574 
-0.857117  0.570176   -0.40875   0.0142339 
-0.857117  0.570176   -0.40875   0.00941574
-0.859864  0.564211   -0.402427  0.0152688 
-0.859864  0.564211   -0.402427  0.0107889 
-0.813213  0.658312   -0.417684  0.00873967
-0.846564  0.60932    -0.430517  0.00801669
-0.875473  0.608285   -0.425349  0.00964226
-0.837182  0.630869   -0.433912  0.00597053
-0.758993  0.610066   -0.44466   0.0118414 
-0.758993  0.610066   -0.44466   0.00818634
-0.838814  0.602528   -0.436246  0.010577  
-0.915149  0.609809   -0.39058   0.0284356 
-0.915149  0.609809   -0.39058   0.011288  
-0.849655  0.655922   -0.415179  0.012246  
-0.849655  0.655922   -0.415179  0.00793427
-0.801262  0.641703   -0.436738  0.00792714
-0.795668  0.633177   -0.445527  0.0174861 
-0.795668  0.633177   -0.445527  0.0085424 
-0.800658  0.59322    -0.430367  0.0133335 
-0.800658  0.59322    -0.430367  0.0118783 
-0.800658  0.59322    -0.430367  0.00806074
-0.832957  0.579934   -0.435333  0.0125208 
-0.832957  0.579934   -0.435333  0.00927728
-0.832957  0.579934   -0.435333  0.0102213 
-0.832957  0.579934   -0.435333  0.0127383 
-0.832957  0.579934   -0.435333  0.00842481
-0.81501   0.636505   -0.439896  0.0117824 
-0.81501   0.636505   -0.439896  0.0150051 
-0.81501   0.636505   -0.439896  0.00957447
-0.81501   0.636505   -0.439896  0.0120723 
-0.894878  0.618129   -0.406271  0.00764984
-0.85526   0.596844   -0.442158  0.0128692 
-0.85526   0.596844   -0.442158  0.0105112 
-0.85526   0.596844   -0.442158  0.00701696
-0.782112  0.605703   -0.439786  0.00778292
-0.782112  0.605703   -0.439786  0.0134623 
-0.782112  0.605703   -0.439786  0.0148775 
-0.836774  0.662812   -0.403649  0.010762  
-0.79239   0.563246   -0.404299  0.00909102
-0.851256  0.581582   -0.413593  0.00818561
-0.895653  0.608592   -0.409428  0.0116209 
-0.895653  0.608592   -0.409428  0.00933591
-0.811634  0.566893   -0.412398  0.0251383 
-0.811634  0.566893   -0.412398  0.00920824
-0.735099  0.566636   -0.396277  0.0272002 
-0.735099  0.566636   -0.396277  0.00774505
-0.739519  0.584882   -0.427891  0.0149225 
-0.806608  0.527697   -0.382821  0.0244328 
-0.806608  0.527697   -0.382821  0.00910353
-0.832423  0.614372   -0.420895  0.00960817
-0.789891  0.676895   -0.430739  0.0166247 
-0.789891  0.676895   -0.430739  0.0115846 
-0.789891  0.676895   -0.430739  0.0102425 
-0.705716  0.701695   -0.392883  0.0286991 
-0.705716  0.701695   -0.392883  0.00942902
-0.705716  0.701695   -0.392883  0.00998278
-0.66903   0.715521   -0.380171  0.0110197 
-0.66903   0.715521   -0.380171  0.013115  
-0.599176  0.720514   -0.341341  0.00931053
-0.638115  0.660642   -0.367174  0.00700175
-0.728774  0.595308   -0.415061  0.00754248
-0.735326  0.613317   -0.425558  0.0156712 
-0.754101  0.517077   -0.343809  0.00724497
-0.686135  0.611708   -0.391082  0.0107519 
-0.686135  0.611708   -0.391082  0.0150349 
-0.686135  0.611708   -0.391082  0.0128208 
-0.686135  0.611708   -0.391082  0.00877856
-0.714241  0.569098   -0.393314  0.00762552
-0.723319  0.664876   -0.417732  0.00743158
-0.805498  0.590344   -0.440702  0.00765752
-0.748321  0.648891   -0.435676  0.00794033
-0.809505  0.581611   -0.432445  0.0119344 
-0.809505  0.581611   -0.432445  0.00822244
-0.840607  0.5833     -0.430064  0.0124832 
-0.840607  0.5833     -0.430064  0.00939538
-0.897238  0.574324   -0.386297  0.022385  
-0.897238  0.574324   -0.386297  0.0122112 
-0.897238  0.574324   -0.386297  0.00612043
-0.804615  0.615861   -0.447957  0.00912266
-0.802103  0.675833   -0.430735  0.0198687 
-0.802103  0.675833   -0.430735  0.0075148 
-0.708766  0.60253    -0.414232  0.0115407 
-0.708766  0.60253    -0.414232  0.00812572
-0.678407  0.573973   -0.364643  0.0130641 
-0.678407  0.573973   -0.364643  0.0115579 
-0.678407  0.573973   -0.364643  0.0244364 
-0.678407  0.573973   -0.364643  0.00813064
-0.703991  0.653856   -0.403943  0.0138014 
-0.726868  0.730659   -0.38064   0.0152415 
-0.663228  0.771771   -0.329088  0.0115048 
-0.652931  0.704153   -0.373036  0.0115516 
-0.652931  0.704153   -0.373036  0.0103362 
-0.658107  0.695232   -0.385787  0.0120619 
-0.672958  0.707404   -0.374689  0.0103563 
-0.76426   0.645018   -0.431732  0.00948069
-0.852958  0.573327   -0.416591  0.012059  
-0.852958  0.573327   -0.416591  0.0144527 
-0.852958  0.573327   -0.416591  0.00754206
-0.784868  0.581787   -0.431753  0.00728328
-0.691747  0.638732   -0.39611   0.0114167 
-0.762076  0.552134   -0.413159  0.0171181 
-0.762076  0.552134   -0.413159  0.0125368 
-0.671013  0.544269   -0.369676  0.0126018 
-0.633325  0.536433   -0.331403  0.0126781 
-0.633325  0.536433   -0.331403  0.0129772 
-0.592177  0.542739   -0.272258  0.0263817 
-0.592177  0.542739   -0.272258  0.0142314 
-0.592177  0.542739   -0.272258  0.0108078 
-0.589255  0.59878    -0.27914   0.00784945
-0.667327  0.641129   -0.399879  0.00872597
-0.75117   0.569754   -0.414107  0.0105293 
-0.75117   0.569754   -0.414107  0.00706837
-0.704067  0.613343   -0.415663  0.0150761 
-0.704067  0.613343   -0.415663  0.00907086
-0.704067  0.613343   -0.415663  0.00989834
-0.704067  0.613343   -0.415663  0.0140117 
-0.704067  0.613343   -0.415663  0.0100084 
-0.647471  0.569557   -0.364365  0.00937895
-0.636422  0.662901   -0.35073   0.0118643 
-0.636422  0.662901   -0.35073   0.0143076 
-0.569443  0.758789   -0.299389  0.0232862 
-0.569443  0.758789   -0.299389  0.00977227
-0.648843  0.697721   -0.377403  0.0126983 
-0.648843  0.697721   -0.377403  0.0175025 
-0.648843  0.697721   -0.377403  0.0221801 
-0.648843  0.697721   -0.377403  0.0119932 
-0.629035  0.719594   -0.341802  0.0188776 
-0.726646  0.793336   -0.342809  0.0166726 
-0.750858  0.705757   -0.383606  0.0196174 
-0.66405   0.788979   -0.322694  0.0100981 
-0.634978  0.703936   -0.381969  0.0103684 
-0.722552  0.710999   -0.391792  0.00834857
-0.672739  0.675331   -0.39145   0.00698158
-0.756772  0.664338   -0.430995  0.0127758 
-0.772352  0.724817   -0.390084  0.0200392 
-0.772352  0.724817   -0.390084  0.00931212
-0.695622  0.686588   -0.392689  0.0245018 
-0.695622  0.686588   -0.392689  0.00811347
-0.668842  0.619712   -0.388859  0.00821107
-0.749504  0.573522   -0.432916  0.0219099 
-0.749504  0.573522   -0.432916  0.00901023
-0.749504  0.573522   -0.432916  0.00901457
-0.749504  0.573522   -0.432916  0.0119043 
-0.749504  0.573522   -0.432916  0.00761524
-0.764921  0.585208   -0.428451  0.00836872
-0.793884  0.617727   -0.445664  0.00995226
-0.793884  0.617727   -0.445664  0.0111428 
-0.855233  0.645979   -0.444303  0.00864689
-0.807489  0.650814   -0.443514  0.0184474 
-0.807489  0.650814   -0.443514  0.00798179
-0.815082  0.584523   -0.428572  0.0174716 
-0.815082  0.584523   -0.428572  0.0202573 
-0.815082  0.584523   -0.428572  0.0148776 
-0.815082  0.584523   -0.428572  0.0218443 
-0.815082  0.584523   -0.428572  0.0202588 
-0.815082  0.584523   -0.428572  0.0149589 
-0.815082  0.584523   -0.428572  0.0189881 
-0.815082  0.584523   -0.428572  0.0101616 
-0.815082  0.584523   -0.428572  0.0120239 
-0.831444  0.608065   -0.438582  0.0105922 
-0.831444  0.608065   -0.438582  0.00593415
-0.747845  0.648913   -0.432533  0.00969299
-0.747845  0.648913   -0.432533  0.00813749
-0.72076   0.595945   -0.402609  0.0123929 
-0.72076   0.595945   -0.402609  0.0177115 
-0.72076   0.595945   -0.402609  0.00690679
-0.789642  0.647795   -0.437645  0.00660711
-0.789642  0.647795   -0.437645  0.0225721 
-0.789642  0.647795   -0.437645  0.00691254
-0.772496  0.647463   -0.435004  0.0128008 
-0.772496  0.647463   -0.435004  0.00926668
-0.834134  0.600938   -0.432175  0.011329  
-0.834134  0.600938   -0.432175  0.00626593
-0.735064  0.613632   -0.43624   0.00828194
-0.802321  0.574279   -0.444841  0.0230837 
-0.802321  0.574279   -0.444841  0.0116603 
-0.879145  0.585319   -0.407635  0.0105102 
-0.807861  0.557006   -0.418048  0.0182456 
-0.807861  0.557006   -0.418048  0.0170039 
-0.807861  0.557006   -0.418048  0.0119088 
-0.803946  0.545282   -0.393897  0.00974667
-0.77983   0.566076   -0.424229  0.00869535
-0.780284  0.639054   -0.434223  0.00690981
-0.780284  0.639054   -0.434223  0.00979643
-0.840474  0.563716   -0.396434  0.00816497
-0.83216   0.590898   -0.445877  0.0104718 
-0.854347  0.55734    -0.406261  0.0115768 
-0.854347  0.55734    -0.406261  0.0120457 
-0.850001  0.545318   -0.372367  0.0116266 
-0.927443  0.56077    -0.353089  0.0163199 
-0.927443  0.56077    -0.353089  0.0126454 
-0.927443  0.56077    -0.353089  0.0134349 
-0.935344  0.539119   -0.325087  0.00872887
-0.872214  0.617914   -0.429048  0.0112445 
-0.872214  0.617914   -0.429048  0.0226665 
-0.872214  0.617914   -0.429048  0.0120748 
-0.848727  0.660519   -0.412186  0.0124204 
-0.840272  0.673408   -0.424913  0.0329101 
-0.840272  0.673408   -0.424913  0.00692546
-0.769957  0.645034   -0.435909  0.00634204
-0.735196  0.64088    -0.432201  0.0123659 
-0.735196  0.64088    -0.432201  0.00911235
-0.68758   0.700529   -0.413571  0.010517  
-0.68758   0.700529   -0.413571  0.00718979
-0.763434  0.633996   -0.44005   0.0133708 
-0.763434  0.633996   -0.44005   0.0112451 
-0.763434  0.633996   -0.44005   0.00869279
-0.763434  0.633996   -0.44005   0.0146457 
-0.763434  0.633996   -0.44005   0.0111802 
-0.763434  0.633996   -0.44005   0.0186617 
-0.861857  0.700345   -0.376785  0.00967054
-0.878241  0.612674   -0.409396  0.011642  
-0.929009  0.618497   -0.382164  0.021907  
-0.929009  0.618497   -0.382164  0.0103537 
-0.929542  0.615205   -0.385247  0.0117427 
-0.891575  0.551116   -0.355033  0.0147929 
-0.850522  0.527528   -0.372249  0.021638  
-0.850522  0.527528   -0.372249  0.0185362 
-0.850522  0.527528   -0.372249  0.0107722 
-0.856887  0.558883   -0.403648  0.012233  
-0.911855  0.642367   -0.393014  0.0148929 
-0.911855  0.642367   -0.393014  0.012871  
-0.911855  0.642367   -0.393014  0.0103694 
-0.880889  0.581869   -0.396004  0.0153974 
-0.880889  0.581869   -0.396004  0.0121317 
-0.860476  0.544912   -0.378138  0.00995172
-0.834933  0.564532   -0.404531  0.00957048
-0.878023  0.603417   -0.43305   0.0155662 
-0.878023  0.603417   -0.43305   0.0166922 
-0.878023  0.603417   -0.43305   0.0153359 
-0.878023  0.603417   -0.43305   0.00999038
-0.878023  0.603417   -0.43305   0.00856181
-0.804231  0.651268   -0.435614  0.027527  
-0.804231  0.651268   -0.435614  0.00817357
-0.766092  0.665204   -0.439685  0.0104679 
-0.766092  0.665204   -0.439685  0.0156899 
-0.766092  0.665204   -0.439685  0.0143893 
-0.72609   0.688684   -0.386192  0.0112869 
-0.714874  0.661298   -0.400916  0.00946451
-0.701841  0.689024   -0.38014   0.0136063 
-0.701841  0.689024   -0.38014   0.00738631
-0.699581  0.593098   -0.399326  0.01587   
-0.699581  0.593098   -0.399326  0.0121857 
-0.772154  0.540555   -0.353508  0.0312325 
-0.772154  0.540555   -0.353508  0.00805244
-0.858653  0.59686    -0.415852  0.0170179 
-0.858653  0.59686    -0.415852  0.0165603 
-0.949954  0.696633   -0.329292  0.038998  
-0.949954  0.696633   -0.329292  0.0112839 
-0.865212  0.667848   -0.420426  0.027174  
-0.865212  0.667848   -0.420426  0.0253513 
-0.865212  0.667848   -0.420426  0.0105778 
-0.85374   0.649895   -0.428273  0.00660154
-0.819108  0.602783   -0.432428  0.00582756
-0.78075   0.619807   -0.444539  0.0194869 
-0.78075   0.619807   -0.444539  0.0113801 
-0.78075   0.619807   -0.444539  0.00809327
-0.78075   0.619807   -0.444539  0.00766588
-0.718654  0.592231   -0.415046  0.0163833 
-0.718654  0.592231   -0.415046  0.00895833
-0.675154  0.580664   -0.385882  0.0139929 
-0.708558  0.531804   -0.355367  0.0156849 
-0.708558  0.531804   -0.355367  0.0123053 
-0.659856  0.540337   -0.341732  0.0249293 
-0.659856  0.540337   -0.341732  0.00974137
-0.631665  0.634554   -0.346666  0.0109579 
-0.580147  0.631771   -0.303214  0.0116667 
-0.650583  0.546122   -0.318569  0.0093579 
-0.637417  0.587828   -0.355167  0.0107166 
-0.720027  0.551452   -0.377817  0.00682385
-0.767925  0.59626    -0.440241  0.00682634
-0.768249  0.595164   -0.438907  0.0112438 
-0.768249  0.595164   -0.438907  0.00633267
-0.774053  0.617061   -0.444443  0.00951614
-0.774053  0.617061   -0.444443  0.0144525 
-0.82559   0.528179   -0.37626   0.00759241
-0.767592  0.581708   -0.432238  0.00637724
-0.727607  0.646755   -0.426046  0.00778277
-0.727607  0.646755   -0.426046  0.0150425 
-0.8239    0.714419   -0.38907   0.024235  
-0.8239    0.714419   -0.38907   0.00899316
-0.838794  0.642838   -0.431411  0.0254429 
-0.838794  0.642838   -0.431411  0.00768978
-0.807244  0.605156   -0.455624  0.00597407
-0.807244  0.605156   -0.455624  0.00935239
-0.733337  0.561607   -0.391058  0.0187055 
-0.733337  0.561607   -0.391058  0.00868277
-0.674377  0.590267   -0.402233  0.0088929 
-0.767478  0.683341   -0.426374  0.00713929
-0.765978  0.673738   -0.447448  0.00684666
-0.758207  0.612022   -0.440942  0.0105258 
-0.758207  0.612022   -0.440942  0.00782539
-0.742659  0.658501   -0.424798  0.0124294 
-0.827076  0.694461   -0.403279  0.0270508 
-0.827076  0.694461   -0.403279  0.00962275
-0.813738  0.643652   -0.44168   0.0194358 
-0.813738  0.643652   -0.44168   0.00766092
-0.761134  0.635766   -0.430701  0.00607903
-0.738729  0.634975   -0.43034   0.00722656
-0.738729  0.634975   -0.43034   0.00834191
-0.788646  0.662448   -0.435291  0.00635934
-0.833429  0.613343   -0.447305  0.0086805 
-0.881175  0.578759   -0.424943  0.0177703 
-0.881175  0.578759   -0.424943  0.00956446
-0.902926  0.641288   -0.407842  0.022686  
-0.902926  0.641288   -0.407842  0.00609782
-0.809278  0.613485   -0.445575  0.00613452
-0.732189  0.631678   -0.450329  0.0130546 
-0.732189  0.631678   -0.450329  0.00989495
-0.732189  0.631678   -0.450329  0.00980298
-0.654715  0.575673   -0.358512  0.00947383
-0.66042   0.625489   -0.380906  0.0115804 
-0.66042   0.625489   -0.380906  0.0101765 
-0.634526  0.706446   -0.36515   0.013237  
-0.717257  0.753429   -0.367161  0.0375127 
-0.717257  0.753429   -0.367161  0.0115763 
-0.807142  0.697855   -0.421849  0.0222199 
-0.807142  0.697855   -0.421849  0.0279149 
-0.807142  0.697855   -0.421849  0.0312499 
-0.807142  0.697855   -0.421849  0.0270131 
-0.807142  0.697855   -0.421849  0.0117901 
-0.885     0.644414   -0.417186  0.0118176 
-0.885     0.644414   -0.417186  0.0111379 
-0.922541  0.620928   -0.381675  0.00998078
-0.862639  0.56315    -0.41807   0.0231196 
-0.862639  0.56315    -0.41807   0.00916225
-0.779583  0.56991    -0.422466  0.0197811 
-0.779583  0.56991    -0.422466  0.00925404
-0.854286  0.650479   -0.434128  0.0181611 
-0.854286  0.650479   -0.434128  0.0192821 
-0.854286  0.650479   -0.434128  0.0122    
-0.856697  0.550487   -0.383944  0.00603622
-0.795441  0.607829   -0.443589  0.0073115 
-0.767411  0.63053    -0.439828  0.0139042 
-0.798255  0.53294    -0.385567  0.0326876 
-0.798255  0.53294    -0.385567  0.00831354
-0.882265  0.588224   -0.398408  0.00697388
-0.794797  0.622009   -0.434739  0.0081479 
-0.706724  0.644484   -0.414072  0.0141121 
-0.706724  0.644484   -0.414072  0.0124713 
-0.706724  0.644484   -0.414072  0.0152028 
-0.706724  0.644484   -0.414072  0.00961503
-0.706724  0.644484   -0.414072  0.00659041
-0.706724  0.644484   -0.414072  0.00839252
-0.77558   0.655405   -0.426859  0.0172854 
-0.77558   0.655405   -0.426859  0.00915513
-0.77558   0.655405   -0.426859  0.00677735
-0.814869  0.617061   -0.434674  0.00655941
-0.753183  0.641784   -0.437663  0.0101751 
-0.827454  0.61944    -0.437935  0.0126534 
-0.827454  0.61944    -0.437935  0.0112386 
-0.758364  0.702422   -0.405538  0.00815965
-0.82903   0.653023   -0.442863  0.00956225
-0.82903   0.653023   -0.442863  0.020726  
-0.82903   0.653023   -0.442863  0.010979  
-0.845596  0.646188   -0.438826  0.0136013 
-0.845596  0.646188   -0.438826  0.0196156 
-0.845596  0.646188   -0.438826  0.0063066 
-0.746806  0.609091   -0.433964  0.0133052 
-0.746806  0.609091   -0.433964  0.00745502
-0.767411  0.648282   -0.445788  0.009169  
-0.767411  0.648282   -0.445788  0.00781031
-0.858904  0.635305   -0.433244  0.0072992 
-0.822103  0.618306   -0.437691  0.00607636
-0.770624  0.606824   -0.44942   0.018176  
-0.770624  0.606824   -0.44942   0.0172593 
-0.770624  0.606824   -0.44942   0.0127385 
-0.86481   0.666938   -0.396846  0.016099  
-0.955075  0.655976   -0.339569  0.0185147 
-0.955075  0.655976   -0.339569  0.0106952 
-0.968687  0.57819    -0.328518  0.0117343 
-0.918806  0.614038   -0.376963  0.0132155 
-0.861096  0.536786   -0.368664  0.0156325 
-0.861096  0.536786   -0.368664  0.0107078 
-0.935242  0.579755   -0.377521  0.0137752 
-0.935242  0.579755   -0.377521  0.0173255 
-0.935242  0.579755   -0.377521  0.0193083 
-0.935242  0.579755   -0.377521  0.0159874 
-0.850405  0.520017   -0.327454  0.0235009 
-0.850405  0.520017   -0.327454  0.0207105 
-0.850405  0.520017   -0.327454  0.00822571
-0.751742  0.604319   -0.440021  0.00886434
-0.751742  0.604319   -0.440021  0.0083417 
-0.707107  0.578194   -0.394932  0.0153721 
-0.707107  0.578194   -0.394932  0.0115615 
-0.707107  0.578194   -0.394932  0.00756249
-0.710804  0.653283   -0.426561  0.0103714 
-0.654431  0.572441   -0.388756  0.0107255 
-0.626078  0.566964   -0.335818  0.0128861 
-0.623243  0.534079   -0.291143  0.0147813 
-0.623243  0.534079   -0.291143  0.0085049 
-0.65888   0.605111   -0.381542  0.0129457 
-0.701821  0.534926   -0.354771  0.0221486 
-0.701821  0.534926   -0.354771  0.00738099
-0.719872  0.597233   -0.411643  0.00839464
-0.76405   0.574467   -0.424968  0.0212483 
-0.76405   0.574467   -0.424968  0.0136217 
-0.76405   0.574467   -0.424968  0.00664469
-0.763745  0.631644   -0.443675  0.00801996
-0.763745  0.631644   -0.443675  0.0139083 
-0.859743  0.540326   -0.414352  0.0287639 
-0.859743  0.540326   -0.414352  0.0125214 
-0.847274  0.541293   -0.374092  0.0101707 
-0.847274  0.541293   -0.374092  0.00649277
-0.761877  0.60886    -0.442456  0.0118275 
-0.695353  0.665133   -0.386271  0.00658633
-0.732733  0.604721   -0.429919  0.00977565
-0.732733  0.604721   -0.429919  0.00731319
-0.774829  0.630213   -0.436058  0.0158001 
-0.774829  0.630213   -0.436058  0.0107132 
-0.791376  0.554221   -0.418309  0.00786414
-0.817466  0.581331   -0.426376  0.0184784 
-0.817466  0.581331   -0.426376  0.0100231 
-0.887277  0.65457    -0.42529   0.0225296 
-0.848384  0.679028   -0.390403  0.0168918 
-0.92532   0.675064   -0.358135  0.0115243 
-0.88808   0.640213   -0.40191   0.0330364 
-0.88808   0.640213   -0.40191   0.00853612
-0.833015  0.617172   -0.43363   0.011601  
-0.833015  0.617172   -0.43363   0.0217252 
-0.833015  0.617172   -0.43363   0.02005   
-0.819927  0.70581    -0.36432   0.0226763 
-0.819927  0.70581    -0.36432   0.0127887 
-0.739097  0.704072   -0.403418  0.00741071
-0.715139  0.634724   -0.412568  0.00974101
-0.658255  0.683426   -0.378075  0.0126109 
-0.659985  0.766427   -0.362853  0.0142478 
-0.750987  0.718985   -0.385374  0.00938924
-0.850336  0.63541    -0.433223  0.0220228 
-0.850336  0.63541    -0.433223  0.0101677 
-0.822738  0.669678   -0.422091  0.0186364 
-0.822738  0.669678   -0.422091  0.013252  
-0.871519  0.713668   -0.406118  0.00647582
-0.783274  0.613987   -0.443858  0.00585435
-0.733534  0.62747    -0.434028  0.00788848
-0.733534  0.62747    -0.434028  0.00637494
-0.718825  0.626045   -0.437803  0.00798948
-0.718825  0.626045   -0.437803  0.0137302 
-0.718825  0.626045   -0.437803  0.00950416
-0.811223  0.655276   -0.428797  0.0115486 
-0.898564  0.648152   -0.412557  0.010518  
-0.806845  0.670528   -0.427321  0.0136372 
-0.806845  0.670528   -0.427321  0.0101102 
-0.819527  0.667956   -0.443386  0.00862891
-0.819527  0.667956   -0.443386  0.0223912 
-0.819527  0.667956   -0.443386  0.00638514
-0.755799  0.618516   -0.43008   0.00803507
-0.847942  0.586212   -0.433859  0.0120708 
-0.829142  0.547651   -0.435234  0.026982  
-0.829142  0.547651   -0.435234  0.012199  
-0.914924  0.629931   -0.392787  0.0192626 
-0.939212  0.693083   -0.320685  0.0175272 
-0.941984  0.6467     -0.346155  0.00833598
-0.921708  0.613047   -0.395473  0.0164116 
-0.921708  0.613047   -0.395473  0.0110028 
-0.921708  0.613047   -0.395473  0.0107186 
-0.84734   0.671475   -0.424705  0.0183518 
-0.84734   0.671475   -0.424705  0.0306337 
-0.84734   0.671475   -0.424705  0.0091068 
-0.862753  0.583054   -0.410629  0.0109556 
-0.862753  0.583054   -0.410629  0.00904791
-0.859469  0.57388    -0.416329  0.00834879
-0.801015  0.574685   -0.430109  0.0105071 
-0.730339  0.555621   -0.390258  0.0109842 
-0.744598  0.549967   -0.395115  0.0138542 
-0.744598  0.549967   -0.395115  0.0265466 
-0.744598  0.549967   -0.395115  0.0060289 
-0.756545  0.617753   -0.442258  0.00785483
-0.756545  0.617753   -0.442258  0.00845506
-0.704946  0.637479   -0.405881  0.00909145
-0.801127  0.668895   -0.446271  0.0148207 
-0.821474  0.683434   -0.413111  0.0230934 
-0.821474  0.683434   -0.413111  0.00782736
-0.857267  0.618832   -0.439143  0.0117828 
-0.774723  0.545968   -0.41227   0.00719227
-0.827429  0.62218    -0.451143  0.0109261 
-0.827429  0.62218    -0.451143  0.0226422 
-0.827429  0.62218    -0.451143  0.0210211 
-0.827429  0.62218    -0.451143  0.0123176 
-0.827429  0.62218    -0.451143  0.0129896 
-0.827429  0.62218    -0.451143  0.0073863 
-0.82025   0.621909   -0.45041   0.0135473 
-0.82025   0.621909   -0.45041   0.00743916
-0.82025   0.621909   -0.45041   0.00912358
-0.82025   0.621909   -0.45041   0.00899129
-0.82025   0.621909   -0.45041   0.00660135
-0.82025   0.621909   -0.45041   0.00699057
-0.740548  0.66257    -0.434355  0.00597823
-0.750599  0.613735   -0.44008   0.0110999 
-0.799471  0.549831   -0.396011  0.0275237 
-0.799471  0.549831   -0.396011  0.00976451
-0.783513  0.559605   -0.40964   0.00854421
-0.762209  0.650939   -0.433663  0.00791723
-0.762209  0.650939   -0.433663  0.00921584
-0.731621  0.562327   -0.411382  0.0245665 
-0.731621  0.562327   -0.411382  0.025007  
-0.731621  0.562327   -0.411382  0.00956584
-0.810279  0.567456   -0.420643  0.0236538 
-0.810279  0.567456   -0.420643  0.00725018
-0.815473  0.617703   -0.435191  0.00996318
-0.800403  0.664178   -0.435147  0.0086729 
-0.711199  0.612672   -0.415244  0.0139227 
-0.711199  0.612672   -0.415244  0.0129469 
-0.711199  0.612672   -0.415244  0.00941829
-0.804455  0.671686   -0.432926  0.00780022
-0.804455  0.671686   -0.432926  0.0159983 
-0.804455  0.671686   -0.432926  0.00846032
-0.804455  0.671686   -0.432926  0.00842493
-0.779426  0.649576   -0.432931  0.00889061
-0.686423  0.689846   -0.408433  0.00810364
-0.681639  0.590702   -0.398066  0.00820029
-0.774111  0.678457   -0.435717  0.0090042 
-0.809816  0.683754   -0.426038  0.0148054 
-0.752858  0.672818   -0.410282  0.0164031 
-0.752858  0.672818   -0.410282  0.00710401
-0.80006   0.587241   -0.445965  0.00858676
-0.705331  0.600328   -0.406959  0.00975107
-0.650615  0.578764   -0.375939  0.00670767
-0.695467  0.610635   -0.402032  0.00725982
-0.732191  0.589952   -0.421065  0.00846457
-0.828978  0.579967   -0.440712  0.0202586 
-0.828978  0.579967   -0.440712  0.0127706 
-0.888118  0.646691   -0.393458  0.0151533 
-0.868772  0.67697    -0.390458  0.00788997
-0.873961  0.624734   -0.424829  0.0108688 
-0.9523    0.615788   -0.370662  0.0111124 
-0.9523    0.615788   -0.370662  0.0214015 
-0.9523    0.615788   -0.370662  0.0100075 
-0.861678  0.63341    -0.426646  0.0192281 
-0.861678  0.63341    -0.426646  0.017721  
-0.861678  0.63341    -0.426646  0.00916068
-0.802352  0.621084   -0.442143  0.00695979
-0.731089  0.657117   -0.422318  0.00936862
-0.726465  0.69725    -0.413256  0.0107226 
-0.770591  0.683282   -0.416587  0.0132035 
-0.712007  0.70853    -0.375293  0.00886356
-0.655749  0.678204   -0.377389  0.00854243
-0.643451  0.625957   -0.373451  0.00916155
-0.709783  0.6264     -0.406125  0.00986568
-0.761203  0.666048   -0.414639  0.0172919 
-0.761203  0.666048   -0.414639  0.00952571
-0.856503  0.571535   -0.40105   0.0208555 
-0.856503  0.571535   -0.40105   0.0147746 
-0.856503  0.571535   -0.40105   0.0111087 
-0.862649  0.594847   -0.423015  0.00892465
-0.805777  0.571793   -0.433149  0.0077642 
-0.76617   0.581901   -0.411111  0.0161194 
-0.76617   0.581901   -0.411111  0.0114812 
-0.76617   0.581901   -0.411111  0.0141415 
-0.795304  0.53166    -0.38401   0.0292075 
-0.795304  0.53166    -0.38401   0.00655156
-0.778736  0.596132   -0.440056  0.0102751 
-0.778736  0.596132   -0.440056  0.0136727 
-0.778736  0.596132   -0.440056  0.00884283
-0.692164  0.647405   -0.407721  0.010485  
-0.692164  0.647405   -0.407721  0.0112825 
-0.692164  0.647405   -0.407721  0.0146377 
-0.692164  0.647405   -0.407721  0.0102176 
-0.692164  0.647405   -0.407721  0.0159261 
-0.6633    0.701643   -0.360817  0.0178191 
-0.692257  0.748453   -0.363113  0.0172933 
-0.759416  0.779513   -0.340585  0.0193752 
-0.80072   0.742001   -0.374538  0.0278582 
-0.80072   0.742001   -0.374538  0.0136594 
-0.769346  0.676768   -0.414484  0.00637543
-0.757158  0.605698   -0.442682  0.0192217 
-0.757158  0.605698   -0.442682  0.00732571
-0.730424  0.645685   -0.425087  0.0066806 
-0.717653  0.663951   -0.412689  0.0150309 
-0.745746  0.732479   -0.362431  0.017781  
-0.749972  0.741632   -0.364496  0.0280666 
-0.749972  0.741632   -0.364496  0.00851326
-0.827305  0.649718   -0.445478  0.010823  
-0.796512  0.634986   -0.435152  0.00890166
-0.839075  0.57101    -0.434469  0.0209136 
-0.839075  0.57101    -0.434469  0.0238619 
-0.839075  0.57101    -0.434469  0.0134932 
-0.839075  0.57101    -0.434469  0.00668897
-0.77098   0.610361   -0.453281  0.00877541
-0.77098   0.610361   -0.453281  0.0143232 
-0.754983  0.52976    -0.388252  0.0217484 
-0.754983  0.52976    -0.388252  0.025135  
-0.754983  0.52976    -0.388252  0.0122398 
-0.703277  0.540248   -0.346406  0.00777446
-0.782603  0.591046   -0.434466  0.0066217 
-0.782603  0.591046   -0.434466  0.00674389
-0.721913  0.617139   -0.430964  0.010392  
-0.788008  0.557759   -0.405059  0.00830234
-0.864527  0.579968   -0.429518  0.020538  
-0.864527  0.579968   -0.429518  0.0133793 
-0.864527  0.579968   -0.429518  0.00947082
-0.793349  0.660132   -0.431634  0.0132204 
-0.703619  0.756612   -0.35632   0.025502  
-0.720349  0.854753   -0.262131  0.0416154 
-0.67778   0.915128   -0.13197   0.0451086 
-0.67778   0.915128   -0.13197   0.0605519 
-0.67778   0.915128   -0.13197   0.0328066 
-0.611453  0.856671   -0.278832  0.0276659 
-0.611453  0.856671   -0.278832  0.0142778 
-0.597573  0.768459   -0.325487  0.0181097 
-0.670428  0.793808   -0.337834  0.028743  
-0.670428  0.793808   -0.337834  0.0165141 
-0.616461  0.806792   -0.321026  0.01936   
-0.571204  0.861403   -0.30354   0.0133779 
-0.559839  0.797099   -0.307221  0.0160027 
-0.559839  0.797099   -0.307221  0.0129394 
-0.544643  0.698379   -0.264692  0.0134121 
-0.522332  0.750016   -0.300445  0.0125016 
-0.597914  0.703526   -0.323314  0.0138973 
-0.597914  0.703526   -0.323314  0.0179585 
-0.608434  0.802536   -0.311608  0.0219868 
-0.589202  0.85852    -0.277548  0.0247863 
-0.589202  0.85852    -0.277548  0.0254414 
-0.602661  0.878408   -0.263003  0.0157489 
-0.613118  0.838429   -0.328733  0.0193052 
-0.613118  0.838429   -0.328733  0.0152304 
-0.632173  0.832546   -0.293696  0.0163376 
-0.537817  0.748162   -0.279259  0.0151581 
-0.450357  0.805672   -0.268561  0.0161343 
-0.546804  0.779451   -0.263886  0.0144421 
-0.54226   0.760102   -0.30852   0.012706  
-0.606369  0.729965   -0.334307  0.0171315 
-0.644197  0.793139   -0.321708  0.0293291 
-0.644197  0.793139   -0.321708  0.0164715 
-0.629303  0.79534    -0.337456  0.0180932 
-0.629303  0.79534    -0.337456  0.0219756 
-0.629303  0.79534    -0.337456  0.0183593 
-0.685755  0.794267   -0.315789  0.00839644
-0.720408  0.695223   -0.410056  0.0165816 
-0.69051   0.794658   -0.359059  0.01269   
-0.65645   0.757233   -0.365688  0.0101946 
-0.733963  0.670026   -0.411903  0.00799547
-0.733963  0.670026   -0.411903  0.0173635 
-0.690383  0.742309   -0.348473  0.0133985 
-0.617753  0.725819   -0.327637  0.0128493 
-0.617753  0.725819   -0.327637  0.0119394 
-0.652788  0.730587   -0.360776  0.0117795 
-0.721294  0.696683   -0.402066  0.0132223 
-0.766127  0.734874   -0.39978   0.0105164 
-0.774378  0.67518    -0.428328  0.00849682
-0.808866  0.576163   -0.417626  0.0171184 
-0.808866  0.576163   -0.417626  0.0103488 
-0.816878  0.611105   -0.438226  0.0160508 
-0.816878  0.611105   -0.438226  0.0121437 
-0.806665  0.650585   -0.418798  0.0131339 
-0.746169  0.676483   -0.396261  0.0164992 
-0.746169  0.676483   -0.396261  0.0271006 
-0.843926  0.660077   -0.396332  0.0112658 
-0.933143  0.603516   -0.36474   0.0135246 
-0.933143  0.603516   -0.36474   0.0164309 
-0.859376  0.675583   -0.389877  0.00683709
-0.835758  0.623874   -0.445504  0.0104043 
-0.856816  0.652895   -0.423574  0.01158   
-0.778249  0.714331   -0.409422  0.0318607 
-0.778249  0.714331   -0.409422  0.018331  
-0.695163  0.754353   -0.323513  0.0206552 
-0.605984  0.802193   -0.284027  0.0295851 
-0.605984  0.802193   -0.284027  0.0143777 
-0.587401  0.772073   -0.302639  0.0173459 
-0.570689  0.824542   -0.317603  0.0313325 
-0.570689  0.824542   -0.317603  0.0227487 
-0.639126  0.78803    -0.308285  0.0237737 
-0.6505    0.771691   -0.322691  0.0124448 
-0.564602  0.718117   -0.283253  0.0142616 
-0.564602  0.718117   -0.283253  0.0118045 
-0.593878  0.706637   -0.290321  0.0238822 
-0.541346  0.771302   -0.283779  0.013705  
-0.528562  0.729471   -0.292435  0.0144005 
-0.50982   0.701441   -0.280242  0.0165679 
-0.50982   0.701441   -0.280242  0.0156375 
-0.527383  0.785013   -0.304046  0.0165288 
-0.5979    0.726229   -0.298349  0.00898892
-0.657008  0.662786   -0.381377  0.00854332
-0.716206  0.592399   -0.409201  0.0171936 
-0.716206  0.592399   -0.409201  0.0135042 
-0.716206  0.592399   -0.409201  0.00702018
-0.805628  0.623717   -0.454271  0.0126034 
-0.869752  0.647331   -0.426708  0.00983113
-0.835467  0.560335   -0.421805  0.0148385 
-0.835467  0.560335   -0.421805  0.0136826 
-0.822493  0.650675   -0.436385  0.00698887
-0.756414  0.590363   -0.42829   0.0098274 
-0.754235  0.659067   -0.415553  0.0126801 
-0.833542  0.680603   -0.41355   0.0110043 
-0.833542  0.680603   -0.41355   0.0269545 
-0.833542  0.680603   -0.41355   0.00842421
-0.885248  0.634046   -0.43532   0.00818924
-0.798632  0.578158   -0.438513  0.0094292 
-0.712149  0.651891   -0.406014  0.0111187 
-0.717539  0.697297   -0.397767  0.00937592
-0.717539  0.697297   -0.397767  0.00697841
-0.798452  0.624349   -0.452266  0.0102384 
-0.798452  0.624349   -0.452266  0.0128916 
-0.798452  0.624349   -0.452266  0.0144572 
-0.857788  0.669547   -0.411622  0.0165525 
-0.857788  0.669547   -0.411622  0.020876  
-0.857788  0.669547   -0.411622  0.00907322
-0.891592  0.575262   -0.400209  0.0339342 
-0.891592  0.575262   -0.400209  0.0181033 
-0.891592  0.575262   -0.400209  0.0153735 
-0.8734    0.526137   -0.346294  0.0103422 
-0.922079  0.560366   -0.371547  0.0105565 
-0.922079  0.560366   -0.371547  0.0239875 
-0.922079  0.560366   -0.371547  0.0153336 
-0.854534  0.524745   -0.364804  0.011894  
-0.858362  0.617248   -0.416706  0.0146252 
-0.858362  0.617248   -0.416706  0.0203685 
-0.858362  0.617248   -0.416706  0.0120897 
-0.858362  0.617248   -0.416706  0.00906561
-0.842443  0.57155    -0.4157    0.0114139 
-0.826018  0.548769   -0.40094   0.00853883
-0.779374  0.576316   -0.42936   0.00731956
-0.858997  0.597189   -0.43603   0.00805898
-0.824011  0.646773   -0.446498  0.0093123 
-0.857818  0.629257   -0.421341  0.00951062
-0.869231  0.605003   -0.424153  0.0150917 
-0.869231  0.605003   -0.424153  0.00907577
-0.869231  0.605003   -0.424153  0.0152405 
-0.869231  0.605003   -0.424153  0.0164673 
-0.876193  0.653659   -0.393461  0.00921081
-0.852728  0.627564   -0.441121  0.0171667 
-0.852728  0.627564   -0.441121  0.014774  
-0.852728  0.627564   -0.441121  0.00670081
-0.814655  0.638225   -0.442834  0.0172287 
-0.814655  0.638225   -0.442834  0.0107872 
-0.814655  0.638225   -0.442834  0.0073067 
-0.727714  0.591441   -0.418423  0.0135866 
-0.727714  0.591441   -0.418423  0.00716658
-0.730003  0.591147   -0.405627  0.00599483
-0.777961  0.607182   -0.456202  0.00672729
-0.719825  0.632876   -0.420554  0.0113476 
-0.77703   0.713492   -0.404812  0.0092185 
-0.827551  0.626388   -0.440262  0.0102434 
-0.827551  0.626388   -0.440262  0.0107528 
-0.827551  0.626388   -0.440262  0.0157499 
-0.827551  0.626388   -0.440262  0.00840631
-0.896065  0.600694   -0.40417   0.013321  
-0.896065  0.600694   -0.40417   0.0103947 
-0.908556  0.644972   -0.423131  0.00577488
-0.813481  0.617851   -0.460947  0.00809981
-0.813481  0.617851   -0.460947  0.00630235
-0.813481  0.617851   -0.460947  0.0142358 
-0.825685  0.537832   -0.38575   0.0247002 
-0.825685  0.537832   -0.38575   0.0117774 
-0.733486  0.548671   -0.421755  0.013958  
-0.75081   0.530252   -0.386487  0.0134657 
-0.75081   0.530252   -0.386487  0.00630133
-0.738792  0.605861   -0.432515  0.0125775 
-0.738792  0.605861   -0.432515  0.010175  
-0.644935  0.691288   -0.369117  0.0086719 
-0.664292  0.653711   -0.396485  0.0105427 
-0.664292  0.653711   -0.396485  0.010363  
-0.738536  0.636082   -0.414066  0.00968282
-0.678437  0.689579   -0.373498  0.0145844 
-0.678437  0.689579   -0.373498  0.0128791 
-0.74295   0.681576   -0.399795  0.00823844
-0.731387  0.700054   -0.425784  0.0185733 
-0.731387  0.700054   -0.425784  0.00668747
-0.731387  0.700054   -0.425784  0.0217131 
-0.776289  0.777576   -0.351034  0.014317  
-0.79534   0.698674   -0.401955  0.0229895 
-0.79534   0.698674   -0.401955  0.0225839 
-0.79534   0.698674   -0.401955  0.0162428 
-0.795534  0.699379   -0.393756  0.018558  
-0.845947  0.751677   -0.363419  0.0312496 
-0.845947  0.751677   -0.363419  0.0317031 
-0.845947  0.751677   -0.363419  0.0244457 
-0.877575  0.738154   -0.311256  0.0289784 
-0.877575  0.738154   -0.311256  0.0282706 
-0.877575  0.738154   -0.311256  0.0401296 
-0.877575  0.738154   -0.311256  0.0189532 
-0.871173  0.731542   -0.352121  0.0256984 
-0.864068  0.727963   -0.308905  0.0167713 
-0.834907  0.665052   -0.413529  0.0117148 
-0.822331  0.695684   -0.405424  0.0178437 
-0.822331  0.695684   -0.405424  0.0302036 
-0.822331  0.695684   -0.405424  0.0100562 
-0.885315  0.616226   -0.411144  0.012974  
-0.885315  0.616226   -0.411144  0.0103531 
-0.868444  0.596789   -0.423075  0.0116637 
-0.868444  0.596789   -0.423075  0.0112937 
-0.800955  0.549147   -0.392126  0.0119996 
-0.817642  0.548478   -0.416361  0.0177524 
-0.817642  0.548478   -0.416361  0.0201287 
-0.817642  0.548478   -0.416361  0.0133473 
-0.777563  0.536099   -0.367755  0.0110993 
-0.719461  0.542056   -0.342609  0.0295481 
-0.719461  0.542056   -0.342609  0.0146516 
-0.769987  0.523037   -0.36508   0.0122902 
-0.779333  0.543961   -0.374648  0.0291728 
-0.779333  0.543961   -0.374648  0.00857684
-0.853426  0.607536   -0.424051  0.00812907
-0.857426  0.611617   -0.426097  0.0113552 
-0.791434  0.652536   -0.430217  0.00612786
-0.744463  0.628568   -0.435442  0.00902727
-0.744463  0.628568   -0.435442  0.0116915 
-0.744463  0.628568   -0.435442  0.0101939 
-0.754856  0.702878   -0.40839   0.0130908 
-0.754856  0.702878   -0.40839   0.0102433 
-0.754856  0.702878   -0.40839   0.0100388 
-0.828482  0.655302   -0.427674  0.00764451
-0.771698  0.67147    -0.426335  0.0162924 
-0.839679  0.701708   -0.379358  0.0257393 
-0.839679  0.701708   -0.379358  0.00571289
-0.788501  0.636047   -0.455667  0.010594  
-0.772078  0.559205   -0.403012  0.013386  
-0.777893  0.535584   -0.37926   0.0163208 
-0.736375  0.517286   -0.348151  0.00780561
-0.728212  0.583415   -0.421457  0.00845001
-0.728212  0.583415   -0.421457  0.00748626
-0.736145  0.584782   -0.415442  0.0201919 
-0.736145  0.584782   -0.415442  0.0065753 
-0.71866   0.614977   -0.419174  0.00665192
-0.73164   0.624593   -0.434634  0.0110723 
-0.819955  0.601643   -0.438637  0.0103526 
-0.871569  0.654334   -0.421656  0.00785302
-0.817976  0.655684   -0.436028  0.0354236 
-0.817976  0.655684   -0.436028  0.012174  
-0.817976  0.655684   -0.436028  0.00812983
-0.777548  0.634883   -0.436225  0.0164338 
-0.777548  0.634883   -0.436225  0.00778314
-0.722587  0.582382   -0.405663  0.0129014 
-0.722587  0.582382   -0.405663  0.0140186 
-0.722587  0.582382   -0.405663  0.0138199 
-0.807356  0.534085   -0.382668  0.0164987 
-0.807356  0.534085   -0.382668  0.0146369 
-0.807356  0.534085   -0.382668  0.0108846 
-0.721659  0.556144   -0.403851  0.00884474
-0.721659  0.556144   -0.403851  0.0172322 
-0.721659  0.556144   -0.403851  0.0219197 
-0.721659  0.556144   -0.403851  0.0134208 
-0.679734  0.526101   -0.304069  0.00980989
-0.61492   0.602681   -0.327656  0.0139409 
-0.61492   0.602681   -0.327656  0.0106584 
-0.610455  0.673924   -0.331546  0.0125208 
-0.610455  0.673924   -0.331546  0.0125878 
-0.648096  0.751566   -0.362608  0.0108844 
-0.676228  0.722816   -0.397679  0.0135523 
-0.676228  0.722816   -0.397679  0.00871146
-0.724845  0.657637   -0.419901  0.00706779
-0.790258  0.593807   -0.448354  0.0127079 
-0.782118  0.538668   -0.365484  0.0166037 
-0.734128  0.51371    -0.357036  0.00730122
-0.766448  0.587515   -0.440009  0.0129737 
-0.766448  0.587515   -0.440009  0.0193784 
-0.766448  0.587515   -0.440009  0.012789  
-0.766448  0.587515   -0.440009  0.00935589
-0.859715  0.609266   -0.419391  0.00759332
-0.823088  0.612585   -0.44009   0.0117647 
-0.823088  0.612585   -0.44009   0.0117622 
-0.823088  0.612585   -0.44009   0.0133501 
-0.823088  0.612585   -0.44009   0.00662093
-0.733988  0.607272   -0.419722  0.0127709 
-0.787179  0.694776   -0.406926  0.0104809 
-0.692612  0.698143   -0.381831  0.00813541
-0.677771  0.677099   -0.404262  0.00964171
-0.679028  0.699941   -0.385191  0.00598334
-0.728737  0.609711   -0.423652  0.0112636 
-0.728737  0.609711   -0.423652  0.00670426
-0.741828  0.639374   -0.43714   0.017902  
-0.702614  0.718235   -0.35137   0.0156932 
-0.681136  0.766887   -0.358689  0.010912  
-0.681136  0.766887   -0.358689  0.0146598 
-0.740578  0.689935   -0.398452  0.0138204 
-0.774529  0.741661   -0.402641  0.0275147 
-0.774529  0.741661   -0.402641  0.0333686 
-0.774529  0.741661   -0.402641  0.0210259 
-0.774529  0.741661   -0.402641  0.0283276 
-0.774529  0.741661   -0.402641  0.0289759 
-0.774529  0.741661   -0.402641  0.0126112 
-0.811647  0.677643   -0.422726  0.0288186 
-0.811647  0.677643   -0.422726  0.019085  
-0.811647  0.677643   -0.422726  0.0162295 
-0.811647  0.677643   -0.422726  0.0137347 
-0.811647  0.677643   -0.422726  0.00816026
-0.816228  0.608613   -0.446102  0.00568145
-0.778412  0.620154   -0.431661  0.011979  
-0.778412  0.620154   -0.431661  0.0071502 
-0.756366  0.633338   -0.435126  0.0116555 
-0.756366  0.633338   -0.435126  0.0093898 
-0.841213  0.625847   -0.446434  0.0180357 
-0.841213  0.625847   -0.446434  0.0112759 
-0.841213  0.625847   -0.446434  0.0150582 
-0.910682  0.654741   -0.395236  0.0214245 
-0.910682  0.654741   -0.395236  0.0142245 
-0.967113  0.625519   -0.355316  0.0311247 
-0.967113  0.625519   -0.355316  0.0235908 
-0.967113  0.625519   -0.355316  0.0133909 
-0.93037   0.553789   -0.353038  0.0185973 
-0.93037   0.553789   -0.353038  0.0133171 
-0.93037   0.553789   -0.353038  0.0203837 
-0.93037   0.553789   -0.353038  0.0217991 
-0.93037   0.553789   -0.353038  0.0181369 
-0.93037   0.553789   -0.353038  0.00955077
-0.929578  0.614368   -0.383586  0.012478  
-0.929578  0.614368   -0.383586  0.0141584 
-0.929578  0.614368   -0.383586  0.0126921 
-0.929578  0.614368   -0.383586  0.0268237 
-0.929578  0.614368   -0.383586  0.0157919 
-0.851221  0.713765   -0.381079  0.0339643 
-0.851221  0.713765   -0.381079  0.018581  
-0.851221  0.713765   -0.381079  0.0260982 
-0.851221  0.713765   -0.381079  0.0161224 
-0.787809  0.709733   -0.389947  0.0172221 
-0.838142  0.705438   -0.369864  0.0297783 
-0.867912  0.746463   -0.307255  0.00891282
-0.785629  0.669719   -0.437173  0.00664511
-0.731039  0.608095   -0.42828   0.0137837 
-0.795676  0.533351   -0.38532   0.031287  
-0.795676  0.533351   -0.38532   0.00773558
-0.753162  0.583497   -0.430363  0.018076  
-0.753162  0.583497   -0.430363  0.00792114
-0.686501  0.59792    -0.400348  0.0109085 
-0.686501  0.59792    -0.400348  0.0108375 
-0.760446  0.66211    -0.427588  0.00741269
-0.800544  0.609011   -0.456287  0.0068626 
-0.847786  0.620542   -0.453926  0.0101979 
-0.847786  0.620542   -0.453926  0.0100493 
-0.847786  0.620542   -0.453926  0.0093074 
-0.781489  0.677942   -0.43626   0.00676465
-0.784892  0.643711   -0.447224  0.013295  
-0.784892  0.643711   -0.447224  0.00707023
-0.80231   0.593687   -0.445143  0.0158242 
-0.80231   0.593687   -0.445143  0.0125573 
-0.855686  0.645409   -0.427934  0.0107567 
-0.855686  0.645409   -0.427934  0.0115128 
-0.855686  0.645409   -0.427934  0.0060159 
-0.790131  0.608401   -0.451125  0.00817202
-0.720451  0.667893   -0.406955  0.00832474
-0.720451  0.667893   -0.406955  0.0123563 
-0.726929  0.74528    -0.382603  0.0329005 
-0.726929  0.74528    -0.382603  0.00853722
-0.68514   0.693263   -0.39391   0.00954345
-0.640473  0.65078    -0.37223   0.00900421
-0.687866  0.669926   -0.396761  0.0124769 
-0.69452   0.712789   -0.387401  0.011632  
-0.755402  0.721469   -0.407099  0.00575338
-0.81427   0.622622   -0.464516  0.021687  
-0.81427   0.622622   -0.464516  0.0107733 
-0.81427   0.622622   -0.464516  0.00984497
-0.81427   0.622622   -0.464516  0.0110836 
-0.865218  0.559921   -0.39745   0.0189011 
-0.865218  0.559921   -0.39745   0.00823167
-0.867808  0.626515   -0.434758  0.011664  
-0.867808  0.626515   -0.434758  0.00915042
-0.878081  0.576871   -0.411988  0.0143526 
-0.878081  0.576871   -0.411988  0.00635825
-0.781019  0.618855   -0.447975  0.00857173
-0.854666  0.640177   -0.432757  0.00890907
-0.878705  0.626483   -0.42088   0.012085  
-0.878705  0.626483   -0.42088   0.00958774
-0.931778  0.578197   -0.376817  0.0116026 
-0.957199  0.572509   -0.356754  0.0152993 
-0.957199  0.572509   -0.356754  0.0259106 
-0.957199  0.572509   -0.356754  0.0134975 
-0.957199  0.572509   -0.356754  0.0151726 
-0.957199  0.572509   -0.356754  0.025915  
-0.957199  0.572509   -0.356754  0.0119634 
-0.945979  0.54318    -0.320057  0.0102461 
-0.91337   0.595911   -0.386596  0.00801528
-0.836746  0.621931   -0.438573  0.0075488 
-0.757792  0.674262   -0.435385  0.0153541 
-0.757792  0.674262   -0.435385  0.0163785 
-0.796677  0.733025   -0.391792  0.0211469 
-0.796677  0.733025   -0.391792  0.0235468 
-0.796677  0.733025   -0.391792  0.00667462
-0.715289  0.638837   -0.415503  0.00968808
-0.788694  0.561671   -0.410619  0.0214214 
-0.771818  0.492699   -0.309925  0.0376684 
-0.771818  0.492699   -0.309925  0.0186457 
-0.680584  0.489667   -0.206012  0.0306637 
-0.680584  0.489667   -0.206012  0.0384774 
-0.680584  0.489667   -0.206012  0.0138544 
-0.60736   0.524      -0.248331  0.0172838 
-0.60736   0.524      -0.248331  0.0151702 
-0.549791  0.542266   -0.239931  0.0132739 
-0.529222  0.630663   -0.250815  0.0168926 
-0.529222  0.630663   -0.250815  0.00967634
-0.625625  0.644278   -0.35824   0.00921209
-0.64523   0.666628   -0.383224  0.0126887 
-0.632567  0.696031   -0.355847  0.0123855 
-0.632567  0.696031   -0.355847  0.00792088
-0.713737  0.626234   -0.410259  0.0138068 
-0.713737  0.626234   -0.410259  0.0102458 
-0.661433  0.673543   -0.364834  0.00801984
-0.700397  0.648237   -0.402219  0.00960761
-0.631967  0.585595   -0.342621  0.0104812 
-0.586051  0.64196    -0.300935  0.0102964 
-0.612617  0.576999   -0.320732  0.0109419 
-0.612617  0.576999   -0.320732  0.0101243 
-0.618089  0.649494   -0.344835  0.011527  
-0.618089  0.649494   -0.344835  0.00869785
-0.714611  0.630301   -0.406508  0.00848352
-0.727073  0.576269   -0.403115  0.0106866 
-0.813733  0.642322   -0.439341  0.0117413 
-0.813733  0.642322   -0.439341  0.01055   
-0.813733  0.642322   -0.439341  0.0101181 
-0.780495  0.702629   -0.433472  0.0117986 
-0.780495  0.702629   -0.433472  0.0264723 
-0.780495  0.702629   -0.433472  0.0188597 
-0.780495  0.702629   -0.433472  0.0105855 
-0.780495  0.702629   -0.433472  0.0108232 
-0.780495  0.702629   -0.433472  0.0124772 
-0.780495  0.702629   -0.433472  0.0193709 
-0.87421   0.756867   -0.367522  0.0300559 
-0.87421   0.756867   -0.367522  0.0354826 
-0.801318  0.839094   -0.228     0.0343185 
-0.778155  0.913088   -0.177998  0.0510617 
-0.778155  0.913088   -0.177998  0.0372994 
-0.703935  0.998157   -0.125956  0.0544749 
-0.664424  0.993089   -0.0124354 0.0420057 
-0.592796  0.978977   -0.164635  0.0753682 
-0.592796  0.978977   -0.164635  0.0518815 
-0.514364  1.04662    -0.16612   0.0655835 
-0.514364  1.04662    -0.16612   0.0429005 
-0.448811  1.00771    -0.138164  0.025902  
-0.390963  0.992627   -0.241582  0.0246161 
-0.415634  1.06863    -0.220653  0.0212656 
-0.389931  0.992261   -0.277352  0.038233  
-0.343459  1.0672     -0.251602  0.0350832 
-0.329806  1.08383    -0.192829  0.0535018 
-0.245932  1.05698    -0.1537    0.0287821 
-0.216483  1.06196    -0.22078   0.0178389 
-0.292051  0.985361   -0.278589  0.0357297 
-0.292051  0.985361   -0.278589  0.0331552 
-0.292051  0.985361   -0.278589  0.0235276 
-0.292051  0.985361   -0.278589  0.0227676 
-0.292051  0.985361   -0.278589  0.0230705 
-0.292051  0.985361   -0.278589  0.0178733 
-0.272328  0.905324   -0.239558  0.0176657 
-0.18685   0.96759    -0.269782  0.0194357 
-0.164266  0.94958    -0.2666    0.0204356 
-0.22927   0.903427   -0.188142  0.0165762 
-0.225188  0.912615   -0.28012   0.0219391 
-0.275116  0.983746   -0.239217  0.0214135 
-0.213106  0.966243   -0.25282   0.0257817 
-0.260515  0.947458   -0.227816  0.0192234 
-0.222321  0.895123   -0.196162  0.017078  
-0.147959  0.92787    -0.253491  0.0164769 
-0.24714   0.878803   -0.233425  0.0175879 
-0.271969  0.927566   -0.235002  0.0154046 
-0.362994  0.836907   -0.245451  0.0205008 
-0.362994  0.836907   -0.245451  0.0167792 
-0.362994  0.836907   -0.245451  0.0155662 
-0.451609  0.866553   -0.28771   0.0373312 
-0.451609  0.866553   -0.28771   0.0195532 
-0.451609  0.866553   -0.28771   0.0219547 
-0.451609  0.866553   -0.28771   0.0211196 
-0.420053  0.851951   -0.224578  0.0150987 
-0.420053  0.851951   -0.224578  0.0176531 
-0.448931  0.872461   -0.285077  0.017385  
-0.44568   0.898344   -0.274795  0.0195996 
-0.384272  0.986668   -0.266034  0.0200096 
-0.384272  0.986668   -0.266034  0.0332527 
-0.375189  0.893667   -0.228928  0.0224349 
-0.315748  0.925376   -0.228319  0.0157615 
-0.366697  0.875254   -0.293938  0.0267475 
-0.366697  0.875254   -0.293938  0.018185  
-0.366697  0.875254   -0.293938  0.015579  
-0.366697  0.875254   -0.293938  0.0165583 
-0.366697  0.875254   -0.293938  0.0193973 
-0.366697  0.875254   -0.293938  0.0213784 
-0.386279  0.894875   -0.263594  0.0163719 
-0.322628  0.81132    -0.208978  0.0166728 
-0.322628  0.81132    -0.208978  0.0196887 
-0.322628  0.81132    -0.208978  0.0167565 
-0.354522  0.769955   -0.212009  0.01659   
-0.43486   0.679074   -0.190393  0.0173985 
-0.43486   0.679074   -0.190393  0.0195711 
-0.43486   0.679074   -0.190393  0.0135788 
-0.526106  0.656855   -0.25067   0.017793  
-0.587474  0.70339    -0.300297  0.0157705 
-0.558904  0.712701   -0.275962  0.013873  
-0.558904  0.712701   -0.275962  0.0127692 
-0.545283  0.711581   -0.301087  0.011793  
-0.573396  0.611987   -0.294738  0.0140022 
-0.573396  0.611987   -0.294738  0.0141308 
-0.573396  0.611987   -0.294738  0.0118998 
-0.656829  0.542631   -0.335829  0.0148621 
-0.749067  0.52596    -0.35198   0.00623223
-0.752531  0.601533   -0.434744  0.0169431 
-0.752531  0.601533   -0.434744  0.0241323 
-0.752531  0.601533   -0.434744  0.015559  
-0.785929  0.52174    -0.336879  0.0261819 
-0.785929  0.52174    -0.336879  0.0139224 
-0.763267  0.53138    -0.36863   0.00598829
-0.786503  0.625059   -0.448815  0.00683932
-0.774935  0.588584   -0.416562  0.00833869
-0.837205  0.575924   -0.426754  0.0209024 
-0.869363  0.670859   -0.38836   0.00861215
-0.880624  0.591399   -0.409264  0.0160032 
-0.880624  0.591399   -0.409264  0.0105134 
-0.880624  0.591399   -0.409264  0.0238678 
-0.880624  0.591399   -0.409264  0.00763549
-0.786872  0.625718   -0.434776  0.00726892
-0.783     0.642084   -0.440162  0.0255684 
-0.783     0.642084   -0.440162  0.00841624
-0.736398  0.636062   -0.420947  0.00794734
-0.726341  0.619544   -0.432563  0.0108303 
-0.726341  0.619544   -0.432563  0.0172488 
-0.817841  0.712477   -0.379372  0.00842149
-0.838428  0.626481   -0.4453    0.00666743
-0.793556  0.594473   -0.457206  0.0152753 
-0.793556  0.594473   -0.457206  0.00694309
-0.793556  0.594473   -0.457206  0.00700275
-0.791505  0.594293   -0.448031  0.0083976 
-0.791505  0.594293   -0.448031  0.0108973 
-0.706766  0.553223   -0.381035  0.014165  
-0.706766  0.553223   -0.381035  0.00987305
-0.706766  0.553223   -0.381035  0.00710964
-0.731267  0.601085   -0.427226  0.00804318
-0.829215  0.584564   -0.432009  0.0222069 
-0.829215  0.584564   -0.432009  0.0177481 
-0.829215  0.584564   -0.432009  0.0182018 
-0.909266  0.604528   -0.381135  0.0123586 
-0.909266  0.604528   -0.381135  0.0110394 
-0.870634  0.638996   -0.413895  0.0235023 
-0.870634  0.638996   -0.413895  0.00742272
-0.778269  0.605413   -0.43782   0.0130514 
-0.862584  0.701946   -0.391525  0.0273813 
-0.862584  0.701946   -0.391525  0.00572314
-0.787626  0.632201   -0.451269  0.00703944
-0.741069  0.618009   -0.434968  0.00963961
-0.741069  0.618009   -0.434968  0.00939679
-0.812486  0.566821   -0.419514  0.0186743 
-0.812486  0.566821   -0.419514  0.0113663 
-0.812486  0.566821   -0.419514  0.00911515
-0.820626  0.570106   -0.435762  0.00633772
-0.772451  0.600835   -0.444973  0.00906293
-0.772451  0.600835   -0.444973  0.0171728 
-0.772451  0.600835   -0.444973  0.00970572
-0.772451  0.600835   -0.444973  0.00693573
-0.772411  0.611518   -0.439471  0.00862499
-0.772411  0.611518   -0.439471  0.00830242
-0.772411  0.611518   -0.439471  0.00727504
-0.772411  0.611518   -0.439471  0.00997255
-0.772411  0.611518   -0.439471  0.0078969 
-0.824849  0.614144   -0.432756  0.0132067 
-0.824849  0.614144   -0.432756  0.00958401
-0.877599  0.617721   -0.420032  0.0115996 
-0.789776  0.708246   -0.420538  0.0198502 
-0.789776  0.708246   -0.420538  0.016877  
-0.789776  0.708246   -0.420538  0.0118111 
-0.842132  0.664908   -0.422503  0.00714792
-0.779767  0.595925   -0.435864  0.0133747 
-0.779767  0.595925   -0.435864  0.00822505
-0.771067  0.654911   -0.438059  0.00817349
-0.771067  0.654911   -0.438059  0.0290589 
-0.771067  0.654911   -0.438059  0.00903312
-0.684744  0.575365   -0.392644  0.00803263
-0.768963  0.574838   -0.41236   0.0167376 
-0.768963  0.574838   -0.41236   0.0211835 
-0.768963  0.574838   -0.41236   0.00795231
-0.812692  0.6259     -0.439196  0.0062736 
-0.7876    0.615248   -0.435602  0.00616404
-0.763008  0.61125    -0.440924  0.00970263
-0.845411  0.612043   -0.428039  0.00829497
-0.769682  0.580324   -0.439252  0.00853201
-0.769682  0.580324   -0.439252  0.00872173
-0.848937  0.575184   -0.411984  0.00747133
-0.784165  0.624      -0.449134  0.00704519
-0.777407  0.593164   -0.443648  0.0125456 
-0.826192  0.542155   -0.407413  0.0108572 
-0.729573  0.552836   -0.414651  0.00904141
-0.797217  0.651762   -0.431696  0.0108311 
-0.797217  0.651762   -0.431696  0.0121969 
-0.701974  0.675703   -0.370563  0.00740006
-0.782791  0.586015   -0.437863  0.0172239 
-0.782791  0.586015   -0.437863  0.00744721
-0.714519  0.595005   -0.421649  0.0153435 
-0.785682  0.518377   -0.336225  0.0151247 
-0.781846  0.525982   -0.367409  0.00788137
-0.861874  0.601293   -0.428199  0.018561  
-0.861874  0.601293   -0.428199  0.00863269
-0.861874  0.601293   -0.428199  0.0142772 
-0.812962  0.531414   -0.388656  0.0293656 
-0.812962  0.531414   -0.388656  0.0118137 
-0.904307  0.603255   -0.3973    0.0185777 
-0.904307  0.603255   -0.3973    0.0150345 
-0.904307  0.603255   -0.3973    0.0195418 
-0.985188  0.668076   -0.273599  0.0432212 
-0.985188  0.668076   -0.273599  0.0226544 
-0.977593  0.671186   -0.309306  0.0156977 
-0.961392  0.647006   -0.34221   0.0146448 
-0.961392  0.647006   -0.34221   0.0158787 
-0.937566  0.663721   -0.351949  0.0294238 
-0.937566  0.663721   -0.351949  0.0266492 
-0.937566  0.663721   -0.351949  0.0113115 
-0.961532  0.590117   -0.362922  0.0129639 
-0.894377  0.663125   -0.406568  0.0275988 
-0.894377  0.663125   -0.406568  0.0187344 
-0.894377  0.663125   -0.406568  0.00734859
-0.88164   0.597768   -0.418507  0.0185105 
-0.88164   0.597768   -0.418507  0.00762547
-0.78541   0.582611   -0.445266  0.00966362
-0.78541   0.582611   -0.445266  0.00752018
-0.746811  0.617857   -0.432662  0.0103888 
-0.839487  0.565159   -0.42916   0.0243371 
-0.839487  0.565159   -0.42916   0.00780865
-0.778288  0.579988   -0.442867  0.0108267 
-0.805737  0.654593   -0.42385   0.00675016
-0.75741   0.633091   -0.444565  0.0133243 
-0.75741   0.633091   -0.444565  0.0258657 
-0.75741   0.633091   -0.444565  0.00900566
-0.796314  0.571384   -0.423086  0.0194128 
-0.796314  0.571384   -0.423086  0.00776478
-0.811559  0.602077   -0.436691  0.0107415 
-0.811559  0.602077   -0.436691  0.0106562 
-0.841909  0.556115   -0.402494  0.00878888
-0.786205  0.569461   -0.422149  0.011614  
-0.784317  0.551352   -0.418098  0.0138071 
-0.784317  0.551352   -0.418098  0.00858674
-0.755227  0.623065   -0.429872  0.00847445
-0.755227  0.623065   -0.429872  0.00822789
-0.708284  0.686372   -0.410661  0.0072289 
-0.709791  0.658469   -0.413358  0.0178086 
-0.709791  0.658469   -0.413358  0.00590832
-0.792878  0.651029   -0.445777  0.0123481 
-0.792878  0.651029   -0.445777  0.00677749
-0.84233   0.603506   -0.446182  0.0209549 
-0.924148  0.687139   -0.355341  0.0253445 
-0.924148  0.687139   -0.355341  0.013107  
-0.966021  0.600087   -0.334106  0.0261006 
-0.966021  0.600087   -0.334106  0.018163  
-0.966021  0.600087   -0.334106  0.0129046 
-0.977117  0.608051   -0.345836  0.0358073 
-0.977117  0.608051   -0.345836  0.0186578 
-0.88271   0.683184   -0.372953  0.0119882 
-0.790501  0.694813   -0.417247  0.0177019 
-0.837111  0.699963   -0.392972  0.0113095 
-0.810885  0.68929    -0.408643  0.0258268 
-0.810885  0.68929    -0.408643  0.0176987 
-0.81129   0.739425   -0.382664  0.0117821 
-0.756823  0.716865   -0.380128  0.00893538
-0.747151  0.676865   -0.419903  0.0179256 
-0.747151  0.676865   -0.419903  0.0153043 
-0.821424  0.710726   -0.394563  0.0100492 
-0.820402  0.651664   -0.423488  0.00871898
-0.906002  0.598151   -0.42007   0.0250342 
-0.906002  0.598151   -0.42007   0.0183201 
-0.906002  0.598151   -0.42007   0.00995047
-0.886698  0.644523   -0.424098  0.00980789
-0.816689  0.566258   -0.419837  0.00839089
-0.816689  0.566258   -0.419837  0.0172504 
-0.816689  0.566258   -0.419837  0.00840896
-0.872569  0.586744   -0.415116  0.0121077 
-0.806013  0.544772   -0.393068  0.0080176 
-0.834921  0.580715   -0.429215  0.0125922 
-0.834921  0.580715   -0.429215  0.019223  
-0.834921  0.580715   -0.429215  0.00905381
-0.834921  0.580715   -0.429215  0.00828515
-0.863287  0.58024    -0.428158  0.00856573
-0.767857  0.676695   -0.438437  0.00764098
-0.727038  0.585845   -0.427978  0.0168169 
-0.822328  0.679841   -0.415824  0.00917555
-0.833293  0.640196   -0.442522  0.0110829 
-0.833293  0.640196   -0.442522  0.0101633 
-0.814714  0.561082   -0.414726  0.0122346 
-0.896024  0.542904   -0.350782  0.0212793 
-0.896024  0.542904   -0.350782  0.0261214 
-0.896024  0.542904   -0.350782  0.0206148 
-0.896024  0.542904   -0.350782  0.0102823 
-0.969754  0.573732   -0.323944  0.0136034 
-0.969754  0.573732   -0.323944  0.0162603 
-0.969754  0.573732   -0.323944  0.00946794
-0.874966  0.629387   -0.418801  0.018388  
-0.862693  0.720109   -0.380421  0.0223013 
-0.808787  0.794505   -0.317158  0.0348614 
-0.808787  0.794505   -0.317158  0.0217525 
-0.871745  0.750873   -0.33531   0.0241219 
-0.871745  0.750873   -0.33531   0.0411847 
-0.871745  0.750873   -0.33531   0.0500229 
-0.871745  0.750873   -0.33531   0.0325287 
-0.888049  0.749605   -0.241961  0.0157678 
-0.801692  0.732756   -0.377084  0.0423489 
-0.801692  0.732756   -0.377084  0.0106082 
-0.707913  0.690372   -0.398174  0.00693465
-0.69721   0.636869   -0.416058  0.00906048
-0.692213  0.686931   -0.397916  0.00646211
-0.707607  0.625745   -0.417747  0.00966975
-0.707607  0.625745   -0.417747  0.0100334 
-0.707607  0.625745   -0.417747  0.00749095
