#MU        SIGMA      ENERGY     ERROR     
0.914318   0.663205   -0.377146  0.0124642 
0.895024   0.665185   -0.396856  0.0227447 
0.895024   0.665185   -0.396856  0.00838902
0.867502   0.592242   -0.428431  0.00858374
0.845274   0.581497   -0.434552  0.0150913 
0.845274   0.581497   -0.434552  0.00978899
0.845274   0.581497   -0.434552  0.0191852 
0.845274   0.581497   -0.434552  0.0129019 
0.747941   0.538082   -0.375325  0.00851499
0.843245   0.576214   -0.431064  0.0127274 
0.843245   0.576214   -0.431064  0.0147842 
0.927233   0.643031   -0.372296  0.0253591 
1.01431    0.687107   -0.235947  0.0302076 
0.931994   0.731296   -0.269101  0.0501275 
0.931994   0.731296   -0.269101  0.0191387 
0.846189   0.673693   -0.378361  0.00902752
0.897784   0.584258   -0.394396  0.0135166 
0.897784   0.584258   -0.394396  0.0168955 
0.897784   0.584258   -0.394396  0.0141367 
0.985189   0.602826   -0.287942  0.0188585 
0.903549   0.688698   -0.376287  0.0102566 
0.821462   0.665672   -0.42788   0.00662761
0.744454   0.636563   -0.426876  0.0167667 
0.744454   0.636563   -0.426876  0.0118089 
0.738769   0.544996   -0.376361  0.00982005
0.768655   0.559546   -0.432134  0.018823  
0.768655   0.559546   -0.432134  0.00831946
0.823889   0.643674   -0.434997  0.0144546 
0.823889   0.643674   -0.434997  0.00721929
0.881236   0.603843   -0.423587  0.00830567
0.811614   0.590581   -0.423486  0.0115666 
0.838652   0.672075   -0.420978  0.0174978 
0.815554   0.726707   -0.377323  0.0097966 
0.729961   0.651247   -0.411955  0.010247  
0.771889   0.671392   -0.414867  0.00776507
0.832923   0.586591   -0.425685  0.00555225
0.760615   0.624303   -0.45512   0.011922  
0.847141   0.547209   -0.393307  0.00979815
0.896962   0.619058   -0.411816  0.0146683 
0.930108   0.651469   -0.354378  0.0346686 
0.930108   0.651469   -0.354378  0.0183421 
0.870553   0.744714   -0.350312  0.0168793 
0.869533   0.723656   -0.365861  0.0386869 
0.869533   0.723656   -0.365861  0.0378682 
0.827919   0.720095   -0.320217  0.00827243
0.775495   0.665046   -0.430807  0.0158603 
0.727917   0.755561   -0.373306  0.0121867 
0.723945   0.710712   -0.384878  0.0135616 
0.723945   0.710712   -0.384878  0.0118896 
0.723945   0.710712   -0.384878  0.0170378 
0.733432   0.762847   -0.355846  0.0251189 
0.733432   0.762847   -0.355846  0.0173604 
0.762909   0.753807   -0.353001  0.0179416 
0.694146   0.811944   -0.322395  0.0218695 
0.740319   0.74514    -0.338136  0.0354817 
0.751084   0.798665   -0.312876  0.0167429 
0.716879   0.737323   -0.360948  0.0149416 
0.731795   0.723674   -0.366533  0.00901468
0.63212    0.658855   -0.354395  0.0116039 
0.63212    0.658855   -0.354395  0.0101933 
0.693112   0.706376   -0.381392  0.0162464 
0.777627   0.747656   -0.381521  0.0292629 
0.777627   0.747656   -0.381521  0.0185329 
0.854272   0.701874   -0.371851  0.0135577 
0.905081   0.664042   -0.375613  0.011002  
0.859174   0.655351   -0.417749  0.0148293 
0.858613   0.679178   -0.415754  0.0103307 
0.814452   0.632129   -0.416479  0.0131493 
0.720804   0.705984   -0.40764   0.0133319 
0.76962    0.717197   -0.393037  0.00621859
0.77075    0.655287   -0.451014  0.0090523 
0.868639   0.575866   -0.412063  0.0144778 
0.915632   0.646514   -0.37498   0.0335076 
0.915632   0.646514   -0.37498   0.00943744
0.862662   0.571814   -0.4342    0.0144297 
0.862662   0.571814   -0.4342    0.00981243
0.9059     0.580978   -0.382853  0.0116864 
0.9059     0.580978   -0.382853  0.00949652
0.816889   0.567643   -0.436769  0.0167081 
0.816889   0.567643   -0.436769  0.0120598 
0.831378   0.541429   -0.371366  0.00767087
0.760727   0.584162   -0.441183  0.00710446
0.701335   0.60435    -0.419214  0.0109213 
0.701335   0.60435    -0.419214  0.0111353 
0.701335   0.60435    -0.419214  0.00889798
0.643226   0.645505   -0.350488  0.0106273 
0.664977   0.703858   -0.364509  0.00838013
0.688846   0.670017   -0.398298  0.0120493 
0.599857   0.690267   -0.336807  0.0136181 
0.623928   0.771476   -0.344954  0.0114667 
0.613897   0.729565   -0.375175  0.0135615 
0.613897   0.729565   -0.375175  0.0164621 
0.614544   0.773194   -0.331396  0.0123941 
0.614544   0.773194   -0.331396  0.0205966 
0.624937   0.858138   -0.302518  0.0183171 
0.720456   0.797889   -0.338382  0.0108564 
0.704932   0.73105    -0.39466   0.0124928 
0.693686   0.712149   -0.380084  0.0157435 
0.762392   0.745133   -0.384957  0.0186101 
0.858922   0.729787   -0.350441  0.0105579 
0.81517    0.691645   -0.42232   0.0248998 
0.81517    0.691645   -0.42232   0.0216708 
0.814269   0.747205   -0.347052  0.00935356
0.750747   0.671188   -0.424253  0.00922629
0.750747   0.671188   -0.424253  0.0112754 
0.848843   0.658108   -0.426341  0.0116775 
0.795754   0.667777   -0.416829  0.0092349 
0.859142   0.640217   -0.429709  0.0125028 
0.822347   0.6763     -0.417019  0.0160271 
0.822347   0.6763     -0.417019  0.0215481 
0.822347   0.6763     -0.417019  0.0186756 
0.778531   0.74326    -0.394795  0.00974045
0.777861   0.673175   -0.422757  0.0186342 
0.777861   0.673175   -0.422757  0.0069873 
0.753132   0.633691   -0.430948  0.00764609
0.730213   0.588616   -0.422909  0.00843001
0.768753   0.577352   -0.428378  0.00974583
0.868221   0.567738   -0.412012  0.00969384
0.821059   0.646942   -0.436718  0.0136357 
0.880922   0.637721   -0.418227  0.00984603
0.830466   0.600118   -0.425287  0.0140577 
0.827941   0.533833   -0.374401  0.0104974 
0.791739   0.555998   -0.392721  0.00926454
0.853376   0.590907   -0.432735  0.00984682
0.853376   0.590907   -0.432735  0.0157454 
0.853376   0.590907   -0.432735  0.0174576 
0.853376   0.590907   -0.432735  0.0124391 
0.84454    0.690338   -0.419136  0.0379467 
0.84454    0.690338   -0.419136  0.0151917 
0.84454    0.690338   -0.419136  0.0234984 
0.803553   0.785021   -0.342842  0.0233138 
0.803553   0.785021   -0.342842  0.0374267 
0.803553   0.785021   -0.342842  0.0419848 
0.803553   0.785021   -0.342842  0.0156889 
0.793918   0.779805   -0.354766  0.0281336 
0.793918   0.779805   -0.354766  0.016603  
0.753153   0.775626   -0.336195  0.029479  
0.815694   0.817168   -0.224118  0.0268184 
0.787089   0.798278   -0.280743  0.0298697 
0.787089   0.798278   -0.280743  0.0220634 
0.733606   0.827223   -0.3041    0.0428661 
0.733606   0.827223   -0.3041    0.0157551 
0.744566   0.76864    -0.372637  0.0216317 
0.744566   0.76864    -0.372637  0.0265025 
0.764024   0.845934   -0.277069  0.039875  
0.764024   0.845934   -0.277069  0.0166481 
0.704541   0.749109   -0.35539   0.016329  
0.757148   0.72748    -0.363772  0.0150599 
0.677655   0.688249   -0.355773  0.00665527
0.74139    0.647463   -0.428902  0.012009  
0.74139    0.647463   -0.428902  0.0172495 
0.792897   0.743799   -0.376597  0.0202052 
0.792897   0.743799   -0.376597  0.0111246 
0.880462   0.644753   -0.423397  0.0105434 
0.928739   0.574149   -0.378868  0.0124588 
0.863744   0.65312    -0.415856  0.013374  
0.887451   0.596935   -0.402522  0.0116883 
0.859722   0.547321   -0.385284  0.026387  
0.859722   0.547321   -0.385284  0.0116692 
0.934448   0.599668   -0.360174  0.0214122 
0.885515   0.668217   -0.36917   0.0108748 
0.858656   0.606711   -0.423998  0.00602921
0.759894   0.621343   -0.433913  0.00956957
0.759894   0.621343   -0.433913  0.013008  
0.759894   0.621343   -0.433913  0.00850685
0.817841   0.628218   -0.443391  0.0067261 
0.846846   0.612311   -0.456701  0.00877148
0.846846   0.612311   -0.456701  0.00780583
0.846846   0.612311   -0.456701  0.011424  
0.748907   0.647594   -0.417783  0.0128328 
0.748907   0.647594   -0.417783  0.00793617
0.82325    0.595983   -0.430712  0.0101897 
0.819366   0.670569   -0.430119  0.0110408 
0.844673   0.662998   -0.423887  0.00908596
0.821      0.605438   -0.446864  0.0118501 
0.842311   0.548991   -0.390017  0.0189995 
0.842311   0.548991   -0.390017  0.00932577
0.809578   0.633004   -0.440156  0.00651111
0.809578   0.633004   -0.440156  0.01327   
0.814462   0.538919   -0.407127  0.011205  
0.842805   0.5623     -0.405009  0.0104532 
0.805899   0.558011   -0.408571  0.00634772
0.743771   0.654529   -0.444649  0.0193559 
0.743771   0.654529   -0.444649  0.00740243
0.757895   0.584311   -0.431683  0.0167131 
0.66784    0.501487   -0.236686  0.0100896 
0.740739   0.555874   -0.408552  0.00642956
0.729595   0.606716   -0.426232  0.0112914 
0.648273   0.684842   -0.353705  0.0115606 
0.559942   0.68458    -0.288971  0.0150794 
0.469805   0.749028   -0.25208   0.015131  
0.480767   0.665467   -0.198593  0.0127663 
0.532223   0.637074   -0.215937  0.0128182 
0.526567   0.689957   -0.234126  0.011035  
0.608586   0.649822   -0.338002  0.0118954 
0.632678   0.72518    -0.327897  0.0101347 
0.642023   0.693622   -0.360026  0.00655116
0.708606   0.617432   -0.419777  0.0114598 
0.708606   0.617432   -0.419777  0.00919386
0.633718   0.583321   -0.310422  0.012597  
0.633718   0.583321   -0.310422  0.00818691
0.690547   0.608767   -0.391519  0.0141451 
0.681491   0.705917   -0.381895  0.00768607
0.747421   0.622622   -0.448104  0.00948254
0.847315   0.606285   -0.423308  0.00826008
0.773956   0.676113   -0.4307    0.0170126 
0.773956   0.676113   -0.4307    0.0165266 
0.773956   0.676113   -0.4307    0.00783552
0.773956   0.676113   -0.4307    0.0161707 
0.773956   0.676113   -0.4307    0.0161888 
0.773956   0.676113   -0.4307    0.0109955 
0.817553   0.66395    -0.421085  0.00990732
0.912167   0.574601   -0.384924  0.0144684 
0.912167   0.574601   -0.384924  0.0203207 
0.912167   0.574601   -0.384924  0.015222  
0.978672   0.630886   -0.323006  0.0136778 
0.976352   0.625981   -0.336072  0.0112951 
0.972136   0.554142   -0.301116  0.0126279 
0.972136   0.554142   -0.301116  0.0154088 
0.972136   0.554142   -0.301116  0.0109933 
0.942223   0.616574   -0.35929   0.0132031 
0.858131   0.648851   -0.425287  0.0208944 
0.858131   0.648851   -0.425287  0.00861701
0.765384   0.690643   -0.434839  0.0132701 
0.864829   0.662067   -0.41877   0.00890359
0.884836   0.612318   -0.413264  0.00993533
0.817443   0.562822   -0.421455  0.0144243 
0.817443   0.562822   -0.421455  0.0239725 
0.817443   0.562822   -0.421455  0.0127759 
0.837999   0.542435   -0.381149  0.0101293 
0.856263   0.626712   -0.430104  0.00530293
0.774534   0.628865   -0.446948  0.0116597 
0.8571     0.669894   -0.422889  0.0142244 
0.778974   0.747817   -0.380034  0.0191946 
0.72067    0.786078   -0.329745  0.0145765 
0.740615   0.760802   -0.375416  0.0156579 
0.82374    0.691755   -0.392468  0.0162743 
0.739365   0.728013   -0.364578  0.0122927 
0.737333   0.713718   -0.403402  0.0180605 
0.737333   0.713718   -0.403402  0.0107133 
0.637842   0.689145   -0.364313  0.0218071 
0.673245   0.757603   -0.31708   0.0183196 
0.702264   0.770945   -0.347114  0.00961982
0.671258   0.689068   -0.377303  0.00949725
0.644293   0.638912   -0.372938  0.014985  
0.55486    0.543061   -0.239395  0.015236  
0.55486    0.543061   -0.239395  0.0152153 
0.514549   0.576028   -0.187332  0.0188484 
0.514549   0.576028   -0.187332  0.0194113 
0.560332   0.481294   -0.14493   0.0351097 
0.560332   0.481294   -0.14493   0.0282029 
0.560332   0.481294   -0.14493   0.019099  
0.510387   0.489524   -0.119821  0.0416224 
0.510387   0.489524   -0.119821  0.0152245 
0.586697   0.513591   -0.22418   0.0229346 
0.586697   0.513591   -0.22418   0.00934695
0.672055   0.573013   -0.371832  0.00925016
0.704256   0.670727   -0.403463  0.0135555 
0.776669   0.711314   -0.400547  0.0103003 
0.832122   0.678049   -0.421081  0.0184247 
0.832122   0.678049   -0.421081  0.0146829 
0.808618   0.687916   -0.400789  0.0191083 
0.751275   0.731381   -0.336141  0.042346  
0.751275   0.731381   -0.336141  0.0135358 
0.729598   0.755694   -0.368912  0.0246546 
0.706427   0.851793   -0.28671   0.0297402 
0.682093   0.890879   -0.251273  0.0591289 
0.682093   0.890879   -0.251273  0.0175757 
0.585174   0.838083   -0.311398  0.0212435 
0.585174   0.838083   -0.311398  0.016181  
0.498827   0.867229   -0.288111  0.0208455 
0.403219   0.938764   -0.274768  0.0203126 
0.4861     0.978587   -0.268416  0.0185004 
0.472107   0.892225   -0.278466  0.021071  
0.471709   0.952867   -0.284731  0.0296211 
0.471709   0.952867   -0.284731  0.0372936 
0.534083   0.925271   -0.249516  0.0327571 
0.590753   0.887421   -0.222877  0.0221583 
0.519218   0.888521   -0.275288  0.0308127 
0.519218   0.888521   -0.275288  0.0198817 
0.444073   0.867184   -0.242777  0.0170638 
0.429781   0.906352   -0.273221  0.0359099 
0.363146   0.991674   -0.196887  0.027544  
0.269402   1.02468    -0.237007  0.0270658 
0.357733   0.985429   -0.20705   0.0169451 
0.281526   0.955514   -0.294477  0.01537   
0.315578   0.913402   -0.271294  0.0156129 
0.245873   0.895761   -0.254022  0.0166245 
0.245873   0.895761   -0.254022  0.0174991 
0.27775    0.799295   -0.172835  0.0179861 
0.27775    0.799295   -0.172835  0.0174687 
0.272607   0.873594   -0.204768  0.0211503 
0.247166   0.865658   -0.181552  0.0164695 
0.25187    0.904696   -0.256832  0.0169783 
0.25187    0.904696   -0.256832  0.0169649 
0.25187    0.904696   -0.256832  0.0168892 
0.272944   0.847086   -0.194932  0.0175149 
0.290185   0.77651    -0.149036  0.0153716 
0.207676   0.862428   -0.190363  0.0172735 
0.207676   0.862428   -0.190363  0.0155925 
0.193512   0.924989   -0.276355  0.0224248 
0.193512   0.924989   -0.276355  0.0192539 
0.219513   0.896723   -0.226035  0.0153015 
0.31759    0.982604   -0.288887  0.0249665 
0.366229   1.01901    -0.225447  0.0270443 
0.425933   0.967737   -0.236101  0.0206036 
0.377545   0.954024   -0.284057  0.0224111 
0.312193   1.00366    -0.241093  0.0183003 
0.23475    0.930189   -0.254269  0.0170543 
0.23475    0.930189   -0.254269  0.017432  
0.212944   0.977927   -0.263974  0.0184268 
0.311245   0.901429   -0.268349  0.0154853 
0.265506   0.867363   -0.177598  0.016898  
0.288986   0.780647   -0.136404  0.0163991 
0.349121   0.781793   -0.192296  0.0196584 
0.401397   0.839231   -0.225029  0.0167025 
0.356582   0.782407   -0.222276  0.0174256 
0.391126   0.856141   -0.228629  0.0189724 
0.299007   0.854416   -0.21993   0.0166574 
0.332089   0.803085   -0.207615  0.0162459 
0.303      0.90061    -0.229731  0.0153643 
0.355596   0.854818   -0.269308  0.0166298 
0.437764   0.867986   -0.268818  0.02642   
0.527021   0.927909   -0.265521  0.0187951 
0.591445   0.839068   -0.301362  0.0143696 
0.658588   0.771285   -0.361598  0.0121835 
0.618416   0.724851   -0.339197  0.00718788
0.687134   0.642178   -0.398741  0.0099232 
0.687134   0.642178   -0.398741  0.00893527
0.774578   0.603864   -0.434323  0.0104296 
0.854031   0.6525     -0.429607  0.00982859
0.791184   0.62823    -0.422486  0.014049  
0.791184   0.62823    -0.422486  0.00945448
0.793448   0.563511   -0.424489  0.0224927 
0.793448   0.563511   -0.424489  0.00878408
0.864841   0.592124   -0.440498  0.0174099 
0.864841   0.592124   -0.440498  0.0115044 
0.864841   0.592124   -0.440498  0.0117075 
0.864841   0.592124   -0.440498  0.0083183 
0.818746   0.581709   -0.440852  0.00941773
0.818746   0.581709   -0.440852  0.00934636
0.847558   0.581908   -0.428588  0.0198146 
0.847558   0.581908   -0.428588  0.0194116 
0.847558   0.581908   -0.428588  0.00818662
0.796905   0.633231   -0.43986   0.00858335
0.796905   0.633231   -0.43986   0.0106458 
0.768559   0.69851    -0.422124  0.0110524 
0.774243   0.684169   -0.408021  0.0120886 
0.860746   0.636551   -0.406797  0.0131435 
0.791853   0.537218   -0.378913  0.0137299 
0.868515   0.61355    -0.417245  0.0147005 
0.868001   0.703868   -0.385443  0.010947  
0.834871   0.680671   -0.425493  0.0104159 
0.860692   0.661924   -0.436142  0.0146729 
0.849921   0.709508   -0.400546  0.0191884 
0.798086   0.738045   -0.3607    0.0133449 
0.867991   0.70674    -0.402229  0.0156005 
0.939988   0.658294   -0.344895  0.0506684 
0.939988   0.658294   -0.344895  0.0557555 
0.939988   0.658294   -0.344895  0.0190814 
0.917595   0.654171   -0.357507  0.00841874
0.832592   0.63314    -0.439436  0.0119144 
0.832592   0.63314    -0.439436  0.0115803 
0.832592   0.63314    -0.439436  0.0091057 
0.736779   0.562749   -0.401263  0.00981427
0.736779   0.562749   -0.401263  0.00825737
0.658545   0.614286   -0.376297  0.0106562 
0.685858   0.55652    -0.366331  0.0196976 
0.768019   0.497485   -0.260732  0.0237004 
0.760054   0.477131   -0.230757  0.0187053 
0.781683   0.506711   -0.306104  0.009755  
0.865471   0.586041   -0.436067  0.0101491 
0.865471   0.586041   -0.436067  0.00715808
0.80384    0.633995   -0.448338  0.00896826
0.729121   0.672185   -0.409589  0.0111747 
0.729121   0.672185   -0.409589  0.00636654
0.761102   0.615209   -0.446752  0.00991029
0.761102   0.615209   -0.446752  0.00951878
0.813343   0.61107    -0.441511  0.00826775
0.874154   0.598921   -0.424508  0.0185122 
0.874154   0.598921   -0.424508  0.0210415 
0.874154   0.598921   -0.424508  0.0102195 
0.885393   0.647321   -0.416142  0.0141417 
0.838018   0.691309   -0.407622  0.00693345
0.856187   0.615522   -0.452595  0.0101269 
0.856187   0.615522   -0.452595  0.00861759
0.785814   0.685883   -0.437882  0.0073753 
0.764636   0.604399   -0.424843  0.00703202
0.707944   0.666519   -0.419467  0.0103215 
0.612722   0.683899   -0.331097  0.0126425 
0.631502   0.736594   -0.339792  0.0114108 
0.590571   0.664588   -0.325906  0.0149085 
0.590571   0.664588   -0.325906  0.0100001 
0.637249   0.581883   -0.354284  0.00663371
0.73321    0.599282   -0.430516  0.012452  
0.671548   0.538745   -0.358276  0.0193959 
0.671548   0.538745   -0.358276  0.00792527
0.739912   0.624528   -0.430351  0.0121317 
0.810801   0.637916   -0.441536  0.00911787
0.785129   0.670248   -0.441071  0.0172295 
0.785129   0.670248   -0.441071  0.0234316 
0.785129   0.670248   -0.441071  0.00835399
0.859562   0.616715   -0.434127  0.00888744
0.760436   0.652315   -0.425473  0.00907485
0.824601   0.571178   -0.42978   0.00893711
0.81693    0.581367   -0.43441   0.00830216
0.831803   0.615153   -0.430024  0.0138446 
0.885243   0.610035   -0.415906  0.00929606
0.853403   0.575138   -0.421206  0.0116485 
0.931519   0.550565   -0.325462  0.0205814 
0.931519   0.550565   -0.325462  0.019074  
0.995113   0.485758   -0.103207  0.029794  
1.05505    0.428471   0.151541   0.0214846 
1.02198    0.472038   -0.091905  0.0160306 
1.02198    0.472038   -0.091905  0.0442255 
1.02198    0.472038   -0.091905  0.0148878 
1.02712    0.514368   -0.149262  0.0258395 
1.02712    0.514368   -0.149262  0.0296367 
0.957882   0.448994   -0.0449061 0.0323416 
0.957882   0.448994   -0.0449061 0.0131339 
0.913308   0.535889   -0.358683  0.0130241 
0.913308   0.535889   -0.358683  0.0118847 
0.913308   0.535889   -0.358683  0.0121355 
0.884315   0.635806   -0.399776  0.0140645 
0.806813   0.67861    -0.408811  0.030851  
0.806813   0.67861    -0.408811  0.0203604 
0.806813   0.67861    -0.408811  0.0115166 
0.878082   0.654114   -0.415824  0.029321  
0.957268   0.713682   -0.244323  0.0395437 
0.904116   0.775732   -0.195279  0.0385446 
0.904116   0.775732   -0.195279  0.045533  
0.904116   0.775732   -0.195279  0.026562  
0.945107   0.776667   -0.209137  0.0459154 
0.945107   0.776667   -0.209137  0.0405734 
0.945107   0.776667   -0.209137  0.0544314 
0.945107   0.776667   -0.209137  0.0226411 
0.901279   0.71983    -0.322858  0.0264534 
0.901279   0.71983    -0.322858  0.0322181 
0.901279   0.71983    -0.322858  0.02362   
0.852422   0.725139   -0.329295  0.0286132 
0.852422   0.725139   -0.329295  0.0147848 
0.767756   0.756959   -0.382644  0.0294015 
0.767756   0.756959   -0.382644  0.00971279
0.819729   0.672325   -0.429028  0.0200419 
0.819729   0.672325   -0.429028  0.0182758 
0.878923   0.710547   -0.38008   0.0106295 
0.781144   0.662621   -0.422681  0.00702488
0.84069    0.614388   -0.438875  0.00962573
0.864128   0.640724   -0.429716  0.0093703 
0.922872   0.585597   -0.386993  0.0215881 
0.940741   0.668271   -0.328433  0.0183264 
0.994378   0.647014   -0.253773  0.0223441 
0.995863   0.628099   -0.264419  0.0105798 
0.901334   0.588355   -0.393354  0.0117323 
0.901334   0.588355   -0.393354  0.00985336
0.849512   0.638891   -0.443263  0.0109701 
0.7854     0.554555   -0.419402  0.00809478
0.817997   0.649084   -0.444571  0.00859201
0.832464   0.609764   -0.436178  0.00642707
0.750793   0.662938   -0.443333  0.0116478 
0.717832   0.700696   -0.402659  0.0100534 
0.681843   0.721692   -0.384474  0.0131126 
0.681843   0.721692   -0.384474  0.00905342
0.631676   0.638618   -0.368192  0.00743918
0.695372   0.648592   -0.394721  0.00766366
0.682274   0.601344   -0.388195  0.0106231 
0.593195   0.600203   -0.300828  0.00819152
0.645326   0.640507   -0.350117  0.00880325
0.698004   0.580664   -0.411843  0.0088444 
0.698004   0.580664   -0.411843  0.0099213 
0.771128   0.562493   -0.429266  0.00864398
0.783281   0.617775   -0.440427  0.0104314 
0.783281   0.617775   -0.440427  0.013974  
0.783281   0.617775   -0.440427  0.00655826
0.785019   0.616769   -0.447547  0.00817792
0.785019   0.616769   -0.447547  0.00784586
0.703962   0.585146   -0.398345  0.00955152
0.703962   0.585146   -0.398345  0.0099899 
0.703962   0.585146   -0.398345  0.0112756 
0.703962   0.585146   -0.398345  0.00890927
0.760565   0.677943   -0.431452  0.0127543 
0.84818    0.670947   -0.406258  0.00648438
0.788586   0.621162   -0.449282  0.00954216
0.734688   0.692442   -0.423946  0.00884564
0.733963   0.663958   -0.410212  0.0132432 
0.816952   0.648534   -0.41594   0.0115572 
0.718847   0.681834   -0.394363  0.0111674 
0.742947   0.651753   -0.419939  0.013441  
0.83668    0.704131   -0.410529  0.0194579 
0.759048   0.703727   -0.387038  0.0176123 
0.752189   0.724578   -0.36405   0.0149667 
0.825083   0.683993   -0.404363  0.0226619 
0.825083   0.683993   -0.404363  0.00867406
0.856278   0.625124   -0.437074  0.0124313 
0.885971   0.542538   -0.352437  0.0176546 
0.885971   0.542538   -0.352437  0.0117468 
0.956515   0.594137   -0.340581  0.016421  
0.956515   0.594137   -0.340581  0.0110343 
0.973403   0.557635   -0.311567  0.0142015 
0.973403   0.557635   -0.311567  0.0219385 
0.973403   0.557635   -0.311567  0.00954093
0.913768   0.591545   -0.376411  0.012556  
0.816393   0.544359   -0.394839  0.00812809
0.910043   0.616314   -0.424921  0.0118822 
0.910043   0.616314   -0.424921  0.0100694 
0.919288   0.594586   -0.376022  0.0106529 
0.830348   0.556318   -0.411237  0.00902601
0.86843    0.577185   -0.442576  0.0141797 
0.86843    0.577185   -0.442576  0.0155565 
0.86843    0.577185   -0.442576  0.012969  
0.86843    0.577185   -0.442576  0.0100334 
0.84699    0.658977   -0.438159  0.00896448
0.812763   0.643969   -0.437135  0.0135506 
0.902388   0.609991   -0.393134  0.0178656 
0.855454   0.669701   -0.406482  0.009852  
0.954894   0.578152   -0.339726  0.0122139 
0.934366   0.599642   -0.376956  0.0119619 
0.940181   0.60462    -0.366103  0.0255195 
0.940181   0.60462    -0.366103  0.0128492 
0.940181   0.60462    -0.366103  0.014816  
0.940181   0.60462    -0.366103  0.0122384 
0.910454   0.61574    -0.372631  0.0123262 
0.986185   0.60706    -0.314713  0.0154261 
0.931537   0.631217   -0.362793  0.00974789
0.878487   0.585355   -0.409571  0.00712997
0.822271   0.598751   -0.439907  0.00508809
0.768656   0.636541   -0.448725  0.00777482
0.702782   0.615189   -0.398122  0.0114923 
0.702782   0.615189   -0.398122  0.0113228 
0.783398   0.660329   -0.418484  0.0143685 
0.763628   0.723785   -0.380247  0.0129017 
0.829715   0.694482   -0.407478  0.00831972
0.853995   0.594886   -0.419448  0.00655802
0.818976   0.596333   -0.455205  0.00809374
0.738465   0.675063   -0.418123  0.0107273 
0.709972   0.747013   -0.379697  0.0108329 
0.709972   0.747013   -0.379697  0.0175352 
0.67605    0.74192    -0.344208  0.0107527 
0.677288   0.690262   -0.376636  0.0133973 
0.709399   0.774611   -0.367137  0.0180245 
0.625982   0.81131    -0.329388  0.0182895 
0.685277   0.729371   -0.375099  0.0112599 
0.599402   0.667819   -0.332915  0.0100671 
0.616569   0.673938   -0.340725  0.0213824 
0.616569   0.673938   -0.340725  0.00961316
0.658947   0.704496   -0.367053  0.00931941
0.710469   0.707239   -0.405833  0.0121036 
0.710469   0.707239   -0.405833  0.0251972 
0.77861    0.787307   -0.318184  0.0396215 
0.77861    0.787307   -0.318184  0.0111173 
0.725504   0.722781   -0.398182  0.0215556 
0.725504   0.722781   -0.398182  0.0211535 
0.725504   0.722781   -0.398182  0.0293661 
0.725504   0.722781   -0.398182  0.0233557 
0.725504   0.722781   -0.398182  0.0176618 
0.725504   0.722781   -0.398182  0.023732  
0.725504   0.722781   -0.398182  0.0158513 
0.721016   0.743415   -0.356148  0.00760555
0.677214   0.660066   -0.40322   0.0096301 
0.776978   0.690786   -0.416614  0.00725223
0.720196   0.663181   -0.416068  0.00972767
0.67376    0.564294   -0.365492  0.0226569 
0.67376    0.564294   -0.365492  0.0209229 
0.732447   0.485811   -0.260532  0.0165146 
0.805756   0.519673   -0.35947   0.00865486
0.811854   0.574319   -0.421136  0.0204712 
0.811854   0.574319   -0.421136  0.0187797 
0.811854   0.574319   -0.421136  0.0146744 
0.811854   0.574319   -0.421136  0.00861005
0.820287   0.64006    -0.438882  0.00734139
0.8258     0.624864   -0.445235  0.00895297
0.809357   0.633179   -0.445044  0.016451  
0.809357   0.633179   -0.445044  0.00850802
0.809357   0.633179   -0.445044  0.0129515 
0.863275   0.675822   -0.40457   0.0263321 
0.863275   0.675822   -0.40457   0.0146812 
0.86673    0.697057   -0.40276   0.0262001 
0.86673    0.697057   -0.40276   0.0105063 
0.929571   0.60854    -0.376205  0.0229306 
0.929571   0.60854    -0.376205  0.0124418 
0.891011   0.541446   -0.346686  0.0106306 
0.92464    0.56722    -0.360257  0.0209952 
0.92464    0.56722    -0.360257  0.0109326 
0.934581   0.563927   -0.358546  0.0243068 
0.923318   0.473481   -0.148891  0.0176481 
0.923318   0.473481   -0.148891  0.0252921 
0.85117    0.467003   -0.132307  0.0281809 
0.923426   0.452036   -0.0535259 0.0154555 
0.995356   0.511288   -0.186304  0.0200395 
0.995356   0.511288   -0.186304  0.0126072 
0.916847   0.604585   -0.384043  0.00912127
0.878692   0.595581   -0.419134  0.0120606 
0.878692   0.595581   -0.419134  0.016748  
0.841476   0.648243   -0.425367  0.0189597 
0.841476   0.648243   -0.425367  0.0126063 
0.7896     0.719253   -0.407865  0.0139585 
0.763695   0.751359   -0.381104  0.0157489 
0.703814   0.770973   -0.359734  0.0111283 
0.665613   0.723301   -0.366159  0.0117418 
0.609107   0.709542   -0.325181  0.0126972 
0.576661   0.779228   -0.317382  0.0148962 
0.487258   0.740678   -0.24674   0.0165797 
0.487258   0.740678   -0.24674   0.0154147 
0.47571    0.837944   -0.283906  0.0237364 
0.47571    0.837944   -0.283906  0.0145857 
0.493088   0.780332   -0.27404   0.0339024 
0.585393   0.860569   -0.261992  0.0168454 
0.515329   0.805051   -0.293457  0.0161947 
0.505848   0.810361   -0.277087  0.0165588 
0.487794   0.83417    -0.28178   0.0191288 
0.487794   0.83417    -0.28178   0.0158471 
0.494994   0.843705   -0.323604  0.0352306 
0.587484   0.898372   -0.234711  0.0473218 
0.587484   0.898372   -0.234711  0.0236328 
0.577472   0.839524   -0.280892  0.0240695 
0.577472   0.839524   -0.280892  0.0269859 
0.586838   0.864516   -0.259823  0.0173743 
0.512282   0.894986   -0.276441  0.0211621 
0.572556   0.948313   -0.260413  0.0295761 
0.656886   0.896266   -0.264606  0.0410285 
0.656886   0.896266   -0.264606  0.0325448 
0.656886   0.896266   -0.264606  0.0298913 
0.685228   0.89241    -0.245642  0.0282451 
0.685228   0.89241    -0.245642  0.0392987 
0.765105   0.800028   -0.280773  0.0357641 
0.765105   0.800028   -0.280773  0.0193457 
0.769736   0.799494   -0.337635  0.0448089 
0.769736   0.799494   -0.337635  0.0681403 
0.769736   0.799494   -0.337635  0.0280635 
0.769736   0.799494   -0.337635  0.0141435 
0.669892   0.765135   -0.345989  0.0080781 
0.759806   0.669686   -0.432587  0.0158915 
0.759806   0.669686   -0.432587  0.0240664 
0.745681   0.732204   -0.363565  0.017427  
0.838785   0.747829   -0.36754   0.0139735 
0.911283   0.674064   -0.375834  0.0171658 
0.911283   0.674064   -0.375834  0.0167365 
0.843151   0.682447   -0.380666  0.0157959 
0.781801   0.74451    -0.379645  0.019257  
0.80402    0.734061   -0.34371   0.0170228 
0.774496   0.775841   -0.354928  0.0185043 
0.854829   0.727275   -0.365471  0.0103204 
0.869459   0.63703    -0.423543  0.0107394 
0.778166   0.696754   -0.416681  0.029323  
0.778166   0.696754   -0.416681  0.00701027
0.756824   0.604579   -0.435054  0.00946307
0.798161   0.662156   -0.425916  0.0221887 
0.821572   0.737181   -0.34477   0.0187656 
0.731431   0.748964   -0.364158  0.0247436 
0.731431   0.748964   -0.364158  0.0122807 
0.813562   0.745649   -0.38852   0.0303099 
0.84265    0.735875   -0.300721  0.0508689 
0.84265    0.735875   -0.300721  0.0394891 
0.84265    0.735875   -0.300721  0.0441967 
0.84265    0.735875   -0.300721  0.0106155 
0.807517   0.655835   -0.417465  0.00693747
0.717765   0.596485   -0.423643  0.0165851 
0.717765   0.596485   -0.423643  0.00666641
0.722903   0.631632   -0.430125  0.0123454 
0.722903   0.631632   -0.430125  0.00939259
0.629724   0.613593   -0.357058  0.0120812 
0.559774   0.708835   -0.287501  0.0137398 
0.521607   0.736024   -0.272092  0.0118229 
0.584589   0.697273   -0.320629  0.0126408 
0.623795   0.742916   -0.341754  0.0108464 
0.584662   0.652141   -0.315816  0.0103951 
0.600649   0.658242   -0.319514  0.0134859 
0.600649   0.658242   -0.319514  0.0139885 
0.520667   0.579032   -0.195204  0.018669  
0.444178   0.630251   -0.160502  0.0192793 
0.444178   0.630251   -0.160502  0.0132991 
0.521687   0.649991   -0.220764  0.0147357 
0.461766   0.717201   -0.222184  0.013901  
0.52465    0.683228   -0.24101   0.0153626 
0.52465    0.683228   -0.24101   0.0125    
0.566114   0.613632   -0.28277   0.0148688 
0.566114   0.613632   -0.28277   0.0114623 
0.575086   0.607722   -0.283786  0.00999577
0.620141   0.63924    -0.347135  0.0160938 
0.620141   0.63924    -0.347135  0.0127254 
0.544018   0.678989   -0.283987  0.0107826 
0.617873   0.670711   -0.346441  0.0171918 
0.660658   0.728093   -0.341772  0.0157471 
0.660658   0.728093   -0.341772  0.0106278 
0.617004   0.650032   -0.321282  0.0118879 
0.561138   0.667494   -0.282675  0.0141048 
0.607922   0.766006   -0.319194  0.014582  
0.595736   0.752527   -0.320545  0.0164042 
0.667071   0.73965    -0.340636  0.00973453
0.667071   0.73965    -0.340636  0.0109181 
0.583938   0.655112   -0.328428  0.00986741
0.642548   0.652596   -0.36857   0.00852682
0.648214   0.592085   -0.345853  0.0078737 
0.721782   0.588735   -0.425533  0.0173293 
0.739484   0.509861   -0.337007  0.0172219 
0.739484   0.509861   -0.337007  0.0176922 
0.739484   0.509861   -0.337007  0.03199   
0.739484   0.509861   -0.337007  0.0134534 
0.695392   0.532826   -0.355395  0.00699261
0.77165    0.622018   -0.437537  0.0055594 
0.764405   0.622617   -0.446742  0.0108316 
0.764405   0.622617   -0.446742  0.00741592
0.822663   0.632861   -0.44669   0.0115169 
0.910934   0.582242   -0.376655  0.00977636
0.883962   0.566941   -0.392846  0.0119569 
0.878364   0.659706   -0.404207  0.0223685 
0.878364   0.659706   -0.404207  0.00996663
0.823976   0.665655   -0.444051  0.0168664 
0.823976   0.665655   -0.444051  0.015128  
0.787254   0.693784   -0.40208   0.0380121 
0.787254   0.693784   -0.40208   0.0188284 
0.787254   0.693784   -0.40208   0.00686703
0.829877   0.596866   -0.443204  0.0187369 
0.829877   0.596866   -0.443204  0.0137284 
0.829877   0.596866   -0.443204  0.00748071
0.845545   0.60932    -0.438813  0.0116172 
0.845545   0.60932    -0.438813  0.0129921 
0.934817   0.622417   -0.360302  0.0105727 
0.938551   0.585272   -0.37921   0.0136082 
0.938551   0.585272   -0.37921   0.0106806 
0.938551   0.585272   -0.37921   0.015135  
0.938551   0.585272   -0.37921   0.00951004
0.864751   0.586041   -0.40859   0.0104712 
0.868069   0.634383   -0.419953  0.00864203
0.795036   0.572202   -0.442667  0.0134817 
0.795036   0.572202   -0.442667  0.0220535 
0.795036   0.572202   -0.442667  0.0180743 
0.794084   0.506734   -0.331845  0.0200893 
0.717015   0.490684   -0.239927  0.0303893 
0.717015   0.490684   -0.239927  0.0231817 
0.807622   0.479946   -0.197359  0.0378853 
0.807622   0.479946   -0.197359  0.0312058 
0.807622   0.479946   -0.197359  0.027699  
0.807622   0.479946   -0.197359  0.0172641 
0.905452   0.511398   -0.282512  0.0177133 
0.905452   0.511398   -0.282512  0.0163456 
0.935473   0.516555   -0.29056   0.0119395 
0.978487   0.535439   -0.236919  0.0251    
0.978487   0.535439   -0.236919  0.0224342 
0.978487   0.535439   -0.236919  0.030188  
0.978487   0.535439   -0.236919  0.020008  
0.978487   0.535439   -0.236919  0.0188682 
0.957917   0.501274   -0.21874   0.0300948 
0.957917   0.501274   -0.21874   0.0119489 
1.03084    0.538268   -0.166954  0.0224767 
1.03084    0.538268   -0.166954  0.0121128 
0.941723   0.549587   -0.323517  0.0271575 
0.941723   0.549587   -0.323517  0.0163367 
0.941723   0.549587   -0.323517  0.0105623 
0.891901   0.561853   -0.394631  0.00724343
0.795776   0.596784   -0.448568  0.011537  
0.757064   0.551105   -0.410047  0.0203236 
0.757064   0.551105   -0.410047  0.0225753 
0.757064   0.551105   -0.410047  0.0260419 
0.757064   0.551105   -0.410047  0.025459  
0.757064   0.551105   -0.410047  0.0181662 
0.757064   0.551105   -0.410047  0.00765183
0.794146   0.590971   -0.444399  0.0128925 
0.892583   0.641925   -0.410478  0.0105782 
0.923728   0.563093   -0.355928  0.0105499 
0.914207   0.617622   -0.386429  0.0159458 
0.914207   0.617622   -0.386429  0.0101284 
0.82304    0.658237   -0.438803  0.0194357 
0.82304    0.658237   -0.438803  0.0213004 
0.82304    0.658237   -0.438803  0.00991046
0.860222   0.570382   -0.416528  0.012315  
0.778802   0.542926   -0.38425   0.00901272
0.875686   0.619047   -0.421377  0.0208024 
0.961669   0.68418    -0.284339  0.0157951 
0.977452   0.630589   -0.292282  0.0123456 
1.00066    0.540123   -0.239026  0.0138057 
0.961207   0.629073   -0.323427  0.0329196 
0.961207   0.629073   -0.323427  0.0149418 
0.874407   0.665429   -0.390984  0.0281614 
0.942141   0.69572    -0.254509  0.018715  
0.957713   0.656664   -0.322876  0.032511  
0.920239   0.717615   -0.266293  0.0163251 
0.915039   0.63576    -0.370846  0.0179673 
1.00857    0.628167   -0.258398  0.0274574 
1.00857    0.628167   -0.258398  0.0127335 
0.983275   0.616201   -0.32829   0.0105046 
0.924535   0.576535   -0.347355  0.00925491
0.863759   0.583316   -0.407937  0.0144794 
0.867276   0.528819   -0.347455  0.0197016 
0.89862    0.495357   -0.213977  0.0105837 
0.915456   0.566925   -0.374445  0.0120419 
0.915456   0.566925   -0.374445  0.0108513 
0.983273   0.572734   -0.293203  0.0211564 
1.01236    0.628372   -0.260961  0.0285876 
1.01236    0.628372   -0.260961  0.0122467 
0.93694    0.546471   -0.309012  0.0143209 
0.93694    0.546471   -0.309012  0.0139572 
0.948654   0.62997    -0.348467  0.0145616 
0.894895   0.67391    -0.397861  0.0264135 
0.894895   0.67391    -0.397861  0.0107341 
0.825435   0.666898   -0.429616  0.0128128 
0.728575   0.733545   -0.370758  0.0112445 
0.638377   0.732162   -0.382758  0.0355107 
0.73763    0.807528   -0.255274  0.0211096 
0.66644    0.814798   -0.31543   0.0184269 
0.64093    0.736013   -0.322625  0.011509  
0.586803   0.710571   -0.323699  0.0151268 
0.659698   0.748864   -0.378474  0.0102185 
0.629637   0.692341   -0.371316  0.00871128
0.659249   0.648407   -0.375519  0.00889085
0.635647   0.622549   -0.351447  0.00767568
0.686666   0.62157    -0.400554  0.0109517 
0.714307   0.703787   -0.389436  0.0154399 
0.70685    0.752241   -0.355629  0.0155114 
0.676322   0.800663   -0.334329  0.0223286 
0.748317   0.774928   -0.345549  0.0242256 
0.76992    0.790286   -0.312867  0.0434681 
0.76992    0.790286   -0.312867  0.0236534 
0.816      0.789449   -0.316022  0.0117518 
0.774263   0.704661   -0.408557  0.021133  
0.752864   0.682492   -0.386426  0.0207439 
0.813432   0.732917   -0.362334  0.0131314 
0.909224   0.658297   -0.403563  0.0107025 
0.923788   0.635185   -0.395781  0.00738123
0.825456   0.660942   -0.447015  0.0208663 
0.785467   0.704648   -0.381139  0.0317883 
0.785467   0.704648   -0.381139  0.0100437 
0.739954   0.687448   -0.414579  0.0133849 
0.684952   0.717795   -0.406644  0.0218626 
0.745382   0.815836   -0.279494  0.0380178 
0.745382   0.815836   -0.279494  0.0308727 
0.825856   0.832041   -0.248306  0.0273132 
0.781278   0.799652   -0.308661  0.0333974 
0.781278   0.799652   -0.308661  0.0151407 
0.683452   0.795844   -0.356795  0.0127931 
0.615733   0.776945   -0.324914  0.0186618 
0.615733   0.776945   -0.324914  0.0128407 
0.565111   0.697933   -0.293768  0.013936  
0.496397   0.709776   -0.237715  0.0127698 
0.575559   0.725016   -0.348045  0.0123625 
0.597241   0.744461   -0.330913  0.0211124 
0.690964   0.798494   -0.310047  0.0147745 
0.619137   0.734199   -0.334424  0.00860403
0.6634     0.666857   -0.369451  0.00895374
0.639457   0.62225    -0.364965  0.0111687 
0.676589   0.545646   -0.351614  0.00811015
0.676068   0.630146   -0.383777  0.0103692 
0.668048   0.564318   -0.37126   0.00658142
0.749776   0.633548   -0.449779  0.00713356
0.727472   0.594547   -0.42092   0.0139522 
0.79821    0.533322   -0.395864  0.00857169
0.848509   0.575276   -0.421785  0.0118198 
0.827076   0.548868   -0.393871  0.0139134 
0.821092   0.539618   -0.381735  0.0125388 
0.862401   0.631959   -0.410931  0.00932707
0.806521   0.693032   -0.424703  0.030598  
0.806521   0.693032   -0.424703  0.0135643 
0.794525   0.679459   -0.410332  0.00691561
0.70124    0.615918   -0.410133  0.00923193
0.640818   0.616056   -0.367008  0.0139881 
0.640818   0.616056   -0.367008  0.00786165
0.736796   0.624917   -0.429156  0.00929067
0.64685    0.675241   -0.364292  0.0146304 
0.641511   0.704996   -0.35394   0.0121594 
0.641511   0.704996   -0.35394   0.0129262 
0.568152   0.699066   -0.312522  0.0131324 
0.53908    0.624819   -0.256553  0.0181185 
0.53908    0.624819   -0.256553  0.0120108 
0.584394   0.681852   -0.293777  0.0126743 
0.547933   0.732411   -0.271736  0.0138985 
0.573092   0.750263   -0.311413  0.0107019 
0.616938   0.698463   -0.330848  0.00925465
0.712445   0.645328   -0.402136  0.0103457 
0.751668   0.671887   -0.430362  0.0135442 
0.662079   0.707932   -0.362859  0.0172346 
0.60748    0.80716    -0.313301  0.0122533 
0.593437   0.71348    -0.30679   0.0104206 
0.683762   0.696449   -0.381849  0.0115304 
0.683762   0.696449   -0.381849  0.0159564 
0.738537   0.742882   -0.350472  0.00966659
0.668686   0.672071   -0.382256  0.00736216
0.6914     0.615504   -0.404809  0.00977278
0.6914     0.615504   -0.404809  0.0113066 
0.6914     0.615504   -0.404809  0.0131134 
0.612903   0.525957   -0.274292  0.0278594 
0.612903   0.525957   -0.274292  0.0204632 
0.645402   0.485042   -0.23639   0.0143947 
0.717565   0.525587   -0.38098   0.00633414
0.766005   0.614241   -0.438783  0.00961126
0.786861   0.676818   -0.424529  0.00797086
0.761315   0.582556   -0.430837  0.0132736 
0.793125   0.535145   -0.388782  0.0145835 
0.861322   0.633236   -0.399802  0.0062332 
0.810026   0.60462    -0.450793  0.00760442
0.775344   0.584841   -0.440688  0.0117846 
0.775344   0.584841   -0.440688  0.0161971 
0.775344   0.584841   -0.440688  0.0169813 
0.775344   0.584841   -0.440688  0.00899897
0.775344   0.584841   -0.440688  0.010498  
0.743808   0.554752   -0.381857  0.026649  
0.743808   0.554752   -0.381857  0.00654427
0.80871    0.613392   -0.445887  0.00747652
0.786326   0.588111   -0.439463  0.00884502
0.698501   0.686608   -0.421834  0.00859394
0.732411   0.680289   -0.410075  0.00729125
0.785012   0.645655   -0.440679  0.0101629 
0.785012   0.645655   -0.440679  0.0091301 
0.737899   0.688328   -0.415758  0.0190069 
0.737899   0.688328   -0.415758  0.00713629
0.797962   0.635471   -0.446931  0.00685666
0.700926   0.618816   -0.40759   0.00785265
0.78791    0.641782   -0.436707  0.0122134 
0.83085    0.650807   -0.42304   0.0137655 
0.83085    0.650807   -0.42304   0.00948733
0.753744   0.564868   -0.430485  0.0157914 
0.753744   0.564868   -0.430485  0.0221738 
0.753744   0.564868   -0.430485  0.0101099 
0.657407   0.553642   -0.329687  0.0104287 
0.605639   0.610307   -0.326258  0.00847979
0.660132   0.625723   -0.389482  0.00779109
0.756136   0.582938   -0.420695  0.0205586 
0.756136   0.582938   -0.420695  0.00699281
0.696062   0.641691   -0.4116    0.0119506 
0.737138   0.542268   -0.395148  0.00801945
0.785567   0.586306   -0.428967  0.0105827 
0.85814    0.55981    -0.405305  0.0106313 
0.899083   0.585858   -0.383988  0.0179502 
0.899083   0.585858   -0.383988  0.0263821 
0.924694   0.67264    -0.320178  0.0109726 
0.882215   0.674649   -0.415121  0.0250773 
0.882215   0.674649   -0.415121  0.0210264 
0.898409   0.691692   -0.337541  0.0160348 
0.868239   0.690834   -0.388026  0.020066  
0.868239   0.690834   -0.388026  0.0146165 
0.897432   0.679126   -0.392404  0.0126075 
0.962165   0.611203   -0.351836  0.013596  
0.965415   0.623355   -0.319816  0.0215104 
0.961869   0.684526   -0.336389  0.0107057 
0.96679    0.606435   -0.353171  0.0136539 
0.879739   0.671858   -0.390535  0.0252044 
0.879739   0.671858   -0.390535  0.00966188
0.909152   0.606556   -0.385455  0.0128464 
1.00613    0.583996   -0.264821  0.010277  
0.921062   0.576953   -0.386028  0.0197824 
0.921062   0.576953   -0.386028  0.02057   
0.921062   0.576953   -0.386028  0.0198126 
0.921062   0.576953   -0.386028  0.0197655 
0.921062   0.576953   -0.386028  0.00973493
0.922273   0.606087   -0.402744  0.00731323
0.875135   0.605163   -0.429311  0.0186149 
0.875135   0.605163   -0.429311  0.0126416 
0.836406   0.542057   -0.396463  0.00814221
0.791995   0.594161   -0.442449  0.00694311
0.697683   0.629636   -0.416895  0.00789122
0.676798   0.62871    -0.388002  0.00815087
0.6991     0.57579    -0.388134  0.00993137
0.771598   0.557419   -0.406949  0.00926222
0.836579   0.607335   -0.433649  0.0090761 
0.836579   0.607335   -0.433649  0.00844137
0.884463   0.601261   -0.405978  0.0119342 
0.889476   0.598665   -0.411573  0.0196472 
0.849421   0.695693   -0.375021  0.0621    
0.849421   0.695693   -0.375021  0.0278513 
0.8517     0.725594   -0.342911  0.0294268 
0.8517     0.725594   -0.342911  0.0195652 
0.844076   0.724236   -0.346427  0.00702118
0.799896   0.643207   -0.447116  0.0182117 
0.864031   0.702921   -0.366312  0.0107673 
0.882947   0.655334   -0.404819  0.0211469 
0.87337    0.728601   -0.327858  0.0113745 
0.820032   0.701999   -0.424359  0.0145522 
0.916565   0.627047   -0.371556  0.0101248 
0.88726    0.622542   -0.416534  0.00815138
0.872235   0.588375   -0.41679   0.0123378 
0.886327   0.61272    -0.404186  0.0134268 
0.886327   0.61272    -0.404186  0.0226708 
0.886327   0.61272    -0.404186  0.0128827 
0.820679   0.71047    -0.417026  0.0331524 
0.820679   0.71047    -0.417026  0.00683557
0.802183   0.63948    -0.451958  0.0109489 
0.802183   0.63948    -0.451958  0.00881714
0.865183   0.61492    -0.439053  0.00963194
0.865183   0.61492    -0.439053  0.00902857
0.841212   0.58193    -0.422687  0.00659483
0.8112     0.594466   -0.427774  0.00819858
0.729563   0.622445   -0.427456  0.00690962
0.710497   0.612126   -0.409056  0.0132966 
0.702731   0.528435   -0.367522  0.0116743 
0.724877   0.549485   -0.390348  0.0230274 
0.724877   0.549485   -0.390348  0.0261396 
0.724877   0.549485   -0.390348  0.0112778 
0.811674   0.551156   -0.415805  0.0179452 
0.876571   0.515596   -0.331304  0.0167821 
0.901069   0.512921   -0.272075  0.011346  
0.916843   0.6029     -0.380606  0.0192888 
0.916843   0.6029     -0.380606  0.011239  
0.869721   0.635624   -0.40775   0.0108438 
0.863748   0.665267   -0.43618   0.00784958
0.829112   0.607514   -0.44261   0.0181223 
0.829112   0.607514   -0.44261   0.0113401 
0.763648   0.550735   -0.424569  0.0117014 
0.763648   0.550735   -0.424569  0.00653644
0.736494   0.64201    -0.427098  0.00815111
0.742422   0.586969   -0.434518  0.00960191
0.758214   0.662423   -0.428458  0.00814006
0.77069    0.653741   -0.432376  0.00805171
0.854846   0.599402   -0.423302  0.00944705
0.795947   0.56712    -0.412638  0.00640368
0.730355   0.619795   -0.425075  0.00985374
0.730355   0.619795   -0.425075  0.00692743
0.817363   0.604965   -0.439087  0.00762658
0.77041    0.633456   -0.434535  0.00870829
0.77041    0.633456   -0.434535  0.0115708 
0.77041    0.633456   -0.434535  0.00692307
0.737267   0.663564   -0.420553  0.0166743 
0.786638   0.690972   -0.39799   0.00747585
0.688001   0.612895   -0.41552   0.0117422 
0.688001   0.612895   -0.41552   0.0108465 
0.784321   0.693402   -0.422698  0.00997121
0.760228   0.639842   -0.428807  0.0107231 
0.760228   0.639842   -0.428807  0.0209896 
0.811574   0.71004    -0.378951  0.0220343 
0.811574   0.71004    -0.378951  0.0347833 
0.811574   0.71004    -0.378951  0.00910436
0.849268   0.629552   -0.435987  0.00815958
0.822942   0.615854   -0.451816  0.0117838 
0.822942   0.615854   -0.451816  0.00971599
0.887476   0.57987    -0.401863  0.0103797 
0.907688   0.57011    -0.389295  0.0186451 
0.907688   0.57011    -0.389295  0.0124673 
0.95343    0.609035   -0.337167  0.0196099 
0.95343    0.609035   -0.337167  0.0124405 
0.95343    0.609035   -0.337167  0.0113399 
0.976951   0.563951   -0.297021  0.00992224
0.933139   0.577493   -0.350441  0.0150117 
0.933139   0.577493   -0.350441  0.0176717 
1.01466    0.636863   -0.249999  0.0248477 
0.974214   0.685092   -0.265525  0.0253224 
0.978553   0.685265   -0.237383  0.0294135 
1.00433    0.666183   -0.179006  0.0231105 
0.9422     0.727708   -0.300854  0.0170878 
0.848252   0.672022   -0.420198  0.0128139 
0.889015   0.640394   -0.389801  0.017289  
0.844725   0.701172   -0.38376   0.0081803 
0.851548   0.631215   -0.442846  0.0156709 
0.851548   0.631215   -0.442846  0.00988467
0.895956   0.589694   -0.393724  0.0146009 
0.803308   0.526897   -0.369892  0.0194266 
0.803308   0.526897   -0.369892  0.00735489
0.756271   0.585532   -0.436316  0.00825705
0.720142   0.626171   -0.428653  0.00748263
0.720142   0.626171   -0.428653  0.00771928
0.720142   0.626171   -0.428653  0.00767416
0.720142   0.626171   -0.428653  0.00702291
0.781346   0.597658   -0.439403  0.0133192 
0.834128   0.622073   -0.415852  0.0137155 
0.821307   0.693236   -0.424266  0.008833  
0.742202   0.666429   -0.424782  0.00704053
0.742202   0.666429   -0.424782  0.00997692
0.658336   0.707414   -0.357946  0.0135151 
0.658336   0.707414   -0.357946  0.0118317 
0.571807   0.684078   -0.287264  0.0133783 
0.536394   0.699108   -0.283045  0.0166569 
0.536394   0.699108   -0.283045  0.0108947 
0.591539   0.638551   -0.291885  0.0143981 
0.591539   0.638551   -0.291885  0.0114825 
0.577641   0.641278   -0.289773  0.0107681 
0.593251   0.592435   -0.285276  0.0136512 
0.593251   0.592435   -0.285276  0.014465  
0.558954   0.534664   -0.223733  0.0267166 
0.558954   0.534664   -0.223733  0.0206739 
0.619668   0.471836   -0.146114  0.0111071 
0.672694   0.556159   -0.36741   0.011256  
0.672694   0.556159   -0.36741   0.0202709 
0.672694   0.556159   -0.36741   0.00964325
0.693185   0.563907   -0.389126  0.0183173 
0.693185   0.563907   -0.389126  0.0145157 
0.777555   0.52773    -0.365023  0.00730291
0.716469   0.591131   -0.403589  0.013981  
0.731029   0.531026   -0.349361  0.0221365 
0.731029   0.531026   -0.349361  0.0191859 
0.79314    0.502585   -0.322874  0.00797621
0.805202   0.597817   -0.441867  0.00889125
0.717931   0.664641   -0.422386  0.0200219 
0.704088   0.763729   -0.373517  0.0371317 
0.704088   0.763729   -0.373517  0.0446735 
0.704088   0.763729   -0.373517  0.0213542 
0.704088   0.763729   -0.373517  0.0124481 
0.634201   0.727848   -0.333324  0.0122836 
0.600111   0.702607   -0.33781   0.0104923 
0.594311   0.630082   -0.302011  0.00882255
0.68561    0.572372   -0.376676  0.0115684 
0.599022   0.562937   -0.296227  0.00902245
0.691066   0.575923   -0.401706  0.00996671
0.611547   0.627332   -0.332143  0.012779  
0.572178   0.554878   -0.276547  0.0158615 
0.572178   0.554878   -0.276547  0.0159367 
0.572178   0.554878   -0.276547  0.0102689 
0.656368   0.565005   -0.354101  0.0112817 
0.608845   0.571707   -0.311619  0.00969418
0.662052   0.650436   -0.385106  0.0102285 
0.721528   0.706856   -0.38568   0.00681281
0.756291   0.642961   -0.435868  0.0108251 
0.756291   0.642961   -0.435868  0.00815258
0.827879   0.637257   -0.440719  0.00769366
0.74855    0.595034   -0.433402  0.00808851
0.759777   0.579419   -0.424113  0.00820066
0.722642   0.583138   -0.426392  0.007334  
0.774496   0.674021   -0.43761   0.00957272
0.690645   0.703377   -0.389757  0.00894399
0.701339   0.695946   -0.392997  0.011598  
0.793211   0.715293   -0.397789  0.0230652 
0.817978   0.813569   -0.300396  0.0468667 
0.817978   0.813569   -0.300396  0.0399108 
0.817978   0.813569   -0.300396  0.0163833 
0.809259   0.748348   -0.360585  0.010648  
0.805598   0.661552   -0.42597   0.00967105
0.815486   0.679945   -0.437883  0.0104843 
0.859139   0.581937   -0.412811  0.0206851 
0.859139   0.581937   -0.412811  0.013103  
0.831092   0.537677   -0.367999  0.021709  
0.831092   0.537677   -0.367999  0.0253049 
0.831092   0.537677   -0.367999  0.0304931 
0.831092   0.537677   -0.367999  0.0264585 
0.831092   0.537677   -0.367999  0.010443  
0.85756    0.560621   -0.410413  0.0118508 
0.85756    0.560621   -0.410413  0.0113173 
0.819407   0.552324   -0.409742  0.0104087 
0.804764   0.556983   -0.403953  0.0179593 
0.804764   0.556983   -0.403953  0.0184309 
0.804764   0.556983   -0.403953  0.00998856
0.714148   0.637874   -0.414725  0.00741728
0.768871   0.675055   -0.435156  0.0195655 
0.791653   0.76181    -0.325474  0.0106179 
0.7947     0.671058   -0.42245   0.00868927
0.740538   0.675231   -0.409066  0.00788351
0.775116   0.634709   -0.435417  0.00933955
0.767597   0.627467   -0.43161   0.00725718
0.767597   0.627467   -0.43161   0.00909422
0.767597   0.627467   -0.43161   0.00647028
0.708392   0.621453   -0.412362  0.00803869
0.708392   0.621453   -0.412362  0.0116399 
0.670445   0.720009   -0.353717  0.0110981 
0.65935    0.724836   -0.375184  0.00666351
0.748989   0.635811   -0.432696  0.00907004
0.676823   0.578841   -0.382647  0.0191916 
0.676823   0.578841   -0.382647  0.0107485 
0.611963   0.581795   -0.326033  0.0103322 
0.609708   0.611559   -0.350797  0.0112043 
0.628294   0.598994   -0.365948  0.00946123
0.640688   0.595754   -0.364502  0.0117814 
0.707427   0.547588   -0.39285   0.0277324 
0.707427   0.547588   -0.39285   0.0145231 
0.707427   0.547588   -0.39285   0.0117389 
0.751005   0.544904   -0.374477  0.00660723
0.82453    0.601832   -0.447623  0.0177551 
0.82453    0.601832   -0.447623  0.0167944 
0.82453    0.601832   -0.447623  0.0173282 
0.82453    0.601832   -0.447623  0.0134305 
0.736744   0.530686   -0.384939  0.0245692 
0.736744   0.530686   -0.384939  0.0133594 
0.820522   0.539599   -0.380858  0.00762996
0.781669   0.586507   -0.433216  0.0106368 
0.865497   0.665621   -0.417648  0.00902206
0.870157   0.616084   -0.419388  0.0158682 
0.870157   0.616084   -0.419388  0.00842036
0.853128   0.655722   -0.441284  0.00982049
0.900021   0.625107   -0.41979   0.00887756
0.864158   0.595048   -0.409083  0.0154179 
0.933449   0.635632   -0.341698  0.0198137 
0.91373    0.643569   -0.355736  0.0118906 
0.967397   0.610099   -0.350155  0.040838  
0.967397   0.610099   -0.350155  0.00864167
0.871797   0.603816   -0.432686  0.017331  
0.871797   0.603816   -0.432686  0.0110032 
0.871797   0.603816   -0.432686  0.0142482 
0.871797   0.603816   -0.432686  0.0102439 
0.814464   0.674345   -0.42199   0.0070515 
0.877968   0.598747   -0.429123  0.0153738 
0.877968   0.598747   -0.429123  0.0163778 
0.912681   0.654268   -0.373891  0.0157016 
0.979944   0.619003   -0.315572  0.0333337 
0.979944   0.619003   -0.315572  0.0102099 
0.933286   0.563453   -0.350697  0.0261087 
0.933286   0.563453   -0.350697  0.0147121 
0.933286   0.563453   -0.350697  0.0226329 
0.933286   0.563453   -0.350697  0.0139729 
0.869765   0.536152   -0.365482  0.0262267 
0.869765   0.536152   -0.365482  0.0320586 
0.869765   0.536152   -0.365482  0.0272314 
0.869765   0.536152   -0.365482  0.0185419 
0.818755   0.506493   -0.355921  0.00987585
0.848773   0.562661   -0.394137  0.0106544 
0.808605   0.555083   -0.416141  0.0149867 
0.808605   0.555083   -0.416141  0.00819361
0.776466   0.587234   -0.43427   0.00873009
0.871993   0.580253   -0.424541  0.0151514 
0.780873   0.522606   -0.358779  0.00638161
0.852584   0.604617   -0.439366  0.0132967 
0.871634   0.636431   -0.426091  0.0143441 
0.781025   0.718656   -0.390461  0.0196371 
0.781025   0.718656   -0.390461  0.0104981 
0.754695   0.696345   -0.413921  0.0168719 
0.822521   0.67136    -0.374034  0.00768264
0.800809   0.6517     -0.448212  0.011708  
0.773772   0.68358    -0.428379  0.00930463
0.678764   0.681844   -0.381979  0.00899821
0.680569   0.673506   -0.386639  0.0108305 
0.602315   0.574334   -0.313476  0.0134294 
0.602315   0.574334   -0.313476  0.0120923 
0.602315   0.574334   -0.313476  0.0126507 
0.642201   0.545029   -0.340863  0.0115123 
0.642201   0.545029   -0.340863  0.00673151
0.718699   0.607338   -0.415411  0.0073464 
0.706378   0.659086   -0.424099  0.0096008 
0.7124     0.562053   -0.396754  0.0126552 
0.7124     0.562053   -0.396754  0.0179411 
0.7124     0.562053   -0.396754  0.016112  
0.7124     0.562053   -0.396754  0.0129967 
0.7124     0.562053   -0.396754  0.0137053 
0.64267    0.528118   -0.304131  0.00870481
0.698725   0.576744   -0.398251  0.00861507
0.668492   0.583199   -0.383046  0.0102015 
0.668492   0.583199   -0.383046  0.00730726
0.761329   0.591689   -0.433752  0.0202333 
0.761329   0.591689   -0.433752  0.0128737 
0.761329   0.591689   -0.433752  0.018341  
0.761329   0.591689   -0.433752  0.0162915 
0.803757   0.518185   -0.327766  0.033119  
0.803757   0.518185   -0.327766  0.0251485 
0.803757   0.518185   -0.327766  0.0137195 
0.711335   0.523823   -0.344683  0.016397  
0.711335   0.523823   -0.344683  0.0324924 
0.711335   0.523823   -0.344683  0.011846  
0.718043   0.544354   -0.360742  0.0138695 
0.710621   0.533902   -0.396454  0.0121287 
0.678194   0.536639   -0.344308  0.0145704 
0.678194   0.536639   -0.344308  0.017708  
0.678194   0.536639   -0.344308  0.00669738
0.75646    0.607472   -0.45055   0.0176521 
0.75646    0.607472   -0.45055   0.00866445
0.75646    0.607472   -0.45055   0.00584348
0.763488   0.631211   -0.442783  0.0123389 
0.755508   0.672267   -0.411239  0.00824709
0.78855    0.5778     -0.413128  0.0123454 
0.78855    0.5778     -0.413128  0.00682631
0.863287   0.620158   -0.440701  0.0198214 
0.863287   0.620158   -0.440701  0.00739108
0.785791   0.643636   -0.439696  0.0133633 
0.857113   0.682784   -0.405327  0.00732369
0.799024   0.587302   -0.440685  0.0159587 
0.799024   0.587302   -0.440685  0.010338  
0.799024   0.587302   -0.440685  0.0110739 
0.754395   0.553206   -0.408055  0.0129549 
0.810488   0.541206   -0.388727  0.0127756 
0.900747   0.537943   -0.325594  0.0250613 
0.900747   0.537943   -0.325594  0.0117125 
0.988189   0.542238   -0.260937  0.022719  
0.988189   0.542238   -0.260937  0.0112397 
1.01018    0.563874   -0.246619  0.0126306 
1.01018    0.563874   -0.246619  0.01667   
1.03482    0.616682   -0.228317  0.0256171 
1.03482    0.616682   -0.228317  0.00991485
0.99411    0.583923   -0.288635  0.0211588 
0.99411    0.583923   -0.288635  0.0125755 
1.02757    0.533161   -0.181319  0.0101689 
0.949699   0.570307   -0.357643  0.0170328 
0.949699   0.570307   -0.357643  0.0127357 
0.949699   0.570307   -0.357643  0.0210419 
0.870639   0.489283   -0.232198  0.026242  
0.780715   0.467175   -0.198893  0.0351671 
0.780715   0.467175   -0.198893  0.0250727 
0.762554   0.473432   -0.213701  0.051895  
0.762554   0.473432   -0.213701  0.0380829 
0.762554   0.473432   -0.213701  0.0361362 
0.762554   0.473432   -0.213701  0.0274571 
0.806576   0.464786   -0.194142  0.0263468 
0.783113   0.465964   -0.154864  0.0522914 
0.783113   0.465964   -0.154864  0.0416265 
0.783113   0.465964   -0.154864  0.0204446 
0.799348   0.494389   -0.301349  0.0214578 
0.799348   0.494389   -0.301349  0.0264842 
0.799348   0.494389   -0.301349  0.042691  
0.799348   0.494389   -0.301349  0.0213465 
0.84056    0.490857   -0.274682  0.0445544 
0.84056    0.490857   -0.274682  0.0455152 
0.84056    0.490857   -0.274682  0.0120839 
0.940531   0.554582   -0.311012  0.0124072 
0.901021   0.542459   -0.342455  0.0266741 
0.901021   0.542459   -0.342455  0.0129874 
0.946852   0.592835   -0.350293  0.0174048 
0.874205   0.692014   -0.391934  0.0118047 
0.821212   0.683535   -0.424192  0.0237792 
0.821212   0.683535   -0.424192  0.0182165 
0.821212   0.683535   -0.424192  0.0227661 
0.869722   0.748098   -0.3281    0.0393802 
0.869722   0.748098   -0.3281    0.0472482 
0.869722   0.748098   -0.3281    0.0108379 
0.791341   0.690011   -0.421642  0.0113751 
0.873772   0.614844   -0.410635  0.00777906
0.806213   0.581221   -0.434733  0.00900663
0.852347   0.582966   -0.438794  0.0217418 
0.852347   0.582966   -0.438794  0.0145093 
0.783506   0.646784   -0.427552  0.0177068 
0.783506   0.646784   -0.427552  0.0071865 
0.706773   0.611476   -0.418974  0.00669308
0.744312   0.599368   -0.448676  0.0106596 
0.744312   0.599368   -0.448676  0.0121664 
0.744312   0.599368   -0.448676  0.00871156
0.744312   0.599368   -0.448676  0.00743756
0.750055   0.585182   -0.438966  0.0106101 
0.655105   0.560385   -0.365072  0.0112481 
0.730657   0.548925   -0.388184  0.0145802 
0.712071   0.525119   -0.377706  0.0185508 
0.712071   0.525119   -0.377706  0.0102145 
0.801585   0.558153   -0.421454  0.00956229
0.801585   0.558153   -0.421454  0.00747654
0.717503   0.611099   -0.422925  0.00849312
0.660518   0.653114   -0.362979  0.00711982
0.708826   0.603024   -0.414554  0.0158634 
0.708826   0.603024   -0.414554  0.0090629 
0.680595   0.691283   -0.397242  0.0110012 
0.635621   0.626853   -0.366519  0.0142517 
0.62578    0.529176   -0.307659  0.014361  
0.68931    0.523267   -0.323468  0.00793219
0.719464   0.619708   -0.40978   0.00910949
0.657408   0.691761   -0.387925  0.0158003 
0.657408   0.691761   -0.387925  0.0107178 
0.657408   0.691761   -0.387925  0.0102136 
0.671188   0.708427   -0.393717  0.00846072
0.688789   0.663307   -0.391548  0.0141515 
0.593014   0.748292   -0.311953  0.0119477 
0.591483   0.710683   -0.3161    0.0106757 
0.597207   0.620116   -0.320306  0.0104642 
0.679928   0.56271    -0.369946  0.0171508 
0.587604   0.484525   -0.169376  0.0106534 
0.59935    0.580495   -0.305097  0.018104  
0.59935    0.580495   -0.305097  0.0170993 
0.59935    0.580495   -0.305097  0.0137533 
0.59935    0.580495   -0.305097  0.0155409 
0.59935    0.580495   -0.305097  0.0143205 
0.606915   0.525119   -0.281996  0.0120591 
0.585756   0.58589    -0.307193  0.0150251 
0.502447   0.649028   -0.214416  0.0140073 
0.510216   0.583086   -0.178409  0.011968  
0.562759   0.584502   -0.224131  0.0160028 
0.622432   0.512142   -0.280104  0.0125096 
0.649785   0.542382   -0.337499  0.0155569 
0.649785   0.542382   -0.337499  0.0195521 
0.649785   0.542382   -0.337499  0.0236803 
0.649785   0.542382   -0.337499  0.0176867 
0.678333   0.500535   -0.30156   0.0334601 
0.678333   0.500535   -0.30156   0.0388374 
0.678333   0.500535   -0.30156   0.0433397 
0.678333   0.500535   -0.30156   0.0414249 
0.678333   0.500535   -0.30156   0.0296715 
0.678333   0.500535   -0.30156   0.0157811 
0.688201   0.515122   -0.307383  0.0384061 
0.688201   0.515122   -0.307383  0.00999742
0.651117   0.560449   -0.331572  0.00990218
0.661864   0.569084   -0.360514  0.00969723
0.624502   0.641921   -0.338007  0.0137894 
0.624502   0.641921   -0.338007  0.0123529 
0.71354    0.558162   -0.403931  0.0100045 
0.71354    0.558162   -0.403931  0.00845568
0.812455   0.607017   -0.435497  0.00652378
0.767222   0.607852   -0.445666  0.00967979
0.767222   0.607852   -0.445666  0.00953187
0.770853   0.692984   -0.425961  0.00562021
0.812037   0.630153   -0.45109   0.00568984
0.812037   0.630153   -0.45109   0.0234105 
0.812037   0.630153   -0.45109   0.0140667 
0.815842   0.683851   -0.415104  0.0172144 
0.745316   0.747687   -0.369615  0.0188475 
0.745316   0.747687   -0.369615  0.0176665 
0.840163   0.737363   -0.346529  0.016854  
0.840952   0.675589   -0.396278  0.00831342
0.868258   0.610882   -0.427158  0.0119255 
0.868258   0.610882   -0.427158  0.0169821 
0.868258   0.610882   -0.427158  0.018003  
0.868258   0.610882   -0.427158  0.0148664 
0.868258   0.610882   -0.427158  0.0156628 
0.868258   0.610882   -0.427158  0.0169139 
0.867497   0.674276   -0.398344  0.0273726 
0.867497   0.674276   -0.398344  0.0131258 
0.864344   0.62835    -0.425347  0.0104187 
0.95215    0.591101   -0.346434  0.00999854
0.867463   0.57215    -0.405547  0.0227323 
0.961325   0.646299   -0.283602  0.0293151 
0.890274   0.740615   -0.289422  0.031715  
0.860427   0.720968   -0.292045  0.0199012 
0.834025   0.734281   -0.372695  0.0122918 
0.749038   0.70368    -0.397221  0.0105694 
0.802559   0.663831   -0.442231  0.0282502 
0.901993   0.712516   -0.271301  0.0304126 
0.846903   0.77736    -0.308836  0.03847   
0.846903   0.77736    -0.308836  0.0131078 
0.752461   0.718036   -0.398775  0.0165874 
0.833334   0.642459   -0.411877  0.00857121
0.76967    0.66842    -0.4247    0.0086404 
0.720915   0.571627   -0.406265  0.0119959 
0.720915   0.571627   -0.406265  0.0097635 
0.794015   0.56412    -0.424457  0.00897436
0.8796     0.597666   -0.405105  0.0184802 
0.8796     0.597666   -0.405105  0.015765  
0.824348   0.691307   -0.381484  0.0074524 
0.746765   0.642224   -0.433092  0.00650526
0.774346   0.600095   -0.43685   0.0111931 
0.759718   0.548531   -0.39664   0.0294686 
0.759718   0.548531   -0.39664   0.00806998
0.693499   0.614745   -0.401203  0.0101592 
0.768219   0.698239   -0.417891  0.0176275 
0.768219   0.698239   -0.417891  0.020334  
0.796619   0.760331   -0.335404  0.0274154 
0.770081   0.852075   -0.257896  0.0589287 
0.770081   0.852075   -0.257896  0.0637975 
0.770081   0.852075   -0.257896  0.0224424 
0.684273   0.795112   -0.305317  0.0238578 
0.676134   0.818336   -0.282823  0.0247671 
0.676134   0.818336   -0.282823  0.0235231 
0.742441   0.775904   -0.324563  0.0129408 
0.673499   0.799528   -0.352961  0.0328291 
0.673499   0.799528   -0.352961  0.0254463 
0.673499   0.799528   -0.352961  0.0160288 
0.613312   0.829011   -0.335966  0.0221491 
0.51741    0.91207    -0.310916  0.0525977 
0.519601   1.00351    -0.142014  0.039129  
0.585403   0.983017   -0.160913  0.156517  
0.585403   0.983017   -0.160913  0.0311285 
0.526121   0.964783   -0.236133  0.0184517 
0.536039   0.883847   -0.267896  0.0449003 
0.566608   0.977567   -0.187973  0.0281428 
0.542697   0.986246   -0.204076  0.0228983 
0.633252   0.892838   -0.264536  0.102972  
0.633252   0.892838   -0.264536  0.0499921 
0.633252   0.892838   -0.264536  0.0207634 
0.536665   0.864483   -0.267982  0.0142339 
0.603858   0.815876   -0.315671  0.0237965 
0.616263   0.834658   -0.286908  0.0265364 
0.659082   0.927407   -0.241178  0.0359661 
0.570542   0.961963   -0.192735  0.0313417 
0.642909   1.01801    -0.180769  0.0592541 
0.57723    1.09213    -0.0389027 0.0629459 
0.57723    1.09213    -0.0389027 0.0638993 
0.57723    1.09213    -0.0389027 0.0640199 
0.57723    1.09213    -0.0389027 0.0468906 
0.598721   1.01579    -0.115165  0.0288699 
0.599677   1.05235    -0.202672  0.0425966 
0.599677   1.05235    -0.202672  0.0403706 
0.599677   1.05235    -0.202672  0.0591709 
0.599677   1.05235    -0.202672  0.0277743 
0.501733   0.98844    -0.242093  0.0356104 
0.501733   0.98844    -0.242093  0.0244051 
0.553711   0.90687    -0.271692  0.0258249 
0.552807   0.845256   -0.249643  0.0161406 
0.592909   0.798257   -0.306076  0.0178384 
0.681552   0.837053   -0.328716  0.0129932 
0.70422    0.786231   -0.376623  0.0123834 
0.629048   0.719238   -0.351993  0.0121275 
0.559069   0.747985   -0.300679  0.015545  
0.559069   0.747985   -0.300679  0.0140566 
0.559069   0.747985   -0.300679  0.0135883 
0.563529   0.76742    -0.303858  0.0108792 
0.625175   0.713747   -0.33777   0.0118961 
0.618316   0.723468   -0.345863  0.0179787 
0.596942   0.766211   -0.310596  0.0138387 
0.610192   0.763862   -0.316088  0.0211272 
0.608726   0.863367   -0.323682  0.0383765 
0.608726   0.863367   -0.323682  0.0182036 
0.517271   0.906209   -0.291383  0.0352516 
0.466081   0.994929   -0.216961  0.0411874 
0.551162   0.985419   -0.176291  0.107541  
0.551162   0.985419   -0.176291  0.040752  
0.537985   1.01574    -0.151721  0.0623171 
0.562118   1.08118    -0.0833564 0.0582667 
0.653859   1.07558    -0.0221071 0.060769  
0.653859   1.07558    -0.0221071 0.0364536 
0.674918   1.01921    -0.1106    0.0633856 
0.674918   1.01921    -0.1106    0.0393049 
0.63441    0.962985   -0.167802  0.0323706 
0.721467   0.922444   -0.207542  0.065511  
0.721467   0.922444   -0.207542  0.037482  
0.721467   0.922444   -0.207542  0.0539575 
0.721467   0.922444   -0.207542  0.0485085 
0.721467   0.922444   -0.207542  0.048665  
0.721467   0.922444   -0.207542  0.0200011 
0.682417   0.862282   -0.310054  0.0246865 
0.590872   0.86078    -0.267764  0.017236  
0.528417   0.847723   -0.279974  0.0177555 
0.434318   0.868224   -0.269673  0.0239754 
0.474861   0.883791   -0.275587  0.0285487 
0.553187   0.966104   -0.257064  0.0297243 
0.64475    0.891332   -0.297219  0.041196  
0.725488   0.981751   -0.0830822 0.0445477 
0.636996   0.966635   -0.156071  0.0156712 
0.554556   0.883765   -0.301124  0.0308409 
0.554556   0.883765   -0.301124  0.0227484 
0.554556   0.883765   -0.301124  0.0267962 
0.554556   0.883765   -0.301124  0.0277602 
0.554556   0.883765   -0.301124  0.0415454 
0.554556   0.883765   -0.301124  0.0191689 
0.595013   0.811781   -0.310319  0.0169661 
0.589892   0.769444   -0.300786  0.00955302
0.68682    0.676114   -0.382503  0.00661831
0.727112   0.612761   -0.429882  0.0089816 
