#MU        SIGMA      ENERGY     ERROR     
-0.753229  0.54762    -0.408968  0.00642622
-0.731111  0.613933   -0.433463  0.0150357 
-0.796658  0.702946   -0.380025  0.0115984 
-0.826457  0.660452   -0.416991  0.00901882
-0.789272  0.643794   -0.434249  0.0137922 
-0.880798  0.688871   -0.394019  0.0259152 
-0.880798  0.688871   -0.394019  0.0284035 
-0.880798  0.688871   -0.394019  0.0204191 
-0.880798  0.688871   -0.394019  0.0320744 
-0.880798  0.688871   -0.394019  0.0124656 
-0.863113  0.64132    -0.427717  0.0291279 
-0.855394  0.732301   -0.292785  0.038386  
-0.796485  0.809167   -0.241324  0.0310521 
-0.869609  0.80228    -0.247167  0.0280338 
-0.792472  0.82039    -0.239631  0.0403456 
-0.792472  0.82039    -0.239631  0.0122417 
-0.739242  0.734323   -0.372138  0.0244248 
-0.739242  0.734323   -0.372138  0.0165875 
-0.645378  0.770667   -0.308879  0.0106654 
-0.735041  0.706866   -0.405386  0.0262567 
-0.790602  0.805274   -0.289446  0.0219157 
-0.733696  0.840621   -0.289267  0.0264302 
-0.73532   0.81295    -0.298511  0.0197295 
-0.66799   0.83216    -0.302226  0.0254021 
-0.753275  0.831507   -0.277168  0.0496512 
-0.753275  0.831507   -0.277168  0.0249908 
-0.836122  0.795534   -0.298076  0.0320332 
-0.836122  0.795534   -0.298076  0.0180974 
-0.861104  0.757797   -0.356152  0.018191  
-0.885481  0.725052   -0.347026  0.0210747 
-0.860835  0.758754   -0.316044  0.0141571 
-0.762851  0.730515   -0.388321  0.0205512 
-0.762851  0.730515   -0.388321  0.00767465
-0.674517  0.640816   -0.407543  0.00634472
-0.746238  0.644504   -0.436082  0.0114492 
-0.811922  0.646087   -0.426794  0.00608083
-0.745343  0.630247   -0.428873  0.0102023 
-0.76711   0.671522   -0.436899  0.00989593
-0.668856  0.711243   -0.393527  0.0249394 
-0.621849  0.797863   -0.299414  0.0219655 
-0.707628  0.869438   -0.288317  0.0244254 
-0.807267  0.816991   -0.297284  0.0298613 
-0.807267  0.816991   -0.297284  0.0288051 
-0.807267  0.816991   -0.297284  0.022933  
-0.785526  0.788535   -0.305604  0.0166442 
-0.736386  0.787837   -0.355275  0.0422137 
-0.736386  0.787837   -0.355275  0.0104329 
-0.722339  0.703219   -0.405731  0.00812048
-0.676813  0.604649   -0.395826  0.0135724 
-0.676813  0.604649   -0.395826  0.0109804 
-0.676813  0.604649   -0.395826  0.00788252
-0.671705  0.593924   -0.377688  0.0083766 
-0.64617   0.629504   -0.36976   0.0094673 
-0.686287  0.561669   -0.367972  0.0124791 
-0.686287  0.561669   -0.367972  0.0067635 
-0.703005  0.619823   -0.415813  0.0117651 
-0.703005  0.619823   -0.415813  0.0076752 
-0.711185  0.593974   -0.410261  0.00854034
-0.802256  0.646376   -0.44158   0.00816613
-0.771665  0.575081   -0.424511  0.00735148
-0.729208  0.597981   -0.423502  0.00709754
-0.777257  0.651068   -0.432709  0.00741943
-0.789169  0.635443   -0.442723  0.0177526 
-0.86563   0.690224   -0.379824  0.0116526 
-0.952685  0.602318   -0.364157  0.0116531 
-0.909632  0.596755   -0.379299  0.017097  
-0.909632  0.596755   -0.379299  0.010817  
-0.91817   0.567015   -0.376172  0.0117043 
-0.963297  0.560623   -0.300136  0.0168211 
-0.963297  0.560623   -0.300136  0.0109436 
-0.912218  0.57313    -0.376659  0.0207849 
-0.912218  0.57313    -0.376659  0.0118648 
-0.901874  0.552743   -0.367846  0.0159847 
-0.901874  0.552743   -0.367846  0.011584  
-0.897846  0.549645   -0.364582  0.00994253
-0.905522  0.584672   -0.395386  0.0133296 
-0.905522  0.584672   -0.395386  0.0104038 
-0.94213   0.575649   -0.347836  0.0170353 
-1.02868   0.495915   -0.104874  0.0350378 
-1.02868   0.495915   -0.104874  0.0147028 
-0.999278  0.56835    -0.263802  0.0143729 
-0.99246   0.636564   -0.300378  0.0315029 
-0.99246   0.636564   -0.300378  0.0121523 
-0.99246   0.636564   -0.300378  0.0159513 
-0.950478  0.61532    -0.346295  0.0206854 
-0.890906  0.693239   -0.331982  0.0480234 
-0.914041  0.793171   -0.149085  0.0481447 
-0.914041  0.793171   -0.149085  0.0252424 
-0.903298  0.737536   -0.328726  0.0451442 
-0.903298  0.737536   -0.328726  0.0371482 
-0.903298  0.737536   -0.328726  0.0181715 
-0.917272  0.714581   -0.349783  0.014076  
-0.933423  0.633108   -0.36567   0.0106932 
-0.937509  0.629138   -0.389382  0.0103795 
-0.871929  0.656928   -0.422567  0.01239   
-0.781737  0.676762   -0.413485  0.00876723
-0.688663  0.636459   -0.387566  0.00819992
-0.664896  0.607631   -0.393878  0.0110108 
-0.724457  0.698982   -0.40808   0.0232004 
-0.724457  0.698982   -0.40808   0.0127791 
-0.814497  0.676085   -0.417805  0.00940082
-0.724765  0.706547   -0.401496  0.0157459 
-0.724765  0.706547   -0.401496  0.0182052 
-0.686275  0.774794   -0.323528  0.0123185 
-0.636542  0.734436   -0.357737  0.0149996 
-0.636542  0.734436   -0.357737  0.0135271 
-0.550567  0.680853   -0.292779  0.0127071 
-0.550922  0.712876   -0.2811    0.0143863 
-0.473275  0.759054   -0.228092  0.0133395 
-0.538994  0.707975   -0.277572  0.0160845 
-0.538994  0.707975   -0.277572  0.0182275 
-0.538994  0.707975   -0.277572  0.0160767 
-0.62823   0.778469   -0.313776  0.012319  
-0.589662  0.711036   -0.320362  0.0110054 
-0.611895  0.669136   -0.345864  0.0122298 
-0.549872  0.571192   -0.205489  0.00993393
-0.612181  0.67015    -0.355632  0.00829551
-0.668013  0.590051   -0.378938  0.00955578
-0.663253  0.609794   -0.377894  0.00645132
-0.730801  0.618963   -0.430997  0.00688348
-0.726632  0.632774   -0.427592  0.0170397 
-0.743642  0.729548   -0.390483  0.00831615
-0.755329  0.679686   -0.432502  0.0107692 
-0.755329  0.679686   -0.432502  0.0142913 
-0.673924  0.734764   -0.352684  0.00949239
-0.672968  0.705328   -0.388177  0.0123389 
-0.590132  0.729495   -0.347183  0.0164338 
-0.491353  0.79045    -0.240883  0.0165609 
-0.452791  0.816671   -0.257764  0.0148969 
-0.389007  0.87019    -0.253151  0.0198169 
-0.368672  0.935372   -0.282944  0.0162554 
-0.325472  0.884148   -0.254995  0.0193306 
-0.40899   0.914673   -0.245626  0.0165099 
-0.451651  0.880897   -0.275882  0.019253  
-0.356921  0.965042   -0.275078  0.0177008 
-0.363193  0.950016   -0.270068  0.0155882 
-0.337528  0.856199   -0.25559   0.0158273 
-0.37522   0.865194   -0.254312  0.0273307 
-0.472742  0.950575   -0.255793  0.0262107 
-0.472742  0.950575   -0.255793  0.016126  
-0.381823  0.918864   -0.274172  0.015467  
-0.288822  0.960228   -0.27857   0.0151374 
-0.206684  0.889655   -0.239846  0.0153159 
-0.219523  0.894402   -0.237149  0.0148556 
-0.314786  0.871722   -0.259387  0.018482  
-0.314786  0.871722   -0.259387  0.0299588 
-0.401287  0.967235   -0.23267   0.0323572 
-0.320185  1.0487     -0.217576  0.039079  
-0.378417  1.04757    -0.143087  0.025116  
-0.36585   0.995301   -0.228296  0.0163247 
-0.28234   0.904401   -0.228151  0.0171463 
-0.28234   0.904401   -0.228151  0.0260989 
-0.28234   0.904401   -0.228151  0.015671  
-0.348221  0.895555   -0.273333  0.0153656 
-0.348221  0.895555   -0.273333  0.0169538 
-0.348221  0.895555   -0.273333  0.0250794 
-0.357837  0.991452   -0.258159  0.0173247 
-0.422044  0.899501   -0.265628  0.0153458 
-0.35179   0.82065    -0.228087  0.0160985 
-0.35179   0.82065    -0.228087  0.0160252 
-0.413379  0.822367   -0.275581  0.0156734 
-0.442975  0.736622   -0.201614  0.0176239 
-0.36983   0.694179   -0.139789  0.0209488 
-0.287396  0.670602   0.0082626  0.0171466 
-0.349135  0.741111   -0.117619  0.0175128 
-0.296719  0.8156     -0.181185  0.0173489 
-0.296719  0.8156     -0.181185  0.0158385 
-0.223378  0.883999   -0.237077  0.0225424 
-0.223378  0.883999   -0.237077  0.0208098 
-0.223378  0.883999   -0.237077  0.0155332 
-0.296149  0.924517   -0.257962  0.0144906 
-0.286513  0.885954   -0.236977  0.0227855 
-0.349062  0.975237   -0.26068   0.0234756 
-0.350182  0.964245   -0.277435  0.0353179 
-0.350182  0.964245   -0.277435  0.0345841 
-0.435823  0.994159   -0.222848  0.0294453 
-0.508438  0.986891   -0.194118  0.0344916 
-0.478188  0.995607   -0.184656  0.0323313 
-0.42595   1.06106    -0.198533  0.0436872 
-0.451666  1.05345    -0.134214  0.0286924 
-0.534637  0.957367   -0.196681  0.0323299 
-0.57329   0.885667   -0.245762  0.0152531 
-0.480521  0.829531   -0.26618   0.0137652 
-0.514659  0.813009   -0.295611  0.0151135 
-0.577717  0.792806   -0.311311  0.0223329 
-0.496207  0.840671   -0.281304  0.0174227 
-0.443402  0.933786   -0.295057  0.0152896 
-0.411929  0.867385   -0.245944  0.0178927 
-0.370009  0.914346   -0.247118  0.0192706 
-0.350734  1.00343    -0.260938  0.0216202 
-0.414002  0.994499   -0.269817  0.0407095 
-0.414002  0.994499   -0.269817  0.0355093 
-0.414002  0.994499   -0.269817  0.0367142 
-0.509332  1.05931    -0.142355  0.0424039 
-0.419085  1.11966    -0.152581  0.0750848 
-0.453063  1.15873    0.045741   0.0547061 
-0.490153  1.13504    0.0461644  0.0624159 
-0.574168  1.16508    0.117882   0.0672454 
-0.574168  1.16508    0.117882   0.0462529 
-0.541554  1.09556    -0.112632  0.0569993 
-0.454104  1.16453    -0.01194   0.0402704 
-0.496487  1.16411    -0.106606  0.0777282 
-0.496487  1.16411    -0.106606  0.0593665 
-0.496487  1.16411    -0.106606  0.084242  
-0.509994  1.10644    0.0228459  0.0749984 
-0.509994  1.10644    0.0228459  0.036036  
-0.599647  1.03248    -0.129552  0.0367023 
-0.683096  0.947689   -0.205708  0.0283315 
-0.728526  0.888851   -0.240697  0.0517166 
-0.728526  0.888851   -0.240697  0.0300768 
-0.672117  0.919653   -0.241152  0.0160341 
-0.615393  0.829648   -0.339033  0.0268856 
-0.615393  0.829648   -0.339033  0.0300648 
-0.615393  0.829648   -0.339033  0.0165839 
-0.615393  0.829648   -0.339033  0.0162924 
-0.617083  0.749305   -0.325389  0.014479  
-0.635629  0.783236   -0.333969  0.0143368 
-0.574686  0.747027   -0.317383  0.0213763 
-0.574686  0.747027   -0.317383  0.0149499 
-0.589153  0.691719   -0.275518  0.0121004 
-0.589153  0.691719   -0.275518  0.0141497 
-0.517335  0.732294   -0.281586  0.0160216 
-0.544165  0.814577   -0.277278  0.0146006 
-0.446222  0.83672    -0.246737  0.0161329 
-0.486733  0.849034   -0.248097  0.0154363 
-0.424051  0.762907   -0.239677  0.0170396 
-0.424051  0.762907   -0.239677  0.014755  
-0.424051  0.762907   -0.239677  0.017431  
-0.335406  0.746111   -0.163516  0.0183068 
-0.335406  0.746111   -0.163516  0.0182889 
-0.396922  0.664574   -0.117404  0.016203  
-0.430475  0.695709   -0.172408  0.0172912 
-0.368774  0.706967   -0.16448   0.0189291 
-0.364427  0.663498   -0.0737899 0.0188361 
-0.364427  0.663498   -0.0737899 0.0188319 
-0.364427  0.663498   -0.0737899 0.0173407 
-0.366681  0.759994   -0.220598  0.0172165 
-0.431155  0.678043   -0.14215   0.0157052 
-0.487466  0.591695   -0.144754  0.0143327 
-0.521685  0.529899   -0.137485  0.013317  
-0.57367   0.534621   -0.224989  0.0125725 
-0.535755  0.617456   -0.240879  0.0128713 
-0.533006  0.685394   -0.278712  0.0147053 
-0.52736   0.737965   -0.300522  0.0171635 
-0.439975  0.690201   -0.191092  0.014498  
-0.457442  0.784317   -0.260134  0.0137228 
-0.488829  0.772681   -0.265514  0.0176    
-0.488829  0.772681   -0.265514  0.0154106 
-0.502468  0.742658   -0.274214  0.0126058 
-0.55502   0.770377   -0.307505  0.01839   
-0.495983  0.861157   -0.261213  0.0145227 
-0.434395  0.781163   -0.192077  0.0138422 
-0.495598  0.720266   -0.24218   0.0168631 
-0.452209  0.657739   -0.190082  0.0148304 
-0.466544  0.742302   -0.235886  0.0138421 
-0.516628  0.664417   -0.225563  0.0109533 
-0.586023  0.675341   -0.332726  0.0135916 
-0.586023  0.675341   -0.332726  0.0107305 
-0.594235  0.650639   -0.326697  0.00968284
-0.623139  0.645952   -0.338857  0.0118342 
-0.569867  0.573459   -0.25069   0.010896  
-0.589084  0.663497   -0.320496  0.0108963 
-0.655988  0.697985   -0.381522  0.0138676 
-0.645896  0.757223   -0.342576  0.0192628 
-0.673385  0.771269   -0.345902  0.0131613 
-0.579768  0.706329   -0.303138  0.00985239
-0.665855  0.720672   -0.375955  0.00824637
-0.745549  0.688246   -0.422484  0.00870956
-0.745549  0.688246   -0.422484  0.0318241 
-0.745549  0.688246   -0.422484  0.0215665 
-0.758195  0.768873   -0.31183   0.00994474
-0.660272  0.704191   -0.376667  0.0418028 
-0.660272  0.704191   -0.376667  0.0101733 
-0.695457  0.674457   -0.40121   0.0105603 
-0.750477  0.673171   -0.417094  0.0118827 
-0.841928  0.668645   -0.438427  0.0118874 
-0.937916  0.570269   -0.340167  0.0076437 
-0.846781  0.649957   -0.439597  0.0209348 
-0.941851  0.603525   -0.336736  0.00977109
-0.896988  0.577268   -0.39653   0.0190151 
-0.863339  0.508636   -0.319338  0.0121789 
-0.892738  0.545768   -0.371779  0.0270743 
-0.892738  0.545768   -0.371779  0.0226004 
-0.892738  0.545768   -0.371779  0.0128545 
-0.850963  0.539875   -0.380177  0.0290808 
-0.850963  0.539875   -0.380177  0.0114948 
-0.792578  0.54843    -0.402863  0.00862253
-0.816779  0.640298   -0.442943  0.00787085
-0.724424  0.655089   -0.418671  0.00732334
-0.724424  0.655089   -0.418671  0.0143447 
-0.745779  0.738402   -0.392058  0.0193988 
-0.745779  0.738402   -0.392058  0.00873593
-0.740414  0.681486   -0.414715  0.00589397
-0.746546  0.628082   -0.432084  0.0107923 
-0.713493  0.706305   -0.393736  0.0104082 
-0.713493  0.706305   -0.393736  0.0179874 
-0.728839  0.740915   -0.374103  0.0175221 
-0.713775  0.782541   -0.344604  0.0212162 
-0.711287  0.83434    -0.325527  0.0325611 
-0.725986  0.902075   -0.205035  0.0420907 
-0.686091  0.952183   -0.120526  0.0292475 
-0.740964  0.86964    -0.24349   0.027235  
-0.660747  0.887805   -0.228934  0.0213268 
-0.592239  0.854604   -0.272156  0.0288341 
-0.655645  0.83306    -0.286458  0.0257193 
-0.741057  0.857842   -0.281093  0.035456  
-0.741057  0.857842   -0.281093  0.0252522 
-0.815578  0.760115   -0.336994  0.00905399
-0.788338  0.671599   -0.437573  0.00802734
-0.775942  0.642958   -0.436777  0.00883307
-0.836619  0.646516   -0.435665  0.0127523 
-0.836619  0.646516   -0.435665  0.0140132 
-0.848971  0.685695   -0.394595  0.00661593
-0.767587  0.630373   -0.442501  0.0111808 
-0.818819  0.555639   -0.422216  0.0085755 
-0.866292  0.580782   -0.40966   0.0116013 
-0.812758  0.549362   -0.409441  0.00802186
-0.817617  0.600183   -0.438474  0.0147977 
-0.871481  0.679471   -0.39406   0.0169558 
-0.783329  0.740865   -0.365176  0.0241491 
-0.868204  0.74603    -0.297375  0.041356  
-0.868204  0.74603    -0.297375  0.0205802 
-0.848833  0.731581   -0.358013  0.0453848 
-0.848833  0.731581   -0.358013  0.0308594 
-0.848833  0.731581   -0.358013  0.0168622 
-0.813229  0.743663   -0.353684  0.0257375 
-0.813229  0.743663   -0.353684  0.00841646
-0.765717  0.672472   -0.421111  0.017267  
-0.765717  0.672472   -0.421111  0.00963433
-0.770723  0.669699   -0.415094  0.00887622
-0.803285  0.651589   -0.440598  0.0123492 
-0.722786  0.70328    -0.39993   0.00879673
-0.794783  0.655301   -0.43136   0.0158439 
-0.875667  0.686006   -0.405673  0.00934184
-0.848962  0.632402   -0.433523  0.00822115
-0.751355  0.656213   -0.431323  0.011951  
-0.691681  0.666975   -0.362657  0.0159296 
-0.691681  0.666975   -0.362657  0.00926487
-0.665795  0.688392   -0.375668  0.00800988
-0.700445  0.661462   -0.405138  0.0136903 
-0.700445  0.661462   -0.405138  0.0118993 
-0.634847  0.722151   -0.366751  0.0110262 
-0.688678  0.725419   -0.392608  0.0210797 
-0.688678  0.725419   -0.392608  0.0155563 
-0.688678  0.725419   -0.392608  0.0146484 
-0.688678  0.725419   -0.392608  0.02004   
-0.688678  0.725419   -0.392608  0.008311  
-0.730006  0.648916   -0.423318  0.0103123 
-0.67657   0.563503   -0.376094  0.0185439 
-0.729751  0.502253   -0.292059  0.012725  
-0.633133  0.546019   -0.344664  0.019001  
-0.633133  0.546019   -0.344664  0.0149833 
-0.633133  0.546019   -0.344664  0.00808615
-0.667377  0.5924     -0.371706  0.0125135 
-0.667377  0.5924     -0.371706  0.00814513
-0.748369  0.577126   -0.420002  0.0138158 
-0.748369  0.577126   -0.420002  0.0151565 
-0.662189  0.513144   -0.283524  0.0105817 
-0.738691  0.553139   -0.382815  0.00921122
-0.771545  0.564886   -0.418682  0.00712916
-0.681345  0.628943   -0.394535  0.00864465
-0.665761  0.632344   -0.38838   0.00831744
-0.653801  0.603611   -0.369793  0.0126926 
-0.557937  0.553261   -0.228411  0.0122453 
-0.587672  0.549289   -0.260737  0.0170996 
-0.587672  0.549289   -0.260737  0.0205932 
-0.587672  0.549289   -0.260737  0.0140979 
-0.683893  0.527037   -0.3158    0.00954928
-0.656543  0.581579   -0.361019  0.0100354 
-0.656543  0.581579   -0.361019  0.0170467 
-0.656543  0.581579   -0.361019  0.0194486 
-0.656543  0.581579   -0.361019  0.0183171 
-0.609093  0.486089   -0.19282   0.0228941 
-0.609093  0.486089   -0.19282   0.0376796 
-0.609093  0.486089   -0.19282   0.0105003 
-0.644767  0.558294   -0.331387  0.0097357 
-0.644767  0.558294   -0.331387  0.00801827
-0.705896  0.585538   -0.40242   0.0198205 
-0.705896  0.585538   -0.40242   0.0164561 
-0.705896  0.585538   -0.40242   0.0102552 
-0.756328  0.556483   -0.419647  0.00697865
-0.703886  0.607828   -0.417307  0.0173344 
-0.801525  0.700432   -0.371703  0.0190033 
-0.836125  0.729562   -0.352232  0.0121658 
-0.826551  0.703106   -0.419463  0.0134581 
-0.826551  0.703106   -0.419463  0.0222022 
-0.826551  0.703106   -0.419463  0.0236541 
-0.845628  0.744933   -0.320891  0.0324249 
-0.835872  0.83576    -0.223441  0.0795977 
-0.835872  0.83576    -0.223441  0.022991  
-0.791759  0.819533   -0.301487  0.0221667 
-0.868525  0.7318     -0.339887  0.0352895 
-0.868525  0.7318     -0.339887  0.0221126 
-0.78288   0.769716   -0.364183  0.0217166 
-0.882013  0.68997    -0.397319  0.0316692 
-0.930301  0.692693   -0.27953   0.0244423 
-0.833566  0.716407   -0.354472  0.0207119 
-0.886107  0.616556   -0.378685  0.0142307 
-0.857798  0.668349   -0.406937  0.0117868 
-0.830718  0.640072   -0.427238  0.00747873
-0.757566  0.646112   -0.432533  0.022155  
-0.757566  0.646112   -0.432533  0.0154039 
-0.757566  0.646112   -0.432533  0.00700339
-0.707186  0.646154   -0.420864  0.0109296 
-0.707186  0.646154   -0.420864  0.00671858
-0.702607  0.639508   -0.413833  0.0105523 
-0.634899  0.713      -0.34569   0.00732978
-0.670036  0.624388   -0.385409  0.00903452
-0.670036  0.624388   -0.385409  0.0125408 
-0.65188   0.541656   -0.334394  0.00750859
-0.679296  0.605494   -0.388591  0.0124165 
-0.679296  0.605494   -0.388591  0.00976751
-0.652415  0.664858   -0.372807  0.0140594 
-0.652415  0.664858   -0.372807  0.0088651 
-0.670057  0.660592   -0.389531  0.0123701 
-0.670057  0.660592   -0.389531  0.0118191 
-0.670057  0.660592   -0.389531  0.00730066
-0.749926  0.653707   -0.430591  0.00854238
-0.68227   0.660216   -0.387994  0.0143583 
-0.62053   0.743778   -0.333421  0.0103247 
-0.653893  0.691848   -0.369668  0.00924094
-0.630716  0.631533   -0.338144  0.0125212 
-0.564477  0.565158   -0.241297  0.0102779 
-0.633315  0.569744   -0.340231  0.0139214 
-0.633315  0.569744   -0.340231  0.013335  
-0.570362  0.54989    -0.226964  0.0154031 
-0.570362  0.54989    -0.226964  0.0196154 
-0.570362  0.54989    -0.226964  0.0139837 
-0.570362  0.54989    -0.226964  0.027841  
-0.570362  0.54989    -0.226964  0.0088299 
-0.642996  0.640531   -0.359017  0.0105607 
-0.601856  0.69478    -0.335196  0.0149244 
-0.601856  0.69478    -0.335196  0.0150904 
-0.636853  0.734682   -0.364509  0.014298  
-0.690151  0.774966   -0.348069  0.0168975 
-0.748558  0.789654   -0.327111  0.0483266 
-0.748558  0.789654   -0.327111  0.0313035 
-0.814716  0.712219   -0.320768  0.0264318 
-0.832034  0.777393   -0.316277  0.0246274 
-0.73874   0.845872   -0.268296  0.0264424 
-0.780501  0.799522   -0.266892  0.0208457 
-0.835617  0.73571    -0.350715  0.0111856 
-0.754081  0.700311   -0.408092  0.00737146
-0.819537  0.628517   -0.443256  0.00794136
-0.832029  0.610694   -0.450184  0.0108466 
-0.912051  0.639944   -0.393305  0.0206907 
-0.81867   0.69212    -0.370025  0.0231191 
-0.81867   0.69212    -0.370025  0.0176508 
-0.786394  0.742971   -0.364153  0.0197254 
-0.786394  0.742971   -0.364153  0.0233792 
-0.728366  0.810579   -0.313948  0.0280696 
-0.734362  0.860029   -0.260344  0.0275047 
-0.734362  0.860029   -0.260344  0.0444504 
-0.715664  0.875844   -0.18232   0.033824  
-0.697587  0.931014   -0.184854  0.0243979 
-0.626137  0.844466   -0.304801  0.0153756 
-0.543931  0.814501   -0.269539  0.0143146 
-0.515801  0.78064    -0.273849  0.0175818 
-0.50978   0.779189   -0.241981  0.0193    
-0.600312  0.825628   -0.281187  0.0216606 
-0.651396  0.915903   -0.278741  0.0407244 
-0.651396  0.915903   -0.278741  0.0519588 
-0.710837  0.908988   -0.170398  0.031106  
-0.656547  0.964089   -0.224556  0.0165204 
-0.561037  0.869804   -0.280486  0.0234092 
-0.66021   0.850263   -0.272919  0.0208274 
-0.676891  0.864171   -0.284834  0.0178526 
-0.677934  0.791411   -0.34441   0.018952  
-0.68945   0.781892   -0.344334  0.012236  
-0.681919  0.702663   -0.368779  0.0108805 
-0.586269  0.62064    -0.292055  0.00859278
-0.662249  0.65103    -0.381852  0.0099713 
-0.734966  0.561046   -0.412334  0.00582551
-0.75035   0.609677   -0.429659  0.00686276
-0.815663  0.606538   -0.449524  0.00841327
-0.759663  0.669398   -0.428806  0.00837323
-0.676395  0.591012   -0.391902  0.0098861 
-0.620068  0.60188    -0.327547  0.0122017 
-0.620068  0.60188    -0.327547  0.0115492 
-0.593191  0.576826   -0.291894  0.0108144 
-0.580788  0.62174    -0.289329  0.0119361 
-0.619578  0.54503    -0.302468  0.0069606 
-0.696822  0.618441   -0.408246  0.00978303
-0.782678  0.651666   -0.431396  0.0223023 
-0.822957  0.726073   -0.355512  0.018041  
-0.879625  0.673538   -0.378608  0.0279915 
-0.879625  0.673538   -0.378608  0.00718362
-0.815688  0.613942   -0.439505  0.0144947 
-0.90729   0.656574   -0.375068  0.0100659 
-0.897187  0.629944   -0.41498   0.0132758 
-0.805505  0.536263   -0.373022  0.00773015
-0.790146  0.625122   -0.442682  0.0103369 
-0.790146  0.625122   -0.442682  0.0120273 
-0.784955  0.544077   -0.401148  0.00750455
-0.759659  0.593365   -0.431268  0.0186832 
-0.759659  0.593365   -0.431268  0.0170114 
-0.80198   0.511874   -0.340345  0.0127503 
-0.773396  0.536795   -0.380013  0.0136474 
-0.775993  0.53512    -0.36475   0.0090295 
-0.863089  0.582086   -0.417947  0.00936204
-0.862426  0.578383   -0.42047   0.0220802 
-0.862426  0.578383   -0.42047   0.0152399 
-0.854986  0.673722   -0.398815  0.0262148 
-0.854986  0.673722   -0.398815  0.030979  
-0.854986  0.673722   -0.398815  0.00875729
-0.846712  0.650379   -0.431116  0.00677351
-0.747768  0.599455   -0.436972  0.0107658 
-0.801981  0.553794   -0.413167  0.0204696 
-0.801981  0.553794   -0.413167  0.0081085 
-0.802073  0.577374   -0.423533  0.0120208 
-0.801897  0.640926   -0.416212  0.00804318
-0.80768   0.671106   -0.436399  0.00842693
-0.781246  0.576935   -0.431834  0.0123109 
-0.781246  0.576935   -0.431834  0.00991349
-0.828019  0.562463   -0.417541  0.0129545 
-0.836872  0.613143   -0.410057  0.0217839 
-0.909756  0.642189   -0.358894  0.026675  
-0.877539  0.73652    -0.296915  0.0300115 
-0.874578  0.797532   -0.222532  0.0214457 
-0.793557  0.779743   -0.316126  0.0332265 
-0.802368  0.76811    -0.275965  0.0264097 
-0.73925   0.803293   -0.294564  0.0277122 
-0.747862  0.826808   -0.297896  0.0276286 
-0.715347  0.881388   -0.248896  0.0705159 
-0.779646  0.880951   -0.131908  0.0284118 
-0.825239  0.796846   -0.238146  0.0248908 
-0.802805  0.82379    -0.273271  0.0238121 
-0.787823  0.811528   -0.273521  0.0355179 
-0.787823  0.811528   -0.273521  0.0263389 
-0.814121  0.807102   -0.289278  0.0261456 
-0.736425  0.825651   -0.252666  0.0195824 
-0.660387  0.796228   -0.336985  0.0134063 
-0.753065  0.746061   -0.391969  0.0100234 
-0.754384  0.713596   -0.408398  0.0153755 
-0.733842  0.751814   -0.378936  0.0116319 
-0.69331   0.717603   -0.365311  0.0137591 
-0.667975  0.707544   -0.367589  0.0099464 
-0.648033  0.661593   -0.380816  0.0097789 
-0.685394  0.688396   -0.382222  0.0238554 
-0.781997  0.767809   -0.320959  0.0350057 
-0.705717  0.853183   -0.246652  0.0327836 
-0.705717  0.853183   -0.246652  0.0225333 
-0.689875  0.859929   -0.302624  0.0273845 
-0.604046  0.90892    -0.263444  0.0355036 
-0.542937  0.998776   -0.225393  0.0398963 
-0.483084  0.972861   -0.166851  0.0404599 
-0.443203  0.995511   -0.182923  0.016502  
-0.373904  0.920235   -0.272089  0.0200181 
-0.452229  0.959531   -0.249128  0.0275613 
-0.474666  0.935486   -0.257936  0.0384245 
-0.474666  0.935486   -0.257936  0.0217505 
-0.474695  0.876995   -0.262876  0.0212175 
-0.413167  0.96617    -0.264219  0.02451   
-0.317856  1.05109    -0.22713   0.0171185 
-0.41561   0.958051   -0.302232  0.0190638 
-0.41561   0.958051   -0.302232  0.0374817 
-0.41561   0.958051   -0.302232  0.0272121 
-0.334048  0.935622   -0.249262  0.0488548 
-0.237546  0.980885   -0.23641   0.0252236 
-0.22773   0.939716   -0.240305  0.0156601 
-0.179696  0.869237   -0.210883  0.0169301 
-0.179696  0.869237   -0.210883  0.0199821 
-0.11468   0.960082   -0.234449  0.0178711 
-0.156779  0.910944   -0.248752  0.0201756 
-0.239904  0.93308    -0.230499  0.0165725 
-0.293966  0.83977    -0.243451  0.0175201 
-0.263467  0.913613   -0.253814  0.0236156 
-0.263467  0.913613   -0.253814  0.0148365 
-0.19608   0.894075   -0.225124  0.0157965 
-0.259859  0.904357   -0.273678  0.017916  
-0.259859  0.904357   -0.273678  0.0184169 
-0.259859  0.904357   -0.273678  0.02091   
-0.35105   0.993393   -0.245558  0.0239745 
-0.288484  0.996481   -0.284267  0.0526477 
-0.288484  0.996481   -0.284267  0.0283674 
-0.326246  1.09391    -0.228298  0.0381239 
-0.23212   1.09328    -0.150572  0.0569093 
-0.23212   1.09328    -0.150572  0.020194  
-0.277689  1.03192    -0.295075  0.0364761 
-0.277689  1.03192    -0.295075  0.0179911 
-0.277689  1.03192    -0.295075  0.0213117 
-0.277689  1.03192    -0.295075  0.0384379 
-0.322328  1.07464    -0.160175  0.0616208 
-0.22803   1.10426    -0.157101  0.0409464 
-0.273014  1.17983    -0.115396  0.0603082 
-0.273014  1.17983    -0.115396  0.0417115 
-0.197532  1.10567    -0.123372  0.0567373 
-0.289628  1.08452    -0.160578  0.0252369 
-0.303057  1.0044     -0.252295  0.0227485 
-0.251231  0.961494   -0.256671  0.01821   
-0.345621  0.924515   -0.238739  0.0203019 
-0.42159   0.898428   -0.242078  0.0160586 
-0.468416  0.843677   -0.25664   0.0331506 
-0.468416  0.843677   -0.25664   0.0156085 
-0.506596  0.889017   -0.296861  0.0268823 
-0.506596  0.889017   -0.296861  0.0237853 
-0.506596  0.889017   -0.296861  0.0204924 
-0.506596  0.889017   -0.296861  0.0285487 
-0.506596  0.889017   -0.296861  0.0251776 
-0.512439  0.898657   -0.265038  0.0291341 
-0.512439  0.898657   -0.265038  0.0187972 
-0.495289  0.882844   -0.243682  0.0151264 
-0.493083  0.835895   -0.259804  0.0189856 
-0.42435   0.825881   -0.265898  0.016915  
-0.366994  0.903372   -0.241605  0.0171153 
-0.337275  0.815261   -0.184225  0.0174633 
-0.431867  0.774963   -0.224569  0.0172693 
-0.431867  0.774963   -0.224569  0.0144868 
-0.464008  0.771357   -0.244457  0.0158967 
-0.518947  0.745431   -0.290825  0.0174717 
-0.482188  0.785121   -0.250316  0.0161505 
-0.482188  0.785121   -0.250316  0.0157856 
-0.409     0.767911   -0.212428  0.0164448 
-0.426567  0.804742   -0.233463  0.0191982 
-0.507285  0.807928   -0.297906  0.0136351 
-0.543109  0.769489   -0.294742  0.016354  
-0.521933  0.847536   -0.308195  0.0198963 
-0.490292  0.901616   -0.267874  0.016928  
-0.417031  0.871483   -0.278122  0.0171729 
-0.444618  0.899765   -0.277121  0.0165047 
-0.515022  0.856478   -0.285105  0.0190257 
-0.45528   0.919075   -0.251995  0.0289813 
-0.554231  0.999749   -0.221469  0.0359974 
-0.554231  0.999749   -0.221469  0.0459751 
-0.554231  0.999749   -0.221469  0.0375833 
-0.554231  0.999749   -0.221469  0.0279135 
-0.507793  0.987462   -0.179273  0.0171662 
-0.420085  0.892638   -0.28082   0.0217808 
-0.420085  0.892638   -0.28082   0.0199784 
-0.482081  0.982809   -0.264342  0.019091  
-0.387486  0.947394   -0.24236   0.0173668 
-0.343126  0.936064   -0.248809  0.0291073 
-0.343126  0.936064   -0.248809  0.0332037 
-0.394437  1.00336    -0.224813  0.0309459 
-0.311024  1.04303    -0.197249  0.0254819 
-0.327057  1.06843    -0.259829  0.0432905 
-0.327057  1.06843    -0.259829  0.0201169 
-0.309884  1.01552    -0.256731  0.0289425 
-0.309884  1.01552    -0.256731  0.0202708 
-0.335052  0.93201    -0.253349  0.020704  
-0.335052  0.93201    -0.253349  0.0219595 
-0.273467  0.994386   -0.267686  0.0155565 
-0.186958  0.93491    -0.257655  0.023075  
-0.212796  1.02429    -0.283436  0.0225253 
-0.199779  1.02953    -0.25804   0.0232933 
-0.259171  0.999266   -0.23795   0.0229751 
-0.291662  0.988254   -0.265546  0.0323199 
-0.291662  0.988254   -0.265546  0.0196471 
-0.341768  0.943374   -0.271311  0.018989  
-0.341182  0.896324   -0.226603  0.0168013 
-0.36098   0.842827   -0.261664  0.0146032 
-0.424916  0.827725   -0.259732  0.0197237 
-0.425352  0.894665   -0.293595  0.0283585 
-0.486099  0.987276   -0.208572  0.0297515 
-0.529527  0.943803   -0.192076  0.0427921 
-0.542761  1.00492    -0.13851   0.0526637 
-0.554046  1.09255    -0.0352693 0.0560437 
-0.58645   1.09517    0.0187374  0.0550509 
-0.49443   1.09511    -0.00575589 0.0614789 
-0.465218  1.11868    -0.0130508 0.0570253 
-0.487497  1.09396    -0.00665676 0.0594739 
-0.571959  1.07917    -0.0421386 0.0511466 
-0.528699  1.06035    -0.0698753 0.023251  
-0.446388  0.96649    -0.241244  0.0230437 
-0.394802  0.917511   -0.251945  0.0235968 
-0.418039  0.994378   -0.236092  0.0219817 
-0.370288  0.966855   -0.257058  0.026442  
-0.398866  0.980407   -0.248047  0.0149299 
-0.357935  0.899987   -0.301154  0.026144  
-0.357935  0.899987   -0.301154  0.014848  
-0.457586  0.85238    -0.280759  0.0196722 
-0.457586  0.85238    -0.280759  0.0204471 
-0.414589  0.918912   -0.288497  0.0284124 
-0.414589  0.918912   -0.288497  0.0184473 
-0.414589  0.918912   -0.288497  0.0193468 
-0.414589  0.918912   -0.288497  0.0220645 
-0.414589  0.918912   -0.288497  0.0193498 
-0.441224  0.92413    -0.253182  0.0154393 
-0.354421  0.88946    -0.258551  0.0160475 
-0.433727  0.840266   -0.258323  0.0148668 
-0.418652  0.838098   -0.238823  0.0215079 
-0.42224   0.932795   -0.264334  0.0373655 
-0.42224   0.932795   -0.264334  0.0324938 
-0.42224   0.932795   -0.264334  0.0172282 
-0.334087  0.89871    -0.264524  0.0282956 
-0.334087  0.89871    -0.264524  0.0151675 
-0.406722  0.835686   -0.223125  0.014282  
-0.47921   0.808654   -0.265117  0.0171511 
-0.414875  0.887009   -0.268555  0.0185974 
-0.340878  0.957806   -0.245556  0.0227779 
-0.250732  1.03787    -0.240207  0.0201801 
-0.326195  0.982859   -0.267616  0.0187502 
-0.326195  0.982859   -0.267616  0.0588127 
-0.326195  0.982859   -0.267616  0.0281738 
-0.326195  0.982859   -0.267616  0.0254089 
-0.326195  0.982859   -0.267616  0.0413009 
-0.28103   1.03026    -0.235763  0.0217445 
-0.188157  1.08888    -0.255624  0.0394795 
-0.256863  1.00626    -0.197436  0.0349839 
-0.256863  1.00626    -0.197436  0.0183997 
-0.332196  0.966055   -0.288356  0.0186223 
-0.349669  0.992382   -0.251132  0.025246  
-0.266354  1.04375    -0.242076  0.0364632 
-0.266354  1.04375    -0.242076  0.0254076 
-0.209722  0.999429   -0.217936  0.0296029 
-0.264867  0.999464   -0.214127  0.0521409 
-0.296871  1.05332    -0.21649   0.0184143 
-0.260919  1.02197    -0.279487  0.0177056 
-0.190269  0.960015   -0.244112  0.0168778 
-0.240651  0.918971   -0.24872   0.0181605 
-0.148769  0.93482    -0.244265  0.0154021 
-0.18696   0.937116   -0.246931  0.0191368 
-0.251505  0.948004   -0.247866  0.0216211 
-0.321444  0.961636   -0.249928  0.0206091 
-0.297251  0.88471    -0.217447  0.0245013 
-0.361365  0.971013   -0.218019  0.0157207 
-0.329854  0.90181    -0.263339  0.0182149 
-0.329854  0.90181    -0.263339  0.0173204 
-0.391138  0.902615   -0.248361  0.0178861 
-0.480838  0.895417   -0.247275  0.0201903 
-0.529265  0.901264   -0.261632  0.023431  
-0.628179  0.844338   -0.292999  0.0142776 
-0.549043  0.765496   -0.29902   0.0104655 
-0.607419  0.699261   -0.348974  0.01347   
-0.581182  0.744903   -0.291851  0.0149963 
-0.493809  0.698013   -0.221172  0.0136113 
-0.552917  0.789374   -0.306071  0.0162109 
-0.552917  0.789374   -0.306071  0.0180319 
-0.598925  0.796312   -0.309807  0.0181526 
-0.52766   0.815477   -0.269204  0.0194342 
-0.617058  0.806247   -0.345881  0.0286071 
-0.617058  0.806247   -0.345881  0.0141351 
-0.547391  0.786216   -0.293931  0.0144008 
-0.594547  0.80513    -0.327012  0.0316961 
-0.594547  0.80513    -0.327012  0.0204242 
-0.609007  0.831071   -0.320506  0.0320952 
-0.655811  0.908503   -0.242105  0.06337   
-0.655811  0.908503   -0.242105  0.0293357 
-0.668059  0.899785   -0.263355  0.0191075 
-0.67191   0.808482   -0.325179  0.0227292 
-0.724083  0.817686   -0.327672  0.0182376 
-0.666255  0.805728   -0.332631  0.0315635 
-0.666255  0.805728   -0.332631  0.0132489 
-0.644522  0.727039   -0.327548  0.0101822 
-0.691894  0.697372   -0.381976  0.0140724 
-0.771256  0.729644   -0.423416  0.0170898 
-0.759284  0.678308   -0.407193  0.0101215 
-0.773574  0.673366   -0.413482  0.0226759 
-0.722216  0.761465   -0.308739  0.0277156 
-0.722216  0.761465   -0.308739  0.015099  
-0.717867  0.679015   -0.369607  0.00807733
-0.815645  0.635743   -0.4504    0.00902429
-0.815645  0.635743   -0.4504    0.01882   
-0.894697  0.718149   -0.359421  0.00793562
-0.817644  0.64729    -0.439539  0.0128036 
-0.748377  0.730423   -0.401462  0.0183001 
-0.815543  0.686903   -0.407038  0.0185298 
-0.821728  0.710593   -0.374372  0.0270271 
-0.821728  0.710593   -0.374372  0.0165997 
-0.821728  0.710593   -0.374372  0.00872225
-0.748202  0.677195   -0.419633  0.011847  
-0.79054   0.665227   -0.42187   0.0233875 
-0.79054   0.665227   -0.42187   0.0110051 
-0.724879  0.690239   -0.409403  0.00798963
-0.724879  0.690239   -0.409403  0.014666  
-0.667162  0.774055   -0.358601  0.0119554 
-0.716634  0.722376   -0.380868  0.00977777
-0.618945  0.632191   -0.337222  0.00803921
-0.663157  0.657024   -0.386501  0.00676701
-0.739233  0.613435   -0.431104  0.0109669 
-0.739233  0.613435   -0.431104  0.00869289
-0.820437  0.631538   -0.433507  0.0239837 
-0.79134   0.731034   -0.340917  0.0225762 
-0.881953  0.743685   -0.293735  0.0279682 
-0.816138  0.790446   -0.299159  0.0297579 
-0.816138  0.790446   -0.299159  0.0556384 
-0.816138  0.790446   -0.299159  0.0140577 
-0.831205  0.703723   -0.406616  0.0309554 
-0.831205  0.703723   -0.406616  0.0206278 
-0.78141   0.782279   -0.303769  0.0279477 
-0.793137  0.785102   -0.316763  0.0224079 
-0.793137  0.785102   -0.316763  0.0159635 
-0.818667  0.705021   -0.405872  0.0171644 
-0.903807  0.666117   -0.371279  0.0225501 
-0.814433  0.730722   -0.356868  0.0281703 
-0.814433  0.730722   -0.356868  0.02898   
-0.814433  0.730722   -0.356868  0.0173023 
-0.8241    0.734844   -0.383792  0.0249382 
-0.8241    0.734844   -0.383792  0.00705231
-0.768038  0.655887   -0.437762  0.00923938
-0.733725  0.618275   -0.414343  0.011004  
-0.750633  0.554352   -0.425187  0.00649514
-0.741804  0.61911    -0.454257  0.00649125
-0.732245  0.628639   -0.433535  0.0120278 
-0.732245  0.628639   -0.433535  0.0106017 
-0.733893  0.554698   -0.407281  0.023984  
-0.733893  0.554698   -0.407281  0.024621  
-0.812718  0.476763   -0.231532  0.00977353
-0.879981  0.569481   -0.391925  0.0143    
-0.907514  0.65318    -0.375428  0.0336702 
-0.907514  0.65318    -0.375428  0.0187577 
-0.909234  0.670909   -0.35435   0.0369737 
-0.909234  0.670909   -0.35435   0.00870133
-0.832662  0.57176    -0.412047  0.0230747 
-0.832662  0.57176    -0.412047  0.00947707
-0.764107  0.564157   -0.404287  0.00794519
-0.764107  0.564157   -0.404287  0.0247385 
-0.80772   0.476354   -0.209793  0.0112706 
-0.761327  0.547627   -0.39604   0.0186835 
-0.761327  0.547627   -0.39604   0.0151812 
-0.740817  0.524795   -0.365655  0.0108993 
-0.645048  0.555964   -0.336266  0.0150877 
-0.717875  0.525106   -0.322553  0.0111232 
-0.620276  0.547031   -0.287339  0.0100561 
-0.606795  0.637313   -0.332541  0.0144716 
-0.521675  0.539747   -0.150994  0.0149403 
-0.510553  0.55334    -0.156865  0.0222164 
-0.510553  0.55334    -0.156865  0.0143565 
-0.509182  0.568423   -0.159362  0.0164631 
-0.540168  0.500134   -0.131248  0.0166306 
-0.540168  0.500134   -0.131248  0.028263  
-0.540168  0.500134   -0.131248  0.0180528 
-0.442536  0.599067   -0.0861835 0.0150718 
-0.492435  0.580061   -0.131058  0.0167705 
-0.471888  0.595328   -0.132522  0.019139  
-0.383805  0.659507   -0.0902534 0.0158856 
-0.468649  0.59889    -0.105463  0.0177615 
-0.439007  0.568073   -0.0458348 0.0212877 
-0.439007  0.568073   -0.0458348 0.0177717 
-0.446185  0.583795   -0.0856219 0.0191635 
-0.429915  0.542086   -0.017575  0.0172285 
-0.488898  0.497259   -0.0497485 0.0238574 
-0.583775  0.45896    -0.1       0.0166404 
-0.62772   0.504611   -0.225549  0.0129464 
-0.570873  0.558622   -0.245232  0.0107257 
-0.635976  0.565508   -0.327283  0.0136337 
-0.551495  0.531157   -0.17825   0.0137047 
-0.54252   0.588533   -0.250004  0.0119872 
-0.606413  0.58122    -0.344968  0.00819971
-0.668289  0.604936   -0.365823  0.00861046
-0.705091  0.617464   -0.425004  0.0105803 
-0.705091  0.617464   -0.425004  0.00993952
-0.705091  0.617464   -0.425004  0.00726175
-0.756259  0.59051    -0.43948   0.00695406
-0.741286  0.593159   -0.432454  0.00870817
-0.658921  0.656111   -0.359498  0.0102953 
-0.651528  0.71733    -0.359622  0.0132003 
-0.606418  0.776886   -0.332609  0.0146612 
-0.681499  0.760625   -0.357815  0.0251939 
-0.621678  0.859303   -0.266189  0.0170311 
-0.696511  0.836996   -0.345006  0.0355557 
-0.696511  0.836996   -0.345006  0.0153609 
-0.619686  0.746706   -0.347013  0.0130009 
-0.619686  0.746706   -0.347013  0.0112809 
-0.619686  0.746706   -0.347013  0.013544  
-0.619686  0.746706   -0.347013  0.0135526 
-0.619686  0.746706   -0.347013  0.00711234
-0.718274  0.66659    -0.418695  0.0084432 
-0.7898    0.625344   -0.435361  0.0121131 
-0.806302  0.655736   -0.425911  0.00797413
-0.740497  0.630015   -0.41874   0.00738449
-0.709978  0.648706   -0.420323  0.00730248
-0.723419  0.598218   -0.418853  0.0114815 
-0.787892  0.681709   -0.426846  0.00852506
-0.85689   0.636896   -0.440955  0.0142102 
-0.85689   0.636896   -0.440955  0.00864442
-0.769057  0.571385   -0.417312  0.0146241 
-0.833764  0.660428   -0.401907  0.0219594 
-0.833764  0.660428   -0.401907  0.0162852 
-0.737029  0.754323   -0.393332  0.0194888 
-0.677759  0.782329   -0.344116  0.022956  
-0.677759  0.782329   -0.344116  0.0352366 
-0.744195  0.833323   -0.297887  0.0421    
-0.744195  0.833323   -0.297887  0.0337339 
-0.744195  0.833323   -0.297887  0.0527496 
-0.744195  0.833323   -0.297887  0.0142525 
-0.673755  0.767487   -0.361967  0.00942717
-0.67428   0.669015   -0.398139  0.0108847 
-0.773354  0.69915    -0.405017  0.00572486
-0.792264  0.617025   -0.449191  0.00787551
-0.792264  0.617025   -0.449191  0.00848863
-0.864436  0.584504   -0.438189  0.00893661
-0.812963  0.570303   -0.429655  0.00769576
-0.72825   0.593843   -0.425119  0.0102299 
-0.673196  0.683266   -0.38913   0.0115367 
-0.61209   0.718824   -0.336541  0.0142839 
-0.595355  0.781606   -0.321251  0.0224818 
-0.595355  0.781606   -0.321251  0.0142675 
-0.505383  0.768329   -0.287537  0.0175742 
-0.505383  0.768329   -0.287537  0.016133  
-0.505383  0.768329   -0.287537  0.0158679 
-0.462701  0.724951   -0.229862  0.0146883 
-0.500577  0.648862   -0.224582  0.0133404 
-0.54096   0.70107    -0.299602  0.014776  
-0.54096   0.70107    -0.299602  0.0119384 
-0.573252  0.651041   -0.312749  0.00818919
-0.662442  0.612031   -0.38039   0.00938566
-0.622003  0.646067   -0.34456   0.0116721 
-0.649639  0.722206   -0.375776  0.00953906
-0.656836  0.699357   -0.383235  0.0177638 
-0.678355  0.770783   -0.361356  0.0120608 
-0.678349  0.755673   -0.364677  0.024866  
-0.678349  0.755673   -0.364677  0.0156425 
-0.682926  0.795878   -0.362111  0.023532  
-0.697784  0.860146   -0.260496  0.019987  
-0.619916  0.781845   -0.294133  0.0134229 
-0.529938  0.707896   -0.2787    0.0113999 
-0.592207  0.638943   -0.336442  0.0103908 
-0.592207  0.638943   -0.336442  0.0131082 
-0.645852  0.732839   -0.339331  0.0244831 
-0.681562  0.820768   -0.31377   0.030066  
-0.700079  0.856657   -0.266153  0.0413845 
-0.634907  0.878087   -0.260399  0.0148527 
-0.569172  0.787459   -0.30224   0.0155003 
-0.613137  0.833477   -0.317867  0.0169193 
-0.574064  0.806868   -0.292     0.0187951 
-0.514102  0.878159   -0.308015  0.0144377 
-0.514102  0.878159   -0.308015  0.0156224 
-0.514102  0.878159   -0.308015  0.0179717 
-0.514102  0.878159   -0.308015  0.0225236 
-0.612716  0.829664   -0.28737   0.0203705 
-0.590801  0.887411   -0.2567    0.0414356 
-0.590801  0.887411   -0.2567    0.024959  
-0.602839  0.883885   -0.282897  0.0241747 
-0.556065  0.929912   -0.261645  0.018909  
-0.647303  0.834941   -0.31164   0.0323737 
-0.694587  0.834454   -0.283282  0.0344179 
-0.694587  0.834454   -0.283282  0.0178501 
-0.725133  0.760447   -0.349431  0.0134449 
-0.674296  0.72118    -0.363669  0.0112569 
-0.73141   0.766614   -0.390817  0.0318645 
-0.82392   0.835951   -0.213531  0.0442117 
-0.828211  0.831769   -0.189808  0.0266308 
-0.902985  0.7368     -0.316439  0.0248032 
-0.902985  0.7368     -0.316439  0.021909  
-0.942618  0.675092   -0.323394  0.00864034
-0.845158  0.630262   -0.428832  0.0116025 
-0.845158  0.630262   -0.428832  0.0123323 
-0.87232   0.544148   -0.373958  0.00661777
-0.777019  0.641135   -0.441963  0.00868128
-0.777019  0.641135   -0.441963  0.0105979 
-0.777019  0.641135   -0.441963  0.0124545 
-0.787363  0.702872   -0.408733  0.00743524
-0.713416  0.656733   -0.4141    0.0104898 
-0.615655  0.700279   -0.348162  0.0129228 
-0.694947  0.70433    -0.37684   0.0166968 
-0.704204  0.710102   -0.380546  0.014849  
-0.7455    0.74376    -0.357899  0.0152522 
-0.737634  0.755785   -0.370038  0.0180857 
-0.704912  0.750839   -0.373624  0.0302098 
-0.704912  0.750839   -0.373624  0.0139981 
-0.686707  0.705207   -0.361583  0.00748635
-0.677795  0.64563    -0.403916  0.0121689 
-0.584434  0.734303   -0.32983   0.0130404 
-0.539867  0.645006   -0.265196  0.00894797
-0.638467  0.643166   -0.361577  0.00986772
-0.63318   0.640557   -0.364178  0.010405  
-0.63318   0.640557   -0.364178  0.0112514 
-0.590585  0.676691   -0.338502  0.0123845 
-0.606727  0.727427   -0.313786  0.0133321 
-0.664932  0.786198   -0.364479  0.0250718 
-0.664932  0.786198   -0.364479  0.0116964 
-0.599619  0.714159   -0.342915  0.014063  
-0.509643  0.654663   -0.23324   0.0156528 
-0.458569  0.679746   -0.157137  0.0161895 
-0.378701  0.750259   -0.172233  0.0157761 
-0.430756  0.741654   -0.20906   0.0161805 
-0.362493  0.782536   -0.194802  0.0174393 
-0.362232  0.727894   -0.141252  0.015658  
-0.416267  0.808941   -0.219277  0.0282238 
-0.336274  0.864639   -0.188798  0.050767  
-0.376278  0.962336   -0.235251  0.0365642 
-0.376278  0.962336   -0.235251  0.0407635 
-0.406945  1.00637    -0.209087  0.0429936 
-0.389626  1.07809    -0.154538  0.0292626 
-0.438117  1.02278    -0.23436   0.0805727 
-0.438117  1.02278    -0.23436   0.0393905 
-0.477544  1.10544    -0.159641  0.0581202 
-0.477544  1.10544    -0.159641  0.0422131 
-0.461874  1.05819    -0.149138  0.0243539 
-0.489069  0.983992   -0.272487  0.0272919 
-0.489069  0.983992   -0.272487  0.0221529 
-0.489069  0.983992   -0.272487  0.0338273 
-0.489069  0.983992   -0.272487  0.0222742 
-0.446618  1.01976    -0.290427  0.0340408 
-0.370685  1.04809    -0.182117  0.0431608 
-0.387403  1.05736    -0.158881  0.0450377 
-0.453701  1.03199    -0.218189  0.0490469 
-0.523194  1.04763    -0.125794  0.0665329 
-0.474161  1.14273    0.0347338  0.0363251 
-0.464592  1.06042    -0.188949  0.0458728 
-0.464592  1.06042    -0.188949  0.0417076 
-0.411975  1.0223     -0.183154  0.0368302 
-0.49534   0.947364   -0.204714  0.0422727 
-0.513162  0.96168    -0.1625    0.0493087 
-0.512106  1.02968    -0.117565  0.0502769 
-0.512106  1.02968    -0.117565  0.0459027 
-0.550356  0.973226   -0.160517  0.0321734 
-0.472756  0.942859   -0.208292  0.0450221 
-0.440959  1.01699    -0.157181  0.0671025 
-0.440959  1.01699    -0.157181  0.0256449 
-0.419669  0.965536   -0.250354  0.0166307 
-0.376261  0.908801   -0.244041  0.019162  
-0.278209  0.90927    -0.205573  0.0165686 
-0.323708  0.883791   -0.24571   0.0210897 
-0.329728  0.928459   -0.214788  0.0203898 
-0.338184  0.930408   -0.273623  0.0165344 
-0.350417  0.937371   -0.328123  0.0264147 
-0.319285  0.950028   -0.255716  0.0228325 
-0.300861  0.913729   -0.244136  0.0176708 
-0.300861  0.913729   -0.244136  0.0163841 
-0.318568  0.814535   -0.209731  0.0159699 
-0.286629  0.830508   -0.188174  0.0171897 
-0.261278  0.830042   -0.160753  0.0150767 
-0.304361  0.855938   -0.230188  0.015613  
-0.332802  0.866697   -0.262789  0.0166766 
-0.308471  0.814353   -0.161024  0.0168805 
-0.33941   0.902323   -0.256655  0.0171282 
-0.307334  0.949733   -0.279652  0.0274608 
-0.371717  0.985591   -0.192843  0.0175669 
-0.349442  1.03072    -0.2743    0.0274985 
-0.441399  1.04546    -0.224013  0.0216784 
-0.472228  0.953796   -0.261179  0.0234601 
-0.505442  0.9361     -0.251116  0.0223267 
-0.505442  0.9361     -0.251116  0.0223999 
-0.471308  0.967847   -0.24301   0.0273954 
-0.410839  0.992915   -0.230136  0.0430759 
-0.505465  1.06741    -0.12749   0.0867073 
-0.505465  1.06741    -0.12749   0.0583822 
-0.430545  1.1589     0.0421865  0.0540661 
-0.478647  1.18321    0.0513866  0.0602912 
-0.538017  1.17524    0.0406359  0.0553388 
-0.580426  1.07727    -0.00349864 0.0791868 
-0.580426  1.07727    -0.00349864 0.142036  
-0.580426  1.07727    -0.00349864 0.0479947 
-0.677445  1.01326    -0.128522  0.0485176 
-0.727662  0.968408   -0.0757832 0.0603324 
-0.727662  0.968408   -0.0757832 0.066805  
-0.727662  0.968408   -0.0757832 0.0356828 
-0.786519  0.868595   -0.20799   0.0228367 
-0.724175  0.844744   -0.297601  0.0273338 
-0.685407  0.913422   -0.224674  0.0380525 
-0.73373   0.874194   -0.184397  0.0417225 
-0.73373   0.874194   -0.184397  0.0180014 
-0.680591  0.832518   -0.346223  0.0157558 
-0.599778  0.861677   -0.330728  0.0327098 
-0.599778  0.861677   -0.330728  0.0183276 
-0.679338  0.838182   -0.332656  0.0166893 
-0.743732  0.762206   -0.358657  0.0362905 
-0.743732  0.762206   -0.358657  0.0137757 
-0.662437  0.770926   -0.33905   0.0258285 
-0.709016  0.859317   -0.283111  0.0341854 
-0.729699  0.923647   -0.219097  0.0775269 
-0.699285  0.975247   0.0349915  0.0592576 
-0.768946  0.894054   -0.113387  0.0404677 
-0.7072    0.969287   -0.125722  0.0278732 
-0.61863   0.908132   -0.256142  0.0519902 
-0.61863   0.908132   -0.256142  0.0491719 
-0.61863   0.908132   -0.256142  0.0353171 
-0.67947   0.996131   -0.188554  0.0337428 
-0.67807   0.906748   -0.202185  0.0135304 
-0.60597   0.807515   -0.331081  0.0121006 
-0.60597   0.807515   -0.331081  0.0220921 
-0.60597   0.807515   -0.331081  0.0163426 
-0.55775   0.827936   -0.317792  0.0140561 
-0.608497  0.787249   -0.339548  0.0105912 
-0.688097  0.721987   -0.384365  0.0107037 
-0.688097  0.721987   -0.384365  0.0113574 
-0.786612  0.710844   -0.40398   0.00567957
-0.825706  0.632943   -0.456038  0.0114321 
-0.906222  0.635396   -0.407081  0.0197528 
-0.906222  0.635396   -0.407081  0.0118219 
-0.95417   0.591045   -0.339818  0.0105004 
-0.928926  0.608411   -0.370535  0.00996461
-0.878346  0.635689   -0.423277  0.0133451 
-0.814996  0.684597   -0.42762   0.0055238 
-0.790243  0.620502   -0.44311   0.00801139
-0.804035  0.612578   -0.444147  0.0168376 
-0.867035  0.671705   -0.385465  0.0332605 
-0.867035  0.671705   -0.385465  0.00742946
-0.8675    0.608946   -0.437715  0.0125388 
-0.826517  0.669077   -0.431886  0.0183232 
-0.826517  0.669077   -0.431886  0.0101641 
-0.838079  0.571066   -0.404197  0.00770668
-0.754767  0.585878   -0.452796  0.0084071 
-0.754767  0.585878   -0.452796  0.0158612 
-0.754767  0.585878   -0.452796  0.00692961
-0.803412  0.601447   -0.450718  0.0107961 
-0.803412  0.601447   -0.450718  0.00840448
-0.803412  0.601447   -0.450718  0.0105438 
-0.803412  0.601447   -0.450718  0.00750929
-0.803412  0.601447   -0.450718  0.00884438
-0.703581  0.663862   -0.400733  0.00616474
-0.77989   0.609207   -0.441838  0.00891395
-0.77989   0.609207   -0.441838  0.0129549 
-0.839258  0.652264   -0.417717  0.0110605 
-0.920759  0.617354   -0.392789  0.0105653 
-0.926393  0.631797   -0.386799  0.0303466 
-0.926393  0.631797   -0.386799  0.0187449 
-0.926393  0.631797   -0.386799  0.0121939 
-0.975483  0.602843   -0.315501  0.0207747 
-0.975483  0.602843   -0.315501  0.0245039 
-0.975655  0.697801   -0.266638  0.0179308 
-0.969564  0.626755   -0.302608  0.0098928 
-0.934717  0.576842   -0.364923  0.0110925 
-0.94481   0.579662   -0.346623  0.0100576 
-0.896147  0.587319   -0.38298   0.0099756 
-0.830795  0.609212   -0.44292   0.015703  
-0.903224  0.634629   -0.371635  0.0170083 
-0.899833  0.65378    -0.389574  0.0137944 
-0.954156  0.603878   -0.342956  0.0175286 
-0.954156  0.603878   -0.342956  0.0115482 
-0.8719    0.55112    -0.404113  0.00721249
-0.832339  0.600749   -0.444225  0.00980973
-0.832339  0.600749   -0.444225  0.0125497 
-0.832339  0.600749   -0.444225  0.0142306 
-0.832339  0.600749   -0.444225  0.0156318 
-0.832339  0.600749   -0.444225  0.0110847 
-0.812116  0.675753   -0.426764  0.0141776 
-0.812116  0.675753   -0.426764  0.0166474 
-0.866494  0.633041   -0.417396  0.0129381 
-0.866494  0.633041   -0.417396  0.0160467 
-0.829947  0.709998   -0.394445  0.0186482 
-0.829947  0.709998   -0.394445  0.00814996
-0.822647  0.664769   -0.447372  0.01913   
-0.822647  0.664769   -0.447372  0.00975574
-0.730924  0.690064   -0.419973  0.0128519 
-0.743843  0.745125   -0.374856  0.0101818 
-0.71815   0.680922   -0.414496  0.00852671
-0.71815   0.680922   -0.414496  0.00846105
-0.647464  0.645255   -0.366955  0.00952833
-0.683195  0.682368   -0.388931  0.0152282 
-0.774424  0.701447   -0.406777  0.0192594 
-0.710324  0.742073   -0.345718  0.0185369 
-0.610826  0.834394   -0.292197  0.0264899 
-0.666957  0.93036    -0.208983  0.0414586 
-0.627911  0.956739   -0.157171  0.0324519 
-0.723845  0.902777   -0.194258  0.0426309 
-0.723845  0.902777   -0.194258  0.0577134 
-0.729974  0.811336   -0.270952  0.0142652 
-0.780998  0.746498   -0.410881  0.0321026 
-0.780998  0.746498   -0.410881  0.0267563 
-0.778935  0.815062   -0.310264  0.0534534 
-0.778935  0.815062   -0.310264  0.039588  
-0.768289  0.856297   -0.21542   0.0368197 
-0.816626  0.876387   -0.166705  0.0440551 
-0.816626  0.876387   -0.166705  0.0226005 
-0.720298  0.854415   -0.297882  0.0466332 
-0.720298  0.854415   -0.297882  0.0266855 
-0.720298  0.854415   -0.297882  0.045404  
-0.720298  0.854415   -0.297882  0.0591989 
-0.720298  0.854415   -0.297882  0.0206938 
-0.68903   0.801046   -0.345874  0.014942  
-0.627601  0.708841   -0.33628   0.015343  
-0.671123  0.760495   -0.350599  0.0240158 
-0.601498  0.833751   -0.301463  0.02483   
-0.579462  0.893075   -0.252659  0.0183685 
-0.519377  0.861311   -0.293509  0.01438   
-0.585132  0.807381   -0.32109   0.0145783 
-0.545811  0.749074   -0.289805  0.00980802
-0.617635  0.669721   -0.336072  0.0129765 
-0.532138  0.717037   -0.262725  0.0145859 
-0.48565   0.769497   -0.247668  0.0129573 
-0.535406  0.742112   -0.293161  0.0247258 
-0.540679  0.822276   -0.280527  0.0281486 
-0.540679  0.822276   -0.280527  0.0171059 
-0.4813    0.775469   -0.245528  0.0165901 
-0.4813    0.775469   -0.245528  0.0150261 
-0.420113  0.798278   -0.227956  0.0155001 
-0.369423  0.828607   -0.25291   0.0163581 
-0.372556  0.7522     -0.151016  0.020686  
-0.372556  0.7522     -0.151016  0.0159538 
-0.333286  0.846764   -0.249336  0.0254369 
-0.309857  0.943396   -0.253774  0.019321  
-0.290892  0.990431   -0.219294  0.0173797 
-0.273376  0.944445   -0.281362  0.0212379 
-0.273376  0.944445   -0.281362  0.0163135 
-0.185524  0.902693   -0.211483  0.0306832 
-0.255464  0.952343   -0.22814   0.0197643 
-0.175663  0.989305   -0.254437  0.0291345 
-0.190844  1.05726    -0.22266   0.0178127 
-0.104034  1.0002     -0.282077  0.0170116 
-0.15053   0.933578   -0.240652  0.0225974 
-0.143944  1.03154    -0.277672  0.0300072 
-0.207643  0.981715   -0.252379  0.0180098 
-0.195019  0.923864   -0.25014   0.0167619 
-0.152865  0.935138   -0.252225  0.0190882 
-0.179292  1.0013     -0.265651  0.0253771 
-0.179292  1.0013     -0.265651  0.017617  
-0.21227   0.916168   -0.218772  0.0161226 
-0.138307  0.937816   -0.241547  0.0163962 
-0.125558  0.862261   -0.203957  0.0183124 
-0.12148   0.887899   -0.199522  0.0172147 
-0.0568083 0.933994   -0.242849  0.0163125 
-0.136225  0.973641   -0.240219  0.015926  
-0.226649  0.953705   -0.276422  0.0197356 
-0.257534  0.994493   -0.227811  0.0352748 
-0.257534  0.994493   -0.227811  0.0228837 
-0.174691  1.01509    -0.274265  0.0291139 
-0.187133  0.993489   -0.217463  0.0259515 
-0.187133  0.993489   -0.217463  0.0205522 
-0.208757  1.00885    -0.248908  0.0421685 
-0.208757  1.00885    -0.248908  0.0169376 
-0.291192  0.947361   -0.295309  0.0253091 
-0.280987  1.0426     -0.243773  0.0223169 
-0.370306  1.00422    -0.266667  0.0240321 
-0.370306  1.00422    -0.266667  0.0293748 
-0.397794  0.974825   -0.204596  0.0213858 
-0.354698  1.01546    -0.262793  0.0197656 
-0.268204  0.975817   -0.241261  0.0157699 
-0.212562  0.886299   -0.229857  0.0168928 
-0.143371  0.839933   -0.177395  0.0171608 
-0.0859467 0.86224    -0.182544  0.0166732 
-0.17788   0.889678   -0.223704  0.0228093 
-0.23505   0.981554   -0.235639  0.0200224 
-0.26449   0.948954   -0.246483  0.017371  
-0.166669  1.01259    -0.284774  0.0338675 
-0.217307  0.996366   -0.228143  0.0175939 
-0.242868  0.964324   -0.28472   0.0399305 
-0.325791  1.05555    -0.191854  0.047236  
-0.305407  1.11503    -0.110233  0.02801   
-0.20882   1.06836    -0.24011   0.0201773 
-0.21253   0.970528   -0.255048  0.0153359 
-0.163008  0.919791   -0.22392   0.0165393 
-0.175899  0.900577   -0.230102  0.0174871 
-0.175899  0.900577   -0.230102  0.0190655 
-0.0819875 0.810968   -0.137571  0.0172377 
0.0121903  0.903015   -0.230858  0.0170882 
0.0690435  0.840729   -0.169601  0.0169361 
0.0546162  0.89171    -0.191592  0.018     
0.154033   0.98296    -0.278435  0.0336943 
0.0555182  1.07378    -0.234354  0.0293995 
0.0594102  1.06604    -0.23034   0.016321  
0.116286   0.996953   -0.262889  0.0212751 
0.0704231  0.967619   -0.227358  0.0151386 
0.110357   0.932419   -0.258376  0.0216257 
0.086047   1.01605    -0.250538  0.0242356 
0.165073   1.06059    -0.238928  0.0225533 
0.0919937  1.10094    -0.273441  0.0379655 
0.0919937  1.10094    -0.273441  0.0567816 
0.0919937  1.10094    -0.273441  0.0463451 
0.0679176  1.14053    -0.137506  0.0384871 
0.000782672 1.20026    -0.172544  0.0602343 
0.000782672 1.20026    -0.172544  0.0664026 
0.000782672 1.20026    -0.172544  0.0612363 
0.000782672 1.20026    -0.172544  0.0687058 
0.000782672 1.20026    -0.172544  0.0634396 
0.000782672 1.20026    -0.172544  0.0505759 
0.000782672 1.20026    -0.172544  0.022971  
0.0725064  1.13436    -0.249469  0.0530888 
0.0725064  1.13436    -0.249469  0.0393416 
0.0725064  1.13436    -0.249469  0.0303112 
0.153173   1.12778    -0.185386  0.0349229 
0.153173   1.12778    -0.185386  0.0346259 
0.234755   1.06012    -0.205651  0.0293838 
0.264989   0.985429   -0.248147  0.0171032 
0.184562   1.00822    -0.275928  0.0246535 
0.129224   0.931274   -0.203041  0.0180764 
0.22843    0.967449   -0.24743   0.0250784 
0.174496   1.03958    -0.25711   0.0355748 
0.238051   1.11012    -0.173951  0.0277504 
0.175751   1.1124     -0.174799  0.0334087 
0.233873   1.11129    -0.192471  0.0387336 
0.311552   1.18775    -0.0866922 0.0726034 
0.311552   1.18775    -0.0866922 0.0582385 
0.345746   1.13802    -0.0533653 0.0325692 
0.328378   1.05224    -0.160316  0.0316331 
0.425808   0.999376   -0.23487   0.0185043 
0.360499   0.904607   -0.259299  0.016733  
0.31304    0.907453   -0.244292  0.0171472 
0.272191   0.980225   -0.29775   0.0254775 
0.272191   0.980225   -0.29775   0.0148882 
0.260298   0.8913     -0.232584  0.0263917 
0.34848    0.954444   -0.2698    0.0320013 
0.34848    0.954444   -0.2698    0.0265801 
0.318931   1.04007    -0.245579  0.0224227 
0.314571   1.01295    -0.240318  0.0457646 
0.310202   1.03014    -0.180864  0.0402767 
0.234303   1.08112    -0.209883  0.0214534 
0.173906   1.03872    -0.26109   0.0182457 
0.239359   0.955902   -0.276045  0.0251626 
0.314033   0.985587   -0.239075  0.0176807 
0.254578   0.936441   -0.266126  0.0277205 
0.219684   1.01564    -0.284619  0.0186113 
0.219684   1.01564    -0.284619  0.0609365 
0.219684   1.01564    -0.284619  0.0159429 
0.234179   0.942251   -0.28323   0.0228392 
0.158843   0.998149   -0.252588  0.0163965 
0.0814167  0.952442   -0.238227  0.0207716 
0.0416738  1.03288    -0.263905  0.0393405 
0.0416738  1.03288    -0.263905  0.0389973 
0.0416738  1.03288    -0.263905  0.0262704 
0.0416738  1.03288    -0.263905  0.0345952 
0.0416738  1.03288    -0.263905  0.0151232 
-0.00781485 0.944596   -0.231274  0.0169721 
-0.0137546 0.85807    -0.184791  0.0174361 
-0.0502014 0.852026   -0.205119  0.0159817 
-0.054965  0.895384   -0.199609  0.0217525 
-0.144401  0.928977   -0.233372  0.0174227 
-0.235496  0.833079   -0.156061  0.0168288 
-0.139181  0.833397   -0.11259   0.0165802 
-0.107696  0.881026   -0.225541  0.0166315 
-0.104723  0.881714   -0.21752   0.0213289 
-0.104723  0.881714   -0.21752   0.0168354 
-0.115157  0.896175   -0.216711  0.018774  
-0.0908468 0.91518    -0.221539  0.0158873 
0.00655811 0.900877   -0.246054  0.0173309 
0.09313    0.837279   -0.18676   0.0200103 
0.09313    0.837279   -0.18676   0.0194989 
0.09313    0.837279   -0.18676   0.019547  
0.09313    0.837279   -0.18676   0.0197221 
0.154471   0.778787   -0.13646   0.0225245 
0.154471   0.778787   -0.13646   0.0183075 
0.236963   0.788946   -0.14403   0.0188928 
0.172016   0.771535   -0.0997218 0.0180471 
0.19179    0.799219   -0.11857   0.0194938 
0.19179    0.799219   -0.11857   0.0151952 
0.251256   0.846922   -0.187623  0.0168114 
0.224296   0.85527    -0.211467  0.015551  
0.205874   0.916919   -0.252288  0.0166129 
0.189278   0.896575   -0.180314  0.0156407 
0.128803   0.870931   -0.210211  0.0190237 
0.110632   0.804567   -0.137144  0.0162946 
0.150633   0.888011   -0.248985  0.0175038 
0.15229    0.830821   -0.187911  0.0182943 
0.15229    0.830821   -0.187911  0.0197763 
0.115683   0.774724   -0.0799688 0.0206076 
0.175214   0.731258   -0.0190032 0.0215094 
0.267156   0.677945   -0.0110506 0.0230876 
0.267156   0.677945   -0.0110506 0.0193948 
0.34442    0.642551   -0.00315341 0.023336  
0.34442    0.642551   -0.00315341 0.0205548 
0.291503   0.693852   -0.0537158 0.0249753 
0.291503   0.693852   -0.0537158 0.0195028 
0.284433   0.703968   -0.0230713 0.0202775 
0.219929   0.738534   -0.0888138 0.0174066 
0.159104   0.807077   -0.131085  0.0173629 
0.230307   0.819525   -0.174273  0.0166929 
0.230384   0.87035    -0.219147  0.0161067 
0.327506   0.827342   -0.243838  0.0169793 
0.327506   0.827342   -0.243838  0.0205053 
0.391273   0.894239   -0.246773  0.0326713 
0.316051   0.963581   -0.184678  0.0310138 
0.367805   1.01182    -0.212687  0.0260274 
0.361225   1.02565    -0.203965  0.0252309 
0.446001   0.991517   -0.270917  0.0265984 
0.52829    0.906063   -0.260364  0.0273609 
0.617111   0.997802   -0.215081  0.0639586 
0.617111   0.997802   -0.215081  0.0642114 
0.617111   0.997802   -0.215081  0.0255968 
0.614427   0.910979   -0.274055  0.0345014 
0.614427   0.910979   -0.274055  0.0147076 
0.574547   0.828328   -0.312413  0.0191239 
0.574547   0.828328   -0.312413  0.0160496 
0.574547   0.828328   -0.312413  0.014828  
0.569935   0.76666    -0.298883  0.0153119 
0.569935   0.76666    -0.298883  0.017845  
0.582812   0.847525   -0.302408  0.0386972 
0.54405    0.928625   -0.229728  0.0300537 
0.552913   0.922613   -0.211695  0.0278058 
0.540727   0.906781   -0.224549  0.0348132 
0.596241   0.99691    -0.1653    0.0559463 
0.596241   0.99691    -0.1653    0.033206  
0.64237    0.909929   -0.177021  0.0419698 
0.70276    0.891534   -0.159491  0.0269819 
0.67628    0.877384   -0.264714  0.0270836 
0.716192   0.889863   -0.256811  0.0315441 
0.633743   0.953411   -0.238176  0.0318484 
0.566515   0.948      -0.239469  0.035203  
0.566515   0.948      -0.239469  0.0209348 
0.630887   0.892421   -0.302253  0.0287174 
0.630887   0.892421   -0.302253  0.0258089 
0.630887   0.892421   -0.302253  0.0527902 
0.630887   0.892421   -0.302253  0.0579157 
0.630887   0.892421   -0.302253  0.0244314 
0.726288   0.817811   -0.314832  0.0215682 
0.788638   0.784041   -0.331911  0.0445055 
0.788638   0.784041   -0.331911  0.0322733 
0.788638   0.784041   -0.331911  0.0326969 
0.832243   0.820767   -0.232377  0.0226998 
0.816236   0.741616   -0.341881  0.0254393 
0.816236   0.741616   -0.341881  0.0126629 
0.754177   0.697902   -0.396659  0.00649278
0.739341   0.64954    -0.432754  0.00630841
0.742652   0.63841    -0.434069  0.0116663 
0.742652   0.63841    -0.434069  0.00872737
0.675897   0.590713   -0.386001  0.0102431 
0.642828   0.592107   -0.349592  0.0106842 
0.60456    0.579027   -0.298155  0.0117172 
0.648991   0.554616   -0.355392  0.00841862
0.747272   0.574697   -0.416818  0.0151585 
0.733914   0.521836   -0.361595  0.00699081
0.788927   0.592008   -0.444595  0.0110412 
0.84778    0.552499   -0.387692  0.0135932 
0.84778    0.552499   -0.387692  0.0288362 
0.827352   0.463598   -0.179163  0.052029  
0.827352   0.463598   -0.179163  0.0128521 
0.86723    0.539797   -0.362611  0.0100533 
0.861646   0.558765   -0.385826  0.00706631
0.821358   0.616195   -0.434635  0.0137001 
0.821358   0.616195   -0.434635  0.00656262
0.757606   0.622375   -0.453328  0.00945259
0.79241    0.563468   -0.401468  0.0200871 
0.79241    0.563468   -0.401468  0.0251211 
0.79241    0.563468   -0.401468  0.0105349 
0.795517   0.553126   -0.390323  0.0202483 
0.795517   0.553126   -0.390323  0.0102973 
0.820042   0.559599   -0.428078  0.0265618 
0.820042   0.559599   -0.428078  0.0153498 
0.820042   0.559599   -0.428078  0.0212359 
0.820042   0.559599   -0.428078  0.00795782
0.720338   0.587846   -0.413729  0.00903459
0.643577   0.598976   -0.346737  0.011245  
0.601076   0.652937   -0.320899  0.012753  
0.601076   0.652937   -0.320899  0.00767673
0.680538   0.615312   -0.403156  0.0081797 
0.675587   0.599545   -0.393537  0.00943831
0.664328   0.568047   -0.372906  0.013592  
0.664328   0.568047   -0.372906  0.00946973
0.656855   0.579014   -0.370223  0.0115668 
0.571076   0.647779   -0.283159  0.0157927 
0.482022   0.667764   -0.217366  0.0169697 
0.482022   0.667764   -0.217366  0.0176358 
0.402306   0.679511   -0.086622  0.0154564 
0.482657   0.602651   -0.151778  0.0191049 
0.482657   0.602651   -0.151778  0.0151811 
0.51028    0.554665   -0.143514  0.0159931 
0.48751    0.578942   -0.141797  0.0125618 
0.542162   0.61216    -0.22263   0.0115973 
0.57962    0.639844   -0.307045  0.0123108 
0.66913    0.718836   -0.363995  0.0120053 
0.738475   0.712116   -0.40054   0.0197105 
0.758112   0.694554   -0.386878  0.0118316 
0.789192   0.681817   -0.417844  0.00939358
0.732563   0.668033   -0.404781  0.0134569 
0.722668   0.695508   -0.393773  0.0160874 
0.644319   0.769876   -0.3405    0.00923373
0.70197    0.671472   -0.414464  0.00692265
0.704269   0.609617   -0.402593  0.0122154 
0.715872   0.70815    -0.38956   0.00858724
0.652528   0.633517   -0.36965   0.0126767 
0.586377   0.714001   -0.344543  0.0143644 
0.586377   0.714001   -0.344543  0.0104703 
0.642744   0.712443   -0.357476  0.0244924 
0.642744   0.712443   -0.357476  0.00788877
0.695775   0.664705   -0.412816  0.0114041 
0.66742    0.733234   -0.380504  0.0128136 
0.751969   0.726077   -0.391798  0.0247242 
0.757001   0.730104   -0.349584  0.022035  
0.720314   0.782535   -0.338355  0.0259572 
0.720314   0.782535   -0.338355  0.0151996 
0.787071   0.697159   -0.40233   0.0156771 
0.718159   0.701173   -0.387407  0.0089487 
0.718159   0.701173   -0.387407  0.0249992 
0.718159   0.701173   -0.387407  0.0167367 
0.700258   0.742876   -0.349626  0.0179809 
0.61306    0.701499   -0.345838  0.00871478
0.643068   0.654982   -0.36479   0.0125192 
0.560658   0.67449    -0.285596  0.0166731 
0.560658   0.67449    -0.285596  0.0127155 
0.553198   0.592816   -0.253056  0.0124423 
0.580258   0.561457   -0.268705  0.0123396 
0.643728   0.544134   -0.329646  0.0179209 
0.643728   0.544134   -0.329646  0.0121623 
0.567483   0.62858    -0.286064  0.0135127 
0.552169   0.696849   -0.280486  0.0141189 
0.542771   0.786104   -0.293953  0.0145173 
0.505986   0.720497   -0.272058  0.0144321 
0.505986   0.720497   -0.272058  0.0155702 
0.468291   0.680819   -0.184785  0.0165505 
0.459467   0.622687   -0.12624   0.0160033 
0.510409   0.534591   -0.153293  0.0142376 
0.5151     0.599418   -0.191292  0.0119564 
0.578833   0.584488   -0.284803  0.00781745
0.677964   0.605495   -0.386364  0.0126076 
0.719108   0.534964   -0.332376  0.0113522 
0.780666   0.548972   -0.388546  0.0113921 
0.783594   0.551009   -0.410045  0.00866893
0.853585   0.619938   -0.43242   0.0126631 
0.853585   0.619938   -0.43242   0.00732035
0.81749    0.597966   -0.4404    0.00640248
0.753736   0.607311   -0.44043   0.012215  
0.706976   0.540081   -0.342909  0.019287  
0.683178   0.49078    -0.295451  0.0176192 
0.760524   0.505875   -0.312791  0.0357101 
0.760524   0.505875   -0.312791  0.0404307 
0.760524   0.505875   -0.312791  0.0202336 
0.760524   0.505875   -0.312791  0.00976506
0.670387   0.564166   -0.368165  0.0104163 
0.597733   0.60676    -0.308103  0.0105295 
0.60512    0.586326   -0.302515  0.0182258 
0.60512    0.586326   -0.302515  0.0134344 
0.60512    0.586326   -0.302515  0.0169639 
0.60512    0.586326   -0.302515  0.0159941 
0.567241   0.513754   -0.259115  0.0144041 
0.537495   0.566614   -0.219121  0.013642  
0.52771    0.592672   -0.208707  0.0152197 
0.52771    0.592672   -0.208707  0.00985303
0.608992   0.598818   -0.309014  0.0104159 
0.67125    0.586008   -0.380116  0.0103036 
