#MU        SIGMA      ENERGY     ERROR     
0.264539   1.15501    -0.13249   0.0324745 
0.353051   1.11931    -0.171547  0.0281082 
0.316159   1.04438    -0.241869  0.021223  
0.243965   0.985845   -0.235456  0.0418665 
0.322114   1.06522    -0.220132  0.0444425 
0.304164   1.08864    -0.175713  0.0425238 
0.308381   1.12646    -0.118785  0.036899  
0.265403   1.05654    -0.169877  0.0182216 
0.199191   0.987794   -0.27258   0.0239514 
0.167867   1.05354    -0.215482  0.0362322 
0.134693   1.13003    -0.158471  0.0245364 
0.212798   1.03436    -0.249961  0.0321703 
0.243254   1.02198    -0.251307  0.0206404 
0.197448   1.00317    -0.242947  0.0328795 
0.116891   1.05265    -0.229225  0.0288631 
0.0684176  1.15205    -0.206193  0.0465334 
0.0684176  1.15205    -0.206193  0.0181433 
0.0411507  1.07104    -0.287639  0.0193549 
0.0411507  1.07104    -0.287639  0.027256  
0.0680124  1.0461     -0.255923  0.0176585 
0.0561664  0.98381    -0.260968  0.018933  
-0.00255828 1.04984    -0.269525  0.0200155 
-0.0378787 0.964728   -0.221578  0.0224031 
-0.0772677 1.01311    -0.251024  0.0205673 
-0.149477  0.934909   -0.209192  0.0212639 
-0.125176  0.982046   -0.226695  0.0155715 
-0.0653828 0.917726   -0.262259  0.0162715 
0.00155005 0.977122   -0.2549    0.0154963 
-0.00286942 0.921232   -0.250517  0.017121  
-0.00522472 0.948692   -0.234659  0.0141624 
-0.0837941 0.965669   -0.276061  0.0261347 
-0.0572862 0.993963   -0.209599  0.0194903 
0.0149542  0.998546   -0.248672  0.0254632 
-0.00492095 1.06599    -0.228174  0.0319677 
0.0499736  0.978344   -0.235367  0.019538  
-0.00910206 1.01415    -0.242916  0.0269445 
0.00370579 1.01138    -0.230661  0.0224921 
-0.0864601 0.969255   -0.2169    0.0172582 
-0.154631  0.998344   -0.281954  0.0385009 
-0.197343  1.08485    -0.155755  0.0765893 
-0.255345  1.16247    -0.0215837 0.0341954 
-0.288414  1.06588    -0.192844  0.0367538 
-0.225867  1.10305    -0.142436  0.0687434 
-0.184663  1.16707    -0.0622806 0.100219  
-0.128194  1.23652    0.0284371  0.0471948 
-0.22249   1.21523    -0.0910147 0.100411  
-0.296587  1.26267    0.228402   0.104585  
-0.296587  1.26267    0.228402   0.0831685 
-0.31566   1.17464    0.0546049  0.0567029 
-0.409874  1.1719     0.0190286  0.092401  
-0.366673  1.21014    0.140535   0.0523619 
-0.329864  1.20489    -0.0931726 0.0383789 
-0.411061  1.13059    -0.134752  0.033204  
-0.443637  1.07783    -0.150423  0.0419659 
-0.346126  1.09876    -0.173943  0.0270717 
-0.37698   1.05913    -0.246756  0.0342343 
-0.291507  1.10725    -0.19114   0.0387526 
-0.31996   1.20142    -0.141703  0.0548412 
-0.40195   1.14705    -0.0333359 0.0415689 
-0.388314  1.12035    -0.100015  0.0364823 
-0.302502  1.03428    -0.171869  0.0226181 
-0.356416  0.987316   -0.23863   0.032318  
-0.378567  0.951684   -0.229582  0.0185571 
-0.315497  0.867684   -0.222408  0.0170408 
-0.300451  0.87554    -0.207396  0.0150563 
-0.399381  0.787229   -0.20861   0.0182571 
-0.304494  0.761451   -0.163655  0.018416  
-0.346041  0.717111   -0.131375  0.0177391 
-0.363217  0.73136    -0.141251  0.0192115 
-0.34016   0.690094   -0.113024  0.0176143 
-0.367915  0.712633   -0.121947  0.01838   
-0.376823  0.647122   -0.017425  0.0221534 
-0.287106  0.619385   0.143356   0.0264591 
-0.287106  0.619385   0.143356   0.0230222 
-0.287106  0.619385   0.143356   0.0213955 
-0.363218  0.588906   0.0513133  0.0247017 
-0.363218  0.588906   0.0513133  0.0296487 
-0.290337  0.501569   0.362698   0.023311  
-0.360074  0.49875    0.24397    0.0216778 
-0.356572  0.557611   0.108371   0.0271196 
-0.302826  0.459377   0.477066   0.0351085 
-0.375416  0.37101    0.393094   0.0315171 
-0.375416  0.37101    0.393094   0.0408435 
-0.294701  0.324928   0.995561   0.100481  
-0.294701  0.324928   0.995561   0.040737  
-0.339823  0.346448   0.619079   0.0285741 
-0.328935  0.40149    0.506593   0.0347019 
-0.397084  0.365221   0.411027   0.0221842 
-0.437489  0.449811   0.144876   0.0149771 
-0.530746  0.516734   -0.139224  0.0304741 
-0.530746  0.516734   -0.139224  0.0174669 
-0.435355  0.616305   -0.0798299 0.0150027 
-0.448123  0.700662   -0.146027  0.0176769 
-0.352831  0.72002    -0.119407  0.0184162 
-0.368905  0.724737   -0.125686  0.0230378 
-0.466562  0.805778   -0.259299  0.0144558 
-0.475752  0.777671   -0.273707  0.0168371 
-0.479649  0.844158   -0.270528  0.0142706 
-0.476003  0.761519   -0.245261  0.0160607 
-0.41107   0.749998   -0.20207   0.0171233 
-0.330807  0.798313   -0.217184  0.01736   
-0.411664  0.802903   -0.209644  0.0159721 
-0.436169  0.764323   -0.201936  0.0155308 
-0.480589  0.747588   -0.23233   0.0165497 
-0.387336  0.840294   -0.242451  0.0158518 
-0.318569  0.930191   -0.280447  0.0175462 
-0.228764  0.905769   -0.255176  0.0247613 
-0.230902  1.00058    -0.244002  0.0282032 
-0.196666  1.0425     -0.223421  0.0178013 
-0.245977  0.982356   -0.283592  0.027317  
-0.326159  0.995399   -0.234197  0.0238439 
-0.300514  0.996216   -0.201782  0.0290264 
-0.377623  1.0353     -0.268963  0.0183729 
-0.31326   0.994885   -0.25317   0.0165    
-0.334725  0.930444   -0.296009  0.0162167 
-0.385624  0.890809   -0.261707  0.0171642 
-0.320859  0.950078   -0.289657  0.0245792 
-0.397184  0.970206   -0.239447  0.0328057 
-0.375894  1.02768    -0.231603  0.0420605 
-0.293996  1.02301    -0.181055  0.021335  
-0.349481  0.994656   -0.244571  0.0482957 
-0.259117  1.06143    -0.179653  0.0293647 
-0.274708  1.10142    -0.230058  0.0311444 
-0.276383  1.09799    -0.193817  0.0262593 
-0.301511  1.05202    -0.239786  0.0318138 
-0.274212  1.06439    -0.211627  0.0262057 
-0.314081  0.964729   -0.240719  0.046455  
-0.364317  1.00758    -0.165337  0.0392918 
-0.434912  1.02544    -0.115653  0.0586029 
-0.476934  1.11972    -0.0397948 0.0385402 
-0.378593  1.08054    -0.193305  0.0419763 
-0.473157  1.07163    -0.0747468 0.050827  
-0.468573  1.11632    -0.0428102 0.0797826 
-0.407458  1.07216    -0.0150667 0.0220413 
-0.415764  1.05601    -0.292451  0.0215726 
-0.413598  0.957128   -0.235164  0.0148373 
-0.41244   0.877499   -0.270685  0.021553  
-0.439733  0.84058    -0.261944  0.0154767 
-0.408834  0.810425   -0.258823  0.0165075 
-0.325396  0.821296   -0.196439  0.0148458 
-0.291176  0.880447   -0.258643  0.0200966 
-0.309339  0.965411   -0.258196  0.016505  
-0.215529  0.927134   -0.217131  0.0170918 
-0.264357  0.869252   -0.238743  0.0203248 
-0.2968    0.808943   -0.19242   0.023499  
-0.305953  0.855573   -0.193665  0.0159294 
-0.374275  0.770194   -0.153364  0.0166599 
-0.276102  0.864715   -0.193426  0.0147954 
-0.319739  0.834798   -0.224482  0.0174211 
-0.222467  0.932022   -0.243124  0.0176163 
-0.314108  0.873804   -0.198879  0.0159933 
-0.344316  0.800251   -0.194314  0.0169834 
-0.39179   0.725892   -0.208126  0.0194493 
-0.39179   0.725892   -0.208126  0.0187553 
-0.39179   0.725892   -0.208126  0.0197786 
-0.39179   0.725892   -0.208126  0.019301  
-0.490303  0.789498   -0.233819  0.0140789 
-0.492898  0.726409   -0.247672  0.0152773 
-0.490354  0.713135   -0.244169  0.0133852 
-0.553614  0.691371   -0.26739   0.0111852 
-0.647713  0.735231   -0.364014  0.0122406 
-0.595977  0.685739   -0.31866   0.0125275 
-0.593671  0.744323   -0.318443  0.0242926 
-0.593671  0.744323   -0.318443  0.0155714 
-0.634068  0.781718   -0.337696  0.00976368
-0.624185  0.682331   -0.343385  0.0102188 
-0.682063  0.677943   -0.39624   0.0100428 
-0.759637  0.667218   -0.400309  0.0120591 
-0.73973   0.745966   -0.398453  0.011377  
-0.775973  0.694962   -0.408928  0.0244907 
-0.773579  0.763404   -0.307596  0.0192251 
-0.725444  0.80799    -0.312837  0.0321283 
-0.640233  0.848224   -0.267275  0.0544863 
-0.713282  0.942016   -0.112346  0.0334248 
-0.6901    0.9244     -0.218929  0.0397352 
-0.767837  0.962904   -0.146249  0.0440447 
-0.74794   0.894222   -0.194603  0.0250479 
-0.719373  0.895409   -0.243876  0.0523439 
-0.671096  0.872359   -0.191385  0.027204  
-0.650404  0.901225   -0.234049  0.0254617 
-0.645121  0.844856   -0.269923  0.0237321 
-0.672005  0.922983   -0.272811  0.0451551 
-0.621172  0.947584   -0.165536  0.0457898 
-0.527373  1.00548    -0.174482  0.0375696 
-0.604253  1.09573    -0.111214  0.0653296 
-0.60839   1.18178    0.194509   0.113184  
-0.60839   1.18178    0.194509   0.0701881 
-0.553542  1.15082    0.209334   0.0460648 
-0.583637  1.12792    0.0286655  0.0345646 
-0.51601   1.07532    -0.15553   0.027323  
-0.433552  1.04994    -0.212885  0.0300757 
-0.466462  0.958155   -0.234823  0.0425538 
-0.493577  1.03483    -0.15614   0.0446154 
-0.553044  0.998126   -0.171322  0.0475966 
-0.493759  1.05944    -0.109593  0.0301563 
-0.575259  0.971395   -0.186836  0.023179  
-0.482623  0.933585   -0.279352  0.0480799 
-0.482623  0.933585   -0.279352  0.0209857 
-0.512628  0.94066    -0.271826  0.0204282 
-0.439559  0.988666   -0.249161  0.0204761 
-0.382812  0.936761   -0.234012  0.037696  
-0.315486  1.01156    -0.216503  0.0207514 
-0.386429  0.928097   -0.232483  0.0154029 
-0.417097  0.832889   -0.233614  0.0154969 
-0.394521  0.779391   -0.216693  0.0155298 
-0.383197  0.770709   -0.188036  0.0167688 
-0.343178  0.791493   -0.180398  0.0172233 
-0.37055   0.878124   -0.257332  0.0261788 
-0.37055   0.878124   -0.257332  0.0169768 
-0.322187  0.847173   -0.225218  0.0159941 
-0.319038  0.902458   -0.230455  0.0160043 
-0.388147  0.866993   -0.245278  0.0196478 
-0.415624  0.934175   -0.247084  0.0175564 
-0.395844  0.896401   -0.276864  0.0207579 
-0.453697  0.91601    -0.265866  0.0210683 
-0.484248  0.823142   -0.279317  0.0199785 
-0.534808  0.787631   -0.296157  0.0162143 
-0.498367  0.868798   -0.289704  0.0185954 
-0.557362  0.85691    -0.283665  0.0192055 
-0.653106  0.820552   -0.29047   0.0156407 
-0.555541  0.785256   -0.289253  0.0286154 
-0.63881   0.868412   -0.248439  0.0553908 
-0.63881   0.868412   -0.248439  0.0130708 
-0.586253  0.795404   -0.313693  0.017327  
-0.626298  0.845646   -0.306024  0.0261421 
-0.713241  0.838432   -0.275179  0.0161858 
-0.660874  0.755451   -0.36909   0.020158  
-0.60722   0.804513   -0.293047  0.0212144 
-0.531379  0.825567   -0.273254  0.0173433 
-0.590842  0.845311   -0.302245  0.0211222 
-0.519919  0.879401   -0.272744  0.0193219 
-0.479962  0.914323   -0.265678  0.0208214 
-0.50021   0.871032   -0.261884  0.0166556 
-0.491582  0.84644    -0.270596  0.0192278 
-0.537678  0.85161    -0.254858  0.0268155 
-0.537678  0.85161    -0.254858  0.0178469 
-0.449543  0.764135   -0.22449   0.0173738 
-0.401335  0.708478   -0.149536  0.0192093 
-0.401335  0.708478   -0.149536  0.0202906 
-0.318774  0.707631   -0.0808741 0.0184444 
-0.265145  0.733401   -0.0666337 0.0182443 
-0.191759  0.821016   -0.15889   0.0190129 
-0.170074  0.778287   -0.129183  0.0156054 
-0.206607  0.863406   -0.184915  0.0200596 
-0.181202  0.909238   -0.232982  0.0207187 
-0.180554  0.989823   -0.240822  0.031312  
-0.0948115 1.08529    -0.198427  0.0692058 
-0.0567278 1.17295    -0.0287744 0.0444989 
-0.0348063 1.18023    -0.118415  0.0280389 
0.0461293  1.13107    -0.198062  0.03074   
-0.0504317 1.08215    -0.186487  0.0311728 
0.0194862  0.985849   -0.175746  0.0224385 
0.0927333  0.973138   -0.219928  0.0189484 
0.0195346  0.981574   -0.26293   0.0181829 
-0.0590763 0.966966   -0.275418  0.0204496 
-0.121692  1.04008    -0.268778  0.0248781 
-0.081284  1.0506     -0.209832  0.0277948 
-0.168796  1.02083    -0.239175  0.0184158 
-0.141187  0.931763   -0.250707  0.0155689 
-0.0452036 0.983005   -0.278919  0.0183272 
-0.0154692 0.981292   -0.277585  0.0174859 
-0.0154692 0.981292   -0.277585  0.015963  
-0.0154692 0.981292   -0.277585  0.0169006 
0.025726   0.896738   -0.233617  0.0174858 
0.025726   0.896738   -0.233617  0.0161273 
0.124025   0.892975   -0.221042  0.0151972 
0.0307669  0.920027   -0.212132  0.016867  
0.095227   0.896526   -0.241633  0.0151001 
0.103204   0.952846   -0.246499  0.0192826 
0.0418934  0.981725   -0.247706  0.0231696 
0.0564863  1.05188    -0.248123  0.0194557 
0.0795207  1.07388    -0.236608  0.0242194 
0.14773    1.01166    -0.245854  0.0188633 
0.131584   1.05144    -0.253646  0.0517561 
0.212391   1.15124    -0.105034  0.0619665 
0.299019   1.07889    -0.084319  0.0441927 
0.256213   1.14825    -0.146866  0.0406082 
0.180393   1.05648    -0.194763  0.0232496 
0.250444   1.05435    -0.232651  0.0651869 
0.264929   1.13495    -0.040235  0.0415543 
0.254048   1.15348    -0.17444   0.0463455 
0.195892   1.21109    -0.0868272 0.0302976 
0.177482   1.13702    -0.211768  0.0277396 
0.249336   1.09646    -0.194759  0.053702  
0.155316   1.07881    -0.192612  0.0242543 
0.10172    1.03596    -0.23001   0.0201009 
0.11276    0.957974   -0.251991  0.0168947 
0.1247     1.00085    -0.278399  0.0255235 
0.189818   0.94788    -0.218029  0.0181849 
0.15685    0.964576   -0.25715   0.0152854 
0.15685    0.964576   -0.25715   0.0338705 
0.0637804  1.01788    -0.213458  0.015204  
0.0526874  0.94601    -0.236551  0.0174887 
0.00915168 0.855884   -0.165705  0.0173189 
0.0860393  0.835649   -0.147246  0.0205331 
0.155323   0.741126   -0.00198721 0.0187345 
0.0965777  0.76985    -0.0596909 0.0190068 
0.0661413  0.795446   -0.134054  0.0217134 
0.0661413  0.795446   -0.134054  0.0167244 
0.0694135  0.886089   -0.196637  0.0184229 
0.0318873  0.977225   -0.254254  0.0160925 
-0.0200017 0.879423   -0.171864  0.0170145 
-0.057202  0.88923    -0.209593  0.0229342 
-0.0683336 0.983068   -0.242066  0.0383451 
-0.0683336 0.983068   -0.242066  0.0338655 
-0.144976  1.07058    -0.229664  0.0231867 
-0.230355  1.05298    -0.270134  0.120649  
-0.230355  1.05298    -0.270134  0.0180645 
-0.181451  0.983636   -0.260412  0.0189359 
-0.160725  0.914794   -0.207679  0.0183046 
-0.137554  0.95042    -0.258786  0.0180272 
-0.0640044 1.04888    -0.267813  0.0777451 
-0.0640044 1.04888    -0.267813  0.0274649 
-0.13433   1.03307    -0.277064  0.0202628 
-0.205423  1.01392    -0.279075  0.0160639 
-0.179181  0.917306   -0.227428  0.0160953 
-0.213033  0.968901   -0.241661  0.0186044 
-0.282749  1.05113    -0.259556  0.0307858 
-0.282749  1.05113    -0.259556  0.0292765 
-0.36732   0.996983   -0.240508  0.0854962 
-0.303726  1.04792    -0.109279  0.0179755 
-0.281715  0.989417   -0.294449  0.0184293 
-0.18357   1.04193    -0.295247  0.0216054 
-0.131185  0.974111   -0.221856  0.0160322 
-0.221267  0.888101   -0.199986  0.0192711 
-0.235401  0.904132   -0.236771  0.0638043 
-0.235401  0.904132   -0.236771  0.0165977 
-0.26307   0.810375   -0.185195  0.0190628 
-0.362013  0.892628   -0.269347  0.0224789 
-0.395047  0.949415   -0.229854  0.0222867 
-0.451426  0.95767    -0.245182  0.036979  
-0.449322  1.01667    -0.170352  0.0219483 
-0.400855  0.955461   -0.278675  0.018567  
-0.441788  0.935046   -0.312822  0.0210621 
-0.475682  0.926351   -0.295284  0.0159222 
-0.454721  0.874061   -0.294238  0.0167215 
-0.427655  0.923608   -0.266726  0.016748  
-0.420917  0.908737   -0.271587  0.025724  
-0.396157  0.908462   -0.230034  0.0190055 
-0.474331  0.848515   -0.231021  0.0181416 
-0.501044  0.844212   -0.234938  0.0235401 
-0.555137  0.812158   -0.294264  0.0140129 
-0.507908  0.742991   -0.279698  0.0150768 
-0.431868  0.784073   -0.259279  0.0162025 
-0.454109  0.757821   -0.212695  0.0154598 
-0.411652  0.843353   -0.248169  0.0160614 
-0.377909  0.870755   -0.243275  0.0168082 
-0.406545  0.884469   -0.245025  0.0185288 
-0.48777   0.834522   -0.295981  0.0168519 
-0.432124  0.84432    -0.2332    0.0158699 
-0.344114  0.845524   -0.252177  0.0177423 
-0.316473  0.748162   -0.111541  0.0162802 
-0.404242  0.747817   -0.188624  0.017817  
-0.430722  0.668127   -0.150863  0.0192983 
-0.352139  0.62985    0.00642187 0.0171817 
-0.376243  0.725765   -0.15796   0.0167021 
-0.35486   0.824939   -0.240636  0.0228428 
-0.356754  0.911279   -0.251806  0.020938  
-0.406367  0.952399   -0.242758  0.019397  
-0.332039  0.883735   -0.2205    0.016355  
-0.402001  0.857528   -0.266286  0.0211818 
-0.415334  0.937421   -0.282929  0.0371992 
-0.511602  0.948146   -0.239367  0.0184641 
-0.441881  0.890836   -0.273545  0.015015  
-0.408223  0.835414   -0.238212  0.0151816 
-0.507273  0.751175   -0.25298   0.0160227 
-0.464292  0.848921   -0.25661   0.0149956 
-0.446712  0.8038     -0.253649  0.0151386 
-0.460596  0.745093   -0.252404  0.0135212 
-0.531074  0.717343   -0.281894  0.0160254 
-0.435672  0.710398   -0.181528  0.0155555 
-0.483517  0.641057   -0.197295  0.0130223 
-0.542501  0.666147   -0.255504  0.0138082 
-0.531939  0.612312   -0.24276   0.0171847 
-0.499508  0.545399   -0.144687  0.0179995 
-0.499508  0.545399   -0.144687  0.019086  
-0.499508  0.545399   -0.144687  0.0109053 
-0.592685  0.615759   -0.315147  0.0117619 
-0.588381  0.578848   -0.274783  0.00872079
-0.630778  0.623742   -0.339674  0.012604  
-0.581775  0.700521   -0.306648  0.00888979
-0.666795  0.698368   -0.380919  0.00920275
-0.634511  0.647335   -0.358281  0.0121069 
-0.584729  0.73213    -0.317458  0.0236669 
-0.614982  0.800176   -0.312811  0.0188501 
-0.711344  0.753159   -0.354037  0.0211183 
-0.719823  0.838447   -0.263208  0.0345132 
-0.73388   0.928215   -0.183495  0.0416263 
-0.817635  0.91746    -0.114364  0.0584888 
-0.843038  0.998844   0.180689   0.056974  
-0.886018  0.912706   0.096236   0.0466252 
-0.95153   0.838645   0.00636886 0.0738708 
-0.95153   0.838645   0.00636886 0.0313786 
-0.983226  0.741896   -0.152083  0.0362801 
-0.919362  0.709726   -0.262539  0.0447806 
-0.973346  0.761813   -0.12354   0.0483657 
-0.970175  0.855555   0.0473602  0.0490454 
-0.970175  0.855555   0.0473602  0.0447857 
-1.03706   0.774556   0.0645988  0.0397427 
-1.10235   0.685406   0.0790353  0.0522666 
-1.10235   0.685406   0.0790353  0.0349553 
-1.02343   0.731846   -0.106648  0.0334544 
-1.01043   0.672741   -0.199442  0.0517707 
-1.07624   0.719685   0.0203293  0.0382921 
-0.987197  0.766874   -0.0688437 0.0223094 
-0.949945  0.700266   -0.305282  0.0203647 
-0.899144  0.698037   -0.330411  0.0111003 
-0.887583  0.615553   -0.406306  0.012119  
-0.827132  0.67092    -0.424594  0.00904642
-0.756486  0.683452   -0.419914  0.0107906 
-0.748204  0.686401   -0.410159  0.0265637 
-0.84669   0.751844   -0.286553  0.0210431 
-0.866937  0.718926   -0.360596  0.0413621 
-0.881469  0.818699   -0.14393   0.0445192 
-0.961957  0.830318   0.00785678 0.0323594 
-0.887602  0.827269   -0.164504  0.0501406 
-0.807795  0.893455   -0.0737141 0.0240969 
-0.890577  0.794465   -0.278177  0.0207044 
-0.874367  0.753154   -0.343426  0.0223315 
-0.817112  0.772725   -0.315332  0.0158234 
-0.830876  0.698615   -0.387613  0.00757034
-0.821686  0.623905   -0.436064  0.00977493
-0.7649    0.561187   -0.434342  0.011996  
-0.719255  0.539432   -0.380035  0.0198744 
-0.719255  0.539432   -0.380035  0.0294807 
-0.719255  0.539432   -0.380035  0.0091997 
-0.689282  0.574679   -0.399854  0.0164888 
-0.776173  0.517894   -0.34662   0.0115956 
-0.677859  0.547389   -0.353524  0.0115652 
-0.7355    0.54939    -0.401706  0.0130176 
-0.640818  0.533684   -0.313575  0.0183547 
-0.665327  0.497259   -0.276682  0.0348688 
-0.737016  0.429953   0.0623288  0.0633096 
-0.737016  0.429953   0.0623288  0.0358859 
-0.646353  0.418578   0.0398324  0.0197317 
-0.554733  0.478025   -0.141865  0.0102105 
-0.643566  0.560787   -0.342143  0.0105305 
-0.600236  0.583735   -0.281255  0.00776408
-0.670631  0.612135   -0.37662   0.0101865 
-0.670631  0.612135   -0.37662   0.0111511 
-0.583336  0.579924   -0.297186  0.0146652 
-0.536101  0.571947   -0.246903  0.0167234 
-0.468914  0.572176   -0.0991256 0.0176704 
-0.464972  0.535075   -0.048564  0.0153871 
-0.483389  0.621426   -0.163113  0.0153231 
-0.508453  0.553923   -0.168883  0.0165395 
-0.437789  0.619535   -0.0914334 0.0147763 
-0.493682  0.620645   -0.190029  0.0146101 
-0.552845  0.524323   -0.19585   0.028296  
-0.552845  0.524323   -0.19585   0.0297799 
-0.61782   0.438081   -0.0547506 0.0277574 
-0.571602  0.430307   0.00400446 0.0627829 
-0.571602  0.430307   0.00400446 0.0179804 
-0.492079  0.474108   0.0112079  0.022343  
-0.533512  0.447408   0.000918613 0.0398709 
-0.533512  0.447408   0.000918613 0.0137327 
-0.566424  0.541275   -0.238348  0.0257858 
-0.566424  0.541275   -0.238348  0.0169207 
-0.511929  0.516866   -0.137707  0.018313  
-0.44143   0.498167   0.0701586  0.0150032 
-0.493907  0.570781   -0.122536  0.0182388 
-0.421365  0.628027   -0.0961934 0.0149934 
-0.490095  0.636872   -0.185066  0.0134614 
-0.521438  0.720731   -0.288766  0.0234063 
-0.425755  0.779383   -0.198082  0.0175586 
-0.384032  0.809078   -0.218132  0.0158082 
-0.286765  0.826289   -0.203124  0.0197371 
-0.331505  0.805278   -0.167183  0.0164347 
-0.400743  0.726494   -0.142958  0.0149692 
-0.450171  0.800807   -0.281672  0.0148939 
-0.445708  0.783839   -0.225365  0.0172255 
-0.382081  0.772559   -0.208404  0.0172353 
-0.289416  0.77117    -0.130548  0.0164092 
-0.378305  0.736798   -0.119096  0.0180595 
-0.372956  0.692899   -0.111636  0.0158806 
-0.440734  0.708885   -0.190119  0.0194716 
-0.366019  0.634304   -0.00421629 0.0194575 
-0.32164   0.683619   -0.0353776 0.0195368 
-0.407407  0.598105   -0.0488537 0.0141918 
-0.507364  0.681248   -0.241221  0.0158018 
-0.464342  0.661784   -0.193981  0.0142834 
-0.504717  0.64188    -0.202566  0.0175448 
-0.414816  0.633799   -0.0575239 0.0150106 
-0.494496  0.607214   -0.17438   0.0161565 
-0.479944  0.597816   -0.139703  0.013524  
-0.535012  0.654853   -0.267844  0.0136177 
-0.598964  0.657955   -0.313781  0.011146  
-0.598964  0.657955   -0.313781  0.00919653
-0.642328  0.615625   -0.368715  0.00689958
-0.736249  0.629769   -0.415748  0.0105951 
-0.648543  0.567441   -0.358601  0.0121297 
-0.57425   0.63896    -0.302657  0.0114032 
-0.584755  0.68156    -0.330336  0.0159138 
-0.49474   0.758883   -0.254965  0.0157886 
-0.446224  0.713457   -0.213568  0.014667  
-0.510107  0.791395   -0.252322  0.014336  
-0.548025  0.774786   -0.29095   0.0289127 
-0.639195  0.867829   -0.257348  0.0151887 
-0.54798   0.818818   -0.301488  0.0220399 
-0.473451  0.866779   -0.271142  0.0148605 
-0.457737  0.815186   -0.260328  0.01401   
-0.536367  0.723417   -0.267504  0.0145514 
-0.536367  0.723417   -0.267504  0.0146862 
-0.512508  0.764078   -0.246938  0.0147262 
-0.433629  0.801343   -0.244288  0.0150134 
-0.388309  0.868678   -0.27381   0.0160567 
-0.434688  0.787145   -0.212546  0.014822  
-0.468261  0.721089   -0.217959  0.0122629 
-0.544986  0.718595   -0.286124  0.00940754
-0.637942  0.636015   -0.36012   0.0125484 
-0.555238  0.667623   -0.285807  0.0121715 
-0.63674   0.729096   -0.341668  0.0131692 
-0.66425   0.73372    -0.36397   0.0120687 
-0.599362  0.729136   -0.321878  0.016287  
-0.555906  0.825632   -0.289508  0.0371107 
-0.554234  0.888124   -0.291477  0.0148258 
-0.50318   0.857709   -0.283344  0.0198248 
-0.532252  0.884651   -0.249238  0.016824  
-0.556905  0.7893     -0.303891  0.0115508 
-0.578917  0.718596   -0.291273  0.0114149 
-0.581397  0.654221   -0.293444  0.0107235 
-0.677554  0.555158   -0.374087  0.0183937 
-0.677554  0.555158   -0.374087  0.0171106 
-0.737074  0.512094   -0.33473   0.00925669
-0.648567  0.592485   -0.343521  0.00848038
-0.667394  0.592207   -0.376901  0.0182544 
-0.726974  0.497079   -0.27301   0.0328295 
-0.677431  0.439336   -0.0771067 0.0455176 
-0.654192  0.39632    0.232463   0.0243205 
-0.611318  0.451446   -0.0783477 0.0220216 
-0.552407  0.455939   -0.0548547 0.017695  
-0.509407  0.504757   -0.127042  0.0149628 
-0.573868  0.53074    -0.242346  0.0188275 
-0.65238   0.487247   -0.256297  0.0113761 
-0.649286  0.543374   -0.324071  0.0128108 
-0.590508  0.542038   -0.282149  0.0229517 
-0.578768  0.461407   -0.107606  0.0354453 
-0.578768  0.461407   -0.107606  0.014569  
-0.571002  0.531211   -0.237597  0.0179929 
-0.661322  0.494282   -0.251635  0.0326002 
-0.661322  0.494282   -0.251635  0.0430582 
-0.657242  0.394401   0.281136   0.035498  
-0.618526  0.411376   0.0998691  0.0276945 
-0.681258  0.449308   -0.107975  0.0184826 
-0.598566  0.484975   -0.2025    0.0156557 
-0.507581  0.512371   -0.118387  0.0176148 
-0.562789  0.496456   -0.17415   0.0193221 
-0.5382    0.481009   -0.118217  0.0381935 
-0.5382    0.481009   -0.118217  0.0173989 
-0.5382    0.481009   -0.118217  0.0190592 
-0.535848  0.475244   -0.0804374 0.0418412 
-0.535848  0.475244   -0.0804374 0.0206425 
-0.535848  0.475244   -0.0804374 0.0281448 
-0.535848  0.475244   -0.0804374 0.0300129 
-0.574428  0.427505   -0.037261  0.0162562 
-0.662137  0.51114    -0.277928  0.00998442
-0.620215  0.58378    -0.323887  0.0128743 
-0.555871  0.672198   -0.288307  0.00821647
-0.650522  0.625625   -0.35755   0.00857564
-0.674489  0.586054   -0.36706   0.00993458
-0.721399  0.56188    -0.409936  0.0119358 
-0.812251  0.543843   -0.387399  0.0100124 
-0.854345  0.612202   -0.420966  0.0128602 
-0.816327  0.541946   -0.397616  0.0102492 
-0.855649  0.564262   -0.411522  0.0138513 
-0.946264  0.530742   -0.297719  0.0134346 
-0.912738  0.548704   -0.336672  0.00892454
-0.880456  0.632735   -0.427756  0.0116681 
-0.944395  0.62963    -0.373067  0.0347101 
-0.999891  0.716684   -0.141822  0.0358244 
-0.958362  0.720767   -0.151551  0.0466468 
-0.995824  0.781201   -0.0496898 0.0574725 
-0.995824  0.781201   -0.0496898 0.0566851 
-0.995824  0.781201   -0.0496898 0.02785   
-0.964913  0.749268   -0.225554  0.118284  
-0.994102  0.840091   0.244189   0.0626623 
-0.994102  0.840091   0.244189   0.0764829 
-0.931112  0.937258   0.338442   0.0863862 
-0.931112  0.937258   0.338442   0.0587069 
-0.923877  0.936966   0.181187   0.058327  
-0.933525  0.871281   0.0617758  0.0670809 
-0.903131  0.932448   0.135781   0.040983  
-0.913387  0.864567   -0.111533  0.0633343 
-0.942464  0.864414   0.0847242  0.0486914 
-0.913031  0.893261   0.0538728  0.0518154 
-0.986744  0.835139   0.138978   0.0594957 
-0.967264  0.928721   0.230234   0.0854668 
-0.967264  0.928721   0.230234   0.0943539 
-0.967264  0.928721   0.230234   0.0568428 
-0.911981  0.876823   0.105973   0.0422297 
-0.920254  0.783948   -0.160446  0.0217134 
-0.907409  0.726327   -0.307579  0.0101007 
-0.85648   0.667812   -0.439487  0.0107277 
-0.793051  0.674636   -0.418742  0.0120559 
-0.828308  0.70893    -0.435048  0.0132371 
-0.828308  0.70893    -0.435048  0.0265773 
-0.924308  0.703906   -0.301484  0.013255  
-0.872218  0.664103   -0.409811  0.0174769 
-0.872218  0.664103   -0.409811  0.0361241 
-0.965874  0.635794   -0.29999   0.0556548 
-1.05751   0.720711   0.123057   0.0490096 
-0.991462  0.798751   0.0648252  0.0356227 
-0.917063  0.791503   -0.15542   0.0267803 
-0.955637  0.72628    -0.246118  0.0318332 
-0.894449  0.785514   -0.21043   0.034097  
-0.79927   0.854706   -0.177083  0.0316656 
-0.819803  0.819488   -0.212621  0.044185  
-0.819803  0.819488   -0.212621  0.0170036 
-0.725536  0.786278   -0.35979   0.0268196 
-0.725536  0.786278   -0.35979   0.0204001 
-0.678214  0.80896    -0.302143  0.0241544 
-0.740888  0.838491   -0.273486  0.028633  
-0.697962  0.891582   -0.253021  0.0389976 
-0.680052  0.942751   -0.140735  0.0341357 
-0.736357  0.934964   -0.196646  0.0224594 
-0.673583  0.863004   -0.28769   0.0261523 
-0.599484  0.877464   -0.264459  0.0212627 
-0.684284  0.835825   -0.293557  0.0317125 
-0.684284  0.835825   -0.293557  0.0131178 
-0.749917  0.757146   -0.378599  0.0110561 
-0.692701  0.709493   -0.390432  0.0176985 
-0.783479  0.752622   -0.360169  0.0164624 
-0.810065  0.755615   -0.363027  0.0191953 
-0.798875  0.761303   -0.338737  0.0181641 
-0.843124  0.707419   -0.373345  0.0114666 
-0.869207  0.668099   -0.407544  0.0247123 
-0.941726  0.727192   -0.266723  0.0209622 
-0.969717  0.654722   -0.271813  0.0199358 
-0.965244  0.679509   -0.294497  0.0369314 
-0.997593  0.727771   -0.112797  0.0299353 
-0.919821  0.754489   -0.236314  0.0319237 
-1.00151   0.730328   -0.153896  0.0502805 
-1.05475   0.715237   -0.0286374 0.0351258 
-1.05475   0.715237   -0.0286374 0.0489123 
-1.0607    0.755007   0.122963   0.0420742 
-1.07955   0.709622   0.0613089  0.0438811 
-1.16853   0.733148   0.300552   0.0516762 
-1.10479   0.701448   0.153348   0.0364528 
-1.01347   0.769863   -0.0889157 0.062479  
-0.975486  0.84495    0.223287   0.0480913 
-1.05335   0.758498   0.0937076  0.0707243 
-1.05335   0.758498   0.0937076  0.0509923 
-1.01629   0.780932   -0.00831953 0.0451695 
-0.944389  0.78163    -0.131865  0.0604545 
-1.0115    0.838418   0.179533   0.0647353 
-1.0025    0.865327   0.223037   0.0996185 
-1.0025    0.865327   0.223037   0.0765949 
-0.936787  0.918868   0.144549   0.0526411 
-1.00963   0.870393   0.238208   0.0697035 
-1.02283   0.942787   0.357077   0.0991487 
-1.02283   0.942787   0.357077   0.107668  
-1.02283   0.942787   0.357077   0.0783194 
-0.985381  0.924882   0.395584   0.0560521 
-0.945893  0.846008   0.0578063  0.0733358 
-0.945893  0.846008   0.0578063  0.056378  
-0.856813  0.945117   0.0629167  0.0774553 
-0.829027  1.02955    0.202745   0.128967  
-0.884292  1.1119     0.768436   0.144905  
-0.861386  1.07964    0.752276   0.0896921 
-0.823499  1.12072    0.547387   0.0587368 
-0.770463  1.02214    0.000997894 0.0911363 
-0.770463  1.02214    0.000997894 0.0799496 
-0.770463  1.02214    0.000997894 0.0535844 
-0.773188  0.949894   -0.0498406 0.0438715 
-0.775144  0.934506   -0.0914464 0.076684  
-0.775144  0.934506   -0.0914464 0.0406894 
-0.741627  0.860223   -0.231821  0.0289766 
-0.8402    0.78374    -0.252517  0.0127093 
-0.793808  0.708567   -0.384351  0.0170975 
-0.890926  0.713276   -0.348925  0.0210715 
-0.885861  0.747986   -0.330841  0.0661514 
-0.918356  0.821506   -0.0577452 0.0547581 
-0.82155   0.856073   -0.140267  0.0427617 
-0.884544  0.852313   -0.0836457 0.0346825 
-0.868449  0.81117    -0.220938  0.0293109 
-0.817309  0.816992   -0.222661  0.0301651 
-0.871944  0.840656   -0.206721  0.0268047 
-0.875096  0.825907   -0.22109   0.0368848 
-0.853593  0.835438   -0.187688  0.0509009 
-0.882095  0.917414   0.00480191 0.0529728 
-0.844024  0.916893   -0.0311102 0.0664358 
-0.930607  0.938159   0.213813   0.0733934 
-0.911219  1.01923    0.450811   0.0776124 
-0.88511   1.04027    0.398162   0.0741832 
-0.915983  0.950654   0.281506   0.0755849 
-1.0033    0.891963   0.321795   0.052266  
-0.997883  0.812246   0.0559213  0.0877847 
-0.997883  0.812246   0.0559213  0.0553091 
-1.00067   0.804503   0.0518544  0.0560008 
-1.00067   0.804503   0.0518544  0.0367929 
-0.982231  0.800038   -0.0223444 0.0578971 
-0.920447  0.899763   0.0957674  0.100602  
-0.920447  0.899763   0.0957674  0.0642722 
-0.835227  0.958365   0.0891447  0.084583  
-0.901084  0.980865   0.390881   0.0515182 
-0.881573  0.926673   0.0161475  0.052537  
-0.959614  0.861141   0.0292973  0.0557138 
-0.959614  0.861141   0.0292973  0.0532116 
-0.959614  0.861141   0.0292973  0.0464553 
-1.02203   0.783708   0.0674738  0.0493854 
-1.02203   0.783708   0.0674738  0.0347378 
-1.01438   0.703279   -0.193928  0.0181762 
-0.948799  0.644253   -0.341425  0.0168855 
-0.991407  0.608172   -0.282519  0.0141649 
-0.991407  0.608172   -0.282519  0.0144746 
-0.997651  0.544579   -0.248153  0.0178247 
-0.980495  0.637208   -0.304454  0.0325273 
-0.954213  0.718666   -0.249822  0.015734  
-0.881376  0.672088   -0.393418  0.0291108 
-0.895871  0.770106   -0.218208  0.0333213 
-0.974701  0.677038   -0.199492  0.0234818 
-0.925786  0.690171   -0.332639  0.0125712 
-0.94545   0.612555   -0.357362  0.0156512 
-0.880084  0.520609   -0.309908  0.0177568 
-0.890471  0.514537   -0.324218  0.0131146 
-0.976745  0.589707   -0.301441  0.012654  
-0.976745  0.589707   -0.301441  0.0200559 
-0.956332  0.497179   -0.214121  0.0168003 
-0.931666  0.513162   -0.28129   0.00815095
-0.841529  0.576776   -0.425664  0.0217697 
-0.761458  0.488373   -0.271907  0.0141833 
-0.84607   0.530719   -0.354728  0.00996084
-0.90735   0.60006    -0.414158  0.00960387
-0.881104  0.567003   -0.389041  0.0128084 
-0.912569  0.53973    -0.328217  0.020887  
-0.980293  0.474938   -0.0914073 0.0116954 
-1.07814   0.531437   -0.0794129 0.0305907 
-1.07814   0.531437   -0.0794129 0.0295989 
-1.07814   0.531437   -0.0794129 0.014946  
-1.04738   0.569257   -0.179459  0.0110838 
-0.971235  0.577132   -0.317074  0.012783  
-1.03608   0.597158   -0.232667  0.031381  
-1.03608   0.597158   -0.232667  0.0172939 
-1.03608   0.597158   -0.232667  0.0135496 
-1.03608   0.597158   -0.232667  0.0118951 
-0.985508  0.576465   -0.286412  0.0100866 
-0.943543  0.584787   -0.358066  0.0186441 
-0.900061  0.506348   -0.312627  0.0373634 
-0.900061  0.506348   -0.312627  0.0171058 
-0.898502  0.509662   -0.286591  0.0263324 
-0.827003  0.46639    -0.131617  0.0161142 
-0.92675   0.508635   -0.257233  0.00766405
-0.856507  0.603352   -0.448885  0.0175906 
-0.923678  0.677608   -0.364318  0.0174774 
-0.937173  0.682802   -0.335372  0.0240386 
-0.867169  0.732456   -0.331336  0.0172138 
-0.964828  0.656351   -0.315794  0.0126126 
-0.983328  0.579302   -0.288843  0.0158318 
-0.983328  0.579302   -0.288843  0.0134491 
-0.955718  0.584978   -0.337443  0.0153006 
-0.920064  0.51974    -0.286057  0.00954153
-0.874148  0.610145   -0.414812  0.0230778 
-0.912803  0.692475   -0.296733  0.00984823
-0.876366  0.596951   -0.413692  0.0125022 
-0.939476  0.624784   -0.343568  0.0358341 
-1.0089    0.711681   -0.170656  0.0412594 
-1.0089    0.711681   -0.170656  0.0487164 
-1.0089    0.711681   -0.170656  0.0209121 
-1.03719   0.671414   -0.207239  0.0280445 
-1.03719   0.671414   -0.207239  0.0375583 
-1.03719   0.671414   -0.207239  0.0424863 
-1.03719   0.671414   -0.207239  0.0520592 
-1.03719   0.671414   -0.207239  0.029445  
-1.00847   0.719589   -0.192095  0.0460644 
-1.09993   0.710033   0.13065    0.0331149 
-1.0461    0.713498   -0.0762102 0.0349984 
-0.953022  0.765036   -0.156231  0.0329289 
-1.0249    0.738467   -0.0981986 0.0368739 
-1.02677   0.768205   -0.0681029 0.039564  
-1.02677   0.768205   -0.0681029 0.0332647 
-1.01302   0.736943   -0.13583   0.0484832 
-1.01302   0.736943   -0.13583   0.0331099 
-0.953244  0.733228   -0.217915  0.04267   
-0.928643  0.818362   -0.0596672 0.0207142 
-0.896608  0.720967   -0.324761  0.0252412 
-0.844348  0.766485   -0.306997  0.0292382 
-0.843915  0.813075   -0.240921  0.034431  
-0.921585  0.767582   -0.222244  0.0568811 
-0.921585  0.767582   -0.222244  0.0381958 
-0.991345  0.766378   -0.0772551 0.0611482 
-0.991345  0.766378   -0.0772551 0.0778054 
-0.89396   0.812994   -0.0478198 0.0351917 
-0.984801  0.723908   -0.197634  0.0117255 
-0.889191  0.624988   -0.386575  0.015355  
-0.843938  0.685406   -0.403861  0.0111374 
-0.825758  0.645541   -0.423356  0.00950965
-0.855204  0.626388   -0.430316  0.011151  
-0.926349  0.55682    -0.373188  0.010249  
-0.868229  0.561769   -0.391464  0.00978649
-0.801017  0.566079   -0.416898  0.0121899 
-0.886559  0.547978   -0.365439  0.00871795
-0.912482  0.586241   -0.4064    0.0112914 
-0.940721  0.56476    -0.332247  0.0237485 
-0.940721  0.56476    -0.332247  0.00942299
-0.891283  0.567896   -0.384732  0.0089751 
-0.826615  0.615238   -0.433153  0.0103894 
-0.754982  0.557419   -0.412228  0.0163592 
-0.698815  0.516194   -0.332942  0.00844467
-0.730682  0.575328   -0.410546  0.00860225
-0.68275   0.584467   -0.389036  0.00716695
-0.759764  0.633699   -0.432702  0.00638336
-0.73332   0.605568   -0.442231  0.00827344
-0.660547  0.64529    -0.390174  0.0108698 
-0.675935  0.72108    -0.376834  0.0112543 
-0.616904  0.700554   -0.340055  0.00834904
-0.653078  0.624243   -0.363711  0.0100202 
-0.653078  0.624243   -0.363711  0.00866209
-0.65554   0.60193    -0.365358  0.0100698 
-0.608846  0.63031    -0.330582  0.0081915 
-0.661689  0.660315   -0.382104  0.0155437 
-0.626299  0.719073   -0.318883  0.00991254
-0.693293  0.698954   -0.391829  0.00789142
-0.723399  0.666483   -0.418114  0.0100005 
-0.730942  0.679161   -0.408105  0.0115493 
-0.730942  0.679161   -0.408105  0.0148229 
-0.729688  0.70883    -0.380602  0.00664486
-0.756975  0.671527   -0.43202   0.00710356
-0.805462  0.600137   -0.442624  0.00674335
-0.723036  0.607916   -0.428201  0.00911572
-0.740925  0.566165   -0.389209  0.00813676
-0.784535  0.626376   -0.450838  0.00957006
-0.784535  0.626376   -0.450838  0.0142927 
-0.830553  0.652229   -0.426967  0.00727691
-0.82723   0.611379   -0.431173  0.00924573
-0.773083  0.661159   -0.440481  0.0118078 
-0.773083  0.661159   -0.440481  0.0267468 
-0.813366  0.744408   -0.313744  0.0193848 
-0.825288  0.721533   -0.394417  0.0359796 
-0.835787  0.754891   -0.299177  0.0180905 
-0.736885  0.764104   -0.363348  0.0313612 
-0.673815  0.830055   -0.287667  0.0149178 
-0.601449  0.818984   -0.329058  0.0279807 
-0.527783  0.875344   -0.240334  0.0239123 
-0.493718  0.876133   -0.307942  0.0220521 
-0.501605  0.888284   -0.292989  0.0291837 
-0.501605  0.888284   -0.292989  0.015295  
-0.425144  0.890838   -0.265534  0.0219147 
-0.49008   0.969877   -0.25648   0.0194372 
-0.562673  0.871087   -0.291001  0.0143436 
-0.53616   0.773062   -0.279319  0.0169478 
-0.618967  0.834515   -0.336553  0.0792029 
-0.606118  0.854106   -0.132816  0.0218217 
-0.509445  0.8816     -0.270278  0.0152577 
-0.430422  0.83755    -0.241181  0.0139812 
-0.515225  0.759814   -0.296439  0.0129852 
-0.562075  0.669505   -0.262628  0.0092381 
-0.646328  0.593383   -0.358902  0.0118952 
-0.607207  0.561831   -0.302426  0.0103041 
-0.601209  0.60006    -0.2849    0.0118134 
-0.564153  0.671401   -0.289658  0.0147065 
-0.478474  0.666448   -0.182478  0.0174402 
-0.454039  0.567704   -0.0520658 0.0132165 
-0.55016   0.64494    -0.294834  0.0122269 
-0.551214  0.572129   -0.202462  0.0179208 
-0.551214  0.572129   -0.202462  0.0138704 
-0.511828  0.619904   -0.189852  0.0165338 
-0.457467  0.618097   -0.138647  0.0215611 
-0.366427  0.524094   0.162744   0.0231227 
-0.316409  0.610564   0.0607245  0.0186217 
-0.322729  0.705356   -0.063986  0.0167704 
-0.329056  0.77343    -0.140139  0.0187816 
-0.322543  0.705685   -0.0782377 0.0174336 
-0.410437  0.661647   -0.0781024 0.0188279 
-0.425385  0.589341   -0.0660134 0.0165343 
-0.441714  0.682882   -0.157547  0.0213612 
-0.441714  0.682882   -0.157547  0.0148525 
-0.505267  0.777281   -0.269796  0.0136819 
-0.53086   0.689692   -0.264603  0.0103163 
-0.600674  0.636119   -0.319748  0.0111609 
-0.616693  0.681566   -0.347065  0.00984562
-0.635455  0.655032   -0.372927  0.00765529
-0.725622  0.587109   -0.417203  0.00674573
-0.750662  0.595414   -0.424315  0.00912939
-0.75405   0.564956   -0.411389  0.0172915 
-0.811148  0.512931   -0.357587  0.0241693 
-0.729501  0.479254   -0.259343  0.0305427 
-0.755472  0.450481   -0.113096  0.0542196 
-0.755472  0.450481   -0.113096  0.0208601 
-0.796913  0.491364   -0.269016  0.00835107
-0.760892  0.578147   -0.429763  0.0121502 
-0.680315  0.544357   -0.361058  0.00820337
-0.660723  0.604228   -0.382459  0.00988443
-0.606758  0.616852   -0.310153  0.0126542 
-0.563511  0.57497    -0.252723  0.0165287 
-0.54019   0.510927   -0.165973  0.0102357 
-0.627101  0.574612   -0.332042  0.0112187 
-0.713624  0.545994   -0.37901   0.00616306
-0.72044   0.623706   -0.419062  0.00947177
-0.778585  0.566572   -0.423099  0.0111458 
-0.799872  0.552565   -0.425414  0.0195388 
-0.875657  0.498438   -0.275321  0.0198331 
-0.834811  0.49932    -0.293303  0.0292113 
-0.853892  0.457234   -0.138203  0.0473211 
-0.853892  0.457234   -0.138203  0.0120136 
-0.927157  0.54992    -0.321663  0.00723673
-0.830463  0.617569   -0.441533  0.0083364 
-0.85714   0.609814   -0.442579  0.0117045 
-0.85714   0.609814   -0.442579  0.00682426
-0.866937  0.641118   -0.456156  0.0129565 
-0.889339  0.642137   -0.404894  0.0152223 
-0.872812  0.666101   -0.406055  0.0203797 
-0.944824  0.660117   -0.308305  0.0095608 
-0.928433  0.617455   -0.392048  0.0125035 
-1.01315   0.575851   -0.257472  0.0136344 
-0.938014  0.557975   -0.344733  0.0177674 
-0.938014  0.557975   -0.344733  0.0114283 
-0.985659  0.583647   -0.297475  0.0208157 
-0.935257  0.487721   -0.198052  0.0125222 
-0.866432  0.54103    -0.39284   0.0124413 
-0.941866  0.62138    -0.36717   0.0221342 
-0.941866  0.62138    -0.36717   0.0254003 
-0.941866  0.62138    -0.36717   0.0347339 
-0.941866  0.62138    -0.36717   0.0122893 
-1.0178    0.544876   -0.217148  0.0131613 
-1.00167   0.57449    -0.267122  0.0212845 
-1.00167   0.57449    -0.267122  0.0132764 
-1.08656   0.540773   -0.0848606 0.0138777 
-1.07661   0.572335   -0.141752  0.0137475 
-1.0534    0.513557   -0.109026  0.0186983 
-1.04881   0.594483   -0.171351  0.0270429 
-1.07869   0.638833   -0.0954457 0.0126811 
-1.00852   0.602819   -0.288727  0.0128626 
-1.00852   0.602819   -0.288727  0.0152268 
-1.07587   0.554796   -0.0831216 0.0162355 
-1.06997   0.594002   -0.164656  0.0190819 
-1.06997   0.594002   -0.164656  0.0159155 
-1.09182   0.538736   -0.0564177 0.0209883 
-1.15186   0.574184   0.0825023  0.0139534 
-1.12448   0.509939   0.0571751  0.0301207 
-1.20904   0.579989   0.286936   0.025252  
-1.22942   0.54427    0.346287   0.022983  
-1.18871   0.553477   0.226927   0.0447857 
-1.16926   0.632372   0.273066   0.0325642 
-1.14322   0.663439   0.0838566  0.0348559 
-1.14322   0.663439   0.0838566  0.0312906 
-1.14322   0.663439   0.0838566  0.0187521 
-1.14007   0.585875   0.0241868  0.0150416 
-1.11598   0.544219   -0.0177592 0.0212185 
-1.05368   0.457678   0.0526657  0.0217344 
-1.1266    0.445089   0.173134   0.0170907 
-1.19078   0.511442   0.196027   0.0215466 
-1.21305   0.525619   0.282469   0.0216566 
-1.15134   0.537541   0.0702934  0.0325757 
-1.15134   0.537541   0.0702934  0.0206197 
-1.10847   0.457955   0.112569   0.0129593 
-1.01534   0.534549   -0.202118  0.017608  
-0.959719  0.503465   -0.20072   0.0212741 
-0.959719  0.503465   -0.20072   0.0158927 
-0.996893  0.601218   -0.271473  0.0195918 
-1.00096   0.621521   -0.259081  0.0147411 
-1.00096   0.621521   -0.259081  0.0201627 
-0.990594  0.676801   -0.25018   0.0326564 
-0.990594  0.676801   -0.25018   0.0288665 
-0.978399  0.696211   -0.233321  0.0297042 
-1.01343   0.685913   -0.176567  0.0459664 
-1.05442   0.726591   0.067374   0.0596416 
-1.05442   0.726591   0.067374   0.0749419 
-1.05442   0.726591   0.067374   0.0699595 
-1.05442   0.726591   0.067374   0.0404745 
-1.001     0.768081   -0.068373  0.0323226 
-0.961152  0.816564   -0.146544  0.0528115 
-0.961152  0.816564   -0.146544  0.0317639 
-0.961653  0.747074   -0.175694  0.0232613 
-0.866692  0.743225   -0.338868  0.0295566 
-0.904447  0.779488   -0.200648  0.0451785 
-0.904447  0.779488   -0.200648  0.0408507 
-0.96218   0.796373   -0.0321307 0.0363479 
-1.03333   0.751891   -0.0370799 0.0382881 
-1.00328   0.7992     -0.00900927 0.0356211 
-1.0273    0.719811   -0.0845291 0.0452203 
-0.986633  0.746619   -0.121931  0.0452431 
-1.00075   0.744859   -0.0319697 0.0221528 
-0.969765  0.656599   -0.298453  0.0296976 
-0.969765  0.656599   -0.298453  0.0288942 
-0.969765  0.656599   -0.298453  0.0248999 
-0.969765  0.656599   -0.298453  0.0112023 
-0.969765  0.656599   -0.298453  0.0364764 
-0.969765  0.656599   -0.298453  0.0110601 
-0.9552    0.557525   -0.304576  0.0191368 
-1.04381   0.602099   -0.190126  0.0207569 
-0.962781  0.662885   -0.29511   0.0252144 
-0.914364  0.73261    -0.24862   0.0261465 
-0.973716  0.67765    -0.239774  0.0246104 
-0.973716  0.67765    -0.239774  0.037073  
-0.973716  0.67765    -0.239774  0.0187907 
-1.01618   0.654717   -0.265817  0.0297834 
-0.989071  0.745229   -0.188697  0.0608297 
-0.989071  0.745229   -0.188697  0.0339989 
-0.910539  0.804812   -0.159707  0.0389832 
-0.85696   0.890005   -0.0997042 0.0471271 
-0.88011   0.836452   -0.115426  0.0302185 
-0.825545  0.757859   -0.314814  0.0294795 
-0.799547  0.769711   -0.311304  0.0464474 
-0.878134  0.864008   -0.0743906 0.0440341 
-0.833514  0.865185   -0.152795  0.0406209 
-0.867013  0.805738   -0.145348  0.0187529 
-0.865697  0.710168   -0.359963  0.00850422
-0.833265  0.615304   -0.44467   0.00583524
-0.734912  0.645701   -0.438873  0.00847683
-0.770772  0.575037   -0.43303   0.010823  
-0.785677  0.557173   -0.422844  0.0227781 
-0.785677  0.557173   -0.422844  0.0178421 
-0.773261  0.505224   -0.281819  0.00703998
-0.7756    0.593133   -0.439742  0.0136387 
-0.847404  0.533686   -0.352855  0.0323842 
-0.847404  0.533686   -0.352855  0.0180795 
-0.847404  0.533686   -0.352855  0.011321  
-0.915076  0.573115   -0.369198  0.0144793 
-0.904919  0.528861   -0.284266  0.0184605 
-0.984284  0.484798   -0.0862477 0.0219882 
-0.984284  0.484798   -0.0862477 0.0228722 
-1.01166   0.460076   0.0222755  0.0141414 
-1.10654   0.499541   0.0310559  0.0238884 
-1.1295    0.439633   0.240184   0.0218095 
-1.14238   0.438297   0.247595   0.0180765 
-1.12487   0.467024   0.133057   0.0146489 
-1.15218   0.48731    0.14967    0.0259926 
-1.21502   0.569821   0.261421   0.0142898 
-1.148     0.508615   0.0860023  0.0216333 
-1.13159   0.440108   0.231022   0.0141186 
-1.082     0.512243   -0.046751  0.0153306 
-1.15753   0.534962   0.119628   0.0140561 
-1.13523   0.520586   0.0690713  0.0162886 
-1.13334   0.540332   0.051789   0.020014  
-1.23181   0.447071   0.447902   0.0246015 
-1.28662   0.488967   0.557015   0.0444796 
-1.28662   0.488967   0.557015   0.0321727 
-1.24175   0.57949    0.450874   0.0250841 
-1.27951   0.508155   0.537991   0.0231332 
-1.21317   0.430161   0.421422   0.0275509 
-1.28108   0.5023     0.611258   0.0447878 
-1.36307   0.541465   0.931126   0.0303338 
-1.31762   0.506427   0.682025   0.0248231 
-1.25457   0.498582   0.434565   0.0260351 
-1.21402   0.418283   0.514314   0.0455395 
-1.15582   0.368431   0.654981   0.044051  
-1.14633   0.369716   0.702982   0.0775902 
-1.14633   0.369716   0.702982   0.0181369 
-1.17774   0.453151   0.274274   0.0365816 
-1.17774   0.453151   0.274274   0.0196267 
-1.17774   0.453151   0.274274   0.0214755 
-1.16482   0.45111    0.26512    0.0341311 
-1.16482   0.45111    0.26512    0.0304849 
-1.22486   0.397879   0.628936   0.0402939 
-1.20132   0.373779   0.693643   0.0289093 
-1.18994   0.410685   0.469337   0.0170142 
-1.2121    0.478499   0.319266   0.0318621 
-1.2121    0.478499   0.319266   0.0172596 
-1.20938   0.482215   0.270039   0.0185417 
-1.22516   0.489322   0.328791   0.0348865 
-1.22516   0.489322   0.328791   0.0320336 
-1.2787    0.548546   0.560161   0.0242702 
-1.24281   0.517051   0.455991   0.029075  
-1.27615   0.531849   0.500941   0.0341418 
-1.30263   0.500527   0.665258   0.0257606 
-1.25661   0.416364   0.615902   0.0214333 
-1.22767   0.498846   0.387862   0.0198356 
-1.22004   0.444337   0.431552   0.0184086 
-1.20895   0.457855   0.369563   0.0359545 
-1.20895   0.457855   0.369563   0.0200366 
-1.19097   0.554129   0.206725   0.0329239 
-1.19097   0.554129   0.206725   0.0263172 
-1.24319   0.553749   0.424567   0.030358  
-1.267     0.552658   0.494401   0.0172321 
-1.22386   0.481037   0.36504    0.0293063 
-1.13112   0.412018   0.374738   0.0231457 
-1.16926   0.438859   0.307693   0.0354843 
-1.0887    0.400052   0.343324   0.0167254 
-1.04106   0.48918    -0.0621369 0.0358471 
-1.04106   0.48918    -0.0621369 0.0184425 
-1.0939    0.472002   0.0506974  0.0173389 
-1.17609   0.473604   0.230357   0.0226737 
-1.2664    0.487347   0.446305   0.0189545 
-1.24283   0.460834   0.469478   0.0314878 
-1.24283   0.460834   0.469478   0.0245246 
-1.2496    0.536063   0.384808   0.0175987 
-1.19762   0.462206   0.306601   0.0218664 
-1.18227   0.452592   0.275449   0.0276413 
-1.19928   0.420196   0.406679   0.0274751 
-1.11049   0.412255   0.388548   0.016875  
-1.14542   0.472806   0.156489   0.0152639 
-1.13597   0.555596   0.00664706 0.0421383 
-1.23186   0.623513   0.468863   0.0343776 
-1.18805   0.629556   0.23348    0.0146939 
-1.08999   0.551691   -0.0692458 0.0175882 
-1.0313    0.631332   -0.214377  0.0236443 
-0.955944  0.696449   -0.281699  0.0259951 
-0.986061  0.688293   -0.239855  0.0526961 
-0.986061  0.688293   -0.239855  0.0382101 
-1.031     0.735786   -0.078577  0.0495141 
-1.031     0.735786   -0.078577  0.0404738 
-1.031     0.735786   -0.078577  0.0557385 
-1.12175   0.729091   0.258384   0.03891   
-1.15243   0.700427   0.226085   0.0452534 
-1.10612   0.717279   0.157896   0.0237876 
-1.05824   0.617755   -0.122643  0.022206  
-0.969134  0.675747   -0.27759   0.0373156 
-0.969134  0.675747   -0.27759   0.0319473 
-0.891776  0.744313   -0.274229  0.0340067 
-0.891776  0.744313   -0.274229  0.0192382 
-0.810985  0.74112    -0.357966  0.052829  
-0.813183  0.801245   -0.219385  0.0226832 
-0.830849  0.759938   -0.315054  0.0232088 
-0.839449  0.800106   -0.31499   0.0505144 
-0.839449  0.800106   -0.31499   0.0442603 
-0.839449  0.800106   -0.31499   0.0423817 
-0.775177  0.855918   -0.225179  0.0472613 
-0.854158  0.864589   -0.0101795 0.0897878 
-0.904213  0.932269   0.196737   0.0851427 
-0.976206  1.0219     0.503319   0.0858276 
-0.998475  0.97089    0.569701   0.052097  
-0.912548  0.908614   0.0993492  0.0842289 
-0.912548  0.908614   0.0993492  0.0582531 
-0.884349  0.875115   0.00366012 0.0637505 
-0.866637  0.89657    0.0652991  0.0578834 
-0.845017  0.992282   0.199204   0.0620709 
-0.798407  0.959796   -0.0299909 0.0302374 
-0.737625  0.972792   -0.153393  0.0614633 
-0.737625  0.972792   -0.153393  0.0650677 
-0.719614  1.0158     -0.0169841 0.0712887 
-0.747496  1.03197    0.0439382  0.036591  
-0.686502  0.9696     -0.140584  0.0397031 
-0.659665  0.934775   -0.195744  0.0265001 
-0.759451  0.859836   -0.289111  0.0416129 
-0.759451  0.859836   -0.289111  0.0400831 
-0.716694  0.94218    -0.126196  0.0421664 
-0.716694  0.94218    -0.126196  0.110428  
-0.716694  0.94218    -0.126196  0.0732855 
-0.802127  0.969618   0.0875192  0.0790634 
-0.706711  1.03784    0.0530834  0.0298043 
-0.609348  0.956342   -0.220778  0.0313393 
-0.657551  0.91458    -0.252271  0.0336809 
-0.678158  0.881569   -0.2246    0.0374543 
-0.669112  0.893684   -0.211355  0.0221776 
-0.737713  0.805091   -0.318972  0.0168941 
-0.734447  0.775463   -0.356393  0.0333705 
-0.805155  0.830705   -0.235672  0.0153077 
-0.731795  0.733575   -0.376954  0.014126  
-0.731795  0.733575   -0.376954  0.0251108 
-0.731795  0.733575   -0.376954  0.00918074
-0.752381  0.692044   -0.416139  0.00957939
-0.721347  0.663538   -0.419826  0.007948  
-0.752585  0.614017   -0.443291  0.00831445
-0.793923  0.575668   -0.421951  0.00924185
-0.744203  0.567438   -0.4093    0.0190591 
-0.805203  0.50176    -0.293867  0.0131638 
-0.823093  0.540638   -0.381135  0.0160859 
-0.839091  0.519398   -0.355567  0.0118604 
-0.859262  0.547753   -0.400798  0.00727457
-0.814045  0.607174   -0.44051   0.00858956
-0.825455  0.575844   -0.434946  0.0184348 
-0.810612  0.50592    -0.338107  0.0158484 
-0.805648  0.513943   -0.27689   0.0328474 
-0.706702  0.437205   -0.074671  0.0277994 
-0.696209  0.452299   -0.0555569 0.0347178 
-0.696209  0.452299   -0.0555569 0.0517712 
-0.696209  0.452299   -0.0555569 0.0244483 
-0.609944  0.453399   -0.128401  0.0268597 
-0.681558  0.454718   -0.126031  0.0238931 
-0.709806  0.470861   -0.21463   0.049918  
-0.709806  0.470861   -0.21463   0.0301869 
-0.75243   0.448741   -0.101292  0.0356717 
-0.811134  0.423105   0.0958534  0.0661139 
-0.811134  0.423105   0.0958534  0.0443779 
-0.811134  0.423105   0.0958534  0.0196914 
-0.85381   0.501138   -0.323065  0.0355892 
-0.85381   0.501138   -0.323065  0.0101833 
-0.890368  0.565008   -0.401176  0.0178259 
-0.808242  0.50946    -0.346785  0.0199656 
-0.820804  0.496512   -0.262113  0.0376914 
-0.820804  0.496512   -0.262113  0.00897975
-0.752297  0.565689   -0.412279  0.00910266
-0.846606  0.613236   -0.430054  0.00783236
-0.803864  0.577328   -0.432919  0.0210091 
-0.803864  0.577328   -0.432919  0.010721  
-0.798558  0.554288   -0.414189  0.00882298
-0.859613  0.573358   -0.409404  0.00906666
-0.805889  0.578642   -0.42434   0.00779611
-0.734782  0.578458   -0.413741  0.0118611 
-0.717256  0.661214   -0.414082  0.00948782
-0.703303  0.708567   -0.401904  0.00931285
-0.700038  0.696817   -0.386005  0.00966919
-0.731772  0.690132   -0.404177  0.0204973 
-0.759663  0.764052   -0.342001  0.0337279 
-0.772731  0.836563   -0.27289   0.0267345 
-0.75609   0.815903   -0.294437  0.0206192 
-0.717346  0.790202   -0.345687  0.0131374 
-0.71885   0.752285   -0.384254  0.0119091 
-0.789209  0.689317   -0.418856  0.00826545
-0.798258  0.669422   -0.44626   0.00760796
-0.747781  0.651035   -0.435325  0.00921131
-0.772752  0.671892   -0.423926  0.00756624
-0.774608  0.638493   -0.443434  0.00829634
-0.746585  0.624262   -0.412222  0.0174301 
-0.754422  0.720873   -0.367115  0.0122194 
-0.748075  0.717471   -0.394917  0.015715  
-0.685354  0.758079   -0.324625  0.0221412 
-0.704522  0.835444   -0.313161  0.0211828 
-0.749072  0.804119   -0.302847  0.0307451 
-0.755227  0.882191   -0.250345  0.0310538 
-0.853786  0.850774   -0.21506   0.0422307 
-0.885465  0.766137   -0.210729  0.0789709 
-0.885465  0.766137   -0.210729  0.0313891 
-0.87152   0.718917   -0.280219  0.0190965 
-0.831047  0.756127   -0.362857  0.0570807 
-0.831047  0.756127   -0.362857  0.0245147 
-0.889763  0.720551   -0.313824  0.0228599 
-0.819     0.762031   -0.321474  0.046876  
-0.819     0.762031   -0.321474  0.0426502 
-0.839728  0.856909   -0.161304  0.0452861 
-0.757395  0.893757   -0.177112  0.0265736 
-0.810526  0.823537   -0.24162   0.0436321 
-0.810526  0.823537   -0.24162   0.0200442 
-0.781909  0.797781   -0.323014  0.0187199 
-0.777279  0.754351   -0.331188  0.0148692 
-0.791997  0.746687   -0.374423  0.0266091 
-0.830219  0.812743   -0.269997  0.0471048 
-0.818332  0.890854   -0.101387  0.0176104 
-0.738159  0.794984   -0.31645   0.0380066 
-0.711748  0.855199   -0.139684  0.0310305 
-0.709651  0.914336   -0.233164  0.0535111 
-0.696783  1.00782    -0.0314511 0.0739642 
-0.642416  1.09529    0.0102407  0.0702054 
-0.642416  1.09529    0.0102407  0.0780275 
-0.710211  1.00611    0.00373177 0.0535594 
-0.772     0.97387    -0.0558946 0.0655466 
-0.766278  1.01       0.112266   0.0898852 
-0.692063  0.96727    -0.0408594 0.046321  
-0.749759  0.939874   -0.101466  0.0550067 
-0.749759  0.939874   -0.101466  0.0451548 
-0.69074   0.957992   -0.0949219 0.0363576 
-0.646484  0.897028   -0.205041  0.0286118 
-0.681316  0.894474   -0.211686  0.0213784 
-0.615095  0.840756   -0.312915  0.0232709 
-0.523939  0.911117   -0.264122  0.0243891 
-0.482804  0.921592   -0.262884  0.039523  
-0.555714  1.01833    -0.140088  0.075423  
-0.557178  1.1128     0.0151944  0.063577  
-0.608744  1.16688    0.0496595  0.142322  
-0.608744  1.16688    0.0496595  0.0815223 
-0.608744  1.16688    0.0496595  0.0651255 
-0.557905  1.16512    0.201618   0.0602156 
-0.559144  1.14785    0.157602   0.0506974 
-0.504637  1.06893    -0.128224  0.0372197 
-0.438686  0.98385    -0.172205  0.0615241 
-0.461283  1.06678    -0.0840685 0.111291  
-0.461283  1.06678    -0.0840685 0.0473212 
-0.442196  1.14582    -0.0797386 0.0836846 
-0.442196  1.14582    -0.0797386 0.065838  
-0.432226  1.24428    0.116954   0.0596438 
-0.40866   1.25642    0.16716    0.0698163 
-0.336495  1.30077    0.256003   0.134626  
-0.339189  1.31674    0.463512   0.103885  
-0.43077   1.35902    0.532248   0.0823329 
-0.487502  1.31601    0.349112   0.0942851 
-0.451683  1.25425    0.335363   0.254381  
-0.451683  1.25425    0.335363   0.127916  
-0.518626  1.27386    0.637698   0.0568738 
-0.444287  1.22485    0.0440902  0.0661566 
-0.456081  1.19424    0.0836769  0.0536197 
-0.399957  1.13421    -0.0479622 0.059848  
-0.493515  1.15116    0.045086   0.0321154 
-0.451297  1.06769    -0.187222  0.0276484 
-0.453934  1.03425    -0.207098  0.0410002 
-0.466752  1.01206    -0.165105  0.0308044 
-0.456137  0.991558   -0.227676  0.0256867 
-0.494782  0.895678   -0.234599  0.0183512 
-0.540177  0.814557   -0.283729  0.0151485 
-0.472245  0.742235   -0.252528  0.014119  
-0.491947  0.744665   -0.259812  0.0169825 
-0.577847  0.81479    -0.265193  0.0212844 
-0.651132  0.803149   -0.293032  0.0218293 
-0.562713  0.863321   -0.269688  0.0234605 
-0.645971  0.866353   -0.276995  0.0266342 
-0.641062  0.873045   -0.247174  0.032313  
-0.676606  0.861973   -0.240651  0.0249446 
-0.608417  0.795344   -0.28701   0.0172915 
-0.60363   0.755974   -0.304378  0.0229618 
-0.60294   0.843174   -0.271896  0.0183636 
-0.620867  0.868025   -0.308167  0.0213493 
-0.659061  0.790547   -0.291514  0.0102711 
-0.716437  0.705527   -0.39542   0.0079811 
-0.6649    0.647428   -0.381209  0.0078244 
-0.678148  0.623846   -0.397866  0.0134422 
-0.624675  0.688118   -0.334637  0.00964112
-0.628342  0.602467   -0.354598  0.0125037 
-0.628342  0.602467   -0.354598  0.00935027
-0.629961  0.588931   -0.326585  0.0184453 
-0.673297  0.491478   -0.262269  0.0420741 
-0.665745  0.401116   0.177447   0.0346097 
-0.620219  0.413407   0.0980084  0.053186  
-0.670991  0.367391   0.578413   0.0291399 
-0.705162  0.443233   -0.0135702 0.0289105 
-0.62363   0.444876   -0.12723   0.0174396 
-0.621589  0.500355   -0.260693  0.0120646 
-0.658728  0.541789   -0.331948  0.012121  
-0.716151  0.61844    -0.402956  0.0129914 
-0.75115   0.678242   -0.393387  0.0111062 
-0.799867  0.672071   -0.422222  0.0175904 
-0.764901  0.7266     -0.369631  0.0175054 
-0.670833  0.80734    -0.351005  0.0244649 
-0.75079   0.838696   -0.272596  0.0328283 
-0.760809  0.845588   -0.255743  0.0245291 
-0.750067  0.851197   -0.270769  0.0752446 
-0.754505  0.907406   -0.054182  0.0308431 
-0.679697  0.839414   -0.254121  0.0210146 
-0.621976  0.879197   -0.283814  0.0241875 
-0.531876  0.794809   -0.286856  0.0170656 
-0.586181  0.815009   -0.330851  0.0131013 
-0.608072  0.744179   -0.34725   0.013535  
-0.608072  0.744179   -0.34725   0.0151627 
-0.517822  0.825223   -0.291582  0.0147163 
-0.429398  0.771411   -0.216093  0.0197499 
-0.40084   0.838098   -0.233407  0.015035  
-0.482012  0.739976   -0.240227  0.0167481 
-0.447954  0.650214   -0.154813  0.0176937 
-0.447349  0.550389   -0.0114666 0.0137635 
-0.501143  0.649443   -0.191031  0.0132957 
-0.561641  0.745989   -0.288898  0.0112113 
-0.590285  0.686805   -0.337334  0.0135673 
-0.507352  0.780456   -0.286999  0.0157635 
-0.413628  0.841677   -0.268412  0.0284216 
-0.418448  0.940697   -0.202818  0.0186906 
-0.39797   0.995002   -0.27134   0.020553  
-0.395393  0.905535   -0.214047  0.0177572 
-0.441269  0.853604   -0.25357   0.0182208 
-0.511094  0.841125   -0.276499  0.0136366 
-0.55047   0.756067   -0.31702   0.0146828 
-0.490326  0.706961   -0.219692  0.0143125 
-0.507124  0.667636   -0.235324  0.0162817 
-0.44798   0.657002   -0.162852  0.0146507 
-0.531946  0.589064   -0.223954  0.0159666 
-0.5549    0.513239   -0.204781  0.0161682 
-0.495913  0.546229   -0.119163  0.0200374 
-0.495913  0.546229   -0.119163  0.0124787 
-0.560963  0.623403   -0.274725  0.0142111 
-0.509632  0.561175   -0.122401  0.0129903 
-0.549302  0.576443   -0.246816  0.0135591 
-0.537157  0.56574    -0.203932  0.0195256 
-0.537157  0.56574    -0.203932  0.018574  
-0.537157  0.56574    -0.203932  0.0123087 
-0.570561  0.651029   -0.316579  0.00813899
-0.669844  0.61065    -0.382382  0.00787047
-0.750056  0.575568   -0.419577  0.00753024
-0.80433   0.585549   -0.435859  0.00897983
-0.748774  0.591009   -0.423091  0.00568219
-0.813462  0.624368   -0.46369   0.00667427
-0.813462  0.624368   -0.46369   0.0140502 
-0.895046  0.552795   -0.372121  0.0182447 
-0.801447  0.509348   -0.3348    0.0168978 
-0.89845   0.510388   -0.263291  0.00940975
-0.885488  0.594757   -0.42608   0.0148864 
-0.885488  0.594757   -0.42608   0.00875475
-0.786109  0.659564   -0.435369  0.00933915
-0.83062   0.641581   -0.433305  0.0193208 
-0.83062   0.641581   -0.433305  0.0148633 
-0.751379  0.676467   -0.413397  0.0138904 
-0.663491  0.77594    -0.353015  0.0258403 
-0.692288  0.842528   -0.287078  0.0273671 
-0.699358  0.902992   -0.247325  0.0370507 
-0.617342  0.8468     -0.253644  0.0291461 
-0.650097  0.894349   -0.211219  0.0462511 
-0.593572  0.953901   -0.132986  0.0252325 
-0.617574  0.913464   -0.248     0.0302615 
-0.534684  0.977247   -0.220362  0.0324854 
-0.53786   0.937288   -0.250891  0.0179024 
-0.452942  0.973341   -0.274076  0.0283354 
-0.402071  1.05944    -0.178452  0.0175768 
-0.31053   0.978464   -0.293859  0.0177131 
-0.324957  0.97066    -0.271056  0.0195585 
-0.423567  0.912907   -0.270798  0.0163524 
-0.423567  0.912907   -0.270798  0.02714   
-0.52202   0.996168   -0.264809  0.0373926 
-0.514383  1.00089    -0.183142  0.0269836 
-0.445473  0.978523   -0.218448  0.0332688 
-0.496701  0.986056   -0.198274  0.0262281 
-0.500498  0.973002   -0.243205  0.0160964 
-0.436375  0.897155   -0.271194  0.0252723 
-0.382705  0.914606   -0.249134  0.0154103 
-0.46699   0.820013   -0.248284  0.016886  
-0.43058   0.903154   -0.274344  0.0167631 
-0.348885  0.944976   -0.260271  0.0170732 
-0.366332  0.933444   -0.264072  0.0142437 
-0.435202  0.886239   -0.300956  0.0231271 
-0.427915  0.908726   -0.221806  0.0147151 
-0.429523  0.828468   -0.250181  0.015941  
-0.429523  0.828468   -0.250181  0.014461  
-0.49408   0.750997   -0.243433  0.0148327 
-0.499307  0.716166   -0.244825  0.0159404 
-0.435296  0.735566   -0.200711  0.0133232 
-0.524827  0.638009   -0.209805  0.0106258 
-0.619074  0.705349   -0.342349  0.0104038 
-0.628553  0.713244   -0.369058  0.0114391 
-0.701759  0.734015   -0.390283  0.0208227 
-0.648338  0.827684   -0.306816  0.0148172 
-0.605675  0.738802   -0.318914  0.0135212 
-0.537398  0.753251   -0.283816  0.0136827 
-0.565735  0.7458     -0.313376  0.0178355 
-0.619848  0.8436     -0.295247  0.0278263 
-0.660307  0.909714   -0.25126   0.025315  
-0.593094  0.838277   -0.297914  0.0278215 
-0.662234  0.881371   -0.223729  0.030538  
-0.690354  0.839274   -0.259781  0.0231801 
-0.757059  0.842513   -0.285242  0.028449  
-0.757059  0.842513   -0.285242  0.0731361 
-0.807451  0.893495   -0.0376496 0.0310093 
-0.819971  0.84964    -0.207491  0.0331247 
-0.831943  0.793276   -0.277907  0.0307259 
-0.838294  0.724062   -0.332608  0.0138072 
-0.805588  0.688452   -0.394369  0.01854   
-0.743819  0.609588   -0.423949  0.00844944
-0.648947  0.625073   -0.355392  0.00812066
-0.672796  0.625201   -0.386349  0.0120597 
-0.643259  0.708551   -0.353147  0.0122045 
-0.655962  0.714679   -0.356381  0.0115439 
-0.563121  0.618272   -0.264165  0.0147077 
-0.507684  0.679398   -0.254682  0.0130901 
-0.535121  0.685132   -0.2722    0.0128939 
-0.56648   0.691659   -0.299549  0.00989362
-0.608969  0.619134   -0.319764  0.0118829 
-0.578172  0.628686   -0.30874   0.0110384 
-0.640881  0.556505   -0.367006  0.0127563 
-0.549223  0.585702   -0.236418  0.0141401 
-0.510104  0.562585   -0.135632  0.0166579 
-0.507901  0.516955   -0.142384  0.0218051 
-0.56775   0.455198   -0.0420196 0.0191404 
-0.499796  0.497251   -0.0914025 0.0250166 
-0.499796  0.497251   -0.0914025 0.0275623 
-0.480895  0.420506   0.0816531  0.0619018 
-0.480895  0.420506   0.0816531  0.0305629 
-0.572211  0.431986   -0.0413356 0.0160414 
-0.506851  0.523949   -0.101482  0.0180439 
-0.506851  0.523949   -0.101482  0.0245155 
-0.506851  0.523949   -0.101482  0.0179608 
-0.433966  0.573355   -0.0435656 0.0179795 
-0.530183  0.491062   -0.0976912 0.0267321 
-0.530183  0.491062   -0.0976912 0.0122949 
-0.558902  0.579882   -0.232874  0.0100132 
-0.643453  0.574853   -0.368598  0.0153161 
-0.742443  0.518637   -0.340683  0.00759823
-0.806651  0.582252   -0.445765  0.00788379
-0.842176  0.58631    -0.432656  0.00888404
-0.762465  0.668698   -0.426572  0.00644536
-0.777508  0.622932   -0.440645  0.00987707
-0.841778  0.563716   -0.399521  0.0237965 
-0.814977  0.480243   -0.247943  0.0214234 
-0.830439  0.493091   -0.262411  0.00985451
-0.857916  0.570593   -0.40948   0.0125859 
-0.874878  0.535326   -0.334899  0.0163551 
-0.869833  0.519336   -0.313547  0.00944144
-0.885601  0.570694   -0.394314  0.0132451 
-0.980958  0.618491   -0.325867  0.0116858 
-0.94061   0.554619   -0.325181  0.020475  
-0.871779  0.496549   -0.268904  0.0212968 
-0.907741  0.484443   -0.190787  0.0283547 
-0.907741  0.484443   -0.190787  0.01665   
-0.878692  0.513646   -0.303884  0.0332523 
-0.878692  0.513646   -0.303884  0.0177293 
-0.877918  0.509384   -0.312699  0.0234666 
-0.877918  0.509384   -0.312699  0.0281101 
-0.847885  0.453533   -0.0864572 0.0367113 
-0.847885  0.453533   -0.0864572 0.0457159 
-0.847885  0.453533   -0.0864572 0.0167158 
-0.878854  0.515441   -0.327743  0.032599  
-0.878854  0.515441   -0.327743  0.00937578
-0.92834   0.605588   -0.387713  0.0107796 
-0.92749   0.560013   -0.350259  0.0123856 
-0.972297  0.582358   -0.301619  0.0191695 
-0.982678  0.635032   -0.306522  0.0195688 
-1.0049    0.637416   -0.272511  0.0220385 
-1.0049    0.637416   -0.272511  0.0314009 
-0.992159  0.726059   -0.219696  0.034923  
-1.00806   0.716336   -0.136367  0.0356075 
-1.00806   0.716336   -0.136367  0.047769  
-1.00806   0.716336   -0.136367  0.0240354 
-1.07537   0.621322   -0.102479  0.036564  
-1.05896   0.688862   -0.109977  0.030223  
-1.05896   0.688862   -0.109977  0.0397559 
-1.02093   0.767222   -0.0463294 0.026493  
-0.981411  0.719323   -0.241713  0.0329099 
-0.996206  0.702944   -0.195623  0.0425933 
-0.996206  0.702944   -0.195623  0.0539355 
-1.02159   0.793369   0.0230193  0.0359626 
-0.955201  0.747322   -0.161423  0.0345158 
-0.926378  0.789833   -0.180016  0.0490289 
-0.991103  0.811489   0.0312489  0.0395736 
-0.931699  0.834641   -0.0717514 0.0340551 
-0.908304  0.77519    -0.203015  0.0298272 
-0.901412  0.7909     -0.201079  0.0171809 
-0.839812  0.709893   -0.397545  0.0145132 
-0.825667  0.715075   -0.403606  0.0142014 
-0.916871  0.66074    -0.368859  0.0247571 
-0.887616  0.724916   -0.33154   0.00778229
-0.789425  0.642781   -0.440423  0.0369936 
-0.712389  0.732205   -0.365471  0.01109   
-0.61284   0.704622   -0.338271  0.0119214 
-0.675988  0.754524   -0.382394  0.0155342 
-0.675988  0.754524   -0.382394  0.0187397 
-0.677589  0.849415   -0.286309  0.0228701 
-0.648898  0.911266   -0.263976  0.0305766 
