#MU        SIGMA      ENERGY     ERROR     
-0.712447  0.609968   -0.423956  0.00954213
-0.712447  0.609968   -0.423956  0.00671609
-0.720521  0.626362   -0.419343  0.0109585 
-0.720521  0.626362   -0.419343  0.00869606
-0.720521  0.626362   -0.419343  0.00938104
-0.720521  0.626362   -0.419343  0.00916885
-0.720521  0.626362   -0.419343  0.0146554 
-0.720521  0.626362   -0.419343  0.0121382 
-0.720521  0.626362   -0.419343  0.00844075
-0.793665  0.619386   -0.448608  0.00825193
-0.793665  0.619386   -0.448608  0.0124108 
-0.793665  0.619386   -0.448608  0.015971  
-0.793665  0.619386   -0.448608  0.00880204
-0.793665  0.619386   -0.448608  0.00912243
-0.793665  0.619386   -0.448608  0.0118616 
-0.793665  0.619386   -0.448608  0.0143536 
-0.793665  0.619386   -0.448608  0.0104708 
-0.793665  0.619386   -0.448608  0.00622454
-0.751427  0.640907   -0.433355  0.00720375
-0.825581  0.652552   -0.439367  0.0120669 
-0.825581  0.652552   -0.439367  0.0136101 
-0.825581  0.652552   -0.439367  0.0227574 
-0.825581  0.652552   -0.439367  0.0111302 
-0.825581  0.652552   -0.439367  0.014681  
-0.825581  0.652552   -0.439367  0.0307585 
-0.825581  0.652552   -0.439367  0.00807004
-0.825581  0.652552   -0.439367  0.00790418
-0.825581  0.652552   -0.439367  0.0151975 
-0.825581  0.652552   -0.439367  0.00844205
-0.824103  0.61134    -0.434634  0.015675  
-0.824103  0.61134    -0.434634  0.00726128
-0.769592  0.604253   -0.45582   0.00829111
-0.769592  0.604253   -0.45582   0.00778797
-0.746519  0.581935   -0.42863   0.0111295 
-0.746519  0.581935   -0.42863   0.010008  
-0.746519  0.581935   -0.42863   0.017596  
-0.746519  0.581935   -0.42863   0.00753417
-0.799874  0.622841   -0.447773  0.0161703 
-0.799874  0.622841   -0.447773  0.00806458
-0.799874  0.622841   -0.447773  0.0116783 
-0.799874  0.622841   -0.447773  0.0216932 
-0.799874  0.622841   -0.447773  0.0163369 
-0.799874  0.622841   -0.447773  0.00848329
-0.799874  0.622841   -0.447773  0.00703656
-0.799874  0.622841   -0.447773  0.0065182 
-0.799874  0.622841   -0.447773  0.0089783 
-0.799874  0.622841   -0.447773  0.00618554
-0.778243  0.621989   -0.44985   0.0131961 
-0.778243  0.621989   -0.44985   0.0108328 
-0.778243  0.621989   -0.44985   0.00796334
-0.778243  0.621989   -0.44985   0.0115949 
-0.778243  0.621989   -0.44985   0.0131745 
-0.778243  0.621989   -0.44985   0.0131485 
-0.778243  0.621989   -0.44985   0.0112251 
-0.778243  0.621989   -0.44985   0.00890357
-0.778243  0.621989   -0.44985   0.00667591
-0.763951  0.643263   -0.437835  0.0165257 
-0.763951  0.643263   -0.437835  0.00718504
-0.800273  0.646019   -0.438354  0.0137453 
-0.897309  0.649075   -0.388718  0.0320546 
-0.897309  0.649075   -0.388718  0.00713642
-0.799482  0.637403   -0.442777  0.0257425 
-0.799482  0.637403   -0.442777  0.0147919 
-0.799482  0.637403   -0.442777  0.006911  
-0.799482  0.637403   -0.442777  0.00854506
-0.799482  0.637403   -0.442777  0.0110027 
-0.799482  0.637403   -0.442777  0.00942989
-0.799482  0.637403   -0.442777  0.0134897 
-0.799482  0.637403   -0.442777  0.0125105 
-0.799482  0.637403   -0.442777  0.013769  
-0.799482  0.637403   -0.442777  0.015298  
-0.799482  0.637403   -0.442777  0.00931551
-0.799114  0.662194   -0.447429  0.0086364 
-0.799918  0.671916   -0.431691  0.00548926
-0.794813  0.634132   -0.450817  0.00814825
-0.847871  0.597703   -0.431843  0.0174192 
-0.847871  0.597703   -0.431843  0.00948315
-0.839466  0.570136   -0.42202   0.00719751
-0.876821  0.621468   -0.423555  0.026217  
-0.876821  0.621468   -0.423555  0.009932  
-0.876821  0.621468   -0.423555  0.0128248 
-0.876821  0.621468   -0.423555  0.0125517 
-0.876821  0.621468   -0.423555  0.010125  
-0.876821  0.621468   -0.423555  0.0332296 
-0.876821  0.621468   -0.423555  0.0301968 
-0.876821  0.621468   -0.423555  0.00653383
-0.798996  0.60815    -0.454789  0.00632473
-0.798996  0.60815    -0.454789  0.00841362
-0.798996  0.60815    -0.454789  0.0134492 
-0.798996  0.60815    -0.454789  0.0110215 
-0.798996  0.60815    -0.454789  0.0145786 
-0.798996  0.60815    -0.454789  0.0103499 
-0.798996  0.60815    -0.454789  0.0113995 
-0.798996  0.60815    -0.454789  0.00996017
-0.798996  0.60815    -0.454789  0.00650908
-0.798996  0.60815    -0.454789  0.0104979 
-0.798996  0.60815    -0.454789  0.0169492 
-0.798996  0.60815    -0.454789  0.00798282
-0.798996  0.60815    -0.454789  0.0170041 
-0.798996  0.60815    -0.454789  0.00879978
-0.773259  0.573486   -0.453558  0.00754484
-0.79506   0.600988   -0.450036  0.00788303
-0.79506   0.600988   -0.450036  0.014284  
-0.79506   0.600988   -0.450036  0.0099064 
-0.79506   0.600988   -0.450036  0.01696   
-0.79506   0.600988   -0.450036  0.0080229 
-0.79506   0.600988   -0.450036  0.0117344 
-0.79506   0.600988   -0.450036  0.00636579
-0.79506   0.600988   -0.450036  0.0111387 
-0.79506   0.600988   -0.450036  0.00972872
-0.79506   0.600988   -0.450036  0.00742992
-0.79506   0.600988   -0.450036  0.0061477 
-0.79506   0.600988   -0.450036  0.00788388
-0.79506   0.600988   -0.450036  0.0169484 
-0.79506   0.600988   -0.450036  0.00929429
-0.79506   0.600988   -0.450036  0.00693309
-0.79506   0.600988   -0.450036  0.0146406 
-0.79506   0.600988   -0.450036  0.00825995
-0.79506   0.600988   -0.450036  0.0101239 
-0.79506   0.600988   -0.450036  0.0147408 
-0.79506   0.600988   -0.450036  0.0066228 
-0.79506   0.600988   -0.450036  0.00777349
-0.772079  0.685562   -0.443244  0.00935491
-0.772079  0.685562   -0.443244  0.0110697 
-0.772079  0.685562   -0.443244  0.0142856 
-0.772079  0.685562   -0.443244  0.00684248
-0.815173  0.62846    -0.443285  0.00763242
-0.752687  0.632111   -0.430162  0.0128098 
-0.752687  0.632111   -0.430162  0.0101073 
-0.752687  0.632111   -0.430162  0.0183081 
-0.752687  0.632111   -0.430162  0.0120651 
-0.752687  0.632111   -0.430162  0.00892496
-0.84746   0.57133    -0.420316  0.0100777 
-0.777805  0.612956   -0.434676  0.0118042 
-0.777805  0.612956   -0.434676  0.0176204 
-0.777805  0.612956   -0.434676  0.00825826
-0.846776  0.601394   -0.434402  0.0112247 
-0.846776  0.601394   -0.434402  0.00792611
-0.807903  0.581414   -0.445823  0.00857622
-0.807903  0.581414   -0.445823  0.00726656
-0.770463  0.649701   -0.447229  0.00949281
-0.770463  0.649701   -0.447229  0.00986827
-0.770463  0.649701   -0.447229  0.00735243
-0.743169  0.637453   -0.433365  0.00776522
-0.743169  0.637453   -0.433365  0.0108606 
-0.743169  0.637453   -0.433365  0.0083093 
-0.729344  0.58163    -0.424033  0.00833314
-0.729344  0.58163    -0.424033  0.0123673 
-0.729344  0.58163    -0.424033  0.00713211
-0.729344  0.58163    -0.424033  0.0143506 
-0.729344  0.58163    -0.424033  0.00957675
-0.729344  0.58163    -0.424033  0.00751576
-0.729344  0.58163    -0.424033  0.0111236 
-0.729344  0.58163    -0.424033  0.00949652
-0.729344  0.58163    -0.424033  0.0102215 
-0.805107  0.645838   -0.436675  0.0147396 
-0.805107  0.645838   -0.436675  0.00739845
-0.830563  0.59071    -0.425235  0.00964159
-0.830563  0.59071    -0.425235  0.00882813
-0.830563  0.59071    -0.425235  0.00696979
-0.761618  0.616408   -0.436585  0.0128026 
-0.761618  0.616408   -0.436585  0.0103095 
-0.761618  0.616408   -0.436585  0.00792824
-0.851599  0.623514   -0.449642  0.00851691
-0.851599  0.623514   -0.449642  0.00796849
-0.851599  0.623514   -0.449642  0.0104356 
-0.851599  0.623514   -0.449642  0.0149734 
-0.851599  0.623514   -0.449642  0.00985393
-0.851599  0.623514   -0.449642  0.00901337
-0.851599  0.623514   -0.449642  0.011874  
-0.851599  0.623514   -0.449642  0.0158314 
-0.851599  0.623514   -0.449642  0.00685087
-0.851599  0.623514   -0.449642  0.0130508 
-0.851599  0.623514   -0.449642  0.00840056
-0.771582  0.657244   -0.427824  0.00871263
-0.763863  0.657414   -0.423356  0.010989  
-0.763863  0.657414   -0.423356  0.00746547
-0.747295  0.605069   -0.439451  0.0169923 
-0.747295  0.605069   -0.439451  0.0128447 
-0.738899  0.685352   -0.414363  0.00741839
-0.718893  0.657238   -0.431683  0.00814796
-0.711499  0.587165   -0.427037  0.0106549 
-0.711499  0.587165   -0.427037  0.00791139
-0.711499  0.587165   -0.427037  0.00958296
-0.762096  0.664016   -0.429514  0.00817478
-0.762096  0.664016   -0.429514  0.0253527 
-0.762096  0.664016   -0.429514  0.00872779
-0.765365  0.57916    -0.426263  0.00661351
-0.812767  0.6172     -0.456783  0.00948146
-0.812767  0.6172     -0.456783  0.00778071
-0.812767  0.6172     -0.456783  0.0089693 
-0.812767  0.6172     -0.456783  0.00815492
-0.812767  0.6172     -0.456783  0.0193572 
-0.812767  0.6172     -0.456783  0.00565403
-0.812767  0.6172     -0.456783  0.00671031
-0.812767  0.6172     -0.456783  0.0131877 
-0.812767  0.6172     -0.456783  0.00631757
-0.812767  0.6172     -0.456783  0.00893452
-0.812767  0.6172     -0.456783  0.0101386 
-0.812767  0.6172     -0.456783  0.0189078 
-0.812767  0.6172     -0.456783  0.00900069
-0.812767  0.6172     -0.456783  0.0110162 
-0.812767  0.6172     -0.456783  0.00727468
-0.812767  0.6172     -0.456783  0.0124477 
-0.812767  0.6172     -0.456783  0.0103809 
-0.812767  0.6172     -0.456783  0.0102968 
-0.812767  0.6172     -0.456783  0.0156417 
-0.812767  0.6172     -0.456783  0.00902198
-0.812767  0.6172     -0.456783  0.0132376 
-0.812767  0.6172     -0.456783  0.0137664 
-0.812767  0.6172     -0.456783  0.00791612
-0.812767  0.6172     -0.456783  0.00801718
-0.812767  0.6172     -0.456783  0.00781043
-0.772924  0.603561   -0.42772   0.0239551 
-0.772924  0.603561   -0.42772   0.0170828 
-0.772924  0.603561   -0.42772   0.0159312 
-0.772924  0.603561   -0.42772   0.0086557 
-0.772924  0.603561   -0.42772   0.00971874
-0.729645  0.693138   -0.414551  0.0168546 
-0.729645  0.693138   -0.414551  0.00883943
-0.789542  0.664771   -0.423661  0.0128038 
-0.789542  0.664771   -0.423661  0.00744226
-0.789542  0.664771   -0.423661  0.0202446 
-0.789542  0.664771   -0.423661  0.00782374
-0.712593  0.640755   -0.402365  0.00671399
-0.719737  0.631877   -0.433629  0.00833214
-0.75327   0.57506    -0.424922  0.00853694
-0.75327   0.57506    -0.424922  0.00950734
-0.779711  0.56425    -0.428665  0.0155556 
-0.779711  0.56425    -0.428665  0.009447  
-0.784277  0.653498   -0.426217  0.00821657
-0.871498  0.626393   -0.42598   0.0175688 
-0.871498  0.626393   -0.42598   0.00821419
-0.788394  0.57972    -0.432847  0.0148805 
-0.788394  0.57972    -0.432847  0.0105971 
-0.788394  0.57972    -0.432847  0.0136625 
-0.788394  0.57972    -0.432847  0.0085632 
-0.788394  0.57972    -0.432847  0.0160308 
-0.788394  0.57972    -0.432847  0.00777324
-0.787547  0.593149   -0.439212  0.00997748
-0.834647  0.659326   -0.436155  0.00769333
-0.816274  0.645797   -0.444824  0.0108531 
-0.816274  0.645797   -0.444824  0.014898  
-0.816274  0.645797   -0.444824  0.00996171
-0.816274  0.645797   -0.444824  0.00587145
-0.769258  0.612297   -0.447542  0.0115274 
-0.769258  0.612297   -0.447542  0.0107712 
-0.769258  0.612297   -0.447542  0.00709404
-0.769258  0.612297   -0.447542  0.0105883 
-0.769258  0.612297   -0.447542  0.0134753 
-0.769258  0.612297   -0.447542  0.0142324 
-0.769258  0.612297   -0.447542  0.00879697
-0.769258  0.612297   -0.447542  0.0177368 
-0.769258  0.612297   -0.447542  0.0112985 
-0.769258  0.612297   -0.447542  0.00805714
-0.770295  0.654729   -0.436999  0.0187729 
-0.770295  0.654729   -0.436999  0.00863444
-0.770295  0.654729   -0.436999  0.00749144
-0.770295  0.654729   -0.436999  0.00998365
-0.806015  0.560279   -0.412476  0.0243555 
-0.806015  0.560279   -0.412476  0.00985404
-0.806015  0.560279   -0.412476  0.00595715
-0.809594  0.625054   -0.455022  0.00775088
-0.845234  0.606379   -0.453404  0.0064273 
-0.845234  0.606379   -0.453404  0.0117826 
-0.845234  0.606379   -0.453404  0.00865172
-0.845234  0.606379   -0.453404  0.0135319 
-0.845234  0.606379   -0.453404  0.0137184 
-0.845234  0.606379   -0.453404  0.0066279 
-0.834071  0.646758   -0.460775  0.0311654 
-0.834071  0.646758   -0.460775  0.00757902
-0.834071  0.646758   -0.460775  0.0217471 
-0.834071  0.646758   -0.460775  0.0243167 
-0.834071  0.646758   -0.460775  0.0138544 
-0.834071  0.646758   -0.460775  0.0207562 
-0.834071  0.646758   -0.460775  0.0217618 
-0.834071  0.646758   -0.460775  0.0192695 
-0.834071  0.646758   -0.460775  0.0165885 
-0.834071  0.646758   -0.460775  0.0106411 
-0.834071  0.646758   -0.460775  0.00857435
-0.834071  0.646758   -0.460775  0.0137169 
-0.834071  0.646758   -0.460775  0.0144352 
-0.834071  0.646758   -0.460775  0.00890204
-0.834071  0.646758   -0.460775  0.0154925 
-0.834071  0.646758   -0.460775  0.0116868 
-0.834071  0.646758   -0.460775  0.0108751 
-0.837572  0.645943   -0.437821  0.0147999 
-0.837572  0.645943   -0.437821  0.00839189
-0.817217  0.673795   -0.445778  0.021376  
-0.817217  0.673795   -0.445778  0.00925035
-0.817217  0.673795   -0.445778  0.0127112 
-0.817217  0.673795   -0.445778  0.00915862
-0.817217  0.673795   -0.445778  0.0101626 
-0.817217  0.673795   -0.445778  0.0129871 
-0.817217  0.673795   -0.445778  0.0187657 
-0.817217  0.673795   -0.445778  0.0270311 
-0.817217  0.673795   -0.445778  0.00805824
-0.817217  0.673795   -0.445778  0.0064239 
-0.779379  0.607386   -0.446572  0.00922879
-0.779379  0.607386   -0.446572  0.0162822 
-0.779379  0.607386   -0.446572  0.0165127 
-0.779379  0.607386   -0.446572  0.0143999 
-0.779379  0.607386   -0.446572  0.00720704
-0.779379  0.607386   -0.446572  0.00779472
-0.779379  0.607386   -0.446572  0.00618296
-0.789073  0.637999   -0.444413  0.00784168
-0.789073  0.637999   -0.444413  0.0112237 
-0.789073  0.637999   -0.444413  0.0122134 
-0.789073  0.637999   -0.444413  0.00604708
-0.809474  0.616088   -0.454026  0.00713989
-0.809474  0.616088   -0.454026  0.00855703
-0.850032  0.576211   -0.42688   0.00672973
-0.793609  0.640081   -0.451138  0.00814936
-0.793609  0.640081   -0.451138  0.0135912 
-0.793609  0.640081   -0.451138  0.0139688 
-0.793609  0.640081   -0.451138  0.0160086 
-0.793609  0.640081   -0.451138  0.00598213
-0.793609  0.640081   -0.451138  0.00939853
-0.793609  0.640081   -0.451138  0.0083542 
-0.793609  0.640081   -0.451138  0.011611  
-0.793609  0.640081   -0.451138  0.00784679
-0.793609  0.640081   -0.451138  0.0151366 
-0.793609  0.640081   -0.451138  0.0115685 
-0.793609  0.640081   -0.451138  0.0217891 
-0.793609  0.640081   -0.451138  0.0181028 
-0.793609  0.640081   -0.451138  0.012117  
-0.793609  0.640081   -0.451138  0.0170027 
-0.793609  0.640081   -0.451138  0.00920556
-0.793609  0.640081   -0.451138  0.00876453
-0.793609  0.640081   -0.451138  0.0127608 
-0.793609  0.640081   -0.451138  0.0108177 
-0.793609  0.640081   -0.451138  0.013047  
-0.793609  0.640081   -0.451138  0.0131668 
-0.793609  0.640081   -0.451138  0.00703644
-0.793609  0.640081   -0.451138  0.0118706 
-0.793609  0.640081   -0.451138  0.00685276
-0.785533  0.598605   -0.444502  0.0108672 
-0.716568  0.649695   -0.409047  0.0151062 
-0.737112  0.699557   -0.39496   0.0134431 
-0.737112  0.699557   -0.39496   0.0146398 
-0.737112  0.699557   -0.39496   0.00747819
-0.718247  0.603307   -0.42037   0.0157065 
-0.718247  0.603307   -0.42037   0.00811125
-0.718247  0.603307   -0.42037   0.00812913
-0.734679  0.676679   -0.427608  0.00865557
-0.734679  0.676679   -0.427608  0.00908466
-0.734679  0.676679   -0.427608  0.00934915
-0.734679  0.676679   -0.427608  0.00962488
-0.734679  0.676679   -0.427608  0.00799647
-0.75809   0.665822   -0.434293  0.0113717 
-0.75809   0.665822   -0.434293  0.00743402
-0.75809   0.665822   -0.434293  0.0088012 
-0.75809   0.665822   -0.434293  0.0180371 
-0.75809   0.665822   -0.434293  0.00867054
-0.75809   0.665822   -0.434293  0.0105572 
-0.813106  0.633136   -0.434562  0.0162782 
-0.813106  0.633136   -0.434562  0.0096183 
-0.813106  0.633136   -0.434562  0.00831571
-0.805754  0.57604    -0.423072  0.00791661
-0.787698  0.65076    -0.437144  0.00834966
-0.787698  0.65076    -0.437144  0.00919631
-0.754617  0.566954   -0.421734  0.0176507 
-0.754617  0.566954   -0.421734  0.0112486 
-0.754617  0.566954   -0.421734  0.0091094 
-0.792336  0.66       -0.428263  0.00803096
-0.84603   0.597763   -0.435126  0.00975699
-0.794819  0.664686   -0.429006  0.00779018
-0.762637  0.582736   -0.424928  0.00889838
-0.762637  0.582736   -0.424928  0.013682  
-0.762637  0.582736   -0.424928  0.00887374
-0.778663  0.585469   -0.435548  0.0137744 
-0.778663  0.585469   -0.435548  0.0167201 
-0.778663  0.585469   -0.435548  0.0137218 
-0.778663  0.585469   -0.435548  0.0162899 
-0.778663  0.585469   -0.435548  0.0072898 
-0.781739  0.589227   -0.447287  0.0105525 
-0.781739  0.589227   -0.447287  0.00724494
-0.772335  0.591342   -0.438246  0.0117468 
-0.772335  0.591342   -0.438246  0.0139116 
-0.772335  0.591342   -0.438246  0.00746708
-0.772335  0.591342   -0.438246  0.00832414
-0.772335  0.591342   -0.438246  0.00750364
-0.772335  0.591342   -0.438246  0.0108031 
-0.772335  0.591342   -0.438246  0.0155292 
-0.772335  0.591342   -0.438246  0.0134253 
-0.772335  0.591342   -0.438246  0.00730369
-0.848811  0.610715   -0.44452   0.0135582 
-0.848811  0.610715   -0.44452   0.00913674
-0.848811  0.610715   -0.44452   0.0112879 
-0.848811  0.610715   -0.44452   0.0200935 
-0.848811  0.610715   -0.44452   0.0164906 
-0.848811  0.610715   -0.44452   0.0096744 
-0.848811  0.610715   -0.44452   0.0102252 
-0.848811  0.610715   -0.44452   0.0173879 
-0.848811  0.610715   -0.44452   0.0127164 
-0.848811  0.610715   -0.44452   0.00626882
-0.764412  0.624628   -0.448998  0.0124267 
-0.764412  0.624628   -0.448998  0.00813425
-0.764412  0.624628   -0.448998  0.00666129
-0.764412  0.624628   -0.448998  0.00721908
-0.764412  0.624628   -0.448998  0.0166887 
-0.764412  0.624628   -0.448998  0.0060063 
-0.769302  0.614391   -0.440532  0.00653864
-0.769302  0.614391   -0.440532  0.00538096
-0.752085  0.628641   -0.446317  0.00883314
-0.752085  0.628641   -0.446317  0.0135407 
-0.752085  0.628641   -0.446317  0.020046  
-0.752085  0.628641   -0.446317  0.0230355 
-0.752085  0.628641   -0.446317  0.00726467
-0.752085  0.628641   -0.446317  0.0075748 
-0.752085  0.628641   -0.446317  0.0089584 
-0.752085  0.628641   -0.446317  0.00835175
-0.752085  0.628641   -0.446317  0.00919251
-0.752085  0.628641   -0.446317  0.013142  
-0.752085  0.628641   -0.446317  0.00801458
-0.752085  0.628641   -0.446317  0.00695611
-0.752085  0.628641   -0.446317  0.00905036
-0.752085  0.628641   -0.446317  0.00714762
-0.752085  0.628641   -0.446317  0.00948466
-0.752085  0.628641   -0.446317  0.00611512
-0.764905  0.62937    -0.443482  0.0159357 
-0.764905  0.62937    -0.443482  0.00848456
-0.764905  0.62937    -0.443482  0.00918483
-0.764905  0.62937    -0.443482  0.0109481 
-0.764905  0.62937    -0.443482  0.0160199 
-0.764905  0.62937    -0.443482  0.00805396
-0.764905  0.62937    -0.443482  0.0151757 
-0.764905  0.62937    -0.443482  0.0141594 
-0.764905  0.62937    -0.443482  0.00945528
-0.764905  0.62937    -0.443482  0.0087592 
-0.764905  0.62937    -0.443482  0.019445  
-0.764905  0.62937    -0.443482  0.00557773
-0.765449  0.631203   -0.450215  0.0100217 
-0.765449  0.631203   -0.450215  0.0116853 
-0.765449  0.631203   -0.450215  0.00933683
-0.765449  0.631203   -0.450215  0.00794562
-0.765449  0.631203   -0.450215  0.0131166 
-0.765449  0.631203   -0.450215  0.00969454
-0.765449  0.631203   -0.450215  0.0096511 
-0.765449  0.631203   -0.450215  0.00706553
-0.765449  0.631203   -0.450215  0.00685971
-0.765449  0.631203   -0.450215  0.00960306
-0.765449  0.631203   -0.450215  0.00677838
-0.791035  0.600391   -0.440083  0.0178513 
-0.791035  0.600391   -0.440083  0.00853135
-0.791035  0.600391   -0.440083  0.0178644 
-0.791035  0.600391   -0.440083  0.00661397
-0.786488  0.605569   -0.451045  0.0122505 
-0.786488  0.605569   -0.451045  0.00844325
-0.786488  0.605569   -0.451045  0.0079839 
-0.786488  0.605569   -0.451045  0.00626217
-0.81236   0.649406   -0.454198  0.0286007 
-0.81236   0.649406   -0.454198  0.0131788 
-0.81236   0.649406   -0.454198  0.0104226 
-0.81236   0.649406   -0.454198  0.0124985 
-0.81236   0.649406   -0.454198  0.00874849
-0.81236   0.649406   -0.454198  0.00759848
-0.81236   0.649406   -0.454198  0.00794066
-0.81236   0.649406   -0.454198  0.0248635 
-0.81236   0.649406   -0.454198  0.00973323
-0.81236   0.649406   -0.454198  0.012751  
-0.81236   0.649406   -0.454198  0.0176101 
-0.81236   0.649406   -0.454198  0.0106862 
-0.81236   0.649406   -0.454198  0.025643  
-0.81236   0.649406   -0.454198  0.0105495 
-0.81236   0.649406   -0.454198  0.0198592 
-0.81236   0.649406   -0.454198  0.0165846 
-0.81236   0.649406   -0.454198  0.012042  
-0.81236   0.649406   -0.454198  0.00808112
-0.81236   0.649406   -0.454198  0.0215896 
-0.81236   0.649406   -0.454198  0.0106712 
-0.81236   0.649406   -0.454198  0.0113311 
-0.81236   0.649406   -0.454198  0.00902016
-0.81236   0.649406   -0.454198  0.018662  
-0.81236   0.649406   -0.454198  0.0110658 
-0.81236   0.649406   -0.454198  0.0106444 
-0.81236   0.649406   -0.454198  0.0114302 
-0.81236   0.649406   -0.454198  0.0204801 
-0.81236   0.649406   -0.454198  0.0104819 
-0.81236   0.649406   -0.454198  0.012348  
-0.81236   0.649406   -0.454198  0.0213859 
-0.81236   0.649406   -0.454198  0.00991859
-0.81236   0.649406   -0.454198  0.00953225
-0.81236   0.649406   -0.454198  0.00706678
-0.81236   0.649406   -0.454198  0.0142988 
-0.81236   0.649406   -0.454198  0.00657973
-0.81236   0.649406   -0.454198  0.0100109 
-0.81236   0.649406   -0.454198  0.0129834 
-0.81236   0.649406   -0.454198  0.00973735
-0.81236   0.649406   -0.454198  0.00899874
-0.81236   0.649406   -0.454198  0.0127194 
-0.81236   0.649406   -0.454198  0.0141981 
-0.81236   0.649406   -0.454198  0.00774501
-0.81236   0.649406   -0.454198  0.0135192 
-0.81236   0.649406   -0.454198  0.00663092
-0.81236   0.649406   -0.454198  0.00890709
-0.81236   0.649406   -0.454198  0.0114028 
-0.81236   0.649406   -0.454198  0.0104611 
-0.81236   0.649406   -0.454198  0.015634  
-0.81236   0.649406   -0.454198  0.0119324 
-0.81236   0.649406   -0.454198  0.0245381 
-0.81236   0.649406   -0.454198  0.00698038
-0.729809  0.633288   -0.417958  0.0100295 
-0.729809  0.633288   -0.417958  0.0104369 
-0.729809  0.633288   -0.417958  0.011164  
-0.773154  0.551481   -0.419278  0.00907537
-0.782866  0.625194   -0.433532  0.0108946 
-0.806735  0.556952   -0.434428  0.0172712 
-0.806735  0.556952   -0.434428  0.0113452 
-0.806735  0.556952   -0.434428  0.014853  
-0.806735  0.556952   -0.434428  0.00692673
-0.754603  0.589367   -0.430117  0.0116533 
-0.754603  0.589367   -0.430117  0.0141003 
-0.754603  0.589367   -0.430117  0.00769214
-0.69834   0.596566   -0.395228  0.0103664 
-0.69834   0.596566   -0.395228  0.00927935
-0.720255  0.691939   -0.402187  0.00773809
-0.689735  0.610676   -0.410879  0.0129333 
-0.689735  0.610676   -0.410879  0.00926823
-0.689735  0.610676   -0.410879  0.0130387 
-0.689735  0.610676   -0.410879  0.0108239 
-0.689735  0.610676   -0.410879  0.00957931
-0.689735  0.610676   -0.410879  0.00549521
-0.765717  0.635008   -0.443511  0.0144768 
-0.765717  0.635008   -0.443511  0.0102986 
-0.765717  0.635008   -0.443511  0.00774688
-0.765717  0.635008   -0.443511  0.0103391 
-0.765717  0.635008   -0.443511  0.00859991
-0.765717  0.635008   -0.443511  0.00751034
-0.802037  0.587504   -0.450249  0.00668988
-0.802037  0.587504   -0.450249  0.00968233
-0.802037  0.587504   -0.450249  0.00974455
-0.802037  0.587504   -0.450249  0.0168677 
-0.802037  0.587504   -0.450249  0.0174644 
-0.802037  0.587504   -0.450249  0.00677324
-0.802037  0.587504   -0.450249  0.00834783
-0.802037  0.587504   -0.450249  0.00629207
-0.802037  0.587504   -0.450249  0.0102008 
-0.802037  0.587504   -0.450249  0.00884728
-0.802037  0.587504   -0.450249  0.0149316 
-0.802037  0.587504   -0.450249  0.00672436
-0.802037  0.587504   -0.450249  0.00796669
-0.802037  0.587504   -0.450249  0.0088024 
-0.802037  0.587504   -0.450249  0.00605254
-0.763849  0.624984   -0.450202  0.00927362
-0.80077   0.610054   -0.443866  0.0104072 
-0.80077   0.610054   -0.443866  0.0113464 
-0.80077   0.610054   -0.443866  0.0116637 
-0.80077   0.610054   -0.443866  0.0133473 
-0.80077   0.610054   -0.443866  0.00818778
-0.80077   0.610054   -0.443866  0.0109709 
-0.80077   0.610054   -0.443866  0.00839688
-0.80077   0.610054   -0.443866  0.0112109 
-0.80077   0.610054   -0.443866  0.0072984 
-0.800714  0.604968   -0.446169  0.0113016 
-0.800714  0.604968   -0.446169  0.00878082
-0.800714  0.604968   -0.446169  0.00686301
-0.800714  0.604968   -0.446169  0.00761211
-0.810406  0.584925   -0.442334  0.0202536 
-0.810406  0.584925   -0.442334  0.0121739 
-0.810406  0.584925   -0.442334  0.0101424 
-0.810406  0.584925   -0.442334  0.0119647 
-0.810406  0.584925   -0.442334  0.00746117
-0.810406  0.584925   -0.442334  0.00752097
-0.810406  0.584925   -0.442334  0.00892874
-0.810406  0.584925   -0.442334  0.0181028 
-0.810406  0.584925   -0.442334  0.0180472 
-0.810406  0.584925   -0.442334  0.0100257 
-0.810406  0.584925   -0.442334  0.00705178
-0.74537   0.657083   -0.437532  0.0110771 
-0.74537   0.657083   -0.437532  0.00730885
-0.74537   0.657083   -0.437532  0.0172621 
-0.74537   0.657083   -0.437532  0.0168522 
-0.74537   0.657083   -0.437532  0.0116109 
-0.74537   0.657083   -0.437532  0.0140632 
-0.74537   0.657083   -0.437532  0.00776377
-0.74537   0.657083   -0.437532  0.008769  
-0.814631  0.655494   -0.444003  0.0212494 
-0.814631  0.655494   -0.444003  0.0186605 
-0.814631  0.655494   -0.444003  0.00915437
-0.814631  0.655494   -0.444003  0.0169634 
-0.814631  0.655494   -0.444003  0.0138374 
-0.814631  0.655494   -0.444003  0.0101593 
-0.814631  0.655494   -0.444003  0.0205774 
-0.814631  0.655494   -0.444003  0.0248317 
-0.814631  0.655494   -0.444003  0.0132653 
-0.814631  0.655494   -0.444003  0.0173191 
-0.814631  0.655494   -0.444003  0.00584469
-0.743099  0.615944   -0.439942  0.0138298 
-0.743099  0.615944   -0.439942  0.0100882 
-0.743099  0.615944   -0.439942  0.0125688 
-0.743099  0.615944   -0.439942  0.00733999
-0.758075  0.63905    -0.441782  0.0146584 
-0.758075  0.63905    -0.441782  0.00949473
-0.758075  0.63905    -0.441782  0.006735  
-0.758075  0.63905    -0.441782  0.00912517
-0.774091  0.570456   -0.430308  0.00837181
-0.822328  0.608764   -0.440529  0.00724581
-0.806502  0.596921   -0.454124  0.00837373
-0.806502  0.596921   -0.454124  0.00591445
-0.806502  0.596921   -0.454124  0.00711409
-0.806502  0.596921   -0.454124  0.0104019 
-0.806502  0.596921   -0.454124  0.0220898 
-0.806502  0.596921   -0.454124  0.0103529 
-0.806502  0.596921   -0.454124  0.0107938 
-0.806502  0.596921   -0.454124  0.00808613
-0.806502  0.596921   -0.454124  0.0125791 
-0.806502  0.596921   -0.454124  0.00994624
-0.806502  0.596921   -0.454124  0.00898261
-0.806502  0.596921   -0.454124  0.00860573
-0.806502  0.596921   -0.454124  0.00941794
-0.806502  0.596921   -0.454124  0.0194684 
-0.806502  0.596921   -0.454124  0.00969164
-0.806502  0.596921   -0.454124  0.00873219
-0.806502  0.596921   -0.454124  0.0163507 
-0.806502  0.596921   -0.454124  0.00953076
-0.806502  0.596921   -0.454124  0.00792585
-0.806502  0.596921   -0.454124  0.0117534 
-0.806502  0.596921   -0.454124  0.0129027 
-0.806502  0.596921   -0.454124  0.0128297 
-0.806502  0.596921   -0.454124  0.00811967
-0.810761  0.580724   -0.442819  0.0106701 
-0.806441  0.674817   -0.431612  0.00989244
-0.807847  0.677811   -0.428109  0.0102375 
-0.807847  0.677811   -0.428109  0.0173224 
-0.807847  0.677811   -0.428109  0.0186584 
-0.807847  0.677811   -0.428109  0.00985622
-0.870037  0.620162   -0.418225  0.0120298 
-0.870037  0.620162   -0.418225  0.0138916 
-0.870037  0.620162   -0.418225  0.0147086 
-0.870037  0.620162   -0.418225  0.0098688 
-0.778818  0.573291   -0.411585  0.00974709
-0.848155  0.567682   -0.413909  0.0229506 
-0.848155  0.567682   -0.413909  0.0105654 
-0.900912  0.59711    -0.405378  0.0105264 
-0.847788  0.645059   -0.424135  0.0118802 
-0.888319  0.62494    -0.411497  0.0092088 
-0.888319  0.62494    -0.411497  0.00979527
-0.810137  0.638895   -0.437396  0.0117269 
-0.810137  0.638895   -0.437396  0.0123266 
-0.810137  0.638895   -0.437396  0.0218106 
-0.810137  0.638895   -0.437396  0.0128146 
-0.810137  0.638895   -0.437396  0.00846779
-0.749561  0.574278   -0.412118  0.00648123
-0.757897  0.600026   -0.437645  0.00634915
-0.790704  0.598038   -0.436827  0.0192157 
-0.790704  0.598038   -0.436827  0.00805004
-0.790704  0.598038   -0.436827  0.0170265 
-0.790704  0.598038   -0.436827  0.0112063 
-0.790704  0.598038   -0.436827  0.0083877 
-0.813094  0.644739   -0.441319  0.0183903 
-0.813094  0.644739   -0.441319  0.0105163 
-0.813094  0.644739   -0.441319  0.0248516 
-0.813094  0.644739   -0.441319  0.00834378
-0.773426  0.573224   -0.444472  0.0189043 
-0.773426  0.573224   -0.444472  0.00658268
-0.773426  0.573224   -0.444472  0.00609434
-0.759763  0.603713   -0.440635  0.0151538 
-0.759763  0.603713   -0.440635  0.00755516
-0.701495  0.610675   -0.421538  0.00929441
-0.701495  0.610675   -0.421538  0.00698508
-0.69756   0.615002   -0.423495  0.0114842 
-0.69756   0.615002   -0.423495  0.011439  
-0.69756   0.615002   -0.423495  0.0127653 
-0.69756   0.615002   -0.423495  0.0104678 
-0.69756   0.615002   -0.423495  0.0103201 
-0.69756   0.615002   -0.423495  0.0139464 
-0.69756   0.615002   -0.423495  0.00898394
-0.69756   0.615002   -0.423495  0.00670308
-0.69756   0.615002   -0.423495  0.00878634
-0.69756   0.615002   -0.423495  0.00880124
-0.69756   0.615002   -0.423495  0.0071639 
-0.69756   0.615002   -0.423495  0.00764959
-0.69756   0.615002   -0.423495  0.00729763
-0.777128  0.610357   -0.445574  0.0121961 
-0.777128  0.610357   -0.445574  0.0183845 
-0.777128  0.610357   -0.445574  0.00636751
-0.829864  0.613409   -0.453123  0.0149641 
-0.829864  0.613409   -0.453123  0.0109603 
-0.829864  0.613409   -0.453123  0.0229935 
-0.829864  0.613409   -0.453123  0.0101956 
-0.829864  0.613409   -0.453123  0.014207  
-0.829864  0.613409   -0.453123  0.0153853 
-0.829864  0.613409   -0.453123  0.0118778 
-0.829864  0.613409   -0.453123  0.00633133
-0.829864  0.613409   -0.453123  0.0100266 
-0.829864  0.613409   -0.453123  0.0101359 
-0.829864  0.613409   -0.453123  0.011839  
-0.829864  0.613409   -0.453123  0.015924  
-0.829864  0.613409   -0.453123  0.0124262 
-0.829864  0.613409   -0.453123  0.0139417 
-0.829864  0.613409   -0.453123  0.00787079
-0.829864  0.613409   -0.453123  0.0150656 
-0.829864  0.613409   -0.453123  0.0109964 
-0.829864  0.613409   -0.453123  0.00915118
-0.829864  0.613409   -0.453123  0.0062205 
-0.829864  0.613409   -0.453123  0.0125369 
-0.829864  0.613409   -0.453123  0.0131395 
-0.829864  0.613409   -0.453123  0.0112578 
-0.829864  0.613409   -0.453123  0.0140288 
-0.829864  0.613409   -0.453123  0.00836746
-0.829864  0.613409   -0.453123  0.012892  
-0.829864  0.613409   -0.453123  0.00847477
-0.829864  0.613409   -0.453123  0.0162107 
-0.829864  0.613409   -0.453123  0.0139187 
-0.829864  0.613409   -0.453123  0.00701325
-0.823612  0.596535   -0.450935  0.0143444 
-0.823612  0.596535   -0.450935  0.00875987
-0.823612  0.596535   -0.450935  0.00711788
-0.823612  0.596535   -0.450935  0.00695039
-0.75001   0.597373   -0.447705  0.0187962 
-0.75001   0.597373   -0.447705  0.0112669 
-0.75001   0.597373   -0.447705  0.0169162 
-0.75001   0.597373   -0.447705  0.00806383
-0.75001   0.597373   -0.447705  0.00832778
-0.75001   0.597373   -0.447705  0.00733253
-0.75001   0.597373   -0.447705  0.0166475 
-0.75001   0.597373   -0.447705  0.00903648
-0.75001   0.597373   -0.447705  0.00815217
-0.75001   0.597373   -0.447705  0.00721416
-0.730567  0.611736   -0.435011  0.0125859 
-0.730567  0.611736   -0.435011  0.00864548
-0.712037  0.661214   -0.415672  0.0156533 
-0.712037  0.661214   -0.415672  0.0111213 
-0.755749  0.701899   -0.40182   0.0159711 
-0.755749  0.701899   -0.40182   0.0187603 
-0.755749  0.701899   -0.40182   0.00551248
-0.741009  0.629315   -0.437262  0.00854819
-0.741009  0.629315   -0.437262  0.011133  
-0.741009  0.629315   -0.437262  0.00852194
-0.760274  0.678887   -0.436365  0.0172532 
-0.760274  0.678887   -0.436365  0.0271269 
-0.760274  0.678887   -0.436365  0.0103929 
-0.760274  0.678887   -0.436365  0.0128558 
-0.760274  0.678887   -0.436365  0.0117665 
-0.760274  0.678887   -0.436365  0.0180846 
-0.760274  0.678887   -0.436365  0.0212553 
-0.760274  0.678887   -0.436365  0.0163233 
-0.760274  0.678887   -0.436365  0.0165062 
-0.760274  0.678887   -0.436365  0.0131903 
-0.760274  0.678887   -0.436365  0.00757954
-0.760274  0.678887   -0.436365  0.0260146 
-0.760274  0.678887   -0.436365  0.00926053
-0.760274  0.678887   -0.436365  0.00682939
-0.760274  0.678887   -0.436365  0.017208  
-0.760274  0.678887   -0.436365  0.00662106
-0.704774  0.622742   -0.39822   0.010979  
-0.704774  0.622742   -0.39822   0.00995487
-0.704774  0.622742   -0.39822   0.0105712 
-0.704774  0.622742   -0.39822   0.0098602 
-0.724027  0.672759   -0.39946   0.00646307
-0.711561  0.666626   -0.401096  0.0108589 
-0.711561  0.666626   -0.401096  0.0080245 
-0.733107  0.590059   -0.419649  0.00700699
-0.703454  0.616964   -0.427921  0.0119596 
-0.703454  0.616964   -0.427921  0.0117869 
-0.703454  0.616964   -0.427921  0.0140025 
-0.703454  0.616964   -0.427921  0.0159777 
-0.703454  0.616964   -0.427921  0.0101771 
-0.703454  0.616964   -0.427921  0.00711222
-0.760631  0.589166   -0.444475  0.0158073 
-0.760631  0.589166   -0.444475  0.00855118
-0.760631  0.589166   -0.444475  0.0080371 
-0.800318  0.621051   -0.44473   0.00919954
-0.803737  0.569392   -0.442672  0.00779653
-0.803737  0.569392   -0.442672  0.0100671 
-0.803737  0.569392   -0.442672  0.0243391 
-0.803737  0.569392   -0.442672  0.0101958 
-0.803737  0.569392   -0.442672  0.00731907
-0.783294  0.621651   -0.448753  0.00779996
-0.783294  0.621651   -0.448753  0.00997613
-0.783294  0.621651   -0.448753  0.0078563 
-0.783203  0.630622   -0.447427  0.00813638
-0.783203  0.630622   -0.447427  0.0134179 
-0.783203  0.630622   -0.447427  0.0113907 
-0.783203  0.630622   -0.447427  0.00926145
-0.783203  0.630622   -0.447427  0.00926834
-0.783203  0.630622   -0.447427  0.00863649
-0.783203  0.630622   -0.447427  0.00706339
-0.744017  0.595085   -0.443777  0.00873671
-0.744017  0.595085   -0.443777  0.0077574 
-0.744017  0.595085   -0.443777  0.0137828 
-0.744017  0.595085   -0.443777  0.00796844
-0.744017  0.595085   -0.443777  0.0100925 
-0.744017  0.595085   -0.443777  0.013779  
-0.744017  0.595085   -0.443777  0.0102402 
-0.744017  0.595085   -0.443777  0.0120671 
-0.744017  0.595085   -0.443777  0.0148333 
-0.744017  0.595085   -0.443777  0.0191839 
-0.744017  0.595085   -0.443777  0.00758578
-0.744017  0.595085   -0.443777  0.0115745 
-0.744017  0.595085   -0.443777  0.00954925
-0.744017  0.595085   -0.443777  0.00712406
-0.741025  0.614469   -0.437646  0.015178  
-0.741025  0.614469   -0.437646  0.00699501
-0.741025  0.614469   -0.437646  0.0059448 
-0.741025  0.614469   -0.437646  0.0104176 
-0.741025  0.614469   -0.437646  0.00771899
-0.780361  0.582958   -0.421559  0.0147552 
-0.780361  0.582958   -0.421559  0.00692602
-0.723406  0.632073   -0.421682  0.00731067
-0.710671  0.603372   -0.430355  0.0159575 
-0.710671  0.603372   -0.430355  0.0109455 
-0.710671  0.603372   -0.430355  0.00883317
-0.753904  0.688959   -0.434636  0.0114909 
-0.753904  0.688959   -0.434636  0.00858521
-0.753904  0.688959   -0.434636  0.0211828 
-0.753904  0.688959   -0.434636  0.00839308
-0.821766  0.643227   -0.43824   0.0138025 
-0.821766  0.643227   -0.43824   0.0113948 
-0.821766  0.643227   -0.43824   0.0170108 
-0.821766  0.643227   -0.43824   0.00963499
-0.821766  0.643227   -0.43824   0.00946227
-0.821766  0.643227   -0.43824   0.00912227
-0.863636  0.580912   -0.432464  0.021567  
-0.863636  0.580912   -0.432464  0.00971707
-0.863636  0.580912   -0.432464  0.0151235 
-0.863636  0.580912   -0.432464  0.0170662 
-0.863636  0.580912   -0.432464  0.0173549 
-0.863636  0.580912   -0.432464  0.0115959 
-0.836325  0.661798   -0.432442  0.00737015
-0.836325  0.661798   -0.432442  0.0179217 
-0.836325  0.661798   -0.432442  0.0139482 
-0.836325  0.661798   -0.432442  0.00680432
-0.799586  0.592876   -0.439573  0.00672343
-0.799586  0.592876   -0.439573  0.0128353 
-0.799586  0.592876   -0.439573  0.0115848 
-0.799586  0.592876   -0.439573  0.0107642 
-0.799586  0.592876   -0.439573  0.0084129 
-0.799586  0.592876   -0.439573  0.011695  
-0.799586  0.592876   -0.439573  0.0069508 
-0.798049  0.649824   -0.436157  0.00971139
-0.798049  0.649824   -0.436157  0.00653557
-0.798049  0.649824   -0.436157  0.0146915 
-0.798049  0.649824   -0.436157  0.0151509 
-0.798049  0.649824   -0.436157  0.00745654
-0.859229  0.640351   -0.452261  0.0244395 
-0.859229  0.640351   -0.452261  0.0111475 
-0.859229  0.640351   -0.452261  0.0100364 
-0.859229  0.640351   -0.452261  0.0185819 
-0.859229  0.640351   -0.452261  0.0114174 
-0.859229  0.640351   -0.452261  0.00939774
-0.859229  0.640351   -0.452261  0.0203148 
-0.859229  0.640351   -0.452261  0.0210078 
-0.859229  0.640351   -0.452261  0.0118255 
-0.859229  0.640351   -0.452261  0.0140708 
-0.859229  0.640351   -0.452261  0.0117682 
-0.859229  0.640351   -0.452261  0.0108449 
-0.859229  0.640351   -0.452261  0.0081385 
-0.859229  0.640351   -0.452261  0.00797929
-0.859229  0.640351   -0.452261  0.00964274
-0.859229  0.640351   -0.452261  0.0133716 
-0.869234  0.638517   -0.422715  0.011269  
-0.869234  0.638517   -0.422715  0.0276137 
-0.869234  0.638517   -0.422715  0.0132017 
-0.869234  0.638517   -0.422715  0.0215296 
-0.869234  0.638517   -0.422715  0.0109495 
-0.78719   0.735706   -0.418035  0.00870634
-0.871038  0.649193   -0.442855  0.00733433
-0.804451  0.619909   -0.447159  0.0128935 
-0.804451  0.619909   -0.447159  0.0120733 
-0.804451  0.619909   -0.447159  0.0201715 
-0.804451  0.619909   -0.447159  0.0104617 
-0.804451  0.619909   -0.447159  0.00849667
-0.804451  0.619909   -0.447159  0.0108197 
-0.804451  0.619909   -0.447159  0.00861185
-0.804451  0.619909   -0.447159  0.00872993
-0.804451  0.619909   -0.447159  0.0188867 
-0.804451  0.619909   -0.447159  0.00748175
-0.804451  0.619909   -0.447159  0.0100645 
-0.804451  0.619909   -0.447159  0.011293  
-0.804451  0.619909   -0.447159  0.013653  
-0.879081  0.638476   -0.406542  0.0128223 
-0.879081  0.638476   -0.406542  0.0260744 
-0.879081  0.638476   -0.406542  0.0100447 
-0.805592  0.655324   -0.434225  0.00833712
-0.838845  0.576088   -0.43415   0.0061448 
-0.758621  0.613086   -0.441006  0.0110149 
-0.758621  0.613086   -0.441006  0.0135223 
-0.758621  0.613086   -0.441006  0.0123812 
-0.758621  0.613086   -0.441006  0.00884217
-0.758621  0.613086   -0.441006  0.00835302
-0.758621  0.613086   -0.441006  0.0123858 
-0.758621  0.613086   -0.441006  0.00730205
-0.758621  0.613086   -0.441006  0.0083036 
-0.758621  0.613086   -0.441006  0.0159046 
-0.758621  0.613086   -0.441006  0.00716853
-0.758621  0.613086   -0.441006  0.00829598
-0.758621  0.613086   -0.441006  0.0121341 
-0.758621  0.613086   -0.441006  0.012715  
-0.758621  0.613086   -0.441006  0.0142983 
-0.758621  0.613086   -0.441006  0.00718782
-0.810097  0.639991   -0.443064  0.00888717
-0.810097  0.639991   -0.443064  0.00780826
-0.803855  0.586875   -0.439719  0.0155947 
-0.803855  0.586875   -0.439719  0.00943282
-0.803855  0.586875   -0.439719  0.0121644 
-0.803855  0.586875   -0.439719  0.00867315
-0.803855  0.586875   -0.439719  0.0183419 
-0.803855  0.586875   -0.439719  0.00780333
-0.803855  0.586875   -0.439719  0.00752463
-0.803855  0.586875   -0.439719  0.00991568
-0.803855  0.586875   -0.439719  0.0111116 
-0.803855  0.586875   -0.439719  0.0112526 
-0.803855  0.586875   -0.439719  0.00920229
-0.803855  0.586875   -0.439719  0.0105404 
-0.864075  0.622491   -0.436814  0.0112557 
-0.864075  0.622491   -0.436814  0.00800757
-0.850384  0.622277   -0.439434  0.0153255 
-0.850384  0.622277   -0.439434  0.0114571 
-0.850384  0.622277   -0.439434  0.0132596 
-0.850384  0.622277   -0.439434  0.00766135
-0.833439  0.583826   -0.430152  0.0165291 
-0.833439  0.583826   -0.430152  0.00715043
-0.765689  0.588666   -0.43095   0.0216669 
-0.765689  0.588666   -0.43095   0.0090979 
-0.75821   0.628632   -0.44346   0.00605984
-0.75821   0.628632   -0.44346   0.00730253
-0.780544  0.597997   -0.442388  0.0136259 
-0.780544  0.597997   -0.442388  0.00868567
-0.780544  0.597997   -0.442388  0.00632953
-0.780544  0.597997   -0.442388  0.00957102
-0.780544  0.597997   -0.442388  0.00826432
-0.780544  0.597997   -0.442388  0.0185507 
-0.780544  0.597997   -0.442388  0.00892865
-0.780544  0.597997   -0.442388  0.0111742 
-0.770816  0.676622   -0.43327   0.0108926 
-0.770816  0.676622   -0.43327   0.00949186
-0.738452  0.678879   -0.419329  0.0264424 
-0.738452  0.678879   -0.419329  0.00707533
-0.714881  0.602534   -0.437113  0.00733989
-0.714881  0.602534   -0.437113  0.0147146 
-0.714881  0.602534   -0.437113  0.00881118
-0.714881  0.602534   -0.437113  0.00731618
-0.714881  0.602534   -0.437113  0.00817888
-0.714881  0.602534   -0.437113  0.0159885 
-0.714881  0.602534   -0.437113  0.00668129
-0.714881  0.602534   -0.437113  0.0100032 
-0.714881  0.602534   -0.437113  0.0156948 
-0.714881  0.602534   -0.437113  0.00696183
-0.743964  0.608315   -0.448706  0.00821852
-0.743964  0.608315   -0.448706  0.0125    
-0.743964  0.608315   -0.448706  0.0105958 
-0.743964  0.608315   -0.448706  0.0111927 
-0.743964  0.608315   -0.448706  0.00695279
-0.743964  0.608315   -0.448706  0.0100807 
-0.743964  0.608315   -0.448706  0.00599129
-0.743964  0.608315   -0.448706  0.00772117
-0.743964  0.608315   -0.448706  0.0149442 
-0.743964  0.608315   -0.448706  0.0114157 
-0.743964  0.608315   -0.448706  0.0132383 
-0.743964  0.608315   -0.448706  0.00920104
-0.743964  0.608315   -0.448706  0.00899348
-0.743964  0.608315   -0.448706  0.0175688 
-0.743964  0.608315   -0.448706  0.0109069 
-0.743964  0.608315   -0.448706  0.0174797 
-0.743964  0.608315   -0.448706  0.00887795
-0.743964  0.608315   -0.448706  0.0133018 
-0.743964  0.608315   -0.448706  0.0098638 
-0.743964  0.608315   -0.448706  0.00835715
-0.743964  0.608315   -0.448706  0.00701672
-0.743964  0.608315   -0.448706  0.0147651 
-0.743964  0.608315   -0.448706  0.0103986 
-0.743964  0.608315   -0.448706  0.0152801 
-0.743964  0.608315   -0.448706  0.0105288 
-0.743964  0.608315   -0.448706  0.00969821
-0.759669  0.562344   -0.434621  0.0215458 
-0.759669  0.562344   -0.434621  0.00590349
-0.784654  0.634494   -0.452188  0.00865537
-0.784654  0.634494   -0.452188  0.0180599 
-0.784654  0.634494   -0.452188  0.0136885 
-0.784654  0.634494   -0.452188  0.011351  
-0.784654  0.634494   -0.452188  0.020768  
-0.784654  0.634494   -0.452188  0.0291399 
-0.784654  0.634494   -0.452188  0.00870142
-0.784654  0.634494   -0.452188  0.00719989
-0.784654  0.634494   -0.452188  0.00874814
-0.784654  0.634494   -0.452188  0.0123734 
-0.784654  0.634494   -0.452188  0.00832829
-0.784654  0.634494   -0.452188  0.00879291
-0.784654  0.634494   -0.452188  0.0205945 
-0.784654  0.634494   -0.452188  0.0103693 
-0.784654  0.634494   -0.452188  0.00734969
-0.784654  0.634494   -0.452188  0.0115729 
-0.784654  0.634494   -0.452188  0.0153094 
-0.784654  0.634494   -0.452188  0.00768142
-0.784654  0.634494   -0.452188  0.00837427
-0.784654  0.634494   -0.452188  0.00799489
-0.84274   0.654787   -0.446258  0.00955739
-0.84274   0.654787   -0.446258  0.0104876 
-0.84274   0.654787   -0.446258  0.0203244 
-0.84274   0.654787   -0.446258  0.00907737
-0.84274   0.654787   -0.446258  0.0159973 
-0.84274   0.654787   -0.446258  0.026345  
-0.84274   0.654787   -0.446258  0.00857188
-0.796023  0.690372   -0.442919  0.0105394 
-0.796023  0.690372   -0.442919  0.0064457 
-0.822581  0.651076   -0.455837  0.0092134 
-0.822581  0.651076   -0.455837  0.00716265
-0.822581  0.651076   -0.455837  0.00905258
-0.822581  0.651076   -0.455837  0.00615787
-0.822581  0.651076   -0.455837  0.0196444 
-0.822581  0.651076   -0.455837  0.0160722 
-0.822581  0.651076   -0.455837  0.0234968 
-0.822581  0.651076   -0.455837  0.0120746 
-0.822581  0.651076   -0.455837  0.0252342 
-0.822581  0.651076   -0.455837  0.010099  
-0.822581  0.651076   -0.455837  0.00776467
-0.822581  0.651076   -0.455837  0.00741286
-0.822581  0.651076   -0.455837  0.0121458 
-0.822581  0.651076   -0.455837  0.0151356 
-0.822581  0.651076   -0.455837  0.0128423 
-0.822581  0.651076   -0.455837  0.0106811 
-0.822581  0.651076   -0.455837  0.007786  
-0.822581  0.651076   -0.455837  0.0138989 
-0.822581  0.651076   -0.455837  0.0199082 
-0.822581  0.651076   -0.455837  0.00979551
-0.822581  0.651076   -0.455837  0.0091183 
-0.822581  0.651076   -0.455837  0.0215757 
-0.822581  0.651076   -0.455837  0.00746552
-0.822581  0.651076   -0.455837  0.0254698 
-0.822581  0.651076   -0.455837  0.0258412 
-0.822581  0.651076   -0.455837  0.00902216
-0.822581  0.651076   -0.455837  0.00823623
-0.822581  0.651076   -0.455837  0.0117119 
-0.822581  0.651076   -0.455837  0.0215463 
-0.822581  0.651076   -0.455837  0.00841424
-0.822581  0.651076   -0.455837  0.00591242
-0.800089  0.642473   -0.461367  0.00897531
-0.800089  0.642473   -0.461367  0.0335472 
-0.800089  0.642473   -0.461367  0.00874056
-0.800089  0.642473   -0.461367  0.00878416
-0.800089  0.642473   -0.461367  0.017631  
-0.800089  0.642473   -0.461367  0.00832457
-0.800089  0.642473   -0.461367  0.0133723 
-0.800089  0.642473   -0.461367  0.0105297 
-0.800089  0.642473   -0.461367  0.0121924 
-0.800089  0.642473   -0.461367  0.0161767 
-0.800089  0.642473   -0.461367  0.00954193
-0.800089  0.642473   -0.461367  0.00938688
-0.800089  0.642473   -0.461367  0.00744352
-0.800089  0.642473   -0.461367  0.00625987
-0.803975  0.605243   -0.450627  0.00931288
-0.803975  0.605243   -0.450627  0.015146  
-0.803975  0.605243   -0.450627  0.0121732 
-0.803975  0.605243   -0.450627  0.00771749
-0.803975  0.605243   -0.450627  0.0141364 
-0.803975  0.605243   -0.450627  0.0105227 
-0.803975  0.605243   -0.450627  0.0121038 
-0.803975  0.605243   -0.450627  0.0100197 
-0.803975  0.605243   -0.450627  0.0148558 
-0.803975  0.605243   -0.450627  0.00913578
-0.803975  0.605243   -0.450627  0.00894443
-0.803975  0.605243   -0.450627  0.0155404 
-0.803975  0.605243   -0.450627  0.0162941 
-0.803975  0.605243   -0.450627  0.0108524 
-0.803975  0.605243   -0.450627  0.0067456 
-0.798719  0.600512   -0.446988  0.0121386 
-0.798719  0.600512   -0.446988  0.0105452 
-0.798719  0.600512   -0.446988  0.011294  
-0.798719  0.600512   -0.446988  0.0103073 
-0.809371  0.560821   -0.420051  0.0085173 
-0.798215  0.65162    -0.429812  0.00834312
-0.858637  0.579409   -0.433074  0.00627651
-0.858637  0.579409   -0.433074  0.0128089 
-0.858637  0.579409   -0.433074  0.0159108 
-0.858637  0.579409   -0.433074  0.0148373 
-0.858637  0.579409   -0.433074  0.0128268 
-0.858637  0.579409   -0.433074  0.0133459 
-0.858637  0.579409   -0.433074  0.00783652
-0.782152  0.609856   -0.434111  0.00605117
-0.742081  0.615055   -0.438409  0.0106146 
-0.742081  0.615055   -0.438409  0.0149439 
-0.742081  0.615055   -0.438409  0.0083578 
-0.742081  0.615055   -0.438409  0.00911939
-0.761661  0.621346   -0.431893  0.00897179
-0.799734  0.635085   -0.438674  0.0110973 
-0.799734  0.635085   -0.438674  0.0075345 
-0.799734  0.635085   -0.438674  0.00856812
-0.755255  0.664239   -0.430595  0.0164734 
-0.755255  0.664239   -0.430595  0.00903593
-0.755255  0.664239   -0.430595  0.00775387
-0.755255  0.664239   -0.430595  0.00778355
-0.755255  0.664239   -0.430595  0.00888877
-0.755255  0.664239   -0.430595  0.00923661
-0.755255  0.664239   -0.430595  0.0129756 
-0.774817  0.678097   -0.422895  0.0181073 
-0.774817  0.678097   -0.422895  0.0215204 
-0.774817  0.678097   -0.422895  0.0163224 
-0.774817  0.678097   -0.422895  0.0116256 
-0.774817  0.678097   -0.422895  0.00810668
-0.837849  0.581489   -0.425758  0.0157484 
-0.837849  0.581489   -0.425758  0.0176022 
-0.837849  0.581489   -0.425758  0.0109501 
-0.796153  0.653536   -0.430336  0.00934937
-0.796153  0.653536   -0.430336  0.0239807 
-0.796153  0.653536   -0.430336  0.00681911
-0.741347  0.597694   -0.4382    0.0069524 
-0.82161   0.6086     -0.453739  0.0144494 
-0.82161   0.6086     -0.453739  0.0210508 
-0.82161   0.6086     -0.453739  0.00843879
-0.82161   0.6086     -0.453739  0.0109202 
-0.82161   0.6086     -0.453739  0.00779379
-0.82161   0.6086     -0.453739  0.00665974
-0.82161   0.6086     -0.453739  0.018304  
-0.82161   0.6086     -0.453739  0.00897435
-0.82161   0.6086     -0.453739  0.0159855 
-0.82161   0.6086     -0.453739  0.00999462
-0.82161   0.6086     -0.453739  0.010797  
-0.82161   0.6086     -0.453739  0.0111383 
-0.82161   0.6086     -0.453739  0.0173671 
-0.82161   0.6086     -0.453739  0.0190959 
-0.82161   0.6086     -0.453739  0.00891939
-0.82161   0.6086     -0.453739  0.0134492 
-0.82161   0.6086     -0.453739  0.0126435 
-0.82161   0.6086     -0.453739  0.00748174
-0.82161   0.6086     -0.453739  0.00881274
-0.82161   0.6086     -0.453739  0.0163119 
-0.82161   0.6086     -0.453739  0.0198053 
-0.82161   0.6086     -0.453739  0.0101175 
-0.82161   0.6086     -0.453739  0.00977014
-0.82161   0.6086     -0.453739  0.0162492 
-0.82161   0.6086     -0.453739  0.00815829
-0.82161   0.6086     -0.453739  0.0173791 
-0.82161   0.6086     -0.453739  0.0125974 
-0.82161   0.6086     -0.453739  0.0145934 
-0.82161   0.6086     -0.453739  0.0103816 
-0.82161   0.6086     -0.453739  0.0110322 
-0.82161   0.6086     -0.453739  0.00826378
-0.82161   0.6086     -0.453739  0.0152379 
-0.82161   0.6086     -0.453739  0.0183929 
-0.82161   0.6086     -0.453739  0.00731632
-0.742312  0.591356   -0.425376  0.00744078
-0.742312  0.591356   -0.425376  0.00928715
-0.836611  0.576104   -0.412535  0.0169884 
-0.836611  0.576104   -0.412535  0.00681491
-0.833497  0.643653   -0.444776  0.0111327 
-0.833497  0.643653   -0.444776  0.00962835
-0.833497  0.643653   -0.444776  0.0117508 
-0.833497  0.643653   -0.444776  0.016852  
-0.833497  0.643653   -0.444776  0.0100119 
-0.833497  0.643653   -0.444776  0.0188385 
-0.833497  0.643653   -0.444776  0.00815291
-0.778683  0.584277   -0.432881  0.0201237 
-0.778683  0.584277   -0.432881  0.0143817 
-0.778683  0.584277   -0.432881  0.0124671 
-0.778683  0.584277   -0.432881  0.00634843
-0.767584  0.60208    -0.440467  0.00723709
-0.852629  0.607496   -0.446641  0.00717887
-0.855856  0.596591   -0.439658  0.0195641 
-0.855856  0.596591   -0.439658  0.0100765 
-0.855856  0.596591   -0.439658  0.0141081 
-0.855856  0.596591   -0.439658  0.0104392 
-0.855856  0.596591   -0.439658  0.0145068 
-0.855856  0.596591   -0.439658  0.0109406 
-0.855856  0.596591   -0.439658  0.010816  
-0.855856  0.596591   -0.439658  0.00917883
-0.855856  0.596591   -0.439658  0.0100554 
-0.855856  0.596591   -0.439658  0.00702881
-0.776214  0.635159   -0.441922  0.0074845 
-0.776214  0.635159   -0.441922  0.0119184 
-0.776214  0.635159   -0.441922  0.00940781
-0.776214  0.635159   -0.441922  0.0176402 
-0.776214  0.635159   -0.441922  0.0133583 
-0.776214  0.635159   -0.441922  0.0126069 
-0.776214  0.635159   -0.441922  0.00803386
-0.776214  0.635159   -0.441922  0.00910228
-0.787212  0.657321   -0.434283  0.0126664 
-0.787212  0.657321   -0.434283  0.00682797
-0.714475  0.616934   -0.426011  0.00768906
-0.714475  0.616934   -0.426011  0.0125133 
-0.714475  0.616934   -0.426011  0.0065872 
-0.742662  0.667309   -0.441698  0.00639742
-0.742662  0.667309   -0.441698  0.0141832 
-0.742662  0.667309   -0.441698  0.0112372 
-0.742662  0.667309   -0.441698  0.0205827 
-0.742662  0.667309   -0.441698  0.0210585 
-0.742662  0.667309   -0.441698  0.0173506 
-0.742662  0.667309   -0.441698  0.0168902 
-0.742662  0.667309   -0.441698  0.00824334
-0.742662  0.667309   -0.441698  0.0131531 
-0.742662  0.667309   -0.441698  0.00867664
-0.742662  0.667309   -0.441698  0.00852856
-0.742662  0.667309   -0.441698  0.00842791
-0.742662  0.667309   -0.441698  0.00688455
-0.742662  0.667309   -0.441698  0.0121477 
-0.742662  0.667309   -0.441698  0.01027   
-0.742662  0.667309   -0.441698  0.0154852 
-0.742662  0.667309   -0.441698  0.00675119
-0.734553  0.596716   -0.430418  0.0097538 
-0.734553  0.596716   -0.430418  0.00655723
-0.71319   0.622021   -0.418818  0.0135839 
-0.71319   0.622021   -0.418818  0.00969451
-0.71319   0.622021   -0.418818  0.00919762
-0.71319   0.622021   -0.418818  0.0107266 
-0.71319   0.622021   -0.418818  0.0131114 
-0.71319   0.622021   -0.418818  0.0104423 
-0.71319   0.622021   -0.418818  0.0174677 
-0.71319   0.622021   -0.418818  0.0104856 
-0.71319   0.622021   -0.418818  0.0103312 
-0.71319   0.622021   -0.418818  0.0133123 
-0.71319   0.622021   -0.418818  0.00868056
-0.71319   0.622021   -0.418818  0.00865054
-0.71319   0.622021   -0.418818  0.0135476 
-0.71319   0.622021   -0.418818  0.00635746
-0.768873  0.601908   -0.440845  0.00660101
-0.768873  0.601908   -0.440845  0.0141046 
-0.768873  0.601908   -0.440845  0.00591441
-0.768873  0.601908   -0.440845  0.00971848
-0.768873  0.601908   -0.440845  0.0129909 
-0.768873  0.601908   -0.440845  0.00942735
-0.768873  0.601908   -0.440845  0.00691447
-0.768873  0.601908   -0.440845  0.00714232
-0.768873  0.601908   -0.440845  0.0116383 
-0.768873  0.601908   -0.440845  0.00765336
-0.710138  0.599728   -0.42464   0.0117444 
-0.710138  0.599728   -0.42464   0.011579  
-0.79718   0.548373   -0.403747  0.012679  
-0.747669  0.53779    -0.375785  0.0312542 
-0.747669  0.53779    -0.375785  0.0257538 
-0.747669  0.53779    -0.375785  0.0080931 
-0.686797  0.588803   -0.387023  0.00699464
-0.725166  0.600502   -0.431543  0.00582364
-0.760015  0.640137   -0.443832  0.00784612
-0.760015  0.640137   -0.443832  0.00726963
-0.772628  0.638142   -0.43598   0.0130883 
-0.772628  0.638142   -0.43598   0.0083767 
-0.823567  0.604166   -0.443515  0.00867877
-0.782824  0.638269   -0.434239  0.0173843 
-0.782824  0.638269   -0.434239  0.00739886
-0.806895  0.628665   -0.44868   0.00844859
-0.806895  0.628665   -0.44868   0.0152079 
-0.806895  0.628665   -0.44868   0.0058596 
-0.751639  0.637938   -0.431601  0.0105128 
-0.751639  0.637938   -0.431601  0.0126001 
-0.751639  0.637938   -0.431601  0.00861069
-0.751639  0.637938   -0.431601  0.0100954 
-0.751639  0.637938   -0.431601  0.00756948
-0.751639  0.637938   -0.431601  0.0117001 
-0.751639  0.637938   -0.431601  0.00838334
-0.78879   0.629543   -0.445496  0.0127895 
-0.78879   0.629543   -0.445496  0.017816  
-0.78879   0.629543   -0.445496  0.0174988 
-0.78879   0.629543   -0.445496  0.0101814 
-0.78879   0.629543   -0.445496  0.0081332 
-0.78879   0.629543   -0.445496  0.0104058 
-0.78879   0.629543   -0.445496  0.0116218 
-0.78879   0.629543   -0.445496  0.0132282 
-0.78879   0.629543   -0.445496  0.0110091 
-0.78879   0.629543   -0.445496  0.027627  
-0.78879   0.629543   -0.445496  0.00620999
-0.753281  0.6076     -0.446696  0.0104569 
-0.753281  0.6076     -0.446696  0.00873631
-0.753281  0.6076     -0.446696  0.0103459 
-0.753281  0.6076     -0.446696  0.0142149 
-0.753281  0.6076     -0.446696  0.0113196 
-0.753281  0.6076     -0.446696  0.0120634 
-0.753281  0.6076     -0.446696  0.0157268 
-0.753281  0.6076     -0.446696  0.00792937
-0.753281  0.6076     -0.446696  0.00576222
-0.753281  0.6076     -0.446696  0.00616692
-0.736866  0.606734   -0.439145  0.0082326 
-0.815649  0.644038   -0.438824  0.00963187
-0.815649  0.644038   -0.438824  0.0113712 
-0.840046  0.648992   -0.432894  0.0181976 
-0.840046  0.648992   -0.432894  0.0107148 
-0.84212   0.642473   -0.429803  0.0227374 
-0.84212   0.642473   -0.429803  0.0088449 
-0.772224  0.670147   -0.434595  0.00635947
-0.74461   0.659606   -0.437916  0.0206523 
-0.74461   0.659606   -0.437916  0.0126696 
-0.74461   0.659606   -0.437916  0.0176102 
-0.74461   0.659606   -0.437916  0.00705492
-0.74461   0.659606   -0.437916  0.00852131
-0.74461   0.659606   -0.437916  0.00999901
-0.74461   0.659606   -0.437916  0.0104471 
-0.74461   0.659606   -0.437916  0.00879865
-0.74461   0.659606   -0.437916  0.00727136
-0.74461   0.659606   -0.437916  0.0108866 
-0.74461   0.659606   -0.437916  0.0282494 
-0.74461   0.659606   -0.437916  0.00635194
-0.755501  0.600711   -0.440659  0.0174583 
-0.755501  0.600711   -0.440659  0.0101437 
-0.732036  0.673396   -0.429375  0.0133612 
-0.732036  0.673396   -0.429375  0.00930232
-0.732036  0.673396   -0.429375  0.00867273
-0.732036  0.673396   -0.429375  0.00899177
-0.732036  0.673396   -0.429375  0.00670239
-0.732036  0.673396   -0.429375  0.0093555 
-0.732036  0.673396   -0.429375  0.0119162 
-0.732036  0.673396   -0.429375  0.00731189
-0.732036  0.673396   -0.429375  0.0244236 
-0.732036  0.673396   -0.429375  0.00928671
-0.732036  0.673396   -0.429375  0.00973727
-0.803229  0.643905   -0.433919  0.00824669
-0.743468  0.65381    -0.422886  0.00842422
-0.743468  0.65381    -0.422886  0.00879938
-0.743468  0.65381    -0.422886  0.020022  
-0.743468  0.65381    -0.422886  0.0115726 
-0.743468  0.65381    -0.422886  0.0270391 
-0.743468  0.65381    -0.422886  0.0249499 
-0.743468  0.65381    -0.422886  0.00816922
-0.787215  0.628806   -0.44517   0.015252  
-0.787215  0.628806   -0.44517   0.0109803 
-0.787215  0.628806   -0.44517   0.00841634
-0.787215  0.628806   -0.44517   0.00878376
-0.787215  0.628806   -0.44517   0.00758795
-0.787215  0.628806   -0.44517   0.0204869 
-0.787215  0.628806   -0.44517   0.00744275
-0.787215  0.628806   -0.44517   0.0123978 
-0.787215  0.628806   -0.44517   0.0122792 
-0.787215  0.628806   -0.44517   0.0113687 
-0.787215  0.628806   -0.44517   0.00857578
-0.787215  0.628806   -0.44517   0.00707887
-0.787215  0.628806   -0.44517   0.00680331
-0.787215  0.628806   -0.44517   0.00979605
-0.787215  0.628806   -0.44517   0.00734089
-0.787215  0.628806   -0.44517   0.00535097
-0.790516  0.630794   -0.455918  0.00964869
-0.790516  0.630794   -0.455918  0.0104577 
-0.790516  0.630794   -0.455918  0.00859699
-0.790516  0.630794   -0.455918  0.00813977
-0.795813  0.576177   -0.428286  0.00664425
-0.784471  0.601796   -0.45259   0.0138335 
-0.784471  0.601796   -0.45259   0.0133552 
-0.784471  0.601796   -0.45259   0.0141088 
-0.784471  0.601796   -0.45259   0.011438  
-0.784471  0.601796   -0.45259   0.0061801 
-0.784471  0.601796   -0.45259   0.0112403 
-0.784471  0.601796   -0.45259   0.00728176
-0.784471  0.601796   -0.45259   0.012617  
-0.784471  0.601796   -0.45259   0.00922234
-0.784471  0.601796   -0.45259   0.0130977 
-0.784471  0.601796   -0.45259   0.00950452
-0.784471  0.601796   -0.45259   0.0102827 
-0.784471  0.601796   -0.45259   0.00847632
-0.784471  0.601796   -0.45259   0.0178969 
-0.784471  0.601796   -0.45259   0.0112138 
-0.784471  0.601796   -0.45259   0.0138717 
-0.784471  0.601796   -0.45259   0.0075472 
-0.784471  0.601796   -0.45259   0.00676829
-0.784471  0.601796   -0.45259   0.0144284 
-0.784471  0.601796   -0.45259   0.0193715 
-0.784471  0.601796   -0.45259   0.00809691
-0.784471  0.601796   -0.45259   0.00902032
-0.784471  0.601796   -0.45259   0.00865031
-0.784425  0.657978   -0.435263  0.0110904 
-0.773479  0.593612   -0.434064  0.0113157 
-0.773479  0.593612   -0.434064  0.0183269 
-0.773479  0.593612   -0.434064  0.0140388 
-0.773479  0.593612   -0.434064  0.0141579 
-0.791762  0.614625   -0.433668  0.00685069
-0.794954  0.612265   -0.443541  0.00934679
-0.794954  0.612265   -0.443541  0.0174032 
-0.794954  0.612265   -0.443541  0.00748872
-0.773914  0.674969   -0.438729  0.00814794
-0.773914  0.674969   -0.438729  0.0195959 
-0.773914  0.674969   -0.438729  0.00920955
-0.773914  0.674969   -0.438729  0.00906944
-0.773914  0.674969   -0.438729  0.0128387 
-0.773914  0.674969   -0.438729  0.00756215
-0.81388   0.607862   -0.440578  0.0115549 
-0.798112  0.687543   -0.41899   0.0126511 
-0.798112  0.687543   -0.41899   0.0091607 
-0.737377  0.687241   -0.4162    0.00638012
-0.733114  0.6428     -0.432671  0.0195064 
-0.733114  0.6428     -0.432671  0.0114566 
-0.733114  0.6428     -0.432671  0.00733937
-0.733114  0.6428     -0.432671  0.00957554
-0.74308   0.66663    -0.428728  0.0109903 
-0.778809  0.680997   -0.423368  0.00761536
-0.778809  0.680997   -0.423368  0.00770348
-0.778809  0.680997   -0.423368  0.0132662 
-0.822869  0.673682   -0.416905  0.0152373 
-0.789061  0.711349   -0.40341   0.014874  
-0.789061  0.711349   -0.40341   0.013407  
-0.789061  0.711349   -0.40341   0.0223674 
-0.789061  0.711349   -0.40341   0.0287662 
-0.789061  0.711349   -0.40341   0.0083596 
-0.861832  0.632402   -0.443304  0.0178439 
-0.861832  0.632402   -0.443304  0.0136161 
-0.861832  0.632402   -0.443304  0.0115031 
-0.861832  0.632402   -0.443304  0.0210674 
-0.861832  0.632402   -0.443304  0.0119704 
-0.861832  0.632402   -0.443304  0.0110419 
-0.861832  0.632402   -0.443304  0.0203901 
-0.861832  0.632402   -0.443304  0.00948423
-0.861832  0.632402   -0.443304  0.00885057
-0.861832  0.632402   -0.443304  0.00919099
-0.861832  0.632402   -0.443304  0.0241991 
-0.861832  0.632402   -0.443304  0.00876936
-0.861832  0.632402   -0.443304  0.0168041 
-0.861832  0.632402   -0.443304  0.00902741
-0.861832  0.632402   -0.443304  0.0166231 
-0.861832  0.632402   -0.443304  0.01071   
-0.861832  0.632402   -0.443304  0.00888033
-0.795705  0.630334   -0.454502  0.0111214 
-0.795705  0.630334   -0.454502  0.00753035
-0.795705  0.630334   -0.454502  0.00825102
-0.795705  0.630334   -0.454502  0.0129385 
-0.795705  0.630334   -0.454502  0.00985726
-0.795705  0.630334   -0.454502  0.00864927
-0.795705  0.630334   -0.454502  0.00874134
-0.78301   0.614663   -0.442554  0.0111504 
-0.78301   0.614663   -0.442554  0.0139042 
-0.78301   0.614663   -0.442554  0.0114677 
-0.78301   0.614663   -0.442554  0.0085732 
-0.78301   0.614663   -0.442554  0.00735184
-0.78301   0.614663   -0.442554  0.0158522 
-0.78301   0.614663   -0.442554  0.0224672 
-0.78301   0.614663   -0.442554  0.0106553 
-0.78301   0.614663   -0.442554  0.00606305
-0.763635  0.608465   -0.436083  0.00610511
-0.847077  0.639002   -0.459584  0.00842145
-0.847077  0.639002   -0.459584  0.0205387 
-0.847077  0.639002   -0.459584  0.00981739
-0.847077  0.639002   -0.459584  0.0104735 
-0.847077  0.639002   -0.459584  0.00926195
-0.847077  0.639002   -0.459584  0.0149453 
-0.847077  0.639002   -0.459584  0.0108941 
-0.847077  0.639002   -0.459584  0.00940042
-0.847077  0.639002   -0.459584  0.00687729
-0.847077  0.639002   -0.459584  0.00988228
-0.847077  0.639002   -0.459584  0.0111919 
-0.847077  0.639002   -0.459584  0.0186261 
-0.847077  0.639002   -0.459584  0.0195697 
-0.847077  0.639002   -0.459584  0.0253651 
-0.847077  0.639002   -0.459584  0.0173652 
-0.847077  0.639002   -0.459584  0.0106201 
-0.847077  0.639002   -0.459584  0.00851778
-0.847077  0.639002   -0.459584  0.0132657 
-0.847077  0.639002   -0.459584  0.00732773
-0.847077  0.639002   -0.459584  0.0136219 
-0.847077  0.639002   -0.459584  0.0107683 
-0.847077  0.639002   -0.459584  0.00673842
-0.847077  0.639002   -0.459584  0.00817446
-0.847077  0.639002   -0.459584  0.032081  
-0.847077  0.639002   -0.459584  0.0086234 
-0.769364  0.679113   -0.42473   0.0231312 
-0.769364  0.679113   -0.42473   0.00897245
-0.769364  0.679113   -0.42473   0.0140937 
-0.859043  0.6917     -0.394471  0.0199505 
-0.808344  0.64807    -0.395828  0.00952116
-0.790868  0.684561   -0.440624  0.0132384 
-0.790868  0.684561   -0.440624  0.00724789
-0.720639  0.625641   -0.419956  0.00740606
-0.712829  0.689882   -0.417137  0.00979366
-0.712829  0.689882   -0.417137  0.0313501 
-0.712829  0.689882   -0.417137  0.0158112 
-0.712829  0.689882   -0.417137  0.00676946
-0.704654  0.645167   -0.422374  0.00942477
-0.704654  0.645167   -0.422374  0.00956161
-0.704654  0.645167   -0.422374  0.00692499
-0.761215  0.601325   -0.441071  0.00872283
-0.856673  0.612599   -0.444791  0.0138214 
-0.856673  0.612599   -0.444791  0.0153955 
-0.856673  0.612599   -0.444791  0.0190499 
-0.856673  0.612599   -0.444791  0.0122839 
-0.856673  0.612599   -0.444791  0.0121081 
-0.856673  0.612599   -0.444791  0.0104394 
-0.856673  0.612599   -0.444791  0.0070378 
-0.808131  0.593896   -0.441302  0.00613567
-0.760935  0.652702   -0.430206  0.00727073
-0.747583  0.671685   -0.436575  0.0138543 
-0.747583  0.671685   -0.436575  0.0232425 
-0.747583  0.671685   -0.436575  0.0189042 
-0.747583  0.671685   -0.436575  0.00790949
-0.754332  0.636564   -0.431105  0.00813216
-0.733288  0.682514   -0.418773  0.0326677 
-0.733288  0.682514   -0.418773  0.00923305
-0.733288  0.682514   -0.418773  0.0225973 
-0.733288  0.682514   -0.418773  0.0117072 
-0.826161  0.686242   -0.424479  0.0204835 
-0.826161  0.686242   -0.424479  0.0136467 
-0.826161  0.686242   -0.424479  0.00663201
-0.778704  0.620575   -0.447894  0.0103941 
-0.778704  0.620575   -0.447894  0.00680476
-0.817874  0.591536   -0.441131  0.00664828
-0.772565  0.596844   -0.447612  0.00708377
-0.772565  0.596844   -0.447612  0.01051   
-0.772565  0.596844   -0.447612  0.00938477
-0.772565  0.596844   -0.447612  0.00700948
-0.772565  0.596844   -0.447612  0.00659213
-0.772565  0.596844   -0.447612  0.00915145
-0.772565  0.596844   -0.447612  0.0101008 
-0.772565  0.596844   -0.447612  0.0142167 
-0.772565  0.596844   -0.447612  0.00881059
-0.772565  0.596844   -0.447612  0.00700253
-0.716851  0.664943   -0.424799  0.0104552 
-0.716851  0.664943   -0.424799  0.00691978
-0.780213  0.588761   -0.433217  0.00712346
-0.780213  0.588761   -0.433217  0.0175053 
-0.780213  0.588761   -0.433217  0.0134267 
-0.780213  0.588761   -0.433217  0.0111712 
-0.780213  0.588761   -0.433217  0.0123314 
-0.77845   0.66346    -0.421296  0.0161531 
-0.77845   0.66346    -0.421296  0.00731543
-0.787131  0.629568   -0.446864  0.0133056 
-0.787131  0.629568   -0.446864  0.00900342
-0.787131  0.629568   -0.446864  0.0101526 
