#MU        SIGMA      ENERGY     ERROR     
-0.377739  0.840222   -0.26733   0.0154426 
-0.377739  0.840222   -0.26733   0.0175008 
-0.283718  0.8504     -0.217641  0.0169711 
-0.334847  0.762046   -0.173893  0.0158435 
-0.375123  0.802254   -0.211685  0.0276335 
-0.316077  0.815494   -0.198885  0.0170139 
-0.281162  0.783133   -0.138354  0.0167434 
-0.250174  0.808784   -0.168722  0.017208  
-0.273094  0.765248   -0.10089   0.0184903 
-0.196942  0.761515   -0.0785092 0.0175381 
-0.251789  0.803322   -0.14155   0.017264  
-0.205632  0.854217   -0.219994  0.0161052 
-0.20601   0.878857   -0.244344  0.0268416 
-0.254907  0.967852   -0.228531  0.0407506 
-0.254907  0.967852   -0.228531  0.0237128 
-0.296643  1.04271    -0.234938  0.030051  
-0.383752  0.970674   -0.234907  0.0230767 
-0.434035  0.931046   -0.26039   0.0184813 
-0.533707  0.899374   -0.27657   0.0349407 
-0.533707  0.899374   -0.27657   0.0156842 
-0.538625  0.820947   -0.324885  0.0141878 
-0.589066  0.771029   -0.304045  0.0158789 
-0.58754   0.810817   -0.302721  0.0124933 
-0.599141  0.717115   -0.345701  0.017285  
-0.599141  0.717115   -0.345701  0.0130859 
-0.524017  0.754855   -0.27305   0.0141237 
-0.540194  0.798773   -0.288026  0.0144652 
-0.450365  0.784444   -0.251633  0.0192352 
-0.525128  0.843725   -0.281482  0.0171899 
-0.617798  0.818425   -0.298958  0.0177741 
-0.674137  0.777163   -0.331603  0.01508   
-0.696762  0.7395     -0.371435  0.01223   
-0.696762  0.7395     -0.371435  0.0121751 
-0.649788  0.753531   -0.353067  0.0175714 
-0.639491  0.764039   -0.322524  0.0165471 
-0.549522  0.757043   -0.263475  0.014548  
-0.487758  0.714001   -0.22642   0.014921  
-0.444025  0.801972   -0.276925  0.0151398 
-0.489364  0.868442   -0.266302  0.0185631 
-0.394444  0.901531   -0.222016  0.031529  
-0.454129  1.00068    -0.24262   0.0436939 
-0.470823  1.03911    -0.152582  0.029193  
-0.470559  0.951803   -0.231445  0.0359231 
-0.533265  0.989053   -0.157132  0.023747  
-0.461585  0.913008   -0.281706  0.0163998 
-0.493173  0.850009   -0.292013  0.0190278 
-0.469113  0.773943   -0.258373  0.0153121 
-0.431627  0.747747   -0.204567  0.0146503 
-0.495307  0.735525   -0.241531  0.0203244 
-0.416744  0.79855    -0.227412  0.0162527 
-0.392047  0.759531   -0.195789  0.0174368 
-0.462635  0.806525   -0.236305  0.0179337 
-0.423608  0.899352   -0.248837  0.0251558 
-0.49919   0.860144   -0.28551   0.0204815 
-0.518553  0.940504   -0.285122  0.0287729 
-0.487298  0.899837   -0.222525  0.027301  
-0.507717  0.942185   -0.228714  0.0585996 
-0.507717  0.942185   -0.228714  0.0310939 
-0.491381  0.918667   -0.205614  0.0156171 
-0.441702  0.911049   -0.311124  0.0153356 
-0.441702  0.911049   -0.311124  0.0250285 
-0.508484  0.880612   -0.239427  0.0149622 
-0.478909  0.826505   -0.274188  0.0158513 
-0.450996  0.881421   -0.25716   0.0306111 
-0.450996  0.881421   -0.25716   0.0172006 
-0.457482  0.919717   -0.259094  0.026014  
-0.457482  0.919717   -0.259094  0.0291896 
-0.527092  0.922972   -0.274998  0.0158065 
-0.615279  0.845067   -0.30542   0.0289662 
-0.699859  0.909846   -0.226319  0.0236005 
-0.729897  0.823437   -0.299422  0.0174857 
-0.664696  0.807208   -0.317304  0.0173842 
-0.614505  0.841677   -0.320555  0.0211803 
-0.559382  0.894729   -0.282918  0.0402236 
-0.656728  0.906814   -0.166485  0.0339329 
-0.741472  0.937036   -0.179495  0.0370222 
-0.66932   0.858485   -0.215524  0.0222962 
-0.754786  0.794049   -0.292556  0.0196769 
-0.662233  0.798139   -0.309947  0.0131733 
-0.566491  0.758745   -0.307553  0.0165164 
-0.497296  0.823507   -0.30496   0.0158169 
-0.574191  0.850795   -0.308384  0.0174222 
-0.599175  0.879957   -0.305198  0.047943  
-0.599175  0.879957   -0.305198  0.0461278 
-0.599175  0.879957   -0.305198  0.0155787 
-0.532098  0.838847   -0.305018  0.0128612 
-0.551384  0.745473   -0.308477  0.0155151 
-0.469457  0.681821   -0.21743   0.017334  
-0.469457  0.681821   -0.21743   0.0137969 
-0.5314    0.599867   -0.231602  0.0137835 
-0.491622  0.674056   -0.184063  0.0132644 
-0.52429   0.719865   -0.246098  0.0125555 
-0.602082  0.745519   -0.338983  0.00873178
-0.661212  0.655813   -0.393942  0.0116747 
-0.661212  0.655813   -0.393942  0.00874045
-0.650034  0.618886   -0.358163  0.00736674
-0.691203  0.65498    -0.384437  0.00733969
-0.749292  0.615532   -0.430427  0.00772953
-0.684064  0.602678   -0.403831  0.0107111 
-0.70575   0.69534    -0.411445  0.0105583 
-0.60757   0.673773   -0.330346  0.0135016 
-0.703193  0.732398   -0.374698  0.0190201 
-0.659026  0.818884   -0.325085  0.0282864 
-0.75393   0.858151   -0.241763  0.0299487 
-0.705609  0.886113   -0.21372   0.0527961 
-0.705609  0.886113   -0.21372   0.0381477 
-0.78433   0.885282   -0.149325  0.0492462 
-0.767532  0.924347   -0.0234041 0.0241966 
-0.686202  0.868606   -0.269571  0.0263709 
-0.59275   0.841266   -0.285689  0.016971  
-0.646864  0.81673    -0.320705  0.0122315 
-0.569216  0.750976   -0.316951  0.016244  
-0.520479  0.800031   -0.280702  0.0202963 
-0.435756  0.878161   -0.271842  0.0213324 
-0.439685  0.840493   -0.253164  0.0185981 
-0.398536  0.90362    -0.253659  0.0954733 
-0.356516  1.00078    -0.135205  0.0152274 
-0.448619  0.909977   -0.256554  0.0262737 
-0.424992  0.982144   -0.258932  0.0188697 
-0.383346  0.898868   -0.278153  0.0162246 
-0.450389  0.823716   -0.272284  0.0141055 
-0.537236  0.757362   -0.278788  0.0206037 
-0.552626  0.823528   -0.299949  0.0134445 
-0.595455  0.741254   -0.287406  0.0129557 
-0.539984  0.715848   -0.288845  0.0132375 
-0.541281  0.69738    -0.286928  0.0144676 
-0.541281  0.69738    -0.286928  0.0121754 
-0.571818  0.723553   -0.31813   0.0109469 
-0.585649  0.633406   -0.299829  0.0133533 
-0.585649  0.633406   -0.299829  0.0102974 
-0.609869  0.654826   -0.351323  0.00868861
-0.688035  0.583303   -0.405114  0.0127312 
-0.751105  0.538657   -0.382209  0.00951409
-0.753195  0.562691   -0.427659  0.00698664
-0.715797  0.627713   -0.414858  0.0113266 
-0.63276   0.55453    -0.332571  0.0153722 
-0.707721  0.519514   -0.347945  0.0198158 
-0.707721  0.519514   -0.347945  0.0149288 
-0.652003  0.517751   -0.306331  0.019736  
-0.652068  0.480401   -0.188144  0.00991022
-0.638147  0.580356   -0.348622  0.010854  
-0.641618  0.553207   -0.323991  0.0123296 
-0.567664  0.550221   -0.230098  0.0112432 
-0.587807  0.622999   -0.316952  0.00869388
-0.644329  0.617913   -0.360362  0.010624  
-0.606443  0.635825   -0.344713  0.0137024 
-0.681505  0.710911   -0.389789  0.0128241 
-0.599409  0.735603   -0.329488  0.0107081 
-0.639195  0.666269   -0.362803  0.0117173 
-0.647264  0.740765   -0.363853  0.0122126 
-0.590444  0.722719   -0.323584  0.0149404 
-0.494654  0.81173    -0.282765  0.0146842 
-0.470412  0.793856   -0.273717  0.0240072 
-0.506144  0.818767   -0.265165  0.0156795 
-0.412795  0.805125   -0.233917  0.0162232 
-0.414807  0.709069   -0.186789  0.0155954 
-0.44756   0.77209    -0.24146   0.0161584 
-0.442833  0.685563   -0.153266  0.0153412 
-0.493883  0.626151   -0.200083  0.018651  
-0.431667  0.562568   -0.0279082 0.0208591 
-0.431109  0.532904   -0.00958157 0.025546  
-0.431109  0.532904   -0.00958157 0.0239179 
-0.431109  0.532904   -0.00958157 0.0170698 
-0.484607  0.490436   -0.0245218 0.0195767 
-0.51714   0.488408   -0.125341  0.0396504 
-0.51714   0.488408   -0.125341  0.0144102 
-0.526815  0.577631   -0.220358  0.0163647 
-0.526815  0.577631   -0.220358  0.0174558 
-0.526815  0.577631   -0.220358  0.0185434 
-0.526815  0.577631   -0.220358  0.0169615 
-0.507849  0.496771   -0.0974097 0.0122701 
-0.59284   0.553116   -0.283945  0.00890219
-0.642655  0.596712   -0.342517  0.00869685
-0.64283   0.644363   -0.355173  0.00969296
-0.616134  0.623087   -0.331826  0.0114264 
-0.668827  0.545753   -0.358994  0.0116383 
-0.57134   0.613408   -0.286178  0.0111092 
-0.592105  0.667312   -0.318046  0.0124227 
-0.654648  0.767211   -0.345959  0.0138265 
-0.581928  0.721679   -0.322007  0.0141463 
-0.557686  0.779196   -0.304961  0.0140271 
-0.487304  0.821262   -0.273846  0.0150431 
-0.422872  0.815919   -0.263766  0.0253381 
-0.51546   0.891733   -0.25265   0.0173001 
-0.465139  0.87804    -0.282713  0.0192588 
-0.402665  0.95872    -0.250757  0.0227118 
-0.484444  0.859747   -0.265265  0.0202111 
-0.485872  0.922034   -0.244676  0.0522211 
-0.502939  1.00802    -0.144447  0.0653195 
-0.568282  0.980123   -0.131463  0.032087  
-0.531788  0.964985   -0.238304  0.0574764 
-0.531788  0.964985   -0.238304  0.0480327 
-0.531788  0.964985   -0.238304  0.0214251 
-0.518251  0.883729   -0.274497  0.0391573 
-0.518251  0.883729   -0.274497  0.0233805 
-0.476325  0.89473    -0.273311  0.0247484 
-0.561     0.917588   -0.22747   0.017754  
-0.632179  0.852974   -0.296605  0.0165338 
-0.619545  0.809093   -0.301805  0.00991159
-0.683948  0.709451   -0.368137  0.0178043 
-0.732994  0.737906   -0.351298  0.0147066 
-0.735345  0.773116   -0.341438  0.0271367 
-0.735345  0.773116   -0.341438  0.0433461 
-0.820549  0.864212   -0.0961271 0.0230785 
-0.736285  0.785551   -0.305239  0.0418159 
-0.736285  0.785551   -0.305239  0.0262591 
-0.813814  0.805      -0.259231  0.0340219 
-0.880281  0.760319   -0.213923  0.0282455 
-0.813496  0.752469   -0.344421  0.0427038 
-0.860259  0.782978   -0.222217  0.0233826 
-0.835879  0.77689    -0.304425  0.034509  
-0.85872   0.806733   -0.221707  0.0199644 
-0.803668  0.77063    -0.342227  0.0112761 
-0.710029  0.700565   -0.395652  0.0103159 
-0.626922  0.664575   -0.383661  0.011494  
-0.602109  0.740458   -0.35444   0.00956678
-0.657113  0.689331   -0.361446  0.0109486 
-0.713632  0.726604   -0.397056  0.0125143 
-0.715148  0.726918   -0.388499  0.0216851 
-0.712787  0.769673   -0.319725  0.0164061 
-0.802869  0.699856   -0.391561  0.0393512 
-0.861287  0.778932   -0.163676  0.0251174 
-0.82774   0.781335   -0.300988  0.0299626 
-0.769308  0.867515   -0.250262  0.0568716 
-0.823915  0.952859   0.054091   0.0682839 
-0.785427  1.0038     0.105598   0.0675118 
-0.785427  1.0038     0.105598   0.050095  
-0.687981  1.05517    -0.00498664 0.056239  
-0.765853  0.955501   0.027321   0.0837718 
-0.840852  0.997488   0.348169   0.0556944 
-0.864677  0.953123   0.1353     0.0749105 
-0.868072  0.979905   0.313317   0.0817569 
-0.848344  1.06258    0.41394    0.108418  
-0.832212  1.15061    0.584475   0.14344   
-0.832212  1.15061    0.584475   0.169772  
-0.832212  1.15061    0.584475   0.131573  
-0.832212  1.15061    0.584475   0.0647429 
-0.752455  1.06264    0.105813   0.0815226 
-0.841317  1.09647    0.455959   0.0997962 
-0.841317  1.09647    0.455959   0.110564  
-0.841317  1.09647    0.455959   0.12143   
-0.786928  1.16263    0.70298    0.106272  
-0.789696  1.22244    0.828174   0.137849  
-0.774187  1.19625    0.861089   0.0671364 
-0.731827  1.13709    0.276619   0.0695699 
-0.725958  1.10989    0.250848   0.100576  
-0.725958  1.10989    0.250848   0.111726  
-0.725958  1.10989    0.250848   0.0588781 
-0.685846  1.14639    0.157977   0.105328  
-0.750613  1.23169    0.6215     0.156727  
-0.750613  1.23169    0.6215     0.137037  
-0.819458  1.14156    0.861801   0.0976729 
-0.782769  1.19892    0.70759    0.122507  
-0.875573  1.26029    0.918223   0.133461  
-0.875573  1.26029    0.918223   0.188356  
-0.875573  1.26029    0.918223   0.199304  
-0.875573  1.26029    0.918223   0.130925  
-0.785632  1.22335    0.859595   0.0858827 
-0.763859  1.1797     0.442083   0.0998434 
-0.763859  1.1797     0.442083   0.0801523 
-0.721105  1.143      0.255654   0.0622715 
-0.73856   1.10632    0.120459   0.0689354 
-0.725756  1.05189    0.187099   0.0378734 
-0.664031  0.986544   -0.121563  0.0700053 
-0.664031  0.986544   -0.121563  0.0268624 
-0.576101  1.02347    -0.245443  0.056971  
-0.576101  1.02347    -0.245443  0.0554836 
-0.576101  1.02347    -0.245443  0.0528624 
-0.673987  1.04038    0.0352962  0.0973298 
-0.744131  1.06885    0.175758   0.0455678 
-0.752314  1.03716    -0.0150443 0.141825  
-0.82252   1.12593    0.670562   0.0934769 
-0.723646  1.22151    0.596634   0.150958  
-0.723646  1.22151    0.596634   0.094415  
-0.699811  1.20223    0.40715    0.108866  
-0.699811  1.20223    0.40715    0.0781969 
-0.699399  1.13361    0.215553   0.141235  
-0.699399  1.13361    0.215553   0.0741937 
-0.709004  1.1182     0.190878   0.0734385 
-0.768665  1.08247    0.301964   0.0624914 
-0.765521  0.986767   0.0762239  0.0800099 
-0.765521  0.986767   0.0762239  0.0507948 
-0.726322  1.01734    -0.04437   0.03152   
-0.658433  0.974567   -0.191803  0.0632418 
-0.658433  0.974567   -0.191803  0.0448305 
-0.613838  1.00506    -0.0765455 0.0316059 
-0.597355  0.996129   -0.192686  0.0335258 
-0.552594  1.00428    -0.16879   0.0478481 
-0.461813  1.10365    -0.0924586 0.038083  
-0.504308  1.0505     -0.146359  0.0484654 
-0.511389  1.00605    -0.168298  0.0331751 
-0.469195  1.08241    -0.195917  0.0534994 
-0.469195  1.08241    -0.195917  0.064487  
-0.469195  1.08241    -0.195917  0.0253772 
-0.45229   1.048      -0.256725  0.0305338 
-0.45229   1.048      -0.256725  0.0265868 
-0.367762  0.959138   -0.221934  0.0157559 
-0.273878  0.884586   -0.251794  0.0207779 
-0.353549  0.924849   -0.219315  0.023539  
-0.360465  0.931201   -0.223743  0.014653  
-0.441319  0.878188   -0.280835  0.0152667 
-0.358625  0.859999   -0.211823  0.0155728 
-0.373292  0.866086   -0.218368  0.0155024 
-0.443682  0.772601   -0.254809  0.0163469 
-0.391871  0.752982   -0.221921  0.0163705 
-0.376391  0.76567    -0.184062  0.0185937 
-0.282854  0.734922   -0.0639726 0.0176863 
-0.214115  0.776113   -0.126502  0.0196643 
-0.223208  0.780294   -0.150278  0.0180486 
-0.20192   0.799285   -0.154761  0.0172424 
-0.179211  0.837124   -0.174202  0.016585  
-0.252788  0.887198   -0.233231  0.0152142 
-0.335818  0.867885   -0.246751  0.0154314 
-0.360366  0.881306   -0.201773  0.0225488 
-0.335409  0.963517   -0.242929  0.0163892 
-0.25693   0.87772    -0.215756  0.0178758 
-0.25693   0.87772    -0.215756  0.0205942 
-0.304294  0.96926    -0.234967  0.0233598 
-0.300365  1.03082    -0.240866  0.0263    
-0.28117   1.03559    -0.21578   0.0261951 
-0.290727  0.993161   -0.240542  0.0183564 
-0.256931  0.986493   -0.269803  0.0201048 
-0.26852   0.957847   -0.241398  0.0204737 
-0.351915  0.913614   -0.226972  0.0185829 
-0.287447  0.94304    -0.310627  0.0221118 
-0.374932  0.885084   -0.211966  0.0149146 
-0.422318  0.875437   -0.255258  0.0159415 
-0.441725  0.816592   -0.257521  0.0169099 
-0.386799  0.727258   -0.169052  0.0172107 
-0.319525  0.760031   -0.143908  0.0163214 
-0.39054   0.777519   -0.214407  0.0186222 
-0.39054   0.777519   -0.214407  0.0169692 
-0.373055  0.736342   -0.170418  0.0159711 
-0.470614  0.649452   -0.160309  0.0192074 
-0.470614  0.649452   -0.160309  0.0165934 
-0.473775  0.573725   -0.112027  0.0187282 
-0.455316  0.510346   -0.0126364 0.0230382 
-0.455316  0.510346   -0.0126364 0.0189921 
-0.443195  0.540815   -0.0422015 0.0201101 
-0.443195  0.540815   -0.0422015 0.0139143 
-0.530062  0.594707   -0.206559  0.0112876 
-0.575163  0.65871    -0.302491  0.00879473
-0.657246  0.666633   -0.371173  0.00635316
-0.749443  0.615251   -0.430184  0.016476  
-0.749443  0.615251   -0.430184  0.00821317
-0.688192  0.588535   -0.386906  0.00922124
-0.658999  0.6799     -0.380275  0.0072238 
-0.686289  0.624789   -0.405717  0.0125213 
-0.706669  0.701769   -0.377641  0.0127119 
-0.784812  0.683553   -0.409358  0.0104711 
-0.87653   0.625793   -0.409959  0.00885415
-0.863321  0.624862   -0.433036  0.0102347 
-0.890771  0.570208   -0.400435  0.0125231 
-0.831139  0.541341   -0.385237  0.014183  
-0.799965  0.529151   -0.357644  0.0358322 
-0.799965  0.529151   -0.357644  0.0208016 
-0.743385  0.492051   -0.307235  0.0207015 
-0.743385  0.492051   -0.307235  0.0168396 
-0.777678  0.51371    -0.356177  0.0303322 
-0.777678  0.51371    -0.356177  0.0112175 
-0.807541  0.551494   -0.41112   0.00771713
-0.768142  0.598414   -0.454248  0.0168473 
-0.864417  0.689056   -0.374698  0.0264717 
-0.864417  0.689056   -0.374698  0.0189073 
-0.877261  0.677067   -0.373182  0.0239144 
-0.872516  0.753152   -0.320979  0.0343138 
-0.852284  0.815401   -0.18791   0.0310127 
-0.877358  0.753102   -0.256384  0.029111  
-0.889995  0.722203   -0.299386  0.0252033 
-0.963489  0.741351   -0.229787  0.0351839 
-0.963489  0.741351   -0.229787  0.0290881 
-0.962688  0.687967   -0.276993  0.00937478
-0.901417  0.615848   -0.411915  0.00803415
-0.862967  0.592885   -0.436908  0.0190366 
-0.862967  0.592885   -0.436908  0.0109007 
-0.798035  0.664941   -0.424719  0.00867676
-0.718555  0.574039   -0.418711  0.00977982
-0.644957  0.654645   -0.376261  0.0116326 
-0.569577  0.637903   -0.281475  0.0116824 
-0.565362  0.67708    -0.305781  0.0147888 
-0.621655  0.740946   -0.308734  0.0136208 
-0.529701  0.780005   -0.307611  0.0141201 
-0.522647  0.787102   -0.303854  0.0143513 
-0.436899  0.844976   -0.288595  0.0151409 
-0.368463  0.801511   -0.2187    0.0189189 
-0.368463  0.801511   -0.2187    0.0198479 
-0.434863  0.878925   -0.250627  0.016128  
-0.393577  0.790573   -0.203689  0.0156321 
-0.384387  0.836745   -0.231624  0.0158141 
-0.306224  0.861837   -0.255335  0.0162368 
-0.406021  0.781465   -0.176628  0.0183151 
-0.406021  0.781465   -0.176628  0.0155446 
-0.314548  0.84974    -0.209095  0.0209297 
-0.402848  0.942417   -0.278108  0.0253899 
-0.402848  0.942417   -0.278108  0.0434395 
-0.402848  0.942417   -0.278108  0.0366253 
-0.419882  0.973169   -0.224533  0.0182922 
-0.404886  0.968485   -0.278114  0.0149488 
-0.475414  0.891885   -0.268685  0.0225338 
-0.55229   0.9094     -0.295278  0.0416596 
-0.538857  0.975388   -0.124238  0.0466666 
-0.505364  1.06671    -0.101857  0.0297587 
-0.526878  0.997222   -0.23047   0.0237141 
-0.57247   0.901428   -0.246978  0.0252547 
-0.523569  0.881083   -0.275494  0.0230959 
-0.565009  0.935156   -0.241463  0.0180195 
-0.520825  0.864576   -0.2442    0.0231717 
-0.516515  0.886661   -0.262813  0.0233795 
-0.437001  0.856291   -0.273888  0.0200514 
-0.491705  0.770219   -0.258299  0.0167991 
-0.580253  0.771917   -0.296066  0.0172438 
-0.670765  0.767971   -0.335635  0.014202  
-0.732323  0.717162   -0.386321  0.0195168 
-0.671483  0.816946   -0.317299  0.0160928 
-0.58779   0.802876   -0.318596  0.0266196 
-0.58779   0.802876   -0.318596  0.0122284 
-0.657644  0.725736   -0.366827  0.0123917 
-0.686472  0.711617   -0.390698  0.00804877
-0.644804  0.635915   -0.360785  0.00931426
-0.628896  0.623041   -0.348687  0.00771619
-0.676577  0.610611   -0.38614   0.00797506
-0.771169  0.583872   -0.430972  0.0104002 
-0.751535  0.556882   -0.394689  0.0105581 
-0.841523  0.557387   -0.416883  0.0101164 
-0.909446  0.611531   -0.406071  0.0156274 
-0.954987  0.625734   -0.332708  0.0159879 
-0.882541  0.65887    -0.401225  0.0138705 
-0.88246   0.643069   -0.383992  0.0122652 
-0.889312  0.566479   -0.381025  0.00801603
-0.811164  0.620595   -0.444643  0.0145249 
-0.896187  0.527514   -0.325133  0.0238732 
-0.896187  0.527514   -0.325133  0.0232405 
-0.796511  0.485755   -0.26819   0.0344178 
-0.796511  0.485755   -0.26819   0.0465687 
-0.796511  0.485755   -0.26819   0.0131547 
-0.78593   0.538561   -0.422726  0.0100367 
-0.885248  0.587359   -0.410128  0.00872117
-0.889251  0.584103   -0.388516  0.00742655
-0.827329  0.604139   -0.432812  0.00722855
-0.762828  0.656473   -0.438114  0.0134494 
-0.674928  0.742824   -0.363833  0.013238  
-0.650135  0.738297   -0.343254  0.0119592 
-0.605182  0.687376   -0.374612  0.0135149 
-0.519201  0.686453   -0.283539  0.0166193 
-0.436508  0.771799   -0.215096  0.0153184 
-0.491271  0.698485   -0.264845  0.0224874 
-0.47013   0.79367    -0.252322  0.014966  
-0.416299  0.803435   -0.23473   0.0148185 
-0.383046  0.802577   -0.202629  0.0161781 
-0.325091  0.821068   -0.198276  0.0167314 
-0.316324  0.782577   -0.154559  0.0158884 
-0.408868  0.850158   -0.266777  0.0185596 
-0.385759  0.919092   -0.291171  0.0185302 
-0.313895  0.954028   -0.279577  0.0180698 
-0.313895  0.954028   -0.279577  0.0192269 
-0.38358   0.955373   -0.279544  0.0154206 
-0.38204   0.920853   -0.26897   0.0215256 
-0.449984  0.833171   -0.228305  0.0184206 
-0.41164   0.925828   -0.28172   0.0400911 
-0.464268  1.00108    -0.180447  0.0599318 
-0.464268  1.00108    -0.180447  0.0407017 
-0.544156  0.913183   -0.189704  0.046392  
-0.544156  0.913183   -0.189704  0.0228407 
-0.481719  0.975938   -0.254591  0.0293593 
-0.41061   0.95655    -0.21705   0.0353604 
-0.479128  1.00007    -0.187713  0.0263589 
-0.404405  0.953329   -0.263756  0.030297  
-0.316493  1.03727    -0.201991  0.0342678 
-0.405261  1.10474    -0.16089   0.0280928 
-0.374062  1.06082    -0.23512   0.0329277 
-0.374062  1.06082    -0.23512   0.0311438 
-0.337846  1.00877    -0.194366  0.0219696 
-0.30016   0.939907   -0.247323  0.0213175 
-0.310435  1.02068    -0.256925  0.0248589 
-0.252572  1.01114    -0.229501  0.0182817 
-0.343326  0.995175   -0.26259   0.019158  
-0.291882  0.922941   -0.27376   0.0172414 
-0.199025  0.889151   -0.200972  0.0160594 
-0.148975  0.946996   -0.234611  0.0173403 
-0.0686593 0.98041    -0.288869  0.016078  
-0.0967925 0.93049    -0.236927  0.0205766 
-0.0740564 0.993665   -0.256138  0.0153922 
-0.0748653 0.916      -0.197772  0.0168834 
-0.140289  0.83504    -0.163701  0.0186187 
-0.140289  0.83504    -0.163701  0.0174691 
-0.168986  0.83875    -0.196586  0.0163014 
-0.243518  0.877926   -0.238277  0.0160356 
-0.321189  0.845827   -0.234114  0.0164929 
-0.328474  0.829707   -0.234961  0.0192586 
-0.273695  0.766191   -0.112057  0.0156794 
-0.179872  0.85279    -0.169977  0.0182442 
-0.210016  0.778617   -0.118221  0.0199171 
-0.301172  0.696609   -0.0630513 0.0233227 
-0.240461  0.649062   0.0787494  0.0257297 
-0.300199  0.5679     0.140702   0.0252438 
-0.300199  0.5679     0.140702   0.0246668 
-0.25934   0.602108   0.126949   0.0264684 
-0.237236  0.590958   0.225536   0.0297498 
-0.153353  0.567799   0.332848   0.0232263 
-0.0645674 0.665724   0.17968    0.0200916 
0.00662309 0.759223   -0.0326705 0.022151  
-0.0420105 0.71516    0.020519   0.0259339 
-0.0420105 0.71516    0.020519   0.0266466 
0.0544429  0.637478   0.220169   0.0230377 
-0.00366104 0.678405   0.177226   0.0226045 
0.0833516  0.68143    0.122358   0.0229713 
0.0844691  0.703071   0.0567351  0.0209866 
0.0736268  0.701889   0.0876569  0.0248167 
0.0860212  0.632781   0.239022   0.0242156 
0.132154   0.668401   0.0818361  0.0236228 
0.183858   0.680771   0.051545   0.0200191 
0.154827   0.735908   -0.036238  0.0232099 
0.200657   0.674501   0.0426762  0.0313267 
0.105318   0.589753   0.295477   0.0291371 
0.105318   0.589753   0.295477   0.0323953 
0.0897732  0.549674   0.497784   0.0385945 
-0.00637202 0.491415   0.76806    0.0544828 
-0.00637202 0.491415   0.76806    0.032003  
0.087247   0.543316   0.522588   0.0365218 
0.087247   0.543316   0.522588   0.0271924 
0.0979437  0.590739   0.387008   0.03709   
0.0979437  0.590739   0.387008   0.024856  
0.152902   0.629674   0.209281   0.0199548 
0.147945   0.722338   0.0531217  0.0204648 
0.164278   0.703643   0.0717666  0.0229758 
0.164278   0.703643   0.0717666  0.026441  
0.164278   0.703643   0.0717666  0.0198682 
0.203258   0.730429   -0.0309829 0.016903  
0.27171    0.78104    -0.120405  0.0173383 
0.27647    0.780642   -0.15177   0.0160075 
0.253742   0.829303   -0.148362  0.0190537 
0.253742   0.829303   -0.148362  0.0163848 
0.314204   0.799275   -0.155072  0.0308758 
0.373327   0.895368   -0.237458  0.0184341 
0.461843   0.893129   -0.269255  0.0152096 
0.418549   0.824228   -0.25119   0.0157124 
0.387167   0.787685   -0.150837  0.0156517 
0.486689   0.85973    -0.296716  0.015138  
0.555507   0.861177   -0.319144  0.0248882 
0.520693   0.816591   -0.255288  0.0135922 
0.600455   0.737286   -0.331852  0.0126672 
0.557966   0.677064   -0.305092  0.0162008 
0.473593   0.587773   -0.133074  0.0178561 
0.442645   0.543741   -0.00557138 0.0235181 
0.382743   0.459465   0.197533   0.0369882 
0.452694   0.375394   0.292322   0.0275109 
0.543275   0.431      -0.0170403 0.0193917 
0.542383   0.460864   -0.0485993 0.0284678 
0.542383   0.460864   -0.0485993 0.0308569 
0.542383   0.460864   -0.0485993 0.0444782 
0.627952   0.394773   0.166882   0.0284706 
0.643923   0.444154   -0.0651557 0.020633  
0.687931   0.491378   -0.322086  0.0301286 
0.687931   0.491378   -0.322086  0.0204017 
0.748405   0.493104   -0.295086  0.00872632
0.690724   0.575314   -0.396699  0.00797666
0.690465   0.587673   -0.389041  0.00662901
0.715738   0.609719   -0.426087  0.00687807
0.797424   0.596941   -0.44687   0.00973064
0.877152   0.565082   -0.394833  0.0151554 
0.877152   0.565082   -0.394833  0.010437  
0.916681   0.560452   -0.364206  0.0122438 
0.943605   0.62835    -0.376135  0.033153  
1.02288    0.726663   -0.102655  0.0409436 
1.02288    0.726663   -0.102655  0.0315296 
1.02288    0.726663   -0.102655  0.061873  
1.02288    0.726663   -0.102655  0.0426748 
1.02288    0.726663   -0.102655  0.0372087 
1.08116    0.681278   0.00452159 0.0424757 
1.08116    0.681278   0.00452159 0.0416137 
1.03328    0.729166   -0.0225946 0.0396295 
1.07401    0.703345   0.00716343 0.0379944 
1.07401    0.703345   0.00716343 0.049096  
1.07401    0.703345   0.00716343 0.0322223 
1.02589    0.708724   -0.124264  0.0235228 
1.05042    0.64231    -0.134917  0.03996   
1.05042    0.64231    -0.134917  0.0337367 
1.04345    0.705729   -0.104023  0.023012  
0.965289   0.660409   -0.296055  0.0102416 
0.916022   0.561172   -0.347759  0.0160112 
0.850509   0.516631   -0.315366  0.00779831
0.789909   0.583876   -0.44914   0.0161235 
0.835545   0.522236   -0.351558  0.0218963 
0.79811    0.484754   -0.172994  0.0108355 
0.876076   0.560292   -0.394998  0.0175394 
0.893378   0.512703   -0.275816  0.0142601 
0.983859   0.521109   -0.214607  0.0134222 
0.985683   0.537056   -0.259032  0.020441  
0.985683   0.537056   -0.259032  0.024337  
1.08254    0.613378   -0.0703217 0.0513072 
1.08254    0.613378   -0.0703217 0.0179345 
1.03498    0.596302   -0.202011  0.0119457 
0.997302   0.542537   -0.233819  0.0162386 
1.01126    0.627604   -0.246929  0.0117552 
0.960591   0.564481   -0.297813  0.0169121 
0.999358   0.609407   -0.27632   0.0136579 
0.999358   0.609407   -0.27632   0.0203106 
0.987221   0.662012   -0.280659  0.0409178 
1.02493    0.743071   -0.0395187 0.0385119 
1.0083     0.732652   -0.0897921 0.0588518 
1.0083     0.732652   -0.0897921 0.0261392 
0.975621   0.682529   -0.267605  0.0605525 
1.04845    0.781054   0.159383   0.0434212 
1.10498    0.70128    0.131849   0.0480486 
1.17127    0.694203   0.328239   0.0513113 
1.13842    0.712505   0.224146   0.0501984 
1.09643    0.738097   0.219441   0.050809  
1.07664    0.761793   0.177403   0.0367025 
1.05319    0.692803   0.0295297  0.0457778 
1.06735    0.721556   0.0355249  0.0504323 
1.11919    0.753284   0.237899   0.0409534 
1.12531    0.683248   0.172049   0.0230188 
1.06059    0.6429     -0.143139  0.0321456 
1.06059    0.6429     -0.143139  0.0528148 
1.06059    0.6429     -0.143139  0.0336604 
1.03405    0.727349   -0.0993853 0.0326415 
1.08428    0.652783   -0.0306755 0.0146699 
1.02719    0.582867   -0.234813  0.0290307 
1.02719    0.582867   -0.234813  0.0120802 
0.979574   0.570764   -0.299716  0.0176912 
0.926176   0.614376   -0.355558  0.0242572 
0.926176   0.614376   -0.355558  0.0255534 
0.926176   0.614376   -0.355558  0.0129226 
0.926176   0.614376   -0.355558  0.0253666 
1.02104    0.654372   -0.192113  0.0395407 
1.02104    0.654372   -0.192113  0.0403796 
1.02104    0.654372   -0.192113  0.020268  
1.06142    0.6056     -0.140748  0.0163396 
1.14316    0.513901   0.0674758  0.0140892 
1.13412    0.505736   0.0840794  0.017058  
1.13492    0.549453   0.0409059  0.0177829 
1.13492    0.549453   0.0409059  0.0140196 
1.08365    0.501419   -0.00288813 0.03019   
1.08365    0.501419   -0.00288813 0.0207093 
1.08365    0.501419   -0.00288813 0.0297645 
0.986761   0.433455   0.0481855  0.025489  
1.05804    0.442954   0.0981433  0.0535645 
1.05804    0.442954   0.0981433  0.0183588 
0.998813   0.48541    -0.0758447 0.0194651 
1.02065    0.473999   -0.0448596 0.0338071 
1.02065    0.473999   -0.0448596 0.0151403 
1.09441    0.550273   -0.074299  0.0407167 
1.09441    0.550273   -0.074299  0.032637  
1.09441    0.550273   -0.074299  0.015189  
1.11189    0.556272   -0.0314954 0.0196078 
1.1172     0.582099   -0.0393744 0.0142891 
1.1172     0.582099   -0.0393744 0.0414163 
1.04168    0.679037   -0.100786  0.0354402 
1.09023    0.721055   0.0308478  0.0393259 
1.01709    0.779253   -0.0315688 0.0240565 
0.93869    0.741418   -0.266924  0.00969488
0.857177   0.655737   -0.439001  0.00996754
0.947837   0.611239   -0.379307  0.0117457 
1.01832    0.549177   -0.222231  0.0183855 
1.01832    0.549177   -0.222231  0.0222956 
1.10141    0.594169   -0.0550991 0.0238673 
1.18109    0.558996   0.149558   0.0434732 
1.18109    0.558996   0.149558   0.0193123 
1.18407    0.459788   0.265306   0.0244614 
1.2722     0.506159   0.498063   0.0653432 
1.2722     0.506159   0.498063   0.0196226 
1.24631    0.487316   0.375008   0.0246883 
1.24631    0.487316   0.375008   0.0259697 
1.26209    0.513329   0.44112    0.0287503 
1.26209    0.513329   0.44112    0.0449609 
1.26209    0.513329   0.44112    0.0149109 
1.18822    0.483956   0.270958   0.0238645 
1.26055    0.426197   0.594397   0.0346081 
1.26055    0.426197   0.594397   0.0233679 
1.23184    0.427013   0.489205   0.026995  
1.23184    0.427013   0.489205   0.0281015 
1.23184    0.427013   0.489205   0.0308054 
1.23184    0.427013   0.489205   0.0245464 
1.25497    0.515829   0.450694   0.0258913 
1.26021    0.525667   0.472453   0.0182586 
1.23857    0.460207   0.445717   0.0329969 
1.23857    0.460207   0.445717   0.0296425 
1.23857    0.460207   0.445717   0.0214375 
1.22967    0.438337   0.444949   0.019191  
1.18403    0.525292   0.182737   0.0207753 
1.13474    0.450534   0.199728   0.0136084 
1.06536    0.522687   -0.101542  0.0150147 
1.06536    0.522687   -0.101542  0.0168888 
1.03174    0.598275   -0.239972  0.028758  
1.03174    0.598275   -0.239972  0.026488  
1.03174    0.598275   -0.239972  0.014216  
1.03174    0.598275   -0.239972  0.0101994 
0.937584   0.588664   -0.370759  0.0174056 
0.846774   0.509902   -0.271887  0.0120324 
0.885361   0.545696   -0.358655  0.0130613 
0.885361   0.545696   -0.358655  0.0226187 
0.791626   0.483263   -0.235416  0.00913535
0.742491   0.562183   -0.411859  0.00899492
0.644057   0.597958   -0.354903  0.0106951 
0.61687    0.653735   -0.35081   0.01637   
0.61687    0.653735   -0.35081   0.0129916 
0.614428   0.743484   -0.339558  0.0134924 
0.599117   0.731794   -0.332587  0.0127044 
0.572496   0.7364     -0.30446   0.014     
0.520449   0.727001   -0.257626  0.0121484 
0.574833   0.72867    -0.300501  0.0138945 
0.652801   0.761869   -0.350347  0.0245951 
0.674666   0.836547   -0.266711  0.0180553 
0.644821   0.763046   -0.315718  0.0105932 
0.653783   0.705114   -0.358546  0.015533  
0.653783   0.705114   -0.358546  0.0160557 
0.580761   0.76967    -0.294266  0.0147074 
0.509181   0.791096   -0.253111  0.027349  
0.417889   0.84361    -0.223056  0.0217915 
0.455222   0.82627    -0.237925  0.0163194 
0.373736   0.83204    -0.258293  0.0147508 
0.439063   0.812199   -0.243344  0.0171103 
0.439063   0.812199   -0.243344  0.0203356 
0.407136   0.843304   -0.224281  0.0195229 
0.456445   0.899146   -0.225465  0.0159666 
0.395582   0.849412   -0.264624  0.0188459 
0.484818   0.835208   -0.243251  0.0144436 
0.504409   0.771934   -0.265934  0.0164354 
0.590288   0.791022   -0.300887  0.0203564 
0.687101   0.792329   -0.288     0.0194225 
0.687101   0.792329   -0.288     0.0158609 
0.724766   0.727974   -0.352186  0.0200337 
0.686025   0.806593   -0.323263  0.0119086 
0.626535   0.792539   -0.357891  0.0137147 
0.700323   0.738784   -0.382464  0.0147239 
0.700323   0.738784   -0.382464  0.0111671 
0.700323   0.738784   -0.382464  0.0140942 
0.653387   0.737888   -0.34837   0.0109653 
0.718143   0.69492    -0.394203  0.00795967
0.753182   0.688547   -0.431288  0.00781397
0.665484   0.625418   -0.374723  0.0108084 
0.700798   0.55459    -0.391804  0.00714262
0.774162   0.648579   -0.4436    0.006297  
0.795321   0.598251   -0.422936  0.00960355
0.835516   0.573641   -0.431015  0.00922824
0.747028   0.568347   -0.401097  0.00618603
0.755947   0.647929   -0.427574  0.00901765
0.807683   0.564628   -0.407608  0.0228395 
0.804122   0.482789   -0.214941  0.023615  
0.705084   0.474157   -0.228645  0.0325189 
0.789343   0.436709   0.0118174  0.0451931 
0.698816   0.396393   0.194879   0.0703563 
0.698816   0.396393   0.194879   0.0209215 
0.736562   0.48797    -0.266241  0.0137339 
0.799124   0.531284   -0.370722  0.023622  
0.799124   0.531284   -0.370722  0.0261604 
0.799124   0.531284   -0.370722  0.0235602 
0.730016   0.472647   -0.202448  0.0119466 
0.766507   0.544536   -0.379533  0.019059  
0.809786   0.507615   -0.328605  0.0112509 
0.802791   0.55097    -0.411798  0.023519  
0.763258   0.478065   -0.237609  0.0140368 
0.699135   0.524121   -0.344668  0.0284241 
0.699135   0.524121   -0.344668  0.0339684 
0.699135   0.524121   -0.344668  0.0297415 
0.699135   0.524121   -0.344668  0.0284071 
0.699135   0.524121   -0.344668  0.0136956 
0.665807   0.527008   -0.333691  0.0149584 
0.57302    0.507305   -0.18998   0.0141951 
0.625788   0.531509   -0.301565  0.0124934 
0.565191   0.577908   -0.260513  0.00909028
0.630187   0.640026   -0.360027  0.0140238 
0.540868   0.689607   -0.270228  0.0162114 
0.540868   0.689607   -0.270228  0.0122398 
0.569895   0.617137   -0.297265  0.0121261 
0.552839   0.649156   -0.284017  0.0162456 
0.552839   0.649156   -0.284017  0.0148535 
0.509718   0.724673   -0.264236  0.0166532 
0.509718   0.724673   -0.264236  0.0242145 
0.566988   0.807132   -0.286076  0.0131703 
0.599184   0.74343    -0.32672   0.0139731 
0.599184   0.74343    -0.32672   0.0209326 
0.599184   0.74343    -0.32672   0.0159431 
0.696066   0.792472   -0.330013  0.0228151 
0.670444   0.788885   -0.301584  0.0205628 
0.729175   0.782341   -0.346902  0.0237748 
0.657051   0.881632   -0.269442  0.0375754 
0.731038   0.952579   -0.110935  0.0414414 
0.754558   0.872256   -0.158641  0.0336473 
0.754605   0.867031   -0.2092    0.0192649 
0.665086   0.816896   -0.333398  0.027222  
0.595387   0.889404   -0.225886  0.0338794 
0.534627   0.985693   -0.214758  0.0438353 
0.534627   0.985693   -0.214758  0.0291759 
0.51944    0.943137   -0.205703  0.0255971 
0.435037   0.951937   -0.259333  0.0346316 
0.455345   1.00841    -0.236185  0.0199205 
0.532862   0.927312   -0.260456  0.0176494 
0.557582   0.849378   -0.304516  0.0140068 
0.571108   0.758796   -0.305273  0.00817756
0.668193   0.662314   -0.391504  0.0115327 
0.579703   0.657441   -0.306018  0.011984  
0.575372   0.684563   -0.306015  0.0138618 
0.507731   0.728299   -0.271661  0.0146438 
0.44959    0.779929   -0.222046  0.0150183 
0.475298   0.702846   -0.209174  0.0189349 
0.482191   0.801622   -0.257097  0.0162657 
0.416218   0.754275   -0.230704  0.0155387 
0.413131   0.770405   -0.188795  0.0163175 
0.414554   0.71455    -0.151094  0.0168734 
0.386526   0.729927   -0.171846  0.0176822 
0.449227   0.827185   -0.27146   0.0175128 
0.480807   0.898783   -0.2929    0.0154113 
0.438646   0.807314   -0.25541   0.0154161 
0.498482   0.889179   -0.29316   0.0141095 
0.462908   0.79821    -0.247514  0.0154444 
0.452366   0.703684   -0.208226  0.0148089 
0.517287   0.603995   -0.216515  0.015392  
0.517287   0.603995   -0.216515  0.011768  
0.561144   0.631661   -0.266437  0.00828884
0.656368   0.623087   -0.383884  0.0140018 
0.656368   0.623087   -0.383884  0.0119282 
0.567086   0.635018   -0.295642  0.0126504 
0.562734   0.648952   -0.29959   0.0147424 
0.562734   0.648952   -0.29959   0.0126258 
0.608801   0.560516   -0.3189    0.0116095 
0.608801   0.560516   -0.3189    0.0133734 
0.608801   0.560516   -0.3189    0.0134532 
0.608801   0.560516   -0.3189    0.0118448 
0.608801   0.560516   -0.3189    0.00891643
0.640561   0.627525   -0.367615  0.0103829 
0.707507   0.55776    -0.405789  0.00841928
0.691249   0.588633   -0.399229  0.0188415 
0.691249   0.588633   -0.399229  0.0181121 
0.728242   0.500111   -0.300547  0.0159901 
0.754394   0.517234   -0.356424  0.0067961 
0.730537   0.604644   -0.430144  0.00820177
0.730537   0.604644   -0.430144  0.00944806
0.727144   0.578394   -0.403693  0.0120404 
0.640239   0.536979   -0.316674  0.0284338 
0.640239   0.536979   -0.316674  0.0191915 
0.640239   0.536979   -0.316674  0.0188186 
0.59556    0.478449   -0.188093  0.0206009 
0.511206   0.456666   -0.00471262 0.0248629 
0.411947   0.426359   0.257156   0.0183558 
0.442677   0.521333   -0.00649832 0.0237358 
0.442677   0.521333   -0.00649832 0.0234668 
0.382719   0.524203   0.0748265  0.0229154 
0.28609    0.621364   0.0665031  0.0218858 
0.28609    0.621364   0.0665031  0.024455  
0.28609    0.621364   0.0665031  0.024545  
0.197771   0.634804   0.142082   0.0205108 
0.265447   0.673402   0.0413677  0.0258368 
0.243925   0.615971   0.13957    0.0215707 
0.170445   0.707809   0.0160268  0.0233565 
0.264259   0.646805   0.0380667  0.0203421 
0.218566   0.715508   -0.0451601 0.0177916 
0.314401   0.741812   -0.0843429 0.0168402 
0.403653   0.745987   -0.213629  0.0166623 
0.351339   0.785133   -0.176348  0.0191576 
0.362802   0.746082   -0.114648  0.0196613 
0.310172   0.69955    -0.0630938 0.0192868 
0.341084   0.694537   -0.0623512 0.0181309 
0.344599   0.721446   -0.106506  0.0190241 
0.33695    0.682753   -0.029845  0.0205054 
0.279057   0.682165   0.0499062  0.02349   
0.2721     0.598303   0.197831   0.0192936 
0.371013   0.633805   -0.0505325 0.0202745 
0.371013   0.633805   -0.0505325 0.0173614 
0.376071   0.723599   -0.156137  0.0178834 
0.376071   0.723599   -0.156137  0.0181002 
0.333817   0.708684   -0.0537523 0.0174974 
0.334809   0.761876   -0.166332  0.0168076 
0.248275   0.810916   -0.16981   0.0166772 
0.248275   0.810916   -0.16981   0.0206225 
0.248275   0.810916   -0.16981   0.0224133 
0.262683   0.900214   -0.211037  0.019254  
0.33067    0.982367   -0.24361   0.0163756 
0.258918   0.950916   -0.261279  0.0165702 
0.173716   0.864444   -0.214748  0.0168194 
0.185629   0.879282   -0.205938  0.0175171 
0.167521   0.80823    -0.144327  0.0196816 
0.161708   0.765509   -0.134182  0.0189151 
0.111053   0.807646   -0.140452  0.017074  
0.196168   0.8027     -0.152729  0.0160439 
0.188213   0.902521   -0.216901  0.0174263 
0.234493   0.818826   -0.196361  0.0174834 
0.284987   0.824387   -0.210207  0.0172348 
0.218891   0.833706   -0.179306  0.0154    
0.140023   0.869482   -0.180027  0.0163355 
0.178007   0.86176    -0.199917  0.0174285 
0.178007   0.86176    -0.199917  0.0160295 
0.0955569  0.957464   -0.253377  0.0336903 
0.194508   0.975752   -0.186191  0.0157916 
0.248642   0.8955     -0.230252  0.0174029 
0.162209   0.82606    -0.106405  0.0183796 
0.07757    0.807095   -0.142131  0.0172435 
0.0873917  0.823031   -0.163398  0.0164015 
0.04626    0.898149   -0.224611  0.015885  
0.071796   0.925392   -0.232937  0.0238015 
0.0980147  0.941512   -0.228392  0.0166575 
0.0811557  1.00906    -0.267536  0.026658  
0.0431278  1.06117    -0.184687  0.0359071 
0.130094   1.1602     -0.191076  0.0647164 
0.130094   1.1602     -0.191076  0.093509  
0.130094   1.1602     -0.191076  0.0491624 
0.130094   1.1602     -0.191076  0.0463233 
0.130094   1.1602     -0.191076  0.0597737 
0.130094   1.1602     -0.191076  0.0267087 
0.111955   1.11216    -0.193201  0.0214262 
0.0171141  1.0426     -0.235042  0.0198361 
-0.0383699 0.980845   -0.255252  0.019782  
-0.0263204 0.952973   -0.254034  0.0151284 
-0.0312928 0.950121   -0.242079  0.0171761 
0.00666469 0.971112   -0.285475  0.0164859 
0.0721502  1.01968    -0.277076  0.0267555 
0.0755048  1.05198    -0.229299  0.0165529 
0.0670222  0.97932    -0.264404  0.016068  
0.15094    0.912332   -0.229668  0.0177789 
0.19679    0.923232   -0.253036  0.0182631 
0.23927    0.949507   -0.260677  0.0160596 
0.226144   0.899442   -0.235492  0.0168583 
0.157139   0.972633   -0.269926  0.0197214 
0.0680776  1.017      -0.264877  0.0223243 
0.0314412  1.0687     -0.287034  0.0254798 
0.00768904 1.0723     -0.224565  0.0380898 
-0.0100433 1.10007    -0.211954  0.0393908 
-0.0814592 1.00129    -0.201663  0.0220779 
-0.0500151 1.06557    -0.257674  0.0276162 
-0.0018706 1.0334     -0.215304  0.0209114 
-0.0256421 1.03769    -0.270415  0.028158  
0.0630493  1.08882    -0.221187  0.0221835 
0.0686418  1.03975    -0.251152  0.0210677 
0.0686418  1.03975    -0.251152  0.0437619 
0.0686418  1.03975    -0.251152  0.0369482 
0.00381837 1.1117     -0.189793  0.0288611 
0.00573802 1.091      -0.247628  0.0370904 
0.0225521  1.01004    -0.237782  0.0146968 
-0.063733  0.975701   -0.275706  0.01754   
-0.117836  0.938064   -0.236794  0.0163627 
-0.134458  0.850302   -0.176856  0.0188018 
-0.212647  0.774435   -0.142535  0.017975  
-0.306509  0.729656   -0.0637589 0.021434  
-0.253549  0.692385   -0.0232345 0.0235972 
-0.255363  0.640568   0.0824925  0.0277314 
-0.255363  0.640568   0.0824925  0.0234402 
-0.293623  0.616801   0.080595   0.0189806 
-0.364448  0.662906   -0.0672472 0.0204825 
-0.279359  0.680373   0.0177932  0.0182437 
-0.356799  0.669068   -0.0272149 0.0186386 
-0.434279  0.584217   -0.0793491 0.0152364 
-0.484939  0.638802   -0.166699  0.0137667 
-0.516931  0.692804   -0.262822  0.0148388 
-0.481862  0.740445   -0.279636  0.0196183 
-0.401286  0.761324   -0.196226  0.0181061 
-0.401286  0.761324   -0.196226  0.0155975 
-0.417158  0.735257   -0.231097  0.0171437 
-0.429181  0.751252   -0.183802  0.0150471 
-0.517449  0.834468   -0.286227  0.0155875 
-0.467277  0.901355   -0.288734  0.0146313 
-0.538168  0.814439   -0.29101   0.0243659 
-0.538168  0.814439   -0.29101   0.0142182 
-0.581046  0.831921   -0.313971  0.0126387 
-0.590248  0.73822    -0.337568  0.0130489 
-0.534415  0.707412   -0.289051  0.0103645 
-0.590847  0.65331    -0.319633  0.0132207 
-0.560946  0.698517   -0.287893  0.0155563 
-0.523105  0.781224   -0.305057  0.013165  
-0.505621  0.79156    -0.265472  0.0171081 
-0.601536  0.829356   -0.295133  0.0201487 
-0.639779  0.861486   -0.313196  0.0210347 
-0.639779  0.861486   -0.313196  0.0212218 
-0.655359  0.937503   -0.292347  0.028189  
-0.73676   0.911107   -0.238182  0.0358037 
-0.73676   0.911107   -0.238182  0.0414346 
-0.800179  0.926178   -0.0925163 0.0326184 
-0.737039  0.848206   -0.247986  0.0122849 
-0.676815  0.74952    -0.359956  0.0190646 
-0.7656    0.799635   -0.323371  0.0246904 
-0.845414  0.73858    -0.331979  0.0197253 
-0.770535  0.773909   -0.365443  0.0183004 
-0.775637  0.810882   -0.329947  0.0143197 
-0.700467  0.753423   -0.378483  0.0136387 
-0.694366  0.784461   -0.386044  0.0285499 
-0.694366  0.784461   -0.386044  0.0187106 
-0.694366  0.784461   -0.386044  0.0213714 
-0.694366  0.784461   -0.386044  0.0164554 
-0.781618  0.772629   -0.364699  0.0344665 
-0.817549  0.786642   -0.279391  0.0202049 
-0.737936  0.828331   -0.281233  0.0208562 
-0.649541  0.887752   -0.29412   0.018486  
-0.668959  0.830005   -0.320618  0.0232173 
-0.633941  0.866182   -0.266905  0.0266858 
-0.731153  0.864433   -0.278117  0.0328045 
-0.781662  0.8585     -0.272595  0.0553309 
-0.781662  0.8585     -0.272595  0.0685244 
-0.789643  0.92471    0.00653134 0.0500757 
-0.763233  0.996421   0.0499493  0.0630448 
-0.763233  0.996421   0.0499493  0.0399875 
-0.794597  0.946391   -0.112091  0.0440582 
-0.765946  0.92988    -0.116528  0.069705  
-0.765946  0.92988    -0.116528  0.0581127 
-0.765946  0.92988    -0.116528  0.0380617 
-0.796934  0.84561    -0.179173  0.0185186 
-0.748172  0.766408   -0.346878  0.0233008 
-0.83071   0.756291   -0.329801  0.0450333 
-0.901734  0.693451   -0.312099  0.0425285 
-0.930902  0.792756   -0.0881339 0.0329358 
-1.02712   0.738713   -0.114673  0.0353975 
-1.07868   0.695713   -0.0215085 0.036567  
-1.07868   0.695713   -0.0215085 0.0513166 
-1.07868   0.695713   -0.0215085 0.0337923 
-1.02486   0.670124   -0.177787  0.0325931 
-0.955856  0.748628   -0.168824  0.0211043 
-0.8929    0.707945   -0.337225  0.0148734 
-0.817991  0.65974    -0.433571  0.00794767
-0.740877  0.584274   -0.432448  0.0159508 
-0.740877  0.584274   -0.432448  0.0112813 
-0.690541  0.545625   -0.364595  0.0151087 
-0.655703  0.510631   -0.250588  0.0185913 
-0.700942  0.499141   -0.291013  0.0448929 
-0.700942  0.499141   -0.291013  0.0188504 
-0.692307  0.49612    -0.278476  0.0368156 
-0.692307  0.49612    -0.278476  0.0101603 
-0.645339  0.56303    -0.362505  0.00943114
-0.645339  0.56303    -0.362505  0.00991674
-0.700213  0.561245   -0.392184  0.0167389 
-0.700213  0.561245   -0.392184  0.0130005 
-0.652224  0.531877   -0.317738  0.0131361 
-0.652224  0.531877   -0.317738  0.020774  
-0.650635  0.484027   -0.20535   0.00830717
-0.722448  0.578291   -0.401313  0.0103605 
-0.77384   0.555084   -0.418605  0.00942097
-0.851313  0.569954   -0.406941  0.0156326 
-0.797478  0.524361   -0.386282  0.00823316
-0.852621  0.609425   -0.419832  0.0175328 
-0.852621  0.609425   -0.419832  0.0170145 
-0.852621  0.609425   -0.419832  0.010673  
-0.852621  0.609425   -0.419832  0.0152018 
-0.852621  0.609425   -0.419832  0.00978087
-0.821226  0.567427   -0.429179  0.0113428 
-0.913483  0.623494   -0.399061  0.0268256 
-0.913483  0.623494   -0.399061  0.0101132 
-0.869259  0.561648   -0.387907  0.0132849 
-0.869259  0.561648   -0.387907  0.0219669 
-0.787427  0.490462   -0.270053  0.0437425 
-0.777246  0.398617   0.312511   0.0197238 
-0.759558  0.496059   -0.27626   0.0292086 
-0.786217  0.459601   -0.159403  0.012006  
-0.832784  0.543685   -0.388891  0.0269742 
-0.832784  0.543685   -0.388891  0.0233722 
-0.846194  0.4798     -0.188864  0.0315454 
-0.846194  0.4798     -0.188864  0.0144864 
-0.772651  0.531133   -0.376028  0.00725208
-0.685058  0.619503   -0.395275  0.00671339
-0.710807  0.604105   -0.406301  0.014946  
-0.710807  0.604105   -0.406301  0.00916848
-0.710807  0.604105   -0.406301  0.00766747
-0.68106   0.653737   -0.3867    0.0133638 
-0.68106   0.653737   -0.3867    0.0107598 
-0.655509  0.555348   -0.344042  0.0164699 
-0.642924  0.508935   -0.303411  0.0239017 
-0.642924  0.508935   -0.303411  0.011859  
-0.658564  0.538701   -0.334916  0.016389  
-0.658564  0.538701   -0.334916  0.00708423
-0.715127  0.594658   -0.417965  0.00920089
-0.674444  0.691956   -0.412755  0.00866904
-0.656788  0.613091   -0.37013   0.010669  
-0.627026  0.565437   -0.319464  0.00972753
-0.629873  0.571496   -0.326937  0.0107637 
-0.694827  0.552      -0.369414  0.00934634
-0.757988  0.570654   -0.433458  0.0195307 
-0.771314  0.504103   -0.332822  0.00910463
-0.674387  0.579455   -0.380082  0.0178745 
-0.674387  0.579455   -0.380082  0.0101081 
-0.659922  0.562862   -0.360107  0.0158354 
-0.687769  0.516952   -0.319967  0.0081721 
-0.776133  0.577715   -0.429784  0.00707534
-0.719381  0.618799   -0.425019  0.00770163
-0.678798  0.618048   -0.384237  0.0156361 
-0.751764  0.519795   -0.353271  0.0140658 
-0.689515  0.529381   -0.354651  0.0256565 
-0.689515  0.529381   -0.354651  0.00772693
-0.731925  0.582903   -0.415692  0.00929408
-0.802589  0.663414   -0.437597  0.0099705 
-0.782427  0.680062   -0.433492  0.00838122
-0.68782   0.669209   -0.406195  0.0125095 
-0.645916  0.767948   -0.348107  0.0132017 
-0.645916  0.767948   -0.348107  0.0239539 
-0.721782  0.841995   -0.281078  0.029959  
-0.646505  0.887889   -0.247424  0.0481116 
-0.646505  0.887889   -0.247424  0.0441217 
-0.72313   0.977946   -0.0526138 0.0692482 
-0.72313   0.977946   -0.0526138 0.0381036 
-0.651999  0.912221   -0.208542  0.0304636 
-0.68788   0.898006   -0.21014   0.0175542 
-0.595863  0.816859   -0.273461  0.0163313 
-0.57567   0.853222   -0.289045  0.0183778 
-0.591267  0.820943   -0.299467  0.0181223 
-0.591267  0.820943   -0.299467  0.0317301 
-0.591267  0.820943   -0.299467  0.0160803 
-0.591267  0.820943   -0.299467  0.0135385 
-0.541211  0.817021   -0.312702  0.0146823 
-0.448036  0.776478   -0.213028  0.0158529 
-0.488577  0.751919   -0.223984  0.0171074 
-0.446846  0.82473    -0.267823  0.0147405 
-0.451207  0.785146   -0.265894  0.0158462 
-0.378305  0.794279   -0.216186  0.0166743 
-0.414156  0.756495   -0.243702  0.0187451 
-0.332324  0.701357   -0.104627  0.018295  
-0.34457   0.708208   -0.0661563 0.0168463 
-0.357961  0.758684   -0.15644   0.0164172 
-0.349463  0.847664   -0.270519  0.016106  
-0.263781  0.861744   -0.235765  0.0150076 
-0.224864  0.91752    -0.275659  0.0162763 
-0.224864  0.91752    -0.275659  0.025761  
-0.191003  0.995659   -0.220195  0.0277046 
-0.204953  1.0757     -0.225496  0.0353692 
-0.249115  1.03139    -0.224743  0.01956   
-0.249944  0.943567   -0.251525  0.0190565 
-0.261532  0.92165    -0.19024   0.068336  
-0.356135  0.997354   -0.162268  0.0387633 
-0.381833  1.03369    -0.14665   0.0408239 
-0.442173  1.01833    -0.19601   0.0356899 
-0.396597  1.08229    -0.106134  0.0429842 
-0.372879  1.10502    -0.0831585 0.0417564 
-0.371555  1.11291    -0.17629   0.0452848 
-0.374605  1.17083    0.00764015 0.0561524 
-0.391816  1.20264    0.00153334 0.0830479 
-0.327188  1.13475    0.0452704  0.041948  
-0.357062  1.09268    -0.130325  0.0307001 
-0.452842  1.04038    -0.166921  0.0292684 
-0.461228  1.05919    -0.195457  0.042611  
-0.477727  1.05748    -0.16202   0.0858158 
-0.477727  1.05748    -0.16202   0.0419939 
-0.504865  1.02599    -0.169762  0.0242679 
-0.491729  0.970604   -0.242893  0.048849  
-0.573516  1.01505    -0.112162  0.0288851 
-0.552256  1.03701    -0.233505  0.059541  
-0.615928  1.10921    0.111017   0.0580748 
-0.598244  1.15646    0.0966386  0.132332  
-0.598244  1.15646    0.0966386  0.036361  
-0.518027  1.07131    -0.202558  0.039499  
-0.538183  1.01869    -0.212134  0.029136  
-0.449456  1.02259    -0.226536  0.0690059 
-0.524852  1.11363    0.0480292  0.151271  
-0.440195  1.15489    0.115099   0.0302009 
-0.52699   1.06966    -0.200173  0.062346  
-0.592061  1.15526    0.123464   0.107053  
-0.569878  1.15806    0.274326   0.0786029 
-0.645797  1.16762    0.207794   0.105458  
-0.645797  1.16762    0.207794   0.0688998 
-0.60302   1.14803    0.136085   0.114413  
-0.60302   1.14803    0.136085   0.0800971 
-0.60302   1.14803    0.136085   0.0587793 
-0.668207  1.05256    -0.0326837 0.0929333 
-0.678228  1.15032    0.399167   0.0604753 
-0.635479  1.06845    0.022371   0.0763717 
-0.613473  1.12929    0.212042   0.127807  
-0.613473  1.12929    0.212042   0.0536635 
-0.557836  1.11395    -0.00467515 0.0495167 
-0.511258  1.11423    -0.0789371 0.0327897 
-0.419273  1.06762    -0.190621  0.04114   
-0.513939  0.986522   -0.20069   0.0322436 
-0.544656  1.05774    -0.158444  0.0799212 
-0.544656  1.05774    -0.158444  0.0610941 
-0.55915   1.06388    -0.00542619 0.0510495 
-0.563447  1.08626    -0.0434602 0.0551743 
-0.649727  1.11409    0.0615017  0.0778448 
-0.699548  1.11251    0.21278    0.0682561 
-0.699548  1.11251    0.21278    0.0452537 
-0.607967  1.05503    -0.0129534 0.0378714 
-0.602209  1.00512    -0.155495  0.0284162 
-0.542657  0.932146   -0.224459  0.0315661 
-0.575586  0.907749   -0.255155  0.0227465 
-0.554389  0.867682   -0.2518    0.0200617 
-0.565974  0.831401   -0.286725  0.0175255 
-0.578974  0.928393   -0.327134  0.019941  
-0.67165   0.836001   -0.309406  0.0215132 
-0.682695  0.887254   -0.280295  0.0196935 
-0.747566  0.799168   -0.319742  0.0179662 
-0.679149  0.791134   -0.325313  0.0125393 
-0.763383  0.71946    -0.393763  0.013588  
-0.791661  0.702247   -0.389053  0.0128035 
-0.749342  0.69068    -0.401383  0.0145602 
-0.742075  0.662648   -0.415983  0.00968736
-0.733499  0.72277    -0.405803  0.0340241 
-0.733499  0.72277    -0.405803  0.0186556 
-0.817416  0.748577   -0.355948  0.0247407 
-0.732015  0.769665   -0.315899  0.0315421 
-0.732015  0.769665   -0.315899  0.0196482 
-0.658183  0.848757   -0.281362  0.0149824 
-0.577548  0.786304   -0.302782  0.00941646
-0.644439  0.696118   -0.356789  0.00825907
-0.668186  0.65       -0.377177  0.0111629 
-0.595046  0.663966   -0.332693  0.014447  
-0.512343  0.588227   -0.171122  0.0162152 
-0.512343  0.588227   -0.171122  0.0194111 
-0.444368  0.507741   0.00346991 0.0229847 
-0.413181  0.456291   0.156662   0.0184986 
-0.449547  0.5022     0.0432883  0.0227349 
-0.528881  0.44854    -0.0246563 0.0309057 
-0.528881  0.44854    -0.0246563 0.0121565 
-0.597138  0.546667   -0.270234  0.0119658 
-0.557738  0.623926   -0.263631  0.0140813 
-0.536305  0.531803   -0.172489  0.0254941 
-0.536305  0.531803   -0.172489  0.0119481 
-0.600569  0.563941   -0.30749   0.00992231
-0.618916  0.586946   -0.312564  0.00899257
-0.684702  0.57781    -0.383557  0.0202243 
-0.615151  0.48397    -0.207476  0.0112929 
-0.627319  0.553626   -0.310146  0.0134143 
-0.589402  0.530207   -0.254959  0.0220898 
-0.498837  0.439213   0.0879034  0.0162936 
-0.483695  0.502246   -0.0375673 0.0181395 
-0.46903   0.573105   -0.13078   0.0182056 
-0.401917  0.620402   0.00578441 0.0185324 
-0.417207  0.590439   -0.0390419 0.0161022 
-0.484121  0.52824    -0.0802674 0.0205479 
-0.484121  0.52824    -0.0802674 0.0207269 
-0.484121  0.52824    -0.0802674 0.0152618 
-0.483077  0.603419   -0.157281  0.0128768 
-0.559513  0.55814    -0.231684  0.0212724 
-0.657401  0.484963   -0.21887   0.0210492 
-0.678789  0.480757   -0.235344  0.0136236 
-0.586986  0.520142   -0.211536  0.0111588 
-0.590335  0.616419   -0.303343  0.0128969 
-0.603893  0.541745   -0.289445  0.0184949 
-0.603893  0.541745   -0.289445  0.011439  
-0.580484  0.555601   -0.246057  0.0160983 
-0.603858  0.502263   -0.231531  0.0140314 
-0.688134  0.518994   -0.299261  0.0353555 
-0.688134  0.518994   -0.299261  0.0136769 
-0.690642  0.530739   -0.351809  0.0340979 
-0.690642  0.530739   -0.351809  0.0184982 
-0.77175   0.505745   -0.332641  0.032057  
-0.77175   0.505745   -0.332641  0.0322428 
-0.858149  0.43812    0.032752   0.0336522 
-0.858149  0.43812    0.032752   0.0578521 
-0.858149  0.43812    0.032752   0.0189043 
-0.803834  0.499644   -0.272654  0.0317526 
-0.803834  0.499644   -0.272654  0.0155105 
-0.817677  0.524393   -0.346868  0.00818132
-0.841474  0.586077   -0.446747  0.0108258 
-0.867693  0.552412   -0.380959  0.0215997 
-0.867693  0.552412   -0.380959  0.0145142 
-0.922038  0.534636   -0.328942  0.00795825
-0.835005  0.587434   -0.432194  0.00597132
-0.804413  0.633475   -0.456079  0.0185651 
-0.903702  0.705166   -0.344177  0.0141861 
-0.949855  0.612191   -0.33822   0.018323  
-0.933407  0.690659   -0.326463  0.0125352 
-0.933407  0.690659   -0.326463  0.0363122 
-0.933407  0.690659   -0.326463  0.0283056 
-0.8363    0.769283   -0.262363  0.0363271 
-0.836596  0.867448   -0.160974  0.0514193 
-0.836596  0.867448   -0.160974  0.0333826 
-0.8785    0.81002    -0.202653  0.070867  
-0.8785    0.81002    -0.202653  0.0303857 
-0.9569    0.728807   -0.192083  0.0159902 
-0.885231  0.71129    -0.36661   0.0136766 
-0.798658  0.686073   -0.416548  0.019262  
-0.757336  0.761677   -0.353154  0.017345  
-0.685868  0.77169    -0.329891  0.0118016 
-0.647206  0.731798   -0.363356  0.0147698 
-0.574338  0.787581   -0.331678  0.0135619 
-0.574338  0.787581   -0.331678  0.0238197 
-0.600915  0.859128   -0.271286  0.0385757 
-0.668639  0.889305   -0.234176  0.0291949 
-0.658112  0.879952   -0.216103  0.0262846 
-0.572133  0.970744   -0.207734  0.0354107 
-0.621816  0.882778   -0.244138  0.0430529 
-0.621816  0.882778   -0.244138  0.0393562 
-0.600564  0.979203   -0.183702  0.0215377 
-0.597817  0.966982   -0.278375  0.0476479 
-0.597817  0.966982   -0.278375  0.0335089 
-0.641734  0.973008   -0.191827  0.0812461 
-0.641734  0.973008   -0.191827  0.0404756 
-0.733225  0.9155     -0.155215  0.021761  
-0.704648  0.830733   -0.283965  0.0188972 
-0.754598  0.77877    -0.361603  0.0301433 
-0.745984  0.864709   -0.268938  0.0454493 
-0.785753  0.853646   -0.131583  0.0344647 
-0.759601  0.930076   -0.144173  0.0364383 
-0.696668  0.923201   -0.166376  0.0318865 
-0.711797  0.868666   -0.245241  0.0277406 
-0.784293  0.806809   -0.297537  0.0287104 
-0.819608  0.833415   -0.257713  0.0308685 
-0.769947  0.842079   -0.23525   0.0362148 
-0.80325   0.822231   -0.260005  0.0250396 
-0.787999  0.808998   -0.293043  0.0456332 
-0.787999  0.808998   -0.293043  0.0373503 
-0.864548  0.851966   -0.180787  0.0237629 
-0.795916  0.81134    -0.268646  0.029122  
-0.706749  0.8765     -0.219244  0.0289376 
-0.680069  0.852105   -0.252978  0.0231315 
-0.759786  0.836813   -0.26834   0.026579  
-0.742714  0.856881   -0.284074  0.0290687 
-0.742714  0.856881   -0.284074  0.0125707 
-0.652782  0.7646     -0.361073  0.0221154 
-0.738234  0.792886   -0.315899  0.0327296 
-0.662855  0.841209   -0.243965  0.0285158 
-0.664379  0.836465   -0.262059  0.0235461 
-0.595287  0.933609   -0.281076  0.0385859 
-0.621824  0.90552    -0.230394  0.0342453 
-0.621824  0.90552    -0.230394  0.01764   
-0.555324  0.863371   -0.298506  0.0147624 
-0.510979  0.837831   -0.293327  0.0180953 
-0.544381  0.781375   -0.297114  0.0156554 
-0.512204  0.803202   -0.282022  0.0159508 
-0.52379   0.788812   -0.278625  0.0175466 
-0.552858  0.690503   -0.2798    0.0133567 
-0.631038  0.750976   -0.330941  0.0170002 
-0.559099  0.806108   -0.284729  0.013303  
-0.50412   0.788691   -0.290125  0.0154121 
-0.485346  0.836268   -0.283796  0.0257984 
-0.50018   0.933531   -0.255741  0.031101  
-0.49209   1.02598    -0.224304  0.0463362 
-0.420298  1.12099    -0.105722  0.0648322 
-0.420298  1.12099    -0.105722  0.0396201 
-0.482126  1.08239    -0.10673   0.0239907 
-0.535076  1.00199    -0.248829  0.0249886 
-0.608395  0.922216   -0.247781  0.0353    
-0.608395  0.922216   -0.247781  0.0401486 
-0.608395  0.922216   -0.247781  0.0312056 
-0.530933  0.977029   -0.270959  0.0217374 
-0.572093  0.907389   -0.273582  0.0332149 
-0.534422  0.962683   -0.196014  0.0469158 
-0.569808  0.952828   -0.175618  0.0309297 
-0.523622  0.939549   -0.200584  0.0400518 
-0.594544  0.983906   -0.195625  0.0392964 
-0.614892  1.02283    -0.151659  0.0547873 
-0.70301   1.00767    -0.0820915 0.0465251 
-0.765686  1.03984    0.00753184 0.0503146 
-0.715746  1.03855    -0.0686079 0.0286343 
-0.661638  0.943866   -0.24777   0.0304365 
-0.619919  0.910757   -0.228358  0.0367115 
-0.619919  0.910757   -0.228358  0.0175922 
-0.63077   0.849694   -0.317222  0.0428876 
-0.63077   0.849694   -0.317222  0.0154941 
-0.66004   0.798497   -0.347546  0.0268278 
-0.66004   0.798497   -0.347546  0.0296767 
-0.733516  0.860732   -0.275249  0.0508401 
-0.733516  0.860732   -0.275249  0.0174361 
-0.732367  0.803651   -0.319158  0.0149065 
-0.668212  0.802249   -0.360935  0.0217328 
-0.684247  0.801992   -0.346396  0.0166326 
-0.747722  0.759619   -0.36404   0.0157349 
-0.679497  0.780125   -0.355147  0.017086  
-0.660512  0.753544   -0.335805  0.0219497 
-0.696144  0.831893   -0.31113   0.0301178 
-0.696144  0.831893   -0.31113   0.0257044 
-0.770704  0.807668   -0.269937  0.0119612 
-0.787833  0.709452   -0.404696  0.0169316 
-0.787833  0.709452   -0.404696  0.0143029 
-0.691376  0.791519   -0.387353  0.0171743 
-0.675229  0.775906   -0.33354   0.0159086 
-0.696864  0.777236   -0.370904  0.0124995 
-0.614737  0.731659   -0.333003  0.0116588 
-0.602437  0.727251   -0.32374   0.0232082 
-0.575601  0.77828    -0.283311  0.0118594 
-0.571707  0.733892   -0.301467  0.0150143 
-0.563919  0.789531   -0.295457  0.011733  
-0.624449  0.714085   -0.316386  0.0155667 
-0.717924  0.747891   -0.387699  0.0125116 
-0.810019  0.655806   -0.416732  0.0248886 
-0.810019  0.655806   -0.416732  0.0116362 
-0.844214  0.651457   -0.434087  0.0171114 
-0.844214  0.651457   -0.434087  0.0115091 
-0.938171  0.627301   -0.373092  0.0373998 
-0.938171  0.627301   -0.373092  0.00885683
-0.845325  0.629703   -0.437245  0.00885165
-0.782895  0.656493   -0.437342  0.00775217
-0.748466  0.582465   -0.428549  0.0103013 
-0.687903  0.564621   -0.389846  0.00602359
-0.755996  0.621323   -0.429859  0.0083794 
-0.769242  0.576266   -0.431526  0.0076067 
-0.686737  0.64974    -0.393925  0.0064785 
-0.778576  0.601056   -0.441049  0.0159176 
-0.764346  0.519614   -0.352824  0.0119281 
-0.833134  0.545906   -0.388725  0.0212346 
-0.833134  0.545906   -0.388725  0.0201932 
-0.915468  0.493724   -0.223131  0.0162817 
-0.905166  0.51685    -0.298037  0.0127572 
-0.914399  0.541708   -0.349463  0.01536   
-0.978649  0.516534   -0.217665  0.0330304 
-0.978649  0.516534   -0.217665  0.0126853 
-0.944821  0.542586   -0.324159  0.0172387 
-0.903087  0.509035   -0.282103  0.0104289 
-0.807094  0.566954   -0.428682  0.00836222
-0.874454  0.594242   -0.42715   0.0135122 
-0.874454  0.594242   -0.42715   0.0101465 
-0.874817  0.637172   -0.413047  0.0107615 
-0.917469  0.575946   -0.371259  0.00757945
-0.853089  0.606305   -0.453321  0.0124522 
-0.853089  0.606305   -0.453321  0.0118005 
-0.764093  0.549242   -0.412387  0.00682998
-0.72763   0.599494   -0.419055  0.0193416 
-0.777762  0.651006   -0.421371  0.00831716
-0.82221   0.578041   -0.446814  0.00692724
-0.841678  0.649478   -0.447352  0.00681614
-0.831341  0.606899   -0.441986  0.0211438 
-0.927363  0.6939     -0.363206  0.0137715 
-0.887618  0.68218    -0.396434  0.0289279 
-0.948831  0.726859   -0.23614   0.0428419 
-0.948831  0.726859   -0.23614   0.0271518 
-0.916696  0.717972   -0.253557  0.0225388 
-1.00621   0.670867   -0.226286  0.0457986 
-1.00621   0.670867   -0.226286  0.0125242 
-0.930308  0.623585   -0.382425  0.0174773 
-0.930308  0.623585   -0.382425  0.0106851 
-0.967132  0.587765   -0.329556  0.00906976
-0.90529   0.613549   -0.412677  0.0115618 
-0.955786  0.570927   -0.347672  0.0156692 
-0.955786  0.570927   -0.347672  0.0212211 
-0.955786  0.570927   -0.347672  0.0217122 
-0.955786  0.570927   -0.347672  0.0136798 
-0.922989  0.566105   -0.336518  0.0214988 
-0.922989  0.566105   -0.336518  0.0156039 
-1.01287   0.510209   -0.159997  0.0116612 
-1.00162   0.570971   -0.259194  0.0197307 
-1.00162   0.570971   -0.259194  0.0170915 
-1.00162   0.570971   -0.259194  0.0253175 
-1.00805   0.657327   -0.230225  0.00929817
-0.928251  0.580916   -0.371365  0.0122873 
-0.928251  0.580916   -0.371365  0.0206518 
-0.929506  0.675976   -0.308094  0.00984745
-0.944352  0.586529   -0.376764  0.0166969 
-0.895655  0.519198   -0.309753  0.0340385 
-0.895655  0.519198   -0.309753  0.00974353
-0.893781  0.56831    -0.403691  0.00821472
-0.819871  0.634624   -0.439168  0.0068944 
-0.788943  0.619828   -0.445758  0.00839205
-0.72757   0.640561   -0.413304  0.0113056 
-0.627785  0.559931   -0.328234  0.0115929 
-0.606307  0.655295   -0.333293  0.0134592 
-0.701994  0.728298   -0.376761  0.021067  
-0.731077  0.81953    -0.318917  0.0162062 
-0.669855  0.793718   -0.351859  0.0152222 
-0.756806  0.711139   -0.389717  0.00891635
-0.727633  0.676283   -0.425001  0.0165275 
-0.740751  0.696599   -0.399397  0.0123784 
-0.652111  0.772763   -0.373353  0.0175125 
-0.570586  0.753152   -0.289578  0.00907371
-0.648684  0.65696    -0.377246  0.00903386
-0.648506  0.60076    -0.376408  0.0124915 
-0.577824  0.552049   -0.231472  0.0121685 
-0.546947  0.650772   -0.241726  0.0147803 
-0.546947  0.650772   -0.241726  0.0198864 
-0.628571  0.746634   -0.328017  0.0179078 
-0.628571  0.746634   -0.328017  0.00775671
-0.686537  0.651998   -0.401986  0.0111052 
-0.591159  0.578561   -0.291006  0.0185766 
-0.67947   0.499212   -0.278277  0.0135007 
-0.597922  0.529183   -0.263448  0.0110714 
-0.590913  0.589567   -0.291933  0.0139421 
-0.590913  0.589567   -0.291933  0.0113778 
-0.579887  0.633281   -0.295144  0.00819833
-0.66454   0.60024    -0.37984   0.00828517
-0.678579  0.632325   -0.392012  0.00687344
-0.734366  0.591417   -0.415023  0.0127478 
-0.674424  0.53508    -0.359177  0.0247105 
-0.654399  0.459835   -0.150345  0.0458565 
-0.654399  0.459835   -0.150345  0.0208629 
-0.673759  0.484959   -0.257675  0.0151613 
-0.57377   0.507702   -0.18627   0.0151805 
-0.540763  0.518547   -0.167106  0.0309186 
-0.540763  0.518547   -0.167106  0.0130743 
-0.535845  0.55944    -0.17607   0.0157562 
-0.480328  0.610629   -0.12789   0.0146444 
-0.492452  0.696364   -0.223721  0.0191649 
-0.492452  0.696364   -0.223721  0.0115163 
-0.565032  0.654264   -0.281019  0.00816454
-0.657404  0.637927   -0.380772  0.0121171 
-0.576782  0.604145   -0.290962  0.0163178 
-0.485491  0.59427    -0.163642  0.0130369 
-0.553096  0.603127   -0.257282  0.0134953 
-0.535356  0.692954   -0.287221  0.0146706 
-0.503244  0.690444   -0.269688  0.0148787 
-0.582937  0.768152   -0.31547   0.0144403 
-0.515279  0.699481   -0.257261  0.0133745 
-0.545395  0.621396   -0.273741  0.0162895 
-0.45057   0.692623   -0.183388  0.0157324 
-0.440475  0.743108   -0.20081   0.0161613 
-0.43118   0.732682   -0.17861   0.0147032 
-0.51127   0.753275   -0.2842    0.0120221 
-0.595881  0.745279   -0.334865  0.00917608
-0.640234  0.665526   -0.369509  0.0130693 
-0.738033  0.719223   -0.396561  0.0108801 
-0.815527  0.660033   -0.441201  0.0167463 
-0.815527  0.660033   -0.441201  0.0124059 
-0.815527  0.660033   -0.441201  0.0252796 
-0.762228  0.721023   -0.358254  0.00880096
-0.773896  0.630669   -0.439277  0.00778271
-0.679022  0.601738   -0.382883  0.013335  
-0.773821  0.534486   -0.392304  0.0297428 
-0.773821  0.534486   -0.392304  0.033777  
-0.773821  0.534486   -0.392304  0.0177247 
-0.86449   0.509257   -0.289798  0.018851  
-0.838465  0.505342   -0.30238   0.039745  
-0.838465  0.505342   -0.30238   0.0101398 
-0.759277  0.561402   -0.400106  0.00921102
-0.759277  0.561402   -0.400106  0.0128217 
-0.815261  0.541805   -0.380484  0.00891813
-0.898523  0.579874   -0.39538   0.0229892 
-0.848479  0.483025   -0.200668  0.0125651 
-0.770028  0.540979   -0.391619  0.013574  
-0.770028  0.540979   -0.391619  0.0120474 
-0.831654  0.548131   -0.39657   0.0144853 
-0.748878  0.527243   -0.356641  0.0113833 
