#MU        SIGMA      ENERGY     ERROR     
-0.746515  0.653591   -0.441704  0.0075872 
-0.774139  0.604057   -0.437495  0.00606139
-0.774139  0.604057   -0.437495  0.0112603 
-0.774139  0.604057   -0.437495  0.0140124 
-0.774139  0.604057   -0.437495  0.0113399 
-0.774139  0.604057   -0.437495  0.00934141
-0.774139  0.604057   -0.437495  0.00751177
-0.770193  0.629138   -0.435873  0.0272951 
-0.770193  0.629138   -0.435873  0.00982456
-0.770193  0.629138   -0.435873  0.00631453
-0.737722  0.635467   -0.424518  0.00878299
-0.737722  0.635467   -0.424518  0.00780268
-0.737722  0.635467   -0.424518  0.00859751
-0.819716  0.612387   -0.439415  0.0132052 
-0.819716  0.612387   -0.439415  0.010144  
-0.883049  0.593167   -0.411534  0.0124254 
-0.883049  0.593167   -0.411534  0.0149439 
-0.891293  0.660451   -0.393051  0.0231387 
-0.891293  0.660451   -0.393051  0.010609  
-0.839889  0.649429   -0.424363  0.0103072 
-0.839889  0.649429   -0.424363  0.00938396
-0.772098  0.651032   -0.433057  0.0100213 
-0.821919  0.668505   -0.434241  0.0129892 
-0.821919  0.668505   -0.434241  0.0184993 
-0.821919  0.668505   -0.434241  0.0104802 
-0.821919  0.668505   -0.434241  0.0172876 
-0.821919  0.668505   -0.434241  0.00786623
-0.724066  0.65132    -0.427313  0.00671705
-0.743554  0.594551   -0.430883  0.00719395
-0.825217  0.59435    -0.435739  0.0097825 
-0.825217  0.59435    -0.435739  0.00960206
-0.825217  0.59435    -0.435739  0.0168688 
-0.825217  0.59435    -0.435739  0.0113751 
-0.801193  0.550817   -0.416415  0.00824782
-0.801193  0.550817   -0.416415  0.0227238 
-0.801193  0.550817   -0.416415  0.012641  
-0.801193  0.550817   -0.416415  0.0208804 
-0.801193  0.550817   -0.416415  0.0272502 
-0.801193  0.550817   -0.416415  0.00728355
-0.705599  0.602837   -0.413624  0.0168096 
-0.705599  0.602837   -0.413624  0.0109049 
-0.799161  0.63948    -0.428308  0.00941243
-0.799161  0.63948    -0.428308  0.0136061 
-0.799161  0.63948    -0.428308  0.00779829
-0.805755  0.587883   -0.433344  0.00857792
-0.845531  0.586002   -0.432002  0.00828122
-0.760573  0.608171   -0.427282  0.0104635 
-0.791981  0.69233    -0.422796  0.0141649 
-0.791981  0.69233    -0.422796  0.0210322 
-0.791981  0.69233    -0.422796  0.0171895 
-0.791981  0.69233    -0.422796  0.00755674
-0.791981  0.69233    -0.422796  0.00620594
-0.717884  0.620965   -0.425937  0.00977867
-0.73436   0.667666   -0.424501  0.0112959 
-0.788427  0.668293   -0.432866  0.0145506 
-0.788427  0.668293   -0.432866  0.00857142
-0.788427  0.668293   -0.432866  0.0256286 
-0.788427  0.668293   -0.432866  0.00706826
-0.717778  0.59646    -0.42418   0.00864889
-0.79378   0.638052   -0.437935  0.00699424
-0.737889  0.632982   -0.421701  0.0111309 
-0.825814  0.555147   -0.416259  0.0200664 
-0.825814  0.555147   -0.416259  0.0199166 
-0.825814  0.555147   -0.416259  0.0190868 
-0.825814  0.555147   -0.416259  0.00986009
-0.852907  0.57206    -0.41593   0.0114369 
-0.821512  0.655536   -0.427501  0.00771481
-0.858067  0.589319   -0.43635   0.0117245 
-0.858067  0.589319   -0.43635   0.0119059 
-0.858067  0.589319   -0.43635   0.00993874
-0.858067  0.589319   -0.43635   0.0154626 
-0.858067  0.589319   -0.43635   0.012782  
-0.858067  0.589319   -0.43635   0.0110191 
-0.858067  0.589319   -0.43635   0.0103909 
-0.858067  0.589319   -0.43635   0.0159993 
-0.858067  0.589319   -0.43635   0.0154892 
-0.858067  0.589319   -0.43635   0.0114009 
-0.858067  0.589319   -0.43635   0.0153238 
-0.858067  0.589319   -0.43635   0.0124637 
-0.858067  0.589319   -0.43635   0.0129502 
-0.858067  0.589319   -0.43635   0.0155285 
-0.831664  0.626215   -0.428219  0.0128043 
-0.84996   0.674215   -0.415517  0.0199611 
-0.84996   0.674215   -0.415517  0.0250416 
-0.84996   0.674215   -0.415517  0.0115296 
-0.758871  0.685918   -0.419537  0.0107915 
-0.758871  0.685918   -0.419537  0.0142715 
-0.758871  0.685918   -0.419537  0.0306757 
-0.758871  0.685918   -0.419537  0.0128534 
-0.758871  0.685918   -0.419537  0.0251567 
-0.758871  0.685918   -0.419537  0.00623358
-0.772573  0.613986   -0.447075  0.00959123
-0.733821  0.560599   -0.416492  0.00651999
-0.758102  0.621448   -0.44149   0.00541893
-0.780743  0.635022   -0.456184  0.0222044 
-0.780743  0.635022   -0.456184  0.0106281 
-0.780743  0.635022   -0.456184  0.017402  
-0.780743  0.635022   -0.456184  0.0166552 
-0.780743  0.635022   -0.456184  0.00611198
-0.780743  0.635022   -0.456184  0.0102267 
-0.780743  0.635022   -0.456184  0.0127664 
-0.780743  0.635022   -0.456184  0.010934  
-0.807884  0.66896    -0.424217  0.00676398
-0.778466  0.646666   -0.444653  0.0152132 
-0.778466  0.646666   -0.444653  0.00637439
-0.778466  0.646666   -0.444653  0.00990772
-0.778466  0.646666   -0.444653  0.00611857
-0.801954  0.610902   -0.452184  0.009004  
-0.801954  0.610902   -0.452184  0.00587739
-0.801954  0.610902   -0.452184  0.0158928 
-0.801954  0.610902   -0.452184  0.0140155 
-0.801954  0.610902   -0.452184  0.0110977 
-0.801954  0.610902   -0.452184  0.00860834
-0.823025  0.574467   -0.426058  0.0175613 
-0.823025  0.574467   -0.426058  0.00942289
-0.823025  0.574467   -0.426058  0.011794  
-0.871382  0.651661   -0.425376  0.0142671 
-0.871382  0.651661   -0.425376  0.0201086 
-0.871382  0.651661   -0.425376  0.00924622
-0.882006  0.603036   -0.413468  0.00805731
-0.831787  0.625242   -0.439594  0.0115482 
-0.778254  0.700303   -0.423008  0.0106863 
-0.811456  0.64098    -0.43153   0.00678429
-0.811456  0.64098    -0.43153   0.0185481 
-0.811456  0.64098    -0.43153   0.0122725 
-0.811456  0.64098    -0.43153   0.0129773 
-0.811456  0.64098    -0.43153   0.0132885 
-0.811456  0.64098    -0.43153   0.00868261
-0.811456  0.64098    -0.43153   0.00941049
-0.790312  0.66239    -0.43184   0.00809574
-0.790312  0.66239    -0.43184   0.00942822
-0.792396  0.567201   -0.438934  0.00740057
-0.764236  0.627386   -0.434265  0.00799165
-0.794537  0.599701   -0.429257  0.00762368
-0.794537  0.599701   -0.429257  0.0176303 
-0.794537  0.599701   -0.429257  0.014782  
-0.794537  0.599701   -0.429257  0.00711704
-0.784069  0.659427   -0.448337  0.0138459 
-0.784069  0.659427   -0.448337  0.0136318 
-0.784069  0.659427   -0.448337  0.0206384 
-0.784069  0.659427   -0.448337  0.0110699 
-0.784069  0.659427   -0.448337  0.00861095
-0.784069  0.659427   -0.448337  0.00579248
-0.784347  0.629597   -0.456995  0.0108862 
-0.784347  0.629597   -0.456995  0.0187911 
-0.784347  0.629597   -0.456995  0.00755614
-0.784347  0.629597   -0.456995  0.00576817
-0.784347  0.629597   -0.456995  0.018291  
-0.784347  0.629597   -0.456995  0.00569476
-0.760984  0.629739   -0.451825  0.0252274 
-0.760984  0.629739   -0.451825  0.0142828 
-0.760984  0.629739   -0.451825  0.0122432 
-0.760984  0.629739   -0.451825  0.0319215 
-0.760984  0.629739   -0.451825  0.00903034
-0.835523  0.573673   -0.428476  0.00943008
-0.865807  0.585965   -0.429654  0.014084  
-0.865807  0.585965   -0.429654  0.0116523 
-0.865807  0.585965   -0.429654  0.0138856 
-0.865807  0.585965   -0.429654  0.0115532 
-0.865807  0.585965   -0.429654  0.0104379 
-0.865807  0.585965   -0.429654  0.0163896 
-0.865807  0.585965   -0.429654  0.00799421
-0.797806  0.685184   -0.439394  0.00816753
-0.820457  0.621211   -0.441918  0.0115207 
-0.820457  0.621211   -0.441918  0.0107326 
-0.820457  0.621211   -0.441918  0.0218611 
-0.820457  0.621211   -0.441918  0.0120788 
-0.820457  0.621211   -0.441918  0.019513  
-0.820457  0.621211   -0.441918  0.0124198 
-0.820457  0.621211   -0.441918  0.013482  
-0.820457  0.621211   -0.441918  0.0065459 
-0.752255  0.605062   -0.430688  0.00759487
-0.683141  0.622211   -0.394578  0.00915226
-0.684217  0.58725    -0.396385  0.011886  
-0.684217  0.58725    -0.396385  0.0090555 
-0.684217  0.58725    -0.396385  0.0104438 
-0.68406   0.56283    -0.385532  0.0106397 
-0.728765  0.554963   -0.393545  0.0247688 
-0.728765  0.554963   -0.393545  0.0200202 
-0.728765  0.554963   -0.393545  0.00967247
-0.728765  0.554963   -0.393545  0.0227648 
-0.728765  0.554963   -0.393545  0.00647364
-0.780759  0.607149   -0.442896  0.0106391 
-0.780759  0.607149   -0.442896  0.00853362
-0.764458  0.57387    -0.434428  0.00655821
-0.764458  0.57387    -0.434428  0.0230995 
-0.764458  0.57387    -0.434428  0.0116205 
-0.764458  0.57387    -0.434428  0.0179568 
-0.771054  0.609486   -0.423817  0.00889998
-0.692721  0.583633   -0.406868  0.0107776 
-0.692721  0.583633   -0.406868  0.0162244 
-0.692721  0.583633   -0.406868  0.00943825
-0.692721  0.583633   -0.406868  0.00588459
-0.765338  0.621016   -0.44585   0.00753732
-0.765338  0.621016   -0.44585   0.00699154
-0.765338  0.621016   -0.44585   0.00832967
-0.765338  0.621016   -0.44585   0.0105504 
-0.712498  0.556428   -0.386175  0.0257825 
-0.712498  0.556428   -0.386175  0.0123529 
-0.774962  0.542562   -0.419562  0.00802338
-0.774962  0.542562   -0.419562  0.0113613 
-0.774962  0.542562   -0.419562  0.0322452 
-0.774962  0.542562   -0.419562  0.01282   
-0.806689  0.540108   -0.422103  0.0268428 
-0.806689  0.540108   -0.422103  0.0190005 
-0.806689  0.540108   -0.422103  0.00795471
-0.807871  0.580773   -0.430024  0.00786844
-0.76991   0.587732   -0.432933  0.0204861 
-0.76991   0.587732   -0.432933  0.0116475 
-0.76991   0.587732   -0.432933  0.00833889
-0.847371  0.574529   -0.427992  0.016922  
-0.847371  0.574529   -0.427992  0.0103469 
-0.799418  0.556925   -0.431042  0.0117202 
-0.799418  0.556925   -0.431042  0.0114244 
-0.839014  0.582092   -0.436228  0.0136359 
-0.839014  0.582092   -0.436228  0.0178925 
-0.839014  0.582092   -0.436228  0.0102656 
-0.839014  0.582092   -0.436228  0.0116823 
-0.839014  0.582092   -0.436228  0.0114926 
-0.839014  0.582092   -0.436228  0.00592912
-0.759007  0.651199   -0.450142  0.00849706
-0.759007  0.651199   -0.450142  0.0093313 
-0.759007  0.651199   -0.450142  0.00772478
-0.759007  0.651199   -0.450142  0.0109078 
-0.759007  0.651199   -0.450142  0.00858564
-0.759007  0.651199   -0.450142  0.00629166
-0.813207  0.620624   -0.453845  0.0104472 
-0.813207  0.620624   -0.453845  0.00996101
-0.813207  0.620624   -0.453845  0.0125807 
-0.813207  0.620624   -0.453845  0.0291201 
-0.813207  0.620624   -0.453845  0.0147864 
-0.813207  0.620624   -0.453845  0.0189349 
-0.813207  0.620624   -0.453845  0.00631669
-0.813207  0.620624   -0.453845  0.00989367
-0.813207  0.620624   -0.453845  0.0145632 
-0.813207  0.620624   -0.453845  0.013163  
-0.813207  0.620624   -0.453845  0.0108088 
-0.813207  0.620624   -0.453845  0.0119563 
-0.82108   0.668151   -0.425987  0.00580806
-0.732479  0.617631   -0.436343  0.0103465 
-0.732479  0.617631   -0.436343  0.007588  
-0.815729  0.58885    -0.452698  0.00870765
-0.815729  0.58885    -0.452698  0.00841813
-0.815729  0.58885    -0.452698  0.00827831
-0.815729  0.58885    -0.452698  0.00910952
-0.815729  0.58885    -0.452698  0.0163151 
-0.815729  0.58885    -0.452698  0.0172262 
-0.815729  0.58885    -0.452698  0.0112337 
-0.815729  0.58885    -0.452698  0.0117724 
-0.815729  0.58885    -0.452698  0.0148541 
-0.815729  0.58885    -0.452698  0.00950108
-0.815729  0.58885    -0.452698  0.0116221 
-0.815729  0.58885    -0.452698  0.0144895 
-0.815729  0.58885    -0.452698  0.0157984 
-0.815729  0.58885    -0.452698  0.0135867 
-0.815729  0.58885    -0.452698  0.00955068
-0.815729  0.58885    -0.452698  0.00846951
-0.815729  0.58885    -0.452698  0.0137114 
-0.815729  0.58885    -0.452698  0.0120022 
-0.815729  0.58885    -0.452698  0.01854   
-0.815729  0.58885    -0.452698  0.00960576
-0.815729  0.58885    -0.452698  0.0113816 
-0.815729  0.58885    -0.452698  0.0087189 
-0.815729  0.58885    -0.452698  0.00571476
-0.815729  0.58885    -0.452698  0.00807525
-0.775711  0.655886   -0.435811  0.0201889 
-0.775711  0.655886   -0.435811  0.00915274
-0.775711  0.655886   -0.435811  0.0127227 
-0.775711  0.655886   -0.435811  0.00793782
-0.775711  0.655886   -0.435811  0.0213001 
-0.775711  0.655886   -0.435811  0.0141304 
-0.775711  0.655886   -0.435811  0.00997504
-0.775711  0.655886   -0.435811  0.00654179
-0.739475  0.663636   -0.440506  0.0136304 
-0.739475  0.663636   -0.440506  0.0101808 
-0.739475  0.663636   -0.440506  0.0147031 
-0.739475  0.663636   -0.440506  0.00854674
-0.739475  0.663636   -0.440506  0.0183464 
-0.739475  0.663636   -0.440506  0.0151613 
-0.739475  0.663636   -0.440506  0.00749999
-0.822223  0.63421    -0.44885   0.0105204 
-0.822223  0.63421    -0.44885   0.0223164 
-0.822223  0.63421    -0.44885   0.00629543
-0.822223  0.63421    -0.44885   0.0104899 
-0.79307   0.714619   -0.418739  0.00831282
-0.79307   0.714619   -0.418739  0.0289106 
-0.79307   0.714619   -0.418739  0.0212211 
-0.81729   0.690807   -0.400238  0.00691526
-0.725799  0.661724   -0.429062  0.0138909 
-0.725799  0.661724   -0.429062  0.0115922 
-0.725799  0.661724   -0.429062  0.0134032 
-0.725799  0.661724   -0.429062  0.0145179 
-0.725799  0.661724   -0.429062  0.0102951 
-0.747314  0.662836   -0.411175  0.00909866
-0.736001  0.567846   -0.407239  0.00814927
-0.810726  0.612608   -0.45813   0.0158086 
-0.810726  0.612608   -0.45813   0.0102745 
-0.810726  0.612608   -0.45813   0.00679966
-0.810726  0.612608   -0.45813   0.00919632
-0.810726  0.612608   -0.45813   0.00962255
-0.810726  0.612608   -0.45813   0.00913363
-0.810726  0.612608   -0.45813   0.0153039 
-0.810726  0.612608   -0.45813   0.0133696 
-0.810726  0.612608   -0.45813   0.00803026
-0.810726  0.612608   -0.45813   0.00739574
-0.810726  0.612608   -0.45813   0.00671187
-0.810726  0.612608   -0.45813   0.0152561 
-0.810726  0.612608   -0.45813   0.0102133 
-0.810726  0.612608   -0.45813   0.0119079 
-0.810726  0.612608   -0.45813   0.0106941 
-0.810726  0.612608   -0.45813   0.00816047
-0.810726  0.612608   -0.45813   0.00885253
-0.810726  0.612608   -0.45813   0.0107988 
-0.810726  0.612608   -0.45813   0.0104673 
-0.810726  0.612608   -0.45813   0.0133406 
-0.810726  0.612608   -0.45813   0.0104093 
-0.810726  0.612608   -0.45813   0.0097021 
-0.766216  0.64927    -0.43469   0.009637  
-0.766216  0.64927    -0.43469   0.00777363
-0.766216  0.64927    -0.43469   0.00977587
-0.766216  0.64927    -0.43469   0.014554  
-0.766216  0.64927    -0.43469   0.00955135
-0.781333  0.566568   -0.43403   0.0176564 
-0.781333  0.566568   -0.43403   0.00625163
-0.773496  0.62608    -0.444445  0.00857919
-0.712701  0.672281   -0.399556  0.0123122 
-0.681055  0.722218   -0.378439  0.012092  
-0.681055  0.722218   -0.378439  0.0151573 
-0.681055  0.722218   -0.378439  0.016933  
-0.681055  0.722218   -0.378439  0.0164237 
-0.681055  0.722218   -0.378439  0.00671875
-0.718462  0.643922   -0.423148  0.00977917
-0.718462  0.643922   -0.423148  0.0083821 
-0.791714  0.659931   -0.438611  0.00814845
-0.746228  0.658197   -0.424239  0.0142523 
-0.746228  0.658197   -0.424239  0.0118764 
-0.746228  0.658197   -0.424239  0.0166328 
-0.746228  0.658197   -0.424239  0.00900574
-0.771364  0.663185   -0.429923  0.0102119 
-0.773443  0.695221   -0.413429  0.0161183 
-0.869034  0.609933   -0.403546  0.0284915 
-0.869034  0.609933   -0.403546  0.0118583 
-0.869034  0.609933   -0.403546  0.0165375 
-0.869034  0.609933   -0.403546  0.0101695 
-0.889228  0.591158   -0.395699  0.0182161 
-0.889228  0.591158   -0.395699  0.00937083
-0.918395  0.591746   -0.395004  0.0189273 
-0.918395  0.591746   -0.395004  0.0222336 
-0.918395  0.591746   -0.395004  0.00971443
-0.837326  0.568583   -0.416527  0.0109076 
-0.837326  0.568583   -0.416527  0.0142703 
-0.837326  0.568583   -0.416527  0.0140001 
-0.837326  0.568583   -0.416527  0.013444  
-0.837326  0.568583   -0.416527  0.00659019
-0.74171   0.603868   -0.428983  0.00707039
-0.74171   0.603868   -0.428983  0.00780354
-0.72881   0.594865   -0.420952  0.00977054
-0.72881   0.594865   -0.420952  0.0151026 
-0.72881   0.594865   -0.420952  0.0127714 
-0.72881   0.594865   -0.420952  0.00891766
-0.72881   0.594865   -0.420952  0.0114843 
-0.72881   0.594865   -0.420952  0.00936556
-0.72881   0.594865   -0.420952  0.012308  
-0.72881   0.594865   -0.420952  0.0073201 
-0.78238   0.653724   -0.440388  0.00993678
-0.78238   0.653724   -0.440388  0.013531  
-0.78238   0.653724   -0.440388  0.0154481 
-0.78238   0.653724   -0.440388  0.015239  
-0.78238   0.653724   -0.440388  0.00992301
-0.78238   0.653724   -0.440388  0.0155612 
-0.78238   0.653724   -0.440388  0.016256  
-0.78238   0.653724   -0.440388  0.00993595
-0.78238   0.653724   -0.440388  0.019169  
-0.78238   0.653724   -0.440388  0.00705871
-0.780201  0.605627   -0.448623  0.0112777 
-0.780201  0.605627   -0.448623  0.0153028 
-0.780201  0.605627   -0.448623  0.010815  
-0.780201  0.605627   -0.448623  0.00631629
-0.811     0.627828   -0.455621  0.00819135
-0.811     0.627828   -0.455621  0.00654524
-0.811     0.627828   -0.455621  0.0150652 
-0.811     0.627828   -0.455621  0.0112508 
-0.780155  0.691703   -0.426112  0.00704442
-0.832904  0.640756   -0.444983  0.00774204
-0.832904  0.640756   -0.444983  0.0178382 
-0.832904  0.640756   -0.444983  0.0211356 
-0.832904  0.640756   -0.444983  0.0192124 
-0.832904  0.640756   -0.444983  0.00593532
-0.750604  0.628242   -0.448769  0.0114938 
-0.750604  0.628242   -0.448769  0.0113633 
-0.750604  0.628242   -0.448769  0.0124889 
-0.750604  0.628242   -0.448769  0.00767036
-0.785356  0.582638   -0.423677  0.00923347
-0.785356  0.582638   -0.423677  0.00809621
-0.76535   0.607919   -0.436557  0.00877397
-0.861985  0.616583   -0.441733  0.00899556
-0.861985  0.616583   -0.441733  0.0089513 
-0.861985  0.616583   -0.441733  0.00990063
-0.861985  0.616583   -0.441733  0.0143365 
-0.861985  0.616583   -0.441733  0.0130989 
-0.861985  0.616583   -0.441733  0.0105029 
-0.861985  0.616583   -0.441733  0.00770455
-0.861985  0.616583   -0.441733  0.0184778 
-0.861985  0.616583   -0.441733  0.0111272 
-0.861985  0.616583   -0.441733  0.0119215 
-0.861985  0.616583   -0.441733  0.00735787
-0.763709  0.623829   -0.43803   0.00815407
-0.830096  0.621646   -0.442887  0.00566305
-0.770178  0.625602   -0.443051  0.00991508
-0.770178  0.625602   -0.443051  0.0141052 
-0.770178  0.625602   -0.443051  0.00784763
-0.770178  0.625602   -0.443051  0.00977123
-0.770178  0.625602   -0.443051  0.00820643
-0.847173  0.60308    -0.427303  0.0153544 
-0.847173  0.60308    -0.427303  0.0124198 
-0.847173  0.60308    -0.427303  0.00996646
-0.777909  0.559871   -0.417965  0.0210584 
-0.777909  0.559871   -0.417965  0.0154008 
-0.858784  0.626552   -0.417305  0.0115291 
-0.858784  0.626552   -0.417305  0.00844737
-0.835947  0.581234   -0.418496  0.00636939
-0.791945  0.604714   -0.438645  0.00852946
-0.791945  0.604714   -0.438645  0.015192  
-0.791945  0.604714   -0.438645  0.0152942 
-0.791945  0.604714   -0.438645  0.00764149
-0.791945  0.604714   -0.438645  0.00835694
-0.791945  0.604714   -0.438645  0.00870487
-0.877539  0.607994   -0.439635  0.0109315 
-0.877539  0.607994   -0.439635  0.00725907
-0.784085  0.647213   -0.451678  0.00728795
-0.823766  0.638338   -0.450905  0.01467   
-0.823766  0.638338   -0.450905  0.0118329 
-0.823766  0.638338   -0.450905  0.0130425 
-0.823766  0.638338   -0.450905  0.010245  
-0.823766  0.638338   -0.450905  0.0123296 
-0.823766  0.638338   -0.450905  0.00949252
-0.823766  0.638338   -0.450905  0.00775933
-0.85195   0.587797   -0.429811  0.00787347
-0.763628  0.667203   -0.430784  0.0096373 
-0.763628  0.667203   -0.430784  0.012983  
-0.763628  0.667203   -0.430784  0.0104539 
-0.75163   0.636369   -0.427857  0.0089389 
-0.75163   0.636369   -0.427857  0.00868911
-0.75163   0.636369   -0.427857  0.0115223 
-0.75163   0.636369   -0.427857  0.0146899 
-0.75163   0.636369   -0.427857  0.00672051
-0.743951  0.616151   -0.431771  0.00788285
-0.743951  0.616151   -0.431771  0.00776373
-0.796848  0.585445   -0.4388    0.010814  
-0.796848  0.585445   -0.4388    0.00752762
-0.796848  0.585445   -0.4388    0.00894502
-0.796848  0.585445   -0.4388    0.018289  
-0.796848  0.585445   -0.4388    0.00714135
-0.795186  0.640931   -0.445166  0.00917953
-0.795186  0.640931   -0.445166  0.00684548
-0.805441  0.642498   -0.445211  0.0159984 
-0.805441  0.642498   -0.445211  0.00842078
-0.861184  0.651665   -0.429875  0.0115988 
-0.861184  0.651665   -0.429875  0.00922483
-0.860947  0.570818   -0.411408  0.0187597 
-0.860947  0.570818   -0.411408  0.0114034 
-0.860947  0.570818   -0.411408  0.0191171 
-0.860947  0.570818   -0.411408  0.00697532
-0.787511  0.598071   -0.451433  0.0106748 
-0.787511  0.598071   -0.451433  0.0146435 
-0.787511  0.598071   -0.451433  0.0179949 
-0.787511  0.598071   -0.451433  0.00707931
-0.787511  0.598071   -0.451433  0.00871386
-0.787511  0.598071   -0.451433  0.0106387 
-0.787511  0.598071   -0.451433  0.0160234 
-0.787511  0.598071   -0.451433  0.0124973 
-0.787511  0.598071   -0.451433  0.0158501 
-0.787511  0.598071   -0.451433  0.0114443 
-0.787511  0.598071   -0.451433  0.0077096 
-0.84745   0.586751   -0.440339  0.0198968 
-0.84745   0.586751   -0.440339  0.00847372
-0.84745   0.586751   -0.440339  0.0124654 
-0.84745   0.586751   -0.440339  0.0113334 
-0.84745   0.586751   -0.440339  0.0197877 
-0.84745   0.586751   -0.440339  0.0135138 
-0.84745   0.586751   -0.440339  0.0196222 
-0.84745   0.586751   -0.440339  0.0163363 
-0.84745   0.586751   -0.440339  0.0130647 
-0.84745   0.586751   -0.440339  0.0122482 
-0.84745   0.586751   -0.440339  0.0129686 
-0.84745   0.586751   -0.440339  0.00774948
-0.795744  0.594022   -0.433798  0.0190597 
-0.795744  0.594022   -0.433798  0.0213464 
-0.795744  0.594022   -0.433798  0.0124117 
-0.795744  0.594022   -0.433798  0.0103559 
-0.795744  0.594022   -0.433798  0.0147222 
-0.795744  0.594022   -0.433798  0.00655071
-0.81118   0.651653   -0.449135  0.0229957 
-0.81118   0.651653   -0.449135  0.0116745 
-0.81118   0.651653   -0.449135  0.0164515 
-0.81118   0.651653   -0.449135  0.0173175 
-0.81118   0.651653   -0.449135  0.0144156 
-0.81118   0.651653   -0.449135  0.0245122 
-0.81118   0.651653   -0.449135  0.00905354
-0.725642  0.679385   -0.423785  0.00682008
-0.814326  0.602094   -0.451853  0.00892933
-0.814326  0.602094   -0.451853  0.0111243 
-0.814326  0.602094   -0.451853  0.014561  
-0.814326  0.602094   -0.451853  0.00637994
-0.814326  0.602094   -0.451853  0.0153251 
-0.814326  0.602094   -0.451853  0.0174922 
-0.814326  0.602094   -0.451853  0.0103315 
-0.814326  0.602094   -0.451853  0.0154249 
-0.814326  0.602094   -0.451853  0.0137565 
-0.814326  0.602094   -0.451853  0.00697076
-0.776615  0.592312   -0.44407   0.0169786 
-0.792861  0.647453   -0.424385  0.0226334 
-0.792861  0.647453   -0.424385  0.0138428 
-0.792861  0.647453   -0.424385  0.0205294 
-0.792861  0.647453   -0.424385  0.0141054 
-0.792861  0.647453   -0.424385  0.0195691 
-0.792861  0.647453   -0.424385  0.0072822 
-0.814805  0.612353   -0.438385  0.00793561
-0.75507   0.63422    -0.427248  0.00915046
-0.810048  0.568614   -0.425636  0.012286  
-0.810048  0.568614   -0.425636  0.0111005 
-0.860801  0.621986   -0.422065  0.0126651 
-0.860801  0.621986   -0.422065  0.0111796 
-0.770815  0.719401   -0.408869  0.0287443 
-0.770815  0.719401   -0.408869  0.026301  
-0.770815  0.719401   -0.408869  0.0180897 
-0.770815  0.719401   -0.408869  0.0135205 
-0.770815  0.719401   -0.408869  0.0252749 
-0.770815  0.719401   -0.408869  0.0122335 
-0.770815  0.719401   -0.408869  0.00982826
-0.770815  0.719401   -0.408869  0.0213823 
-0.770815  0.719401   -0.408869  0.0414219 
-0.770815  0.719401   -0.408869  0.023772  
-0.770815  0.719401   -0.408869  0.0256447 
-0.770815  0.719401   -0.408869  0.0102961 
-0.754595  0.708435   -0.424491  0.00779064
-0.774653  0.637295   -0.435523  0.00634564
-0.767247  0.599944   -0.436647  0.0112848 
-0.767247  0.599944   -0.436647  0.0125596 
-0.767247  0.599944   -0.436647  0.0116271 
-0.829892  0.623417   -0.424814  0.00998754
-0.851109  0.565008   -0.403427  0.00826966
-0.890821  0.591049   -0.428493  0.0190979 
-0.890821  0.591049   -0.428493  0.0177015 
-0.890821  0.591049   -0.428493  0.0130424 
-0.890821  0.591049   -0.428493  0.0176881 
-0.890821  0.591049   -0.428493  0.00774014
-0.889527  0.597137   -0.417843  0.0102906 
-0.868148  0.559453   -0.413506  0.00770456
-0.798783  0.582403   -0.427977  0.0197277 
-0.798783  0.582403   -0.427977  0.00613911
-0.732751  0.620897   -0.43405   0.0112784 
-0.732751  0.620897   -0.43405   0.0116641 
-0.732751  0.620897   -0.43405   0.00765746
-0.732751  0.620897   -0.43405   0.00668383
-0.732751  0.620897   -0.43405   0.00889444
-0.732751  0.620897   -0.43405   0.0107025 
-0.732751  0.620897   -0.43405   0.0125201 
-0.732751  0.620897   -0.43405   0.0117701 
-0.732751  0.620897   -0.43405   0.00742451
-0.735036  0.589672   -0.430303  0.0130945 
-0.735036  0.589672   -0.430303  0.00691946
-0.801498  0.626636   -0.443652  0.0101015 
-0.801498  0.626636   -0.443652  0.0142359 
-0.801498  0.626636   -0.443652  0.0166481 
-0.801498  0.626636   -0.443652  0.0137159 
-0.801498  0.626636   -0.443652  0.00680181
-0.801498  0.626636   -0.443652  0.0102849 
-0.801498  0.626636   -0.443652  0.0125527 
-0.801498  0.626636   -0.443652  0.00738847
-0.801498  0.626636   -0.443652  0.0265034 
-0.801498  0.626636   -0.443652  0.00853435
-0.801498  0.626636   -0.443652  0.00807321
-0.836234  0.624439   -0.453559  0.0148055 
-0.836234  0.624439   -0.453559  0.00697386
-0.836234  0.624439   -0.453559  0.00740227
-0.829206  0.599962   -0.437263  0.0174573 
-0.829206  0.599962   -0.437263  0.0123105 
-0.829206  0.599962   -0.437263  0.00702114
-0.811786  0.621305   -0.446928  0.0167129 
-0.811786  0.621305   -0.446928  0.00767945
-0.799333  0.582087   -0.438214  0.00993822
-0.799333  0.582087   -0.438214  0.00902211
-0.771976  0.631369   -0.433777  0.0103673 
-0.771976  0.631369   -0.433777  0.0105844 
-0.771976  0.631369   -0.433777  0.00771354
-0.771976  0.631369   -0.433777  0.0205475 
-0.771976  0.631369   -0.433777  0.0126304 
-0.771976  0.631369   -0.433777  0.00806929
-0.81599   0.581514   -0.444362  0.00814132
-0.81599   0.581514   -0.444362  0.0109316 
-0.81599   0.581514   -0.444362  0.00838477
-0.818325  0.61656    -0.435166  0.0101457 
-0.818325  0.61656    -0.435166  0.00732612
-0.771333  0.583774   -0.437758  0.0142115 
-0.771333  0.583774   -0.437758  0.00763999
-0.711378  0.592728   -0.420254  0.00933355
-0.783154  0.672525   -0.42328   0.0179574 
-0.783154  0.672525   -0.42328   0.0111679 
-0.783154  0.672525   -0.42328   0.0458888 
-0.783154  0.672525   -0.42328   0.00783019
-0.81602   0.583624   -0.436552  0.0128769 
-0.81602   0.583624   -0.436552  0.0106226 
-0.81602   0.583624   -0.436552  0.010038  
-0.827039  0.663794   -0.444384  0.00724203
-0.827039  0.663794   -0.444384  0.0140079 
-0.827039  0.663794   -0.444384  0.00879782
-0.779068  0.571456   -0.42746   0.0174429 
-0.779068  0.571456   -0.42746   0.0129936 
-0.779068  0.571456   -0.42746   0.02119   
-0.779068  0.571456   -0.42746   0.0115456 
-0.779068  0.571456   -0.42746   0.0135851 
-0.779068  0.571456   -0.42746   0.0163341 
-0.779068  0.571456   -0.42746   0.00806108
-0.779068  0.571456   -0.42746   0.0184067 
-0.779068  0.571456   -0.42746   0.0203883 
-0.779068  0.571456   -0.42746   0.019834  
-0.779068  0.571456   -0.42746   0.0118242 
-0.858872  0.660883   -0.434474  0.0105854 
-0.858872  0.660883   -0.434474  0.0127268 
-0.858872  0.660883   -0.434474  0.0242149 
-0.858872  0.660883   -0.434474  0.00712421
-0.831844  0.596208   -0.439594  0.00861297
-0.831844  0.596208   -0.439594  0.0089055 
-0.831844  0.596208   -0.439594  0.0122463 
-0.831844  0.596208   -0.439594  0.00779411
-0.863492  0.590108   -0.422715  0.010151  
-0.859311  0.58335    -0.411116  0.00680597
-0.768132  0.611802   -0.44949   0.00763697
-0.768132  0.611802   -0.44949   0.0156692 
-0.768132  0.611802   -0.44949   0.016357  
-0.768132  0.611802   -0.44949   0.0127636 
-0.768132  0.611802   -0.44949   0.00647746
-0.83586   0.628543   -0.450127  0.00652647
-0.83586   0.628543   -0.450127  0.0201595 
-0.83586   0.628543   -0.450127  0.00714029
-0.83586   0.628543   -0.450127  0.0121286 
-0.83586   0.628543   -0.450127  0.00972554
-0.83586   0.628543   -0.450127  0.0115971 
-0.83586   0.628543   -0.450127  0.00932542
-0.825191  0.65075    -0.442965  0.025058  
-0.825191  0.65075    -0.442965  0.0108701 
-0.825191  0.65075    -0.442965  0.0149219 
-0.825191  0.65075    -0.442965  0.0066505 
-0.822969  0.619708   -0.451362  0.00904737
-0.78985   0.676466   -0.434556  0.0258444 
-0.78985   0.676466   -0.434556  0.0135562 
-0.840431  0.704735   -0.387724  0.0185422 
-0.840431  0.704735   -0.387724  0.0182477 
-0.840431  0.704735   -0.387724  0.0064098 
-0.752637  0.661026   -0.43493   0.00822914
-0.830855  0.664303   -0.438618  0.0175062 
-0.830855  0.664303   -0.438618  0.00772939
-0.764513  0.649744   -0.440024  0.00955905
-0.791052  0.655484   -0.428161  0.0133775 
-0.791052  0.655484   -0.428161  0.0164955 
-0.791052  0.655484   -0.428161  0.0149357 
-0.791052  0.655484   -0.428161  0.0156639 
-0.791052  0.655484   -0.428161  0.00745242
-0.791052  0.655484   -0.428161  0.00899617
-0.848678  0.635429   -0.424617  0.0125437 
-0.848678  0.635429   -0.424617  0.0119822 
-0.848678  0.635429   -0.424617  0.0165161 
-0.848678  0.635429   -0.424617  0.0139703 
-0.848678  0.635429   -0.424617  0.00881779
-0.867839  0.579072   -0.422148  0.00733699
-0.789131  0.586221   -0.429087  0.0100983 
-0.75013   0.56065    -0.417101  0.00783799
-0.75013   0.56065    -0.417101  0.0207796 
-0.75013   0.56065    -0.417101  0.00802759
-0.835992  0.585153   -0.427814  0.00777781
-0.770777  0.683523   -0.433307  0.0123103 
-0.867511  0.6401     -0.423281  0.0215315 
-0.867511  0.6401     -0.423281  0.013008  
-0.816037  0.613544   -0.424248  0.0101183 
-0.816037  0.613544   -0.424248  0.00769427
-0.752035  0.688795   -0.423322  0.0123818 
-0.752035  0.688795   -0.423322  0.0137049 
-0.752035  0.688795   -0.423322  0.0246654 
-0.752035  0.688795   -0.423322  0.00949145
-0.752035  0.688795   -0.423322  0.011762  
-0.752035  0.688795   -0.423322  0.0223572 
-0.752035  0.688795   -0.423322  0.00757712
-0.752035  0.688795   -0.423322  0.0324836 
-0.752035  0.688795   -0.423322  0.00803989
-0.738365  0.654414   -0.426821  0.00852268
-0.738365  0.654414   -0.426821  0.00930793
-0.738365  0.654414   -0.426821  0.0158037 
-0.738365  0.654414   -0.426821  0.00700107
-0.738365  0.654414   -0.426821  0.0104116 
-0.738365  0.654414   -0.426821  0.00735309
-0.738365  0.654414   -0.426821  0.00613599
-0.78354   0.625447   -0.441704  0.00667067
-0.724952  0.645691   -0.432922  0.00878568
-0.724952  0.645691   -0.432922  0.00827286
-0.724952  0.645691   -0.432922  0.00938638
-0.82278   0.666454   -0.439998  0.0154748 
-0.82278   0.666454   -0.439998  0.00909273
-0.782259  0.635393   -0.450668  0.0206505 
-0.782259  0.635393   -0.450668  0.00923349
-0.782259  0.635393   -0.450668  0.0123887 
-0.782259  0.635393   -0.450668  0.00792941
-0.782259  0.635393   -0.450668  0.00692404
-0.821717  0.644966   -0.451698  0.00903943
-0.87596   0.649912   -0.429129  0.00854642
-0.862499  0.623202   -0.435373  0.00756363
-0.862499  0.623202   -0.435373  0.013036  
-0.862499  0.623202   -0.435373  0.00826651
-0.862499  0.623202   -0.435373  0.00808432
-0.81413   0.602606   -0.453692  0.00793847
-0.81413   0.602606   -0.453692  0.00603559
-0.81413   0.602606   -0.453692  0.0167614 
-0.81413   0.602606   -0.453692  0.00668616
-0.791794  0.603854   -0.455529  0.0218415 
-0.791794  0.603854   -0.455529  0.0104968 
-0.791794  0.603854   -0.455529  0.0218363 
-0.791794  0.603854   -0.455529  0.0109118 
-0.828199  0.640423   -0.444292  0.0107784 
-0.828199  0.640423   -0.444292  0.0143826 
-0.828199  0.640423   -0.444292  0.0188264 
-0.828199  0.640423   -0.444292  0.0140087 
-0.828199  0.640423   -0.444292  0.0284194 
-0.828199  0.640423   -0.444292  0.0114768 
-0.828199  0.640423   -0.444292  0.0100915 
-0.828199  0.640423   -0.444292  0.0126642 
-0.828199  0.640423   -0.444292  0.0144364 
-0.828199  0.640423   -0.444292  0.0080761 
-0.813926  0.615658   -0.439895  0.0402777 
-0.813926  0.615658   -0.439895  0.0162871 
-0.813926  0.615658   -0.439895  0.0147698 
-0.813926  0.615658   -0.439895  0.00930756
-0.813926  0.615658   -0.439895  0.00774938
-0.75141   0.649891   -0.438718  0.00593592
-0.807154  0.616965   -0.445266  0.00918324
-0.807154  0.616965   -0.445266  0.00722886
-0.807154  0.616965   -0.445266  0.00638003
-0.786042  0.627614   -0.445014  0.00865408
-0.786042  0.627614   -0.445014  0.0110142 
-0.751898  0.651779   -0.429227  0.0122955 
-0.751898  0.651779   -0.429227  0.00949068
-0.751898  0.651779   -0.429227  0.00910384
-0.751898  0.651779   -0.429227  0.00664455
-0.834911  0.612206   -0.458464  0.0159671 
-0.834911  0.612206   -0.458464  0.016721  
-0.834911  0.612206   -0.458464  0.0212856 
-0.834911  0.612206   -0.458464  0.0150424 
-0.834911  0.612206   -0.458464  0.0101085 
-0.834911  0.612206   -0.458464  0.00862859
-0.834911  0.612206   -0.458464  0.0115621 
-0.834911  0.612206   -0.458464  0.0224851 
-0.834911  0.612206   -0.458464  0.0188293 
-0.834911  0.612206   -0.458464  0.0150158 
-0.834911  0.612206   -0.458464  0.00800875
-0.834911  0.612206   -0.458464  0.00988697
-0.834911  0.612206   -0.458464  0.0142966 
-0.834911  0.612206   -0.458464  0.0102971 
-0.834911  0.612206   -0.458464  0.00853891
-0.760041  0.686398   -0.430286  0.0100309 
-0.785917  0.659266   -0.432331  0.0203872 
-0.785917  0.659266   -0.432331  0.00903159
-0.785917  0.659266   -0.432331  0.0081525 
-0.833956  0.625714   -0.444551  0.00933173
-0.833956  0.625714   -0.444551  0.0112238 
-0.833956  0.625714   -0.444551  0.00835946
-0.833956  0.625714   -0.444551  0.00576586
-0.762416  0.620606   -0.449642  0.0154769 
-0.762416  0.620606   -0.449642  0.00710292
-0.809107  0.597617   -0.444227  0.0129201 
-0.809107  0.597617   -0.444227  0.00807285
-0.809107  0.597617   -0.444227  0.0153057 
-0.809107  0.597617   -0.444227  0.00900699
-0.809107  0.597617   -0.444227  0.00840567
-0.809107  0.597617   -0.444227  0.01811   
-0.809107  0.597617   -0.444227  0.0142634 
-0.809107  0.597617   -0.444227  0.0122421 
-0.809107  0.597617   -0.444227  0.0107047 
-0.809107  0.597617   -0.444227  0.0139696 
-0.809107  0.597617   -0.444227  0.0153735 
-0.809107  0.597617   -0.444227  0.0139291 
-0.809107  0.597617   -0.444227  0.00669656
-0.809107  0.597617   -0.444227  0.0102055 
-0.809107  0.597617   -0.444227  0.00793056
-0.809107  0.597617   -0.444227  0.0062036 
-0.791293  0.607162   -0.452048  0.00877384
-0.791293  0.607162   -0.452048  0.00765808
-0.791293  0.607162   -0.452048  0.0107029 
-0.791293  0.607162   -0.452048  0.0132908 
-0.791293  0.607162   -0.452048  0.0107057 
-0.791293  0.607162   -0.452048  0.0139795 
-0.791293  0.607162   -0.452048  0.0137126 
-0.791293  0.607162   -0.452048  0.0129677 
-0.791293  0.607162   -0.452048  0.00735989
-0.791293  0.607162   -0.452048  0.0186904 
-0.791293  0.607162   -0.452048  0.0112536 
-0.791293  0.607162   -0.452048  0.0132683 
-0.791293  0.607162   -0.452048  0.00800796
-0.791293  0.607162   -0.452048  0.00912679
-0.791293  0.607162   -0.452048  0.0127926 
-0.791293  0.607162   -0.452048  0.0177124 
-0.791293  0.607162   -0.452048  0.0102592 
-0.791293  0.607162   -0.452048  0.0158608 
-0.791293  0.607162   -0.452048  0.00758929
-0.791293  0.607162   -0.452048  0.0109236 
-0.791293  0.607162   -0.452048  0.0149786 
-0.791293  0.607162   -0.452048  0.0118444 
-0.791293  0.607162   -0.452048  0.00941647
-0.791293  0.607162   -0.452048  0.0108366 
-0.791293  0.607162   -0.452048  0.0084207 
-0.791293  0.607162   -0.452048  0.00898484
-0.791293  0.607162   -0.452048  0.012861  
-0.791293  0.607162   -0.452048  0.00838449
-0.791293  0.607162   -0.452048  0.017617  
-0.791293  0.607162   -0.452048  0.0111177 
-0.791293  0.607162   -0.452048  0.00846424
-0.791293  0.607162   -0.452048  0.00932551
-0.791293  0.607162   -0.452048  0.0169586 
-0.791293  0.607162   -0.452048  0.00759687
-0.791293  0.607162   -0.452048  0.0141428 
-0.791293  0.607162   -0.452048  0.018876  
-0.791293  0.607162   -0.452048  0.00964171
-0.791293  0.607162   -0.452048  0.00991631
-0.791293  0.607162   -0.452048  0.0124171 
-0.791293  0.607162   -0.452048  0.00937456
-0.829331  0.658165   -0.428752  0.0102923 
-0.829331  0.658165   -0.428752  0.00953846
-0.820507  0.63405    -0.432414  0.0110797 
-0.820507  0.63405    -0.432414  0.012925  
-0.820507  0.63405    -0.432414  0.00883087
-0.835326  0.577086   -0.430541  0.0126777 
-0.835326  0.577086   -0.430541  0.0102631 
-0.797244  0.651836   -0.431768  0.00658063
-0.806678  0.620057   -0.436192  0.01326   
-0.806678  0.620057   -0.436192  0.0183423 
-0.806678  0.620057   -0.436192  0.0119847 
-0.784535  0.70217    -0.416994  0.0191887 
-0.784535  0.70217    -0.416994  0.0243008 
-0.784535  0.70217    -0.416994  0.00883325
-0.839236  0.638133   -0.44045   0.00610382
-0.760286  0.606563   -0.436931  0.0163503 
-0.760286  0.606563   -0.436931  0.00859773
-0.781315  0.690321   -0.43149   0.0184237 
-0.781315  0.690321   -0.43149   0.00933504
-0.79922   0.656478   -0.438691  0.00832269
-0.79922   0.656478   -0.438691  0.0081363 
-0.79922   0.656478   -0.438691  0.00753174
-0.774898  0.656929   -0.440776  0.00839019
-0.774898  0.656929   -0.440776  0.00906965
-0.774898  0.656929   -0.440776  0.00845681
-0.751434  0.576466   -0.424775  0.00775623
-0.743163  0.581611   -0.430334  0.01405   
-0.743163  0.581611   -0.430334  0.00948379
-0.841712  0.569037   -0.410561  0.0196122 
-0.841712  0.569037   -0.410561  0.0186362 
-0.841712  0.569037   -0.410561  0.019298  
-0.841712  0.569037   -0.410561  0.00948377
-0.795087  0.565987   -0.424593  0.00600913
-0.735638  0.625458   -0.434671  0.0139992 
-0.735638  0.625458   -0.434671  0.0137099 
-0.735638  0.625458   -0.434671  0.00926503
-0.735638  0.625458   -0.434671  0.00582488
-0.786291  0.61334    -0.45482   0.0148076 
-0.786291  0.61334    -0.45482   0.0141769 
-0.786291  0.61334    -0.45482   0.0110531 
-0.786291  0.61334    -0.45482   0.0137596 
-0.786291  0.61334    -0.45482   0.0108602 
-0.786291  0.61334    -0.45482   0.0167734 
-0.786291  0.61334    -0.45482   0.0146915 
-0.786291  0.61334    -0.45482   0.00973665
-0.786291  0.61334    -0.45482   0.00818629
-0.786291  0.61334    -0.45482   0.0079581 
-0.738178  0.593196   -0.42078   0.0201809 
-0.738178  0.593196   -0.42078   0.00864164
-0.738178  0.593196   -0.42078   0.00925878
-0.781251  0.567807   -0.443781  0.0247149 
-0.781251  0.567807   -0.443781  0.00632304
-0.781251  0.567807   -0.443781  0.0180226 
-0.781251  0.567807   -0.443781  0.0161216 
-0.781251  0.567807   -0.443781  0.00998313
-0.781251  0.567807   -0.443781  0.0130578 
-0.781251  0.567807   -0.443781  0.00962354
-0.781251  0.567807   -0.443781  0.0111928 
-0.781251  0.567807   -0.443781  0.0140496 
-0.781251  0.567807   -0.443781  0.0179817 
-0.781251  0.567807   -0.443781  0.0072207 
-0.727863  0.594367   -0.421075  0.00886409
-0.727863  0.594367   -0.421075  0.0145726 
-0.727863  0.594367   -0.421075  0.0127925 
-0.727863  0.594367   -0.421075  0.0129679 
-0.727863  0.594367   -0.421075  0.0133747 
-0.727863  0.594367   -0.421075  0.00954204
-0.821422  0.563658   -0.414068  0.0224437 
-0.821422  0.563658   -0.414068  0.00903451
-0.879605  0.620669   -0.425249  0.0119535 
-0.879605  0.620669   -0.425249  0.0170539 
-0.879605  0.620669   -0.425249  0.00926945
-0.879605  0.620669   -0.425249  0.0120125 
-0.879605  0.620669   -0.425249  0.0154449 
-0.879605  0.620669   -0.425249  0.00869019
-0.853396  0.580552   -0.450881  0.00575833
-0.769544  0.632535   -0.448223  0.014812  
-0.769544  0.632535   -0.448223  0.00700095
-0.769544  0.632535   -0.448223  0.0067472 
-0.815484  0.627214   -0.450605  0.00970928
-0.815484  0.627214   -0.450605  0.0118462 
-0.815484  0.627214   -0.450605  0.0146146 
-0.815484  0.627214   -0.450605  0.00888024
-0.851316  0.62883    -0.440882  0.0138524 
-0.851316  0.62883    -0.440882  0.00953128
-0.851316  0.62883    -0.440882  0.0097502 
-0.851316  0.62883    -0.440882  0.0100238 
-0.851316  0.62883    -0.440882  0.0123325 
-0.851316  0.62883    -0.440882  0.0117379 
-0.851316  0.62883    -0.440882  0.013738  
-0.851316  0.62883    -0.440882  0.00958002
-0.851316  0.62883    -0.440882  0.00704102
-0.806578  0.600562   -0.440878  0.0113587 
-0.806578  0.600562   -0.440878  0.00871985
-0.806578  0.600562   -0.440878  0.0109248 
-0.806578  0.600562   -0.440878  0.00628612
-0.766918  0.607708   -0.442382  0.0081844 
-0.766918  0.607708   -0.442382  0.0120024 
-0.766918  0.607708   -0.442382  0.00650411
-0.766918  0.607708   -0.442382  0.00723781
-0.851748  0.599242   -0.437281  0.00777741
-0.851748  0.599242   -0.437281  0.005975  
-0.821062  0.643495   -0.460676  0.0186816 
-0.821062  0.643495   -0.460676  0.0071059 
-0.821062  0.643495   -0.460676  0.00721058
-0.821062  0.643495   -0.460676  0.0149179 
-0.821062  0.643495   -0.460676  0.0106366 
-0.821062  0.643495   -0.460676  0.0111436 
-0.821062  0.643495   -0.460676  0.00831405
-0.821062  0.643495   -0.460676  0.0102638 
-0.821062  0.643495   -0.460676  0.01011   
-0.821062  0.643495   -0.460676  0.00674627
-0.821062  0.643495   -0.460676  0.00933607
-0.821062  0.643495   -0.460676  0.00681623
-0.791966  0.614225   -0.446174  0.0127536 
-0.791966  0.614225   -0.446174  0.012975  
-0.889025  0.653364   -0.405693  0.0107465 
-0.903027  0.629273   -0.402768  0.013517  
-0.903027  0.629273   -0.402768  0.0159919 
-0.903027  0.629273   -0.402768  0.0136241 
-0.893831  0.653368   -0.405775  0.0181728 
-0.893831  0.653368   -0.405775  0.0283914 
-0.893831  0.653368   -0.405775  0.0139482 
-0.855965  0.658512   -0.403558  0.0196906 
-0.855965  0.658512   -0.403558  0.00894322
-0.782112  0.651317   -0.434674  0.0120734 
-0.845208  0.662641   -0.429624  0.0102179 
-0.845208  0.662641   -0.429624  0.00874705
-0.895049  0.627566   -0.42894   0.0128688 
-0.895049  0.627566   -0.42894   0.0195234 
-0.895049  0.627566   -0.42894   0.0112876 
-0.895049  0.627566   -0.42894   0.0194373 
-0.895049  0.627566   -0.42894   0.0174465 
-0.895049  0.627566   -0.42894   0.0291151 
-0.895049  0.627566   -0.42894   0.0282753 
-0.895049  0.627566   -0.42894   0.0140167 
-0.895049  0.627566   -0.42894   0.00929886
-0.895049  0.627566   -0.42894   0.0098438 
-0.895049  0.627566   -0.42894   0.00989369
-0.895049  0.627566   -0.42894   0.0131596 
-0.895049  0.627566   -0.42894   0.0102898 
-0.895049  0.627566   -0.42894   0.0155632 
-0.895049  0.627566   -0.42894   0.0092134 
-0.84618   0.644169   -0.430079  0.00695696
-0.840805  0.631855   -0.437482  0.0152072 
-0.840805  0.631855   -0.437482  0.0103882 
-0.840805  0.631855   -0.437482  0.00975958
-0.840805  0.631855   -0.437482  0.0180214 
-0.840805  0.631855   -0.437482  0.0137846 
-0.840805  0.631855   -0.437482  0.0150594 
-0.840805  0.631855   -0.437482  0.00694203
-0.74445   0.598238   -0.433576  0.00673579
-0.709182  0.628904   -0.420721  0.0163976 
-0.709182  0.628904   -0.420721  0.0135132 
-0.709182  0.628904   -0.420721  0.00827168
-0.709182  0.628904   -0.420721  0.0104267 
-0.709182  0.628904   -0.420721  0.00678077
-0.709182  0.628904   -0.420721  0.00816831
-0.751366  0.578368   -0.429153  0.0150051 
-0.751366  0.578368   -0.429153  0.0075038 
-0.83847   0.587843   -0.433698  0.0114908 
-0.83847   0.587843   -0.433698  0.018261  
-0.83847   0.587843   -0.433698  0.0111642 
-0.83847   0.587843   -0.433698  0.01468   
-0.83847   0.587843   -0.433698  0.00899746
-0.784258  0.568735   -0.423893  0.00700819
-0.737665  0.663869   -0.419982  0.019787  
-0.737665  0.663869   -0.419982  0.00748025
-0.685475  0.618481   -0.407329  0.011279  
-0.685475  0.618481   -0.407329  0.0133479 
-0.685475  0.618481   -0.407329  0.010939  
-0.685475  0.618481   -0.407329  0.0104062 
-0.685475  0.618481   -0.407329  0.0132179 
-0.685475  0.618481   -0.407329  0.0119973 
-0.685475  0.618481   -0.407329  0.0120243 
-0.685475  0.618481   -0.407329  0.0159598 
-0.685475  0.618481   -0.407329  0.0136135 
-0.685475  0.618481   -0.407329  0.0110108 
-0.685475  0.618481   -0.407329  0.00777549
-0.762068  0.655382   -0.439131  0.00826559
-0.762068  0.655382   -0.439131  0.0110522 
-0.762068  0.655382   -0.439131  0.009775  
-0.762068  0.655382   -0.439131  0.00615706
-0.762068  0.655382   -0.439131  0.00750802
-0.753317  0.585339   -0.428695  0.0149501 
-0.753317  0.585339   -0.428695  0.0175846 
-0.753317  0.585339   -0.428695  0.00824436
-0.753317  0.585339   -0.428695  0.00808622
-0.772399  0.583767   -0.431681  0.0218929 
-0.772399  0.583767   -0.431681  0.00806047
-0.772399  0.583767   -0.431681  0.00891337
-0.824188  0.669567   -0.443174  0.0260586 
-0.824188  0.669567   -0.443174  0.0175096 
-0.824188  0.669567   -0.443174  0.01407   
-0.824188  0.669567   -0.443174  0.00666412
-0.838788  0.609649   -0.444004  0.00793895
-0.868841  0.591393   -0.441965  0.0128624 
-0.868841  0.591393   -0.441965  0.0104844 
-0.868841  0.591393   -0.441965  0.0170832 
-0.868841  0.591393   -0.441965  0.0154835 
-0.868841  0.591393   -0.441965  0.0169145 
-0.868841  0.591393   -0.441965  0.0195936 
-0.868841  0.591393   -0.441965  0.0121598 
-0.868841  0.591393   -0.441965  0.0172053 
-0.868841  0.591393   -0.441965  0.0174035 
-0.868841  0.591393   -0.441965  0.00754374
-0.797946  0.584578   -0.441166  0.0138696 
-0.831202  0.679202   -0.413317  0.00811302
-0.753805  0.632486   -0.43823   0.0110425 
-0.849206  0.66179    -0.411257  0.0136066 
-0.838486  0.674352   -0.40488   0.0191256 
-0.838486  0.674352   -0.40488   0.00763477
-0.809386  0.661531   -0.43841   0.00785536
-0.831279  0.630148   -0.441749  0.00621795
-0.762473  0.6065     -0.431457  0.00861474
-0.852932  0.598862   -0.432567  0.0111089 
-0.852932  0.598862   -0.432567  0.0482359 
-0.852932  0.598862   -0.432567  0.00954951
-0.852932  0.598862   -0.432567  0.0093977 
-0.847892  0.639346   -0.436658  0.0103724 
-0.847892  0.639346   -0.436658  0.0130775 
-0.847892  0.639346   -0.436658  0.0093038 
-0.797734  0.668052   -0.43191   0.0248477 
-0.797734  0.668052   -0.43191   0.00687435
-0.764791  0.628604   -0.436516  0.00700988
-0.765904  0.626916   -0.43334   0.00728055
-0.691236  0.617833   -0.407916  0.00657634
-0.746839  0.667484   -0.443288  0.00771372
-0.746839  0.667484   -0.443288  0.00747302
-0.746839  0.667484   -0.443288  0.00758902
-0.746839  0.667484   -0.443288  0.00828704
-0.746839  0.667484   -0.443288  0.00711293
-0.746839  0.667484   -0.443288  0.0077555 
-0.840995  0.600739   -0.437644  0.0204367 
-0.840995  0.600739   -0.437644  0.0055805 
-0.761119  0.654365   -0.452232  0.00824336
-0.761119  0.654365   -0.452232  0.00974613
-0.761119  0.654365   -0.452232  0.0112243 
-0.761119  0.654365   -0.452232  0.00788248
-0.761119  0.654365   -0.452232  0.0195039 
-0.761119  0.654365   -0.452232  0.00873574
-0.761119  0.654365   -0.452232  0.0154544 
-0.761119  0.654365   -0.452232  0.0142047 
-0.761119  0.654365   -0.452232  0.0136648 
-0.761119  0.654365   -0.452232  0.00857379
-0.804745  0.606366   -0.442464  0.00765813
-0.828676  0.630403   -0.447138  0.00842375
-0.828676  0.630403   -0.447138  0.0117747 
-0.828676  0.630403   -0.447138  0.00786004
-0.729221  0.582595   -0.422103  0.0153571 
-0.729221  0.582595   -0.422103  0.00688295
-0.702968  0.604114   -0.413203  0.0079498 
-0.762538  0.667208   -0.434882  0.00752079
-0.834806  0.596302   -0.442084  0.0163498 
-0.834806  0.596302   -0.442084  0.010593  
-0.834806  0.596302   -0.442084  0.00868336
-0.834806  0.596302   -0.442084  0.0151552 
-0.834806  0.596302   -0.442084  0.0113854 
-0.834806  0.596302   -0.442084  0.00790292
-0.759608  0.591495   -0.433212  0.0103964 
-0.759608  0.591495   -0.433212  0.0158918 
-0.759608  0.591495   -0.433212  0.00839466
-0.759608  0.591495   -0.433212  0.0136542 
-0.759608  0.591495   -0.433212  0.00850715
-0.759608  0.591495   -0.433212  0.00897683
-0.759608  0.591495   -0.433212  0.019413  
-0.820069  0.671665   -0.402633  0.00662668
-0.815186  0.602683   -0.44949   0.018324  
-0.815186  0.602683   -0.44949   0.0133083 
-0.815186  0.602683   -0.44949   0.0146547 
-0.815186  0.602683   -0.44949   0.00883808
-0.815186  0.602683   -0.44949   0.0181744 
-0.815186  0.602683   -0.44949   0.0172453 
-0.815186  0.602683   -0.44949   0.0181673 
-0.815186  0.602683   -0.44949   0.0140522 
-0.815186  0.602683   -0.44949   0.0103266 
-0.815186  0.602683   -0.44949   0.0137744 
-0.815186  0.602683   -0.44949   0.0164229 
-0.815186  0.602683   -0.44949   0.015165  
-0.815186  0.602683   -0.44949   0.0257665 
-0.815186  0.602683   -0.44949   0.0198866 
-0.815186  0.602683   -0.44949   0.0172281 
-0.815186  0.602683   -0.44949   0.0132745 
-0.815186  0.602683   -0.44949   0.0157761 
-0.815186  0.602683   -0.44949   0.0172826 
-0.815186  0.602683   -0.44949   0.0156564 
-0.815186  0.602683   -0.44949   0.00975969
-0.81935   0.562404   -0.410609  0.0186916 
-0.81935   0.562404   -0.410609  0.0175738 
-0.81935   0.562404   -0.410609  0.0260672 
-0.81935   0.562404   -0.410609  0.00655713
-0.727878  0.662088   -0.438455  0.00660567
-0.784559  0.629594   -0.446928  0.00671045
-0.784559  0.629594   -0.446928  0.010007  
-0.784559  0.629594   -0.446928  0.00867406
-0.784559  0.629594   -0.446928  0.0154255 
-0.784559  0.629594   -0.446928  0.00680593
-0.784559  0.629594   -0.446928  0.0141071 
-0.784559  0.629594   -0.446928  0.0114055 
-0.784559  0.629594   -0.446928  0.0143206 
-0.784559  0.629594   -0.446928  0.0119724 
-0.784559  0.629594   -0.446928  0.0113038 
-0.784559  0.629594   -0.446928  0.0119199 
-0.784559  0.629594   -0.446928  0.00875754
-0.784559  0.629594   -0.446928  0.0115914 
-0.784559  0.629594   -0.446928  0.0075322 
-0.822902  0.593699   -0.442801  0.0181458 
-0.822902  0.593699   -0.442801  0.00697019
-0.739502  0.596327   -0.426151  0.00823479
-0.739502  0.596327   -0.426151  0.00870336
-0.730477  0.578904   -0.432484  0.0207757 
-0.730477  0.578904   -0.432484  0.00944889
-0.730477  0.578904   -0.432484  0.00887596
-0.730477  0.578904   -0.432484  0.00787511
-0.730477  0.578904   -0.432484  0.00772373
-0.730477  0.578904   -0.432484  0.0156178 
-0.730477  0.578904   -0.432484  0.0100702 
-0.730477  0.578904   -0.432484  0.00942144
-0.722444  0.661084   -0.427651  0.0179955 
-0.722444  0.661084   -0.427651  0.00910365
-0.722444  0.661084   -0.427651  0.00789265
-0.73947   0.66962    -0.428595  0.0138574 
-0.767147  0.747232   -0.39784   0.0195947 
-0.767147  0.747232   -0.39784   0.0322625 
-0.767147  0.747232   -0.39784   0.00940703
-0.713144  0.670663   -0.412197  0.00845507
-0.713144  0.670663   -0.412197  0.00903218
-0.724142  0.68168    -0.413095  0.0072787 
-0.711244  0.626957   -0.423208  0.0109501 
-0.711244  0.626957   -0.423208  0.00786759
-0.74493   0.651807   -0.432725  0.0185539 
-0.74493   0.651807   -0.432725  0.0131931 
-0.74493   0.651807   -0.432725  0.0153055 
-0.74493   0.651807   -0.432725  0.00812106
-0.744383  0.622005   -0.428237  0.00778476
-0.807499  0.588034   -0.425988  0.0147503 
-0.807499  0.588034   -0.425988  0.0174864 
-0.807499  0.588034   -0.425988  0.0187406 
-0.807499  0.588034   -0.425988  0.0197365 
-0.807499  0.588034   -0.425988  0.00796014
-0.812399  0.580334   -0.43426   0.00929336
-0.804205  0.626723   -0.43488   0.00868519
-0.77264   0.64938    -0.415065  0.00684911
-0.759522  0.594854   -0.44218   0.00938967
-0.759522  0.594854   -0.44218   0.0132994 
-0.759522  0.594854   -0.44218   0.0110456 
-0.759522  0.594854   -0.44218   0.0120858 
-0.759522  0.594854   -0.44218   0.00704135
-0.759522  0.594854   -0.44218   0.0106813 
-0.79012   0.666609   -0.438469  0.00710091
-0.725159  0.616279   -0.434841  0.0129791 
-0.725159  0.616279   -0.434841  0.0131093 
-0.725159  0.616279   -0.434841  0.0130183 
-0.725159  0.616279   -0.434841  0.0138214 
-0.725159  0.616279   -0.434841  0.00842558
-0.725159  0.616279   -0.434841  0.00711328
-0.725159  0.616279   -0.434841  0.00979673
-0.725159  0.616279   -0.434841  0.0123225 
-0.725159  0.616279   -0.434841  0.00683185
-0.742635  0.60739    -0.435865  0.00707408
-0.749947  0.632845   -0.429953  0.00856311
-0.749947  0.632845   -0.429953  0.0128617 
-0.749947  0.632845   -0.429953  0.0109429 
-0.749947  0.632845   -0.429953  0.00885112
-0.803314  0.570235   -0.431474  0.0105172 
-0.803314  0.570235   -0.431474  0.0228635 
-0.803314  0.570235   -0.431474  0.0127736 
-0.803314  0.570235   -0.431474  0.0123893 
-0.803314  0.570235   -0.431474  0.00770006
-0.783904  0.578946   -0.41525   0.0094734 
-0.807571  0.639283   -0.430574  0.0122032 
-0.807571  0.639283   -0.430574  0.0152296 
-0.807571  0.639283   -0.430574  0.0140807 
-0.807571  0.639283   -0.430574  0.0147304 
-0.807571  0.639283   -0.430574  0.015435  
-0.807571  0.639283   -0.430574  0.0128603 
-0.807571  0.639283   -0.430574  0.0104572 
-0.807571  0.639283   -0.430574  0.00808639
-0.807571  0.639283   -0.430574  0.00964914
-0.807571  0.639283   -0.430574  0.012208  
-0.824187  0.700502   -0.425796  0.0157871 
-0.824187  0.700502   -0.425796  0.00776235
-0.77633   0.637126   -0.440743  0.0118662 
-0.78775   0.70309    -0.41575   0.0169697 
-0.78775   0.70309    -0.41575   0.00938295
-0.710442  0.678337   -0.39935   0.0100693 
-0.755259  0.684264   -0.414374  0.0125709 
-0.755259  0.684264   -0.414374  0.00712167
-0.79435   0.620901   -0.442381  0.00889327
-0.79435   0.620901   -0.442381  0.00954765
-0.815233  0.633409   -0.429622  0.0068611 
-0.774792  0.642037   -0.437916  0.00567327
-0.797205  0.617278   -0.452705  0.00720982
-0.797205  0.617278   -0.452705  0.0114864 
-0.797205  0.617278   -0.452705  0.00987399
-0.740066  0.561109   -0.431904  0.0142886 
-0.740066  0.561109   -0.431904  0.013977  
-0.740066  0.561109   -0.431904  0.0201213 
-0.740066  0.561109   -0.431904  0.0163361 
-0.740066  0.561109   -0.431904  0.0139446 
-0.740066  0.561109   -0.431904  0.00756998
-0.740066  0.561109   -0.431904  0.0147559 
-0.740066  0.561109   -0.431904  0.0217013 
-0.740066  0.561109   -0.431904  0.00815577
-0.740066  0.561109   -0.431904  0.0124167 
-0.826417  0.631314   -0.431017  0.010239  
-0.826417  0.631314   -0.431017  0.0118979 
-0.826417  0.631314   -0.431017  0.0187289 
-0.826417  0.631314   -0.431017  0.0101937 
-0.789902  0.627368   -0.443292  0.0122652 
-0.789902  0.627368   -0.443292  0.0112683 
-0.789902  0.627368   -0.443292  0.0112213 
-0.789902  0.627368   -0.443292  0.00667512
-0.800185  0.600607   -0.444201  0.00606594
-0.800185  0.600607   -0.444201  0.0146219 
-0.800185  0.600607   -0.444201  0.00747314
-0.800185  0.600607   -0.444201  0.0190624 
-0.820589  0.697419   -0.403216  0.00914712
-0.873012  0.632548   -0.424582  0.011362  
-0.866129  0.648415   -0.413075  0.00621218
-0.790377  0.61676    -0.456312  0.00772157
-0.790377  0.61676    -0.456312  0.0229975 
-0.790377  0.61676    -0.456312  0.0092127 
-0.790377  0.61676    -0.456312  0.00961595
-0.790377  0.61676    -0.456312  0.0174182 
-0.790377  0.61676    -0.456312  0.0103444 
-0.790377  0.61676    -0.456312  0.0111504 
-0.790377  0.61676    -0.456312  0.0182237 
-0.790377  0.61676    -0.456312  0.0145188 
-0.790377  0.61676    -0.456312  0.0104496 
-0.790377  0.61676    -0.456312  0.0119609 
-0.790377  0.61676    -0.456312  0.0119255 
-0.790377  0.61676    -0.456312  0.00954787
-0.790377  0.61676    -0.456312  0.00829344
-0.790377  0.61676    -0.456312  0.00907653
-0.790377  0.61676    -0.456312  0.0124845 
-0.790377  0.61676    -0.456312  0.0156002 
-0.790377  0.61676    -0.456312  0.0136129 
-0.790377  0.61676    -0.456312  0.00804015
-0.790377  0.61676    -0.456312  0.0076207 
-0.790377  0.61676    -0.456312  0.00749935
-0.790377  0.61676    -0.456312  0.0192235 
-0.790377  0.61676    -0.456312  0.0089944 
-0.790377  0.61676    -0.456312  0.00723513
-0.790377  0.61676    -0.456312  0.0119394 
-0.790377  0.61676    -0.456312  0.0105002 
-0.790377  0.61676    -0.456312  0.00891299
-0.790377  0.61676    -0.456312  0.0102685 
-0.790377  0.61676    -0.456312  0.0131559 
-0.790377  0.61676    -0.456312  0.0132711 
-0.790377  0.61676    -0.456312  0.0108494 
-0.790377  0.61676    -0.456312  0.00690044
-0.790377  0.61676    -0.456312  0.00595801
-0.807262  0.636097   -0.45205   0.0078863 
-0.807262  0.636097   -0.45205   0.00852551
-0.733471  0.661556   -0.41871   0.00907082
-0.733471  0.661556   -0.41871   0.00941237
-0.815433  0.632728   -0.440389  0.0135918 
-0.815433  0.632728   -0.440389  0.0117124 
-0.815433  0.632728   -0.440389  0.0152091 
-0.815433  0.632728   -0.440389  0.00844543
-0.780802  0.631505   -0.439555  0.00693674
-0.780802  0.631505   -0.439555  0.00744174
-0.780802  0.631505   -0.439555  0.00737518
-0.7651    0.585511   -0.445601  0.013635  
-0.7651    0.585511   -0.445601  0.0173433 
-0.7651    0.585511   -0.445601  0.00635159
-0.787629  0.615016   -0.446114  0.0161554 
-0.787629  0.615016   -0.446114  0.0118678 
-0.787629  0.615016   -0.446114  0.00645527
-0.787629  0.615016   -0.446114  0.0129493 
-0.787629  0.615016   -0.446114  0.0135706 
-0.787629  0.615016   -0.446114  0.0165637 
-0.787629  0.615016   -0.446114  0.00869376
-0.787629  0.615016   -0.446114  0.00896198
-0.787629  0.615016   -0.446114  0.00725702
-0.787629  0.615016   -0.446114  0.00774242
-0.787629  0.615016   -0.446114  0.0116259 
-0.787629  0.615016   -0.446114  0.0138602 
-0.787629  0.615016   -0.446114  0.00790459
-0.787629  0.615016   -0.446114  0.010504  
-0.787629  0.615016   -0.446114  0.0108897 
-0.787629  0.615016   -0.446114  0.0109085 
-0.787629  0.615016   -0.446114  0.00922349
-0.787629  0.615016   -0.446114  0.0110735 
-0.787629  0.615016   -0.446114  0.020089  
-0.787629  0.615016   -0.446114  0.0111859 
-0.787629  0.615016   -0.446114  0.00807135
-0.787629  0.615016   -0.446114  0.0137733 
-0.787629  0.615016   -0.446114  0.00747369
-0.839851  0.626605   -0.444126  0.020496  
-0.839851  0.626605   -0.444126  0.011999  
-0.839851  0.626605   -0.444126  0.0129821 
-0.839851  0.626605   -0.444126  0.0185977 
-0.839851  0.626605   -0.444126  0.0135965 
-0.839851  0.626605   -0.444126  0.0127862 
-0.839851  0.626605   -0.444126  0.0128285 
-0.839851  0.626605   -0.444126  0.012779  
-0.839851  0.626605   -0.444126  0.00728629
-0.839851  0.626605   -0.444126  0.00853588
-0.839851  0.626605   -0.444126  0.00813647
-0.758997  0.576814   -0.431534  0.00787067
-0.758997  0.576814   -0.431534  0.00692158
-0.726854  0.598007   -0.423788  0.00730614
-0.799963  0.642839   -0.44839   0.00969238
-0.799963  0.642839   -0.44839   0.0150865 
-0.799963  0.642839   -0.44839   0.00942998
-0.799963  0.642839   -0.44839   0.0100282 
-0.799963  0.642839   -0.44839   0.00802194
-0.799963  0.642839   -0.44839   0.00802894
-0.799963  0.642839   -0.44839   0.0158253 
-0.799963  0.642839   -0.44839   0.014077  
-0.799963  0.642839   -0.44839   0.0145318 
-0.799963  0.642839   -0.44839   0.0187043 
-0.799963  0.642839   -0.44839   0.0104184 
-0.799963  0.642839   -0.44839   0.00957   
-0.799963  0.642839   -0.44839   0.0160838 
-0.799963  0.642839   -0.44839   0.0206291 
-0.799963  0.642839   -0.44839   0.00854355
-0.799963  0.642839   -0.44839   0.00837552
-0.813882  0.656714   -0.450576  0.022871  
-0.813882  0.656714   -0.450576  0.00963233
-0.861355  0.614229   -0.443036  0.0107255 
-0.861355  0.614229   -0.443036  0.00735501
-0.776558  0.64788    -0.441571  0.00647816
-0.738333  0.602215   -0.431149  0.00725822
-0.753286  0.591559   -0.437897  0.00612221
-0.753286  0.591559   -0.437897  0.018459  
-0.753286  0.591559   -0.437897  0.00634842
-0.771821  0.605156   -0.453729  0.010088  
-0.771821  0.605156   -0.453729  0.0155954 
-0.771821  0.605156   -0.453729  0.00664359
-0.771821  0.605156   -0.453729  0.0102738 
-0.771821  0.605156   -0.453729  0.00991143
-0.771821  0.605156   -0.453729  0.0107799 
-0.771821  0.605156   -0.453729  0.0105225 
-0.771821  0.605156   -0.453729  0.00640677
-0.726745  0.608068   -0.42646   0.00753795
-0.704553  0.601084   -0.423368  0.00945797
-0.704553  0.601084   -0.423368  0.00861912
-0.728019  0.575948   -0.426861  0.00749576
-0.685762  0.61071    -0.414058  0.00817492
-0.752973  0.622766   -0.43184   0.00904677
-0.834749  0.5925     -0.431548  0.0150134 
-0.834749  0.5925     -0.431548  0.00914522
-0.834749  0.5925     -0.431548  0.0120525 
-0.834749  0.5925     -0.431548  0.0188661 
-0.834749  0.5925     -0.431548  0.0111904 
-0.834749  0.5925     -0.431548  0.0156495 
-0.834749  0.5925     -0.431548  0.0198776 
-0.834749  0.5925     -0.431548  0.015902  
-0.834749  0.5925     -0.431548  0.00923568
-0.834749  0.5925     -0.431548  0.00646546
-0.737358  0.62619    -0.428104  0.0083123 
-0.825167  0.579393   -0.440673  0.0226633 
-0.825167  0.579393   -0.440673  0.0064866 
-0.72785   0.617823   -0.426622  0.0106516 
-0.823313  0.649137   -0.437066  0.0215891 
-0.823313  0.649137   -0.437066  0.00907909
-0.86423   0.587452   -0.414505  0.013611  
-0.86423   0.587452   -0.414505  0.0121329 
-0.798053  0.546481   -0.414744  0.00843481
-0.743658  0.573729   -0.416631  0.0105781 
-0.743658  0.573729   -0.416631  0.0175113 
-0.743658  0.573729   -0.416631  0.00955568
-0.837182  0.568642   -0.421024  0.012088  
-0.837182  0.568642   -0.421024  0.0144472 
-0.837182  0.568642   -0.421024  0.00884312
-0.808072  0.587212   -0.410336  0.0199643 
-0.808072  0.587212   -0.410336  0.0159711 
-0.808072  0.587212   -0.410336  0.0217652 
-0.808072  0.587212   -0.410336  0.00862418
-0.76743   0.667232   -0.431998  0.0173089 
-0.76743   0.667232   -0.431998  0.0260233 
-0.76743   0.667232   -0.431998  0.0251131 
-0.76743   0.667232   -0.431998  0.016892  
-0.76743   0.667232   -0.431998  0.00808961
-0.763706  0.578969   -0.429165  0.00734557
-0.763706  0.578969   -0.429165  0.018396  
-0.763706  0.578969   -0.429165  0.0166903 
-0.763706  0.578969   -0.429165  0.00953876
-0.763706  0.578969   -0.429165  0.017671  
-0.763706  0.578969   -0.429165  0.00868034
-0.763706  0.578969   -0.429165  0.0100038 
-0.720428  0.560956   -0.415059  0.00944181
-0.743     0.566707   -0.416493  0.024064  
-0.743     0.566707   -0.416493  0.0135427 
-0.743     0.566707   -0.416493  0.00891195
-0.78129   0.645417   -0.425568  0.00583671
-0.801442  0.609682   -0.459129  0.00836678
-0.801442  0.609682   -0.459129  0.012244  
-0.801442  0.609682   -0.459129  0.0115099 
-0.801442  0.609682   -0.459129  0.0145374 
-0.801442  0.609682   -0.459129  0.0101501 
-0.801442  0.609682   -0.459129  0.00621059
-0.801442  0.609682   -0.459129  0.00814252
-0.801442  0.609682   -0.459129  0.00672664
-0.801442  0.609682   -0.459129  0.00813325
-0.801442  0.609682   -0.459129  0.0165739 
-0.801442  0.609682   -0.459129  0.00758419
-0.801442  0.609682   -0.459129  0.00845096
-0.801442  0.609682   -0.459129  0.00712379
-0.801442  0.609682   -0.459129  0.00877994
-0.801442  0.609682   -0.459129  0.0159864 
-0.801442  0.609682   -0.459129  0.0153524 
-0.801442  0.609682   -0.459129  0.0140899 
-0.801442  0.609682   -0.459129  0.00988634
-0.801442  0.609682   -0.459129  0.00587593
-0.801442  0.609682   -0.459129  0.0142507 
-0.801442  0.609682   -0.459129  0.0160711 
-0.801442  0.609682   -0.459129  0.0138734 
-0.801442  0.609682   -0.459129  0.00745287
-0.801442  0.609682   -0.459129  0.0147786 
-0.801442  0.609682   -0.459129  0.0219028 
-0.801442  0.609682   -0.459129  0.0141544 
-0.801442  0.609682   -0.459129  0.00672272
-0.801442  0.609682   -0.459129  0.0203365 
-0.801442  0.609682   -0.459129  0.0155621 
-0.801442  0.609682   -0.459129  0.0092126 
-0.801442  0.609682   -0.459129  0.0167097 
-0.801442  0.609682   -0.459129  0.0169859 
-0.801442  0.609682   -0.459129  0.0127516 
-0.801442  0.609682   -0.459129  0.0170439 
-0.801442  0.609682   -0.459129  0.00653426
-0.809442  0.626903   -0.449779  0.0100056 
-0.881338  0.579561   -0.39483   0.00807269
-0.813385  0.671772   -0.43442   0.00677608
-0.813385  0.671772   -0.43442   0.00819374
-0.820551  0.582058   -0.439989  0.0181531 
-0.820551  0.582058   -0.439989  0.00625398
-0.784617  0.642948   -0.447957  0.00664352
-0.784617  0.642948   -0.447957  0.00570574
-0.757379  0.632689   -0.446105  0.0100999 
-0.757379  0.632689   -0.446105  0.0106895 
-0.757379  0.632689   -0.446105  0.00707451
-0.757379  0.632689   -0.446105  0.0165653 
-0.757379  0.632689   -0.446105  0.0158482 
-0.757379  0.632689   -0.446105  0.00736734
-0.758822  0.584555   -0.429557  0.0112515 
-0.758822  0.584555   -0.429557  0.0077968 
-0.734278  0.668268   -0.423832  0.00880931
-0.642794  0.63808    -0.377129  0.00811098
-0.693538  0.692228   -0.405662  0.0104608 
-0.693538  0.692228   -0.405662  0.016685  
-0.693538  0.692228   -0.405662  0.0153885 
-0.693538  0.692228   -0.405662  0.0183731 
-0.693538  0.692228   -0.405662  0.00900576
-0.693538  0.692228   -0.405662  0.0134636 
-0.693538  0.692228   -0.405662  0.0170083 
-0.693538  0.692228   -0.405662  0.00684895
-0.709724  0.602463   -0.425519  0.00893275
-0.758085  0.635065   -0.429012  0.0146829 
-0.758085  0.635065   -0.429012  0.00788064
-0.688526  0.616439   -0.412279  0.00626969
-0.764041  0.601728   -0.449537  0.0107632 
-0.764041  0.601728   -0.449537  0.0145184 
-0.764041  0.601728   -0.449537  0.0127337 
-0.764041  0.601728   -0.449537  0.00908188
-0.764041  0.601728   -0.449537  0.00734937
-0.857961  0.607235   -0.446802  0.0139025 
-0.857961  0.607235   -0.446802  0.0135663 
-0.857961  0.607235   -0.446802  0.0246608 
-0.857961  0.607235   -0.446802  0.0107682 
-0.857961  0.607235   -0.446802  0.0130917 
-0.857961  0.607235   -0.446802  0.0154454 
-0.857961  0.607235   -0.446802  0.0178711 
-0.857961  0.607235   -0.446802  0.0136278 
-0.857961  0.607235   -0.446802  0.00644754
-0.857961  0.607235   -0.446802  0.0108547 
-0.857961  0.607235   -0.446802  0.0183732 
-0.857961  0.607235   -0.446802  0.0130916 
-0.857961  0.607235   -0.446802  0.0209681 
-0.857961  0.607235   -0.446802  0.015053  
-0.857961  0.607235   -0.446802  0.008774  
-0.857961  0.607235   -0.446802  0.0109744 
-0.857961  0.607235   -0.446802  0.0102303 
-0.857961  0.607235   -0.446802  0.0114369 
