#MU        SIGMA      ENERGY     ERROR     
-0.496209  0.80836    -0.306734  0.0146371 
-0.444036  0.859127   -0.255424  0.0157229 
-0.391303  0.768233   -0.196162  0.0149327 
-0.455375  0.704007   -0.212728  0.0181502 
-0.387638  0.681452   -0.0922164 0.0202059 
-0.387638  0.681452   -0.0922164 0.0187743 
-0.359937  0.699493   -0.117446  0.017342  
-0.456343  0.643346   -0.181327  0.0150656 
-0.503891  0.597998   -0.186223  0.0174081 
-0.503891  0.597998   -0.186223  0.0153399 
-0.554364  0.508966   -0.17887   0.0141185 
-0.553061  0.525925   -0.195739  0.0129591 
-0.546482  0.619854   -0.254186  0.0175841 
-0.546482  0.619854   -0.254186  0.00945441
-0.637253  0.687966   -0.369279  0.0122937 
-0.637253  0.687966   -0.369279  0.0121001 
-0.637253  0.687966   -0.369279  0.0135518 
-0.637253  0.687966   -0.369279  0.00975333
-0.622838  0.594094   -0.324233  0.0109651 
-0.706083  0.551278   -0.375756  0.0210108 
-0.706083  0.551278   -0.375756  0.0151335 
-0.762155  0.524686   -0.382926  0.0320849 
-0.762155  0.524686   -0.382926  0.0321497 
-0.762155  0.524686   -0.382926  0.0119739 
-0.731743  0.542835   -0.380372  0.0165931 
-0.720044  0.512517   -0.307913  0.0327507 
-0.720044  0.512517   -0.307913  0.0196451 
-0.720044  0.512517   -0.307913  0.0319993 
-0.720044  0.512517   -0.307913  0.00925092
-0.675956  0.581731   -0.378724  0.0146626 
-0.753921  0.524896   -0.339712  0.0354462 
-0.753921  0.524896   -0.339712  0.0265789 
-0.753921  0.524896   -0.339712  0.0110009 
-0.822227  0.554181   -0.389935  0.0085154 
-0.814662  0.633414   -0.449161  0.0125423 
-0.814662  0.633414   -0.449161  0.0119425 
-0.868647  0.671661   -0.417042  0.0192367 
-0.868647  0.671661   -0.417042  0.0154886 
-0.831311  0.712961   -0.379863  0.00699043
-0.808479  0.622676   -0.440193  0.00595407
-0.719294  0.654815   -0.422494  0.0100578 
-0.620087  0.624882   -0.342111  0.00939785
-0.630429  0.609977   -0.355249  0.0121437 
-0.642893  0.545213   -0.340997  0.0080793 
-0.65908   0.618681   -0.375923  0.0138924 
-0.703869  0.695344   -0.391972  0.0117472 
-0.777301  0.715317   -0.411185  0.00700005
-0.768416  0.663018   -0.436489  0.0103597 
-0.768416  0.663018   -0.436489  0.00857665
-0.768416  0.663018   -0.436489  0.00876157
-0.768416  0.663018   -0.436489  0.0123061 
-0.768416  0.663018   -0.436489  0.0190257 
-0.768416  0.663018   -0.436489  0.00916785
-0.722132  0.667495   -0.420265  0.0159283 
-0.768952  0.760284   -0.356854  0.0193248 
-0.748273  0.796389   -0.343124  0.0312516 
-0.748273  0.796389   -0.343124  0.0413559 
-0.748273  0.796389   -0.343124  0.0362869 
-0.748273  0.796389   -0.343124  0.0259862 
-0.748273  0.796389   -0.343124  0.024042  
-0.799072  0.723905   -0.364603  0.0207824 
-0.799072  0.723905   -0.364603  0.00701214
-0.727202  0.678437   -0.417471  0.00751053
-0.74737   0.583749   -0.430145  0.0130142 
-0.74737   0.583749   -0.430145  0.00643316
-0.74737   0.583749   -0.430145  0.00820997
-0.74737   0.583749   -0.430145  0.0090431 
-0.74737   0.583749   -0.430145  0.00926817
-0.804235  0.670957   -0.440393  0.0141622 
-0.804235  0.670957   -0.440393  0.00599576
-0.804235  0.670957   -0.440393  0.0197708 
-0.804235  0.670957   -0.440393  0.00749197
-0.79228   0.612731   -0.437804  0.00883365
-0.852292  0.574641   -0.427934  0.00849655
-0.826766  0.599831   -0.437932  0.00726958
-0.804346  0.634596   -0.450149  0.0158947 
-0.885138  0.682811   -0.396567  0.0359699 
-0.885138  0.682811   -0.396567  0.0478808 
-0.885138  0.682811   -0.396567  0.00709859
-0.816941  0.619659   -0.435963  0.0103428 
-0.830877  0.671378   -0.418964  0.0184348 
-0.789908  0.722107   -0.373783  0.0170463 
-0.790606  0.735442   -0.387941  0.011222  
-0.764061  0.662989   -0.431853  0.00714519
-0.710662  0.673264   -0.417131  0.0174038 
-0.710662  0.673264   -0.417131  0.0118473 
-0.710662  0.673264   -0.417131  0.0120114 
-0.661583  0.758618   -0.356822  0.0107887 
-0.695342  0.677929   -0.406849  0.00791651
-0.668007  0.657052   -0.400129  0.00769801
-0.705377  0.592303   -0.413969  0.00907313
-0.745621  0.678255   -0.422213  0.00837869
-0.745621  0.678255   -0.422213  0.0061559 
-0.760099  0.613125   -0.431312  0.00796367
-0.769023  0.655728   -0.435435  0.0060874 
-0.78471   0.622217   -0.44119   0.0118478 
-0.78471   0.622217   -0.44119   0.0114347 
-0.789458  0.690076   -0.436214  0.0181218 
-0.789458  0.690076   -0.436214  0.0227887 
-0.789458  0.690076   -0.436214  0.0402649 
-0.789458  0.690076   -0.436214  0.024467  
-0.789458  0.690076   -0.436214  0.0194993 
-0.789458  0.690076   -0.436214  0.00723   
-0.820522  0.593436   -0.447651  0.0143574 
-0.820522  0.593436   -0.447651  0.00915486
-0.820522  0.593436   -0.447651  0.0118408 
-0.820522  0.593436   -0.447651  0.0108872 
-0.828834  0.657815   -0.42396   0.0159337 
-0.809663  0.694253   -0.39726   0.0126198 
-0.885652  0.662062   -0.424424  0.0129666 
-0.786734  0.719731   -0.391302  0.0118031 
-0.872254  0.682048   -0.422666  0.0270563 
-0.872254  0.682048   -0.422666  0.0261822 
-0.872254  0.682048   -0.422666  0.0262549 
-0.872254  0.682048   -0.422666  0.0284609 
-0.872254  0.682048   -0.422666  0.00892033
-0.805888  0.648523   -0.434212  0.0199159 
-0.787709  0.720498   -0.374274  0.0218558 
-0.787709  0.720498   -0.374274  0.0189749 
-0.792392  0.783744   -0.324035  0.0123865 
-0.811702  0.712029   -0.403233  0.0104229 
-0.832485  0.645888   -0.429052  0.0100208 
-0.832485  0.645888   -0.429052  0.0116708 
-0.828539  0.625908   -0.430149  0.00947995
-0.788841  0.569316   -0.421301  0.00842455
-0.821368  0.575888   -0.428935  0.0166966 
-0.821368  0.575888   -0.428935  0.0120107 
-0.838859  0.549142   -0.426212  0.0155854 
-0.838859  0.549142   -0.426212  0.00696809
-0.804676  0.618217   -0.459248  0.0139273 
-0.804676  0.618217   -0.459248  0.0137501 
-0.804676  0.618217   -0.459248  0.0116407 
-0.804676  0.618217   -0.459248  0.0120775 
-0.804676  0.618217   -0.459248  0.0145649 
-0.870812  0.674901   -0.415386  0.0287668 
-0.870812  0.674901   -0.415386  0.0110171 
-0.870812  0.674901   -0.415386  0.00712901
-0.775915  0.590758   -0.44093   0.016212  
-0.775915  0.590758   -0.44093   0.0104992 
-0.78319   0.555929   -0.416739  0.00659056
-0.816692  0.605294   -0.451522  0.00763281
-0.817855  0.590084   -0.437335  0.0102244 
-0.806483  0.62024    -0.437846  0.0174047 
-0.891453  0.693943   -0.381426  0.0250805 
-0.889763  0.76294    -0.262797  0.0461067 
-0.826878  0.821327   -0.192598  0.0576197 
-0.826878  0.821327   -0.192598  0.0581179 
-0.826878  0.821327   -0.192598  0.0375259 
-0.852402  0.79891    -0.210475  0.0246199 
-0.872536  0.72025    -0.359357  0.0168477 
-0.887459  0.645548   -0.389491  0.0225446 
-0.880828  0.724706   -0.306116  0.0272579 
-0.823383  0.771221   -0.289498  0.034489  
-0.874679  0.834956   -0.160823  0.0593567 
-0.874679  0.834956   -0.160823  0.0305449 
-0.837548  0.840815   -0.230893  0.0251477 
-0.905988  0.772051   -0.250565  0.0262676 
-0.832915  0.707268   -0.381818  0.0187025 
-0.849437  0.734981   -0.363064  0.0291571 
-0.849437  0.734981   -0.363064  0.0324908 
-0.849437  0.734981   -0.363064  0.00970066
-0.778881  0.654126   -0.436782  0.00781768
-0.848962  0.608701   -0.427697  0.0243969 
-0.848962  0.608701   -0.427697  0.00607283
-0.772135  0.625188   -0.441588  0.00885633
-0.772135  0.625188   -0.441588  0.00737287
-0.713581  0.669843   -0.42641   0.00764851
-0.713581  0.669843   -0.42641   0.0172366 
-0.713581  0.669843   -0.42641   0.00918546
-0.807094  0.599017   -0.443195  0.00952428
-0.855388  0.566932   -0.410319  0.00616213
-0.763235  0.629507   -0.442816  0.00881497
-0.739656  0.700821   -0.409354  0.0111942 
-0.789362  0.687293   -0.411422  0.00793855
-0.845251  0.60636    -0.437085  0.00832708
-0.770728  0.683598   -0.442568  0.00671462
-0.750721  0.652882   -0.428468  0.0267119 
-0.750721  0.652882   -0.428468  0.0123259 
-0.845267  0.629384   -0.43394   0.00950131
-0.860233  0.566121   -0.390016  0.0186027 
-0.958336  0.658903   -0.314278  0.0129461 
-0.947118  0.623642   -0.354176  0.00838051
-0.851589  0.617279   -0.429996  0.0097559 
-0.851589  0.617279   -0.429996  0.01166   
-0.774366  0.685459   -0.42011   0.0164215 
-0.788485  0.675696   -0.401245  0.0152132 
-0.788485  0.675696   -0.401245  0.0063707 
-0.753507  0.629478   -0.431155  0.0134017 
-0.815494  0.536591   -0.376517  0.0256929 
-0.815494  0.536591   -0.376517  0.0283126 
-0.815494  0.536591   -0.376517  0.0243474 
-0.815494  0.536591   -0.376517  0.0115499 
-0.814295  0.55128    -0.388732  0.0105587 
-0.814295  0.55128    -0.388732  0.0274885 
-0.814295  0.55128    -0.388732  0.00979203
-0.860907  0.576993   -0.407554  0.0101268 
-0.794514  0.559904   -0.426272  0.013638  
-0.794514  0.559904   -0.426272  0.027377  
-0.794514  0.559904   -0.426272  0.0169126 
-0.794514  0.559904   -0.426272  0.0268877 
-0.794514  0.559904   -0.426272  0.00780649
-0.783624  0.577227   -0.431357  0.00989936
-0.685904  0.63745    -0.392202  0.0125743 
-0.685904  0.63745    -0.392202  0.00998174
-0.608096  0.628854   -0.333879  0.0105864 
-0.601739  0.675481   -0.339301  0.0105382 
-0.608495  0.603976   -0.326702  0.00750227
-0.679762  0.612103   -0.398164  0.0258135 
-0.679762  0.612103   -0.398164  0.00789123
-0.679762  0.612103   -0.398164  0.00700461
-0.715612  0.671347   -0.422536  0.010814  
-0.715612  0.671347   -0.422536  0.0229875 
-0.715612  0.671347   -0.422536  0.0200361 
-0.715612  0.671347   -0.422536  0.00939462
-0.715612  0.671347   -0.422536  0.00610503
-0.767643  0.61436    -0.442145  0.0158167 
-0.767643  0.61436    -0.442145  0.0067088 
-0.735537  0.606296   -0.418387  0.0132273 
-0.735537  0.606296   -0.418387  0.013031  
-0.817914  0.537588   -0.373666  0.0099814 
-0.914696  0.620332   -0.397845  0.0228195 
-0.914696  0.620332   -0.397845  0.0119806 
-0.85608   0.547956   -0.404843  0.0087802 
-0.89266   0.576812   -0.394091  0.00764199
-0.843337  0.624882   -0.446301  0.00870978
-0.843337  0.624882   -0.446301  0.0112871 
-0.843337  0.624882   -0.446301  0.0137026 
-0.843337  0.624882   -0.446301  0.0274962 
-0.843337  0.624882   -0.446301  0.0105921 
-0.843337  0.624882   -0.446301  0.0185997 
-0.843337  0.624882   -0.446301  0.0073824 
-0.790594  0.584791   -0.432352  0.00990753
-0.754341  0.68003    -0.426678  0.00712397
-0.771429  0.644209   -0.442584  0.00901232
-0.688586  0.575092   -0.398469  0.0156994 
-0.688586  0.575092   -0.398469  0.00935503
-0.659429  0.661904   -0.373923  0.0149927 
-0.712168  0.740578   -0.361709  0.00690901
-0.733947  0.648788   -0.427871  0.00676431
-0.756642  0.643883   -0.438732  0.00853203
-0.756642  0.643883   -0.438732  0.00725804
-0.756642  0.643883   -0.438732  0.0115382 
-0.737272  0.678079   -0.402272  0.00810103
-0.830168  0.588018   -0.424771  0.00987301
-0.830168  0.588018   -0.424771  0.0137517 
-0.898926  0.53561    -0.334445  0.0101165 
-0.934741  0.586318   -0.370412  0.0188885 
-0.934489  0.636116   -0.327733  0.0133164 
-1.00668   0.612337   -0.283972  0.0129881 
-0.96474   0.547293   -0.307464  0.0185938 
-0.96474   0.547293   -0.307464  0.0249561 
-0.96474   0.547293   -0.307464  0.0109844 
-0.896212  0.616155   -0.410962  0.0104056 
-0.86515   0.585591   -0.416296  0.0121104 
-0.938502  0.594469   -0.369928  0.0139022 
-0.939169  0.621594   -0.373491  0.0105828 
-0.939169  0.621594   -0.373491  0.00963495
-0.878319  0.565277   -0.395263  0.0114902 
-0.874302  0.551372   -0.392005  0.0150073 
-0.874302  0.551372   -0.392005  0.0109883 
-0.852686  0.643987   -0.431803  0.0113212 
-0.9007    0.554968   -0.355188  0.0110444 
-0.9007    0.554968   -0.355188  0.0207353 
-0.9007    0.554968   -0.355188  0.0136181 
-0.872423  0.534439   -0.357494  0.0233563 
-0.872423  0.534439   -0.357494  0.013567  
-0.898949  0.533626   -0.321389  0.00728054
-0.810474  0.602398   -0.443253  0.015223  
-0.810474  0.602398   -0.443253  0.00728446
-0.874256  0.604264   -0.43478   0.0148673 
-0.874256  0.604264   -0.43478   0.0160122 
-0.818663  0.521376   -0.337945  0.0323286 
-0.818663  0.521376   -0.337945  0.00838994
-0.882711  0.605875   -0.421972  0.011209  
-0.882711  0.605875   -0.421972  0.011666  
-0.891818  0.652459   -0.397815  0.0153573 
-0.891818  0.652459   -0.397815  0.0133366 
-0.834731  0.725108   -0.407022  0.037159  
-0.834731  0.725108   -0.407022  0.0238669 
-0.835955  0.742253   -0.330928  0.00706355
-0.746575  0.653697   -0.437355  0.0152777 
-0.739938  0.736808   -0.390182  0.00895592
-0.644196  0.63959    -0.372029  0.0112976 
-0.644196  0.63959    -0.372029  0.0123667 
-0.644196  0.63959    -0.372029  0.011812  
-0.644196  0.63959    -0.372029  0.00901402
-0.710429  0.568869   -0.402162  0.0092646 
-0.710429  0.568869   -0.402162  0.0124966 
-0.793918  0.541869   -0.381278  0.0150568 
-0.716194  0.524931   -0.36459   0.0150209 
-0.716194  0.524931   -0.36459   0.032599  
-0.716194  0.524931   -0.36459   0.0268876 
-0.716194  0.524931   -0.36459   0.0108681 
-0.76793   0.549339   -0.409913  0.00727539
-0.73899   0.594959   -0.419366  0.0137946 
-0.73899   0.594959   -0.419366  0.0145108 
-0.73899   0.594959   -0.419366  0.0160964 
-0.73899   0.594959   -0.419366  0.0101228 
-0.73899   0.594959   -0.419366  0.00829574
-0.803778  0.573938   -0.431011  0.00751742
-0.79693   0.587061   -0.463005  0.00746203
-0.79693   0.587061   -0.463005  0.0104005 
-0.868677  0.559661   -0.403565  0.0083065 
-0.82311   0.611969   -0.441945  0.0096917 
-0.80484   0.610495   -0.437655  0.0104454 
-0.883552  0.607314   -0.415093  0.0207969 
-0.932754  0.676366   -0.318829  0.00831122
-0.869744  0.585784   -0.425839  0.0135377 
-0.869744  0.585784   -0.425839  0.0180611 
-0.869744  0.585784   -0.425839  0.0157142 
-0.869744  0.585784   -0.425839  0.0210815 
-0.869744  0.585784   -0.425839  0.00738084
-0.784013  0.58409    -0.43355   0.009199  
-0.784013  0.58409    -0.43355   0.00774375
-0.726718  0.630515   -0.425883  0.0103414 
-0.662982  0.685882   -0.377227  0.0166847 
-0.662982  0.685882   -0.377227  0.0150222 
-0.662982  0.685882   -0.377227  0.00981498
-0.662982  0.685882   -0.377227  0.0128277 
-0.674442  0.677709   -0.376516  0.0102312 
-0.674442  0.677709   -0.376516  0.01192   
-0.674442  0.677709   -0.376516  0.0142229 
-0.674442  0.677709   -0.376516  0.0111327 
-0.674442  0.677709   -0.376516  0.00597488
-0.727427  0.614224   -0.422455  0.0138465 
-0.7859    0.532784   -0.388232  0.0104653 
-0.825833  0.581301   -0.43753   0.008491  
-0.891719  0.619846   -0.423927  0.0195939 
-0.891719  0.619846   -0.423927  0.00880895
-0.82036   0.572566   -0.432354  0.0178364 
-0.82036   0.572566   -0.432354  0.00876115
-0.768685  0.576474   -0.444245  0.00742725
-0.793741  0.586413   -0.435293  0.0184542 
-0.793741  0.586413   -0.435293  0.00685313
-0.748855  0.595744   -0.429884  0.0173221 
-0.748855  0.595744   -0.429884  0.00806818
-0.822612  0.629246   -0.439106  0.00877319
-0.806584  0.65714    -0.445926  0.00783086
-0.850333  0.609456   -0.4467    0.0125601 
-0.850333  0.609456   -0.4467    0.0315567 
-0.850333  0.609456   -0.4467    0.00925478
-0.8965    0.580178   -0.400976  0.00817014
-0.806996  0.660346   -0.436582  0.0123995 
-0.828389  0.675908   -0.424484  0.00568626
-0.770738  0.618921   -0.45141   0.00815132
-0.769604  0.67615    -0.425445  0.00836856
-0.718639  0.670883   -0.404918  0.0151341 
-0.77612   0.703322   -0.389233  0.0163345 
-0.77612   0.703322   -0.389233  0.0134995 
-0.775974  0.698895   -0.395754  0.0169765 
-0.775974  0.698895   -0.395754  0.00698809
-0.695427  0.655377   -0.402695  0.00995618
-0.695427  0.655377   -0.402695  0.0113255 
-0.777745  0.645444   -0.422861  0.0138733 
-0.865751  0.668109   -0.393038  0.00866667
-0.838359  0.627791   -0.436844  0.0122522 
-0.838359  0.627791   -0.436844  0.0149848 
-0.838359  0.627791   -0.436844  0.0130734 
-0.838359  0.627791   -0.436844  0.0106639 
-0.841088  0.674839   -0.422687  0.0115584 
-0.809446  0.722621   -0.415197  0.0143319 
-0.809446  0.722621   -0.415197  0.00841707
-0.842809  0.64824    -0.454501  0.00686802
-0.826221  0.619408   -0.447674  0.00966922
-0.732067  0.560773   -0.382578  0.00758342
-0.774819  0.58064    -0.42477   0.00806282
-0.774819  0.58064    -0.42477   0.0215804 
-0.774819  0.58064    -0.42477   0.0110442 
-0.860669  0.66299    -0.432231  0.0125188 
-0.860669  0.66299    -0.432231  0.0207672 
-0.860669  0.66299    -0.432231  0.0220065 
-0.863295  0.742568   -0.331778  0.0130849 
-0.878871  0.666131   -0.407997  0.01313   
-0.799294  0.687408   -0.413412  0.00714613
-0.800873  0.588552   -0.440779  0.0211567 
-0.800873  0.588552   -0.440779  0.010909  
-0.800873  0.588552   -0.440779  0.00661563
-0.770541  0.594754   -0.438684  0.00924979
-0.770541  0.594754   -0.438684  0.0077577 
-0.733676  0.632285   -0.413055  0.0098362 
-0.733676  0.632285   -0.413055  0.0130151 
-0.806758  0.673252   -0.412984  0.00941552
-0.883553  0.591802   -0.405625  0.00756982
-0.868023  0.629971   -0.437609  0.0282759 
-0.868023  0.629971   -0.437609  0.0100771 
-0.775693  0.681891   -0.420639  0.0132492 
-0.794615  0.681725   -0.414526  0.0200341 
-0.794615  0.681725   -0.414526  0.0146639 
-0.833682  0.689318   -0.407787  0.00863564
-0.840067  0.634875   -0.436557  0.0149125 
-0.840067  0.634875   -0.436557  0.0106416 
-0.840067  0.634875   -0.436557  0.016637  
-0.840067  0.634875   -0.436557  0.0124928 
-0.840067  0.634875   -0.436557  0.0189676 
-0.840067  0.634875   -0.436557  0.0110228 
-0.840067  0.634875   -0.436557  0.00901371
-0.922359  0.613408   -0.40863   0.0238287 
-0.922359  0.613408   -0.40863   0.0141568 
-0.922359  0.613408   -0.40863   0.0141382 
-0.922359  0.613408   -0.40863   0.0168612 
-0.922359  0.613408   -0.40863   0.0110825 
-0.866145  0.559449   -0.404441  0.0141331 
-0.866145  0.559449   -0.404441  0.0123697 
-0.931532  0.560482   -0.332901  0.0200846 
-0.931532  0.560482   -0.332901  0.0159701 
-0.931532  0.560482   -0.332901  0.0266748 
-0.931532  0.560482   -0.332901  0.00967876
-0.844309  0.564277   -0.396037  0.0104472 
-0.839967  0.568997   -0.428397  0.0123267 
-0.868831  0.553435   -0.369399  0.0229622 
-0.868831  0.553435   -0.369399  0.0186857 
-0.868831  0.553435   -0.369399  0.012759  
-0.868831  0.553435   -0.369399  0.0224303 
-0.868831  0.553435   -0.369399  0.0180906 
-0.868831  0.553435   -0.369399  0.010361  
-0.788238  0.55822    -0.417361  0.00964427
-0.829403  0.587548   -0.434453  0.0144628 
-0.829403  0.587548   -0.434453  0.010944  
-0.829403  0.587548   -0.434453  0.00795581
-0.789329  0.578105   -0.414637  0.0166056 
-0.789329  0.578105   -0.414637  0.00766134
-0.837789  0.612499   -0.43853   0.00980236
-0.902613  0.668581   -0.42388   0.0134916 
-0.841785  0.654105   -0.417852  0.00871209
-0.789748  0.600932   -0.444517  0.0184966 
-0.789748  0.600932   -0.444517  0.00642086
-0.801847  0.652826   -0.439143  0.0125739 
-0.794851  0.676169   -0.428124  0.0121938 
-0.871982  0.639204   -0.410569  0.0148632 
-0.871982  0.639204   -0.410569  0.0172552 
-0.871982  0.639204   -0.410569  0.00822451
-0.787263  0.580073   -0.443792  0.00860975
-0.787263  0.580073   -0.443792  0.00848097
-0.787263  0.580073   -0.443792  0.0105015 
-0.847215  0.651361   -0.418596  0.0104032 
-0.847215  0.651361   -0.418596  0.0102078 
-0.761736  0.670844   -0.429608  0.0198584 
-0.761736  0.670844   -0.429608  0.0178769 
-0.761736  0.670844   -0.429608  0.00757724
-0.750783  0.62732    -0.440739  0.0111395 
-0.750783  0.62732    -0.440739  0.00864568
-0.845299  0.612757   -0.431728  0.0114184 
-0.756436  0.668046   -0.418339  0.00844062
-0.663695  0.590798   -0.370795  0.00907845
-0.660711  0.676621   -0.385613  0.0192415 
-0.660711  0.676621   -0.385613  0.0123337 
-0.660711  0.676621   -0.385613  0.0114829 
-0.660711  0.676621   -0.385613  0.00953346
-0.660711  0.676621   -0.385613  0.00950483
-0.642119  0.693213   -0.362433  0.00796011
-0.72054   0.69289    -0.417702  0.015117  
-0.777852  0.720314   -0.391135  0.0379645 
-0.777852  0.720314   -0.391135  0.0299267 
-0.777852  0.720314   -0.391135  0.00836231
-0.722479  0.656733   -0.424236  0.0100438 
-0.663304  0.718131   -0.378435  0.00943745
-0.667092  0.718569   -0.384158  0.0190421 
-0.657194  0.814636   -0.319676  0.0167247 
-0.700985  0.799757   -0.341583  0.0148279 
-0.686412  0.749391   -0.339376  0.0127721 
-0.686412  0.749391   -0.339376  0.0138096 
-0.597104  0.766141   -0.319752  0.024792  
-0.597104  0.766141   -0.319752  0.0110653 
-0.618167  0.690119   -0.348434  0.0129932 
-0.618167  0.690119   -0.348434  0.0243177 
-0.618167  0.690119   -0.348434  0.00933185
-0.617428  0.619861   -0.332052  0.0142181 
-0.679314  0.707782   -0.356727  0.0122309 
-0.679314  0.707782   -0.356727  0.0113212 
-0.582298  0.651389   -0.309469  0.0108997 
-0.619654  0.698457   -0.321696  0.0136781 
-0.528743  0.775079   -0.27988   0.0159535 
-0.528743  0.775079   -0.27988   0.0142246 
-0.502914  0.709771   -0.255461  0.0131349 
-0.516399  0.705793   -0.256555  0.0123021 
-0.550846  0.730643   -0.301551  0.0110232 
-0.596153  0.666364   -0.336223  0.0110625 
-0.596153  0.666364   -0.336223  0.0109787 
-0.578767  0.629359   -0.303524  0.00901232
-0.633341  0.650128   -0.355441  0.00960089
-0.633341  0.650128   -0.355441  0.0112682 
-0.636197  0.703186   -0.359146  0.0118123 
-0.636197  0.703186   -0.359146  0.00773864
-0.672319  0.639036   -0.386937  0.0104089 
-0.672319  0.639036   -0.386937  0.0147468 
-0.746547  0.70478    -0.376527  0.00950871
-0.805479  0.649443   -0.423717  0.0134103 
-0.789809  0.679056   -0.407117  0.0139102 
-0.70086   0.768948   -0.376593  0.0169446 
-0.771508  0.748774   -0.37216   0.0186751 
-0.771508  0.748774   -0.37216   0.0193299 
-0.754393  0.760499   -0.35695   0.00896138
-0.707582  0.669964   -0.407412  0.00981162
-0.628381  0.644892   -0.358244  0.00978077
-0.628737  0.695693   -0.373248  0.00910991
-0.640942  0.621829   -0.358081  0.00672878
-0.713922  0.646497   -0.427025  0.00895704
-0.754847  0.664811   -0.419001  0.00778845
-0.754847  0.664811   -0.419001  0.0158082 
-0.78992   0.734227   -0.384622  0.0152472 
-0.842955  0.650145   -0.413005  0.0242242 
-0.842955  0.650145   -0.413005  0.014472  
-0.882619  0.653935   -0.412436  0.0158424 
-0.882619  0.653935   -0.412436  0.0107941 
-0.82926   0.649673   -0.419476  0.0251623 
-0.859701  0.707322   -0.358039  0.00997909
-0.795645  0.70287    -0.428676  0.028722  
-0.795645  0.70287    -0.428676  0.00692854
-0.695868  0.650957   -0.414013  0.0222592 
-0.695868  0.650957   -0.414013  0.0104819 
-0.695868  0.650957   -0.414013  0.0119471 
-0.695868  0.650957   -0.414013  0.00814768
-0.665377  0.649698   -0.391734  0.00953828
-0.698646  0.563662   -0.376391  0.0185902 
-0.755742  0.501143   -0.291937  0.0285073 
-0.755742  0.501143   -0.291937  0.013162  
-0.696393  0.5361     -0.394138  0.0205602 
-0.696393  0.5361     -0.394138  0.009712  
-0.783854  0.564692   -0.40674   0.0161003 
-0.767661  0.515089   -0.367222  0.0128123 
-0.670079  0.536487   -0.340424  0.0106553 
-0.670079  0.536487   -0.340424  0.0312208 
-0.670079  0.536487   -0.340424  0.0199931 
-0.670079  0.536487   -0.340424  0.0175925 
-0.670079  0.536487   -0.340424  0.015003  
-0.607259  0.515704   -0.25826   0.00749106
-0.696281  0.601578   -0.407645  0.0139651 
-0.790269  0.534487   -0.398189  0.0061999 
-0.748109  0.617843   -0.435686  0.0149005 
-0.794065  0.526136   -0.380136  0.0237313 
-0.794065  0.526136   -0.380136  0.00762838
-0.696273  0.622586   -0.405637  0.0118836 
-0.714906  0.539939   -0.35006   0.0138882 
-0.727925  0.527108   -0.350085  0.037175  
-0.727925  0.527108   -0.350085  0.0257597 
-0.727925  0.527108   -0.350085  0.0330242 
-0.727925  0.527108   -0.350085  0.0275792 
-0.727925  0.527108   -0.350085  0.012069  
-0.779063  0.54264    -0.403748  0.00729262
-0.703563  0.639069   -0.40382   0.0112728 
-0.703563  0.639069   -0.40382   0.00667362
-0.700847  0.648517   -0.418679  0.0119691 
-0.700847  0.648517   -0.418679  0.0168019 
-0.760874  0.700219   -0.398115  0.00754218
-0.732367  0.657662   -0.422561  0.0249058 
-0.732367  0.657662   -0.422561  0.00889291
-0.750126  0.572432   -0.424597  0.0130964 
-0.680854  0.539967   -0.390003  0.0119418 
-0.584344  0.580593   -0.294305  0.0117613 
-0.576594  0.619958   -0.319606  0.0147591 
-0.576594  0.619958   -0.319606  0.0118681 
-0.576594  0.619958   -0.319606  0.0110943 
-0.589113  0.636217   -0.316351  0.00883366
-0.653314  0.641929   -0.376345  0.0160701 
-0.672095  0.736954   -0.359637  0.0101826 
-0.706316  0.693857   -0.414284  0.00977027
-0.706316  0.693857   -0.414284  0.0120851 
-0.790666  0.697661   -0.413045  0.00627339
-0.802351  0.635774   -0.453249  0.0112564 
-0.733973  0.674848   -0.402976  0.0105501 
-0.733973  0.674848   -0.402976  0.00705829
-0.694586  0.637753   -0.402134  0.0111799 
-0.694586  0.637753   -0.402134  0.011312  
-0.732026  0.702469   -0.407011  0.00582874
-0.762236  0.613152   -0.430927  0.0151618 
-0.696537  0.689003   -0.375966  0.0173074 
-0.758061  0.740534   -0.374016  0.0171513 
-0.851188  0.724859   -0.365721  0.020901  
-0.833744  0.732513   -0.341224  0.0141317 
-0.814736  0.724263   -0.404937  0.0364316 
-0.814736  0.724263   -0.404937  0.0125392 
-0.717669  0.748821   -0.385349  0.0149453 
-0.717669  0.748821   -0.385349  0.021505  
-0.717669  0.748821   -0.385349  0.0298362 
-0.814551  0.75928    -0.296285  0.0342841 
-0.814551  0.75928    -0.296285  0.0147458 
-0.776858  0.750032   -0.395638  0.0191588 
-0.776858  0.750032   -0.395638  0.0163529 
-0.733613  0.699373   -0.389569  0.0107011 
-0.794022  0.66932    -0.433682  0.0194146 
-0.794022  0.66932    -0.433682  0.00701625
-0.782777  0.632504   -0.439385  0.0111469 
-0.782777  0.632504   -0.439385  0.00996556
-0.782777  0.632504   -0.439385  0.00653551
-0.715919  0.632689   -0.42193   0.0104415 
-0.800304  0.556339   -0.410832  0.0104511 
-0.865838  0.561396   -0.409059  0.00744389
-0.841507  0.598441   -0.448512  0.00844084
-0.841507  0.598441   -0.448512  0.00785334
-0.877157  0.596956   -0.422754  0.0211811 
-0.956062  0.67819    -0.299433  0.0308626 
-0.956062  0.67819    -0.299433  0.0231342 
-0.939835  0.706317   -0.293721  0.0148243 
-0.840714  0.701177   -0.380581  0.00659534
-0.749726  0.611559   -0.437361  0.00985762
-0.749726  0.611559   -0.437361  0.0137376 
-0.749726  0.611559   -0.437361  0.0101054 
-0.749783  0.557089   -0.404833  0.00682912
-0.754381  0.595709   -0.434173  0.0103514 
-0.655107  0.56356    -0.358529  0.0102338 
-0.655107  0.56356    -0.358529  0.0129537 
-0.655107  0.56356    -0.358529  0.00901698
-0.666538  0.58742    -0.389956  0.00999843
-0.719769  0.56155    -0.396577  0.0155595 
-0.719769  0.56155    -0.396577  0.0186071 
-0.719769  0.56155    -0.396577  0.0181626 
-0.719769  0.56155    -0.396577  0.0158824 
-0.719769  0.56155    -0.396577  0.0089461 
-0.73387   0.573892   -0.40414   0.0216955 
-0.753257  0.488852   -0.291863  0.00976167
-0.816623  0.560915   -0.409891  0.00870714
-0.865584  0.59026    -0.413042  0.0071792 
-0.793307  0.652137   -0.438245  0.0250991 
-0.793307  0.652137   -0.438245  0.00697198
-0.828549  0.597994   -0.440398  0.0187901 
-0.828549  0.597994   -0.440398  0.0154036 
-0.729778  0.517174   -0.350054  0.00954289
-0.826716  0.569454   -0.420237  0.0172004 
-0.826716  0.569454   -0.420237  0.00854121
-0.829159  0.66477    -0.422806  0.00715346
-0.756968  0.602578   -0.435127  0.0103289 
-0.756968  0.602578   -0.435127  0.0101753 
-0.778769  0.670374   -0.409992  0.00703919
-0.699889  0.608961   -0.409758  0.0115258 
-0.699889  0.608961   -0.409758  0.00676233
-0.721199  0.607519   -0.416978  0.011035  
-0.730579  0.553083   -0.410119  0.00736562
-0.702886  0.652992   -0.41058   0.0119529 
-0.702886  0.652992   -0.41058   0.00637581
-0.710758  0.626225   -0.414316  0.010478  
-0.710758  0.626225   -0.414316  0.0111769 
-0.808099  0.551759   -0.39555   0.0161804 
-0.85992   0.517651   -0.307234  0.0162548 
-0.85992   0.517651   -0.307234  0.0139349 
-0.90595   0.533706   -0.326482  0.0130273 
-0.90595   0.533706   -0.326482  0.0202025 
-0.90595   0.533706   -0.326482  0.0231242 
-0.90595   0.533706   -0.326482  0.0137697 
-0.905683  0.539178   -0.347961  0.0106579 
-0.916752  0.617658   -0.387359  0.0144614 
-0.916752  0.617658   -0.387359  0.00836237
-0.854136  0.597992   -0.437192  0.0186584 
-0.854136  0.597992   -0.437192  0.0229856 
-0.924667  0.690973   -0.305744  0.0200493 
-0.871138  0.713835   -0.37343   0.0143418 
-0.940898  0.658645   -0.362051  0.0128815 
-1.00841   0.589986   -0.268201  0.0344181 
-1.00841   0.589986   -0.268201  0.026226  
-1.0281    0.67197    -0.220242  0.0309519 
-1.0281    0.67197    -0.220242  0.0171322 
-0.951398  0.648756   -0.329018  0.0153053 
-0.951398  0.648756   -0.329018  0.0114239 
-0.980816  0.561532   -0.293059  0.018824  
-0.980816  0.561532   -0.293059  0.0179624 
-0.980816  0.561532   -0.293059  0.00985654
-0.9264    0.597457   -0.370935  0.0173353 
-0.867164  0.512326   -0.306433  0.0102762 
-0.959083  0.577643   -0.351354  0.0202107 
-0.959083  0.577643   -0.351354  0.0159468 
-0.959083  0.577643   -0.351354  0.0142807 
-0.959083  0.577643   -0.351354  0.01138   
-0.922771  0.648328   -0.397558  0.015878  
-0.922771  0.648328   -0.397558  0.0218902 
-0.922771  0.648328   -0.397558  0.0222555 
-0.922771  0.648328   -0.397558  0.025837  
-0.922771  0.648328   -0.397558  0.024666  
-0.922771  0.648328   -0.397558  0.0182484 
-0.922771  0.648328   -0.397558  0.0307073 
-0.922771  0.648328   -0.397558  0.0104115 
-0.94192   0.597545   -0.37158   0.0105554 
-0.892252  0.606461   -0.40834   0.0168529 
-0.892252  0.606461   -0.40834   0.0083289 
-0.810665  0.581116   -0.418867  0.0181986 
-0.810665  0.581116   -0.418867  0.0066482 
-0.761109  0.621516   -0.442025  0.0238606 
-0.827748  0.692266   -0.384784  0.0170826 
-0.827748  0.692266   -0.384784  0.00869564
-0.781038  0.667593   -0.426232  0.0184479 
-0.788311  0.684032   -0.404862  0.00723817
-0.753918  0.664391   -0.436901  0.00701599
-0.764939  0.593471   -0.441104  0.0111522 
-0.77738   0.663189   -0.410423  0.0260092 
-0.77738   0.663189   -0.410423  0.014288  
-0.77705   0.713923   -0.399622  0.0273869 
-0.77705   0.713923   -0.399622  0.0116584 
-0.690175  0.755949   -0.379319  0.0148178 
-0.636499  0.710697   -0.354514  0.00870283
-0.687366  0.669477   -0.39578   0.0105384 
-0.672695  0.725568   -0.40386   0.0133521 
-0.696207  0.753842   -0.361351  0.0136062 
-0.752139  0.770031   -0.373776  0.0125944 
-0.691516  0.730151   -0.370978  0.0145877 
-0.691516  0.730151   -0.370978  0.0122394 
-0.759399  0.699008   -0.395285  0.00942726
-0.835742  0.664583   -0.421307  0.0140071 
-0.793839  0.682339   -0.424492  0.0102448 
-0.869927  0.617227   -0.425148  0.00659264
-0.790462  0.619712   -0.444825  0.00856171
-0.790462  0.619712   -0.444825  0.00807813
-0.887866  0.594888   -0.408294  0.01001   
-0.814266  0.564779   -0.417689  0.0258866 
-0.814266  0.564779   -0.417689  0.013939  
-0.849052  0.661595   -0.42538   0.0185183 
-0.787554  0.699122   -0.389663  0.008865  
-0.794795  0.673858   -0.434693  0.0117179 
-0.794795  0.673858   -0.434693  0.00909255
-0.863304  0.584188   -0.426699  0.00919134
-0.810109  0.56809    -0.430043  0.0260578 
-0.810109  0.56809    -0.430043  0.0238798 
-0.79937   0.479755   -0.221722  0.00853896
-0.711176  0.576859   -0.395078  0.0204803 
-0.711176  0.576859   -0.395078  0.00668508
-0.714941  0.605118   -0.416687  0.00851518
-0.774206  0.652684   -0.42615   0.00757137
-0.731638  0.584397   -0.41477   0.00978664
-0.741406  0.656496   -0.42504   0.0175069 
-0.741406  0.656496   -0.42504   0.00895856
-0.672645  0.604841   -0.384109  0.0104564 
-0.663384  0.702124   -0.375355  0.0125358 
-0.647023  0.772906   -0.346336  0.0191691 
-0.680394  0.766986   -0.326205  0.0153322 
-0.621845  0.80398    -0.339471  0.0240077 
-0.645737  0.861238   -0.26261   0.0192675 
-0.674151  0.848458   -0.301811  0.0284348 
-0.700922  0.876446   -0.248301  0.0275029 
-0.625697  0.883669   -0.284428  0.02355   
-0.710705  0.824264   -0.291845  0.0331021 
-0.66564   0.91072    -0.242481  0.0174809 
-0.615214  0.845855   -0.300911  0.0231662 
-0.652748  0.782017   -0.340562  0.0171477 
-0.725864  0.727925   -0.380486  0.0205437 
-0.725864  0.727925   -0.380486  0.038971  
-0.725864  0.727925   -0.380486  0.00931345
-0.737672  0.695167   -0.402584  0.0143131 
-0.737672  0.695167   -0.402584  0.0191788 
-0.769638  0.73266    -0.338528  0.0405887 
-0.769638  0.73266    -0.338528  0.014303  
-0.839128  0.686011   -0.40568   0.0139039 
-0.839128  0.686011   -0.40568   0.0162247 
-0.864236  0.66696    -0.382459  0.0119256 
-0.865345  0.670512   -0.403618  0.0139743 
-0.786761  0.704552   -0.402354  0.0232941 
-0.786761  0.704552   -0.402354  0.0316361 
-0.786761  0.704552   -0.402354  0.0227922 
-0.786761  0.704552   -0.402354  0.017738  
-0.786761  0.704552   -0.402354  0.00958966
-0.813881  0.661785   -0.42411   0.00935363
-0.791014  0.567532   -0.41714   0.00862105
-0.79574   0.640451   -0.445788  0.00870376
-0.79574   0.640451   -0.445788  0.00833676
-0.78842   0.633318   -0.438956  0.0176109 
-0.878205  0.632512   -0.413916  0.020621  
-0.878205  0.632512   -0.413916  0.0185599 
-0.886065  0.694252   -0.364547  0.00619177
-0.807871  0.608257   -0.443327  0.00585981
-0.744865  0.633828   -0.436246  0.00929464
-0.800974  0.631665   -0.438456  0.00886401
-0.776546  0.659348   -0.442387  0.0108803 
-0.776546  0.659348   -0.442387  0.010693  
-0.776546  0.659348   -0.442387  0.00862171
-0.776546  0.659348   -0.442387  0.0197486 
-0.776546  0.659348   -0.442387  0.00885617
-0.858558  0.583784   -0.420102  0.0153399 
-0.858558  0.583784   -0.420102  0.0145724 
-0.829049  0.678666   -0.416824  0.00639658
-0.752467  0.612406   -0.441899  0.0106439 
-0.752467  0.612406   -0.441899  0.00633675
-0.771748  0.638212   -0.435146  0.0111375 
-0.732296  0.681291   -0.407596  0.0148606 
-0.770794  0.700692   -0.400138  0.0098201 
-0.767187  0.712059   -0.410399  0.0192816 
-0.859869  0.732823   -0.360201  0.0178709 
-0.835908  0.701331   -0.371864  0.00944368
-0.829058  0.625149   -0.429352  0.0102801 
-0.829058  0.625149   -0.429352  0.0104965 
-0.829058  0.625149   -0.429352  0.0173579 
-0.915151  0.675096   -0.355865  0.0235935 
-0.875937  0.736712   -0.32057   0.0165799 
-0.905902  0.669437   -0.368029  0.00997677
-0.882142  0.603136   -0.407773  0.0114779 
-0.882142  0.603136   -0.407773  0.00595233
-0.820107  0.623443   -0.445655  0.00545289
-0.772745  0.630485   -0.437733  0.00794729
-0.690313  0.597131   -0.400156  0.0107399 
-0.690313  0.597131   -0.400156  0.0143615 
-0.682583  0.524588   -0.33251   0.00615362
-0.749265  0.60579    -0.433291  0.00820616
-0.796526  0.629979   -0.434211  0.0125371 
-0.796526  0.629979   -0.434211  0.00723996
-0.75128   0.603168   -0.42547   0.0100941 
-0.686772  0.562536   -0.381124  0.0104716 
-0.686772  0.562536   -0.381124  0.014996  
-0.642585  0.514102   -0.289123  0.0330232 
-0.642585  0.514102   -0.289123  0.00954032
-0.72322   0.564187   -0.392205  0.00840227
-0.660919  0.613298   -0.377169  0.00829868
-0.655083  0.669088   -0.375251  0.0123527 
-0.655083  0.669088   -0.375251  0.00847924
-0.648078  0.608089   -0.360179  0.0137593 
-0.648078  0.608089   -0.360179  0.0071575 
-0.714106  0.647212   -0.426707  0.010418  
-0.620284  0.581594   -0.319695  0.0152037 
-0.620284  0.581594   -0.319695  0.0128202 
-0.620284  0.581594   -0.319695  0.014746  
-0.632345  0.510844   -0.266691  0.0138771 
-0.572953  0.550333   -0.265616  0.0182839 
-0.572953  0.550333   -0.265616  0.0166425 
-0.655984  0.509763   -0.277086  0.00917753
-0.656206  0.586354   -0.377158  0.00972359
-0.626181  0.666472   -0.362827  0.00981196
-0.626181  0.666472   -0.362827  0.00996352
-0.633772  0.639718   -0.363921  0.00706069
-0.718812  0.608698   -0.431443  0.00909801
-0.718812  0.608698   -0.431443  0.0125372 
-0.6793    0.668836   -0.393456  0.00835241
-0.761023  0.583873   -0.433331  0.00649027
-0.735543  0.603054   -0.418712  0.0106581 
-0.726233  0.680481   -0.398456  0.00777294
-0.760837  0.591368   -0.427004  0.00880481
-0.792884  0.571932   -0.433096  0.0210942 
-0.792884  0.571932   -0.433096  0.00990031
-0.76278   0.562985   -0.416298  0.0254097 
-0.76278   0.562985   -0.416298  0.0259138 
-0.76278   0.562985   -0.416298  0.00947157
-0.76278   0.562985   -0.416298  0.0107389 
-0.84846   0.551312   -0.384341  0.0112038 
-0.786635  0.550644   -0.406842  0.00915764
-0.838122  0.572922   -0.405878  0.013035  
-0.904511  0.640577   -0.40015   0.00640488
-0.85138   0.638356   -0.449661  0.00668574
-0.804422  0.649984   -0.441064  0.00693452
-0.848715  0.608562   -0.440598  0.00948509
-0.810819  0.563095   -0.422998  0.0100397 
-0.79771   0.561053   -0.407554  0.0133512 
-0.79771   0.561053   -0.407554  0.00663867
-0.829735  0.645884   -0.449523  0.00568023
-0.773139  0.615691   -0.442193  0.0104264 
-0.773139  0.615691   -0.442193  0.0133717 
-0.773139  0.615691   -0.442193  0.0162208 
-0.771784  0.519403   -0.353882  0.0273948 
-0.771784  0.519403   -0.353882  0.0150078 
-0.808696  0.522634   -0.328417  0.00926206
-0.897154  0.56903    -0.373244  0.00701285
-0.841979  0.598995   -0.443841  0.00777289
-0.745698  0.583109   -0.424957  0.0071542 
-0.765178  0.601793   -0.444835  0.0165835 
-0.765178  0.601793   -0.444835  0.00764695
-0.753675  0.623441   -0.434145  0.00879316
-0.753675  0.623441   -0.434145  0.0168131 
-0.846813  0.690059   -0.411643  0.0107438 
-0.898368  0.630117   -0.419484  0.01038   
-0.840575  0.64684    -0.423764  0.00803508
-0.835234  0.629592   -0.443086  0.0135102 
-0.840164  0.670532   -0.409342  0.0117047 
-0.820565  0.655415   -0.434652  0.0180096 
-0.820565  0.655415   -0.434652  0.00713326
-0.796706  0.648428   -0.454299  0.00995322
-0.796706  0.648428   -0.454299  0.00827228
-0.808034  0.620079   -0.436614  0.017784  
-0.808034  0.620079   -0.436614  0.00675716
-0.798704  0.589588   -0.429833  0.0107404 
-0.804949  0.66553    -0.428212  0.00661549
-0.804949  0.66553    -0.428212  0.00721823
-0.761555  0.65332    -0.439127  0.00867952
-0.790817  0.57462    -0.441155  0.0140849 
-0.790817  0.57462    -0.441155  0.016416  
-0.790817  0.57462    -0.441155  0.0125632 
-0.817769  0.541689   -0.368868  0.0185586 
-0.817769  0.541689   -0.368868  0.0112482 
-0.911514  0.598341   -0.390065  0.0101899 
-0.868282  0.57895    -0.412041  0.0143373 
-0.868282  0.57895    -0.412041  0.0183483 
-0.868282  0.57895    -0.412041  0.00807733
-0.8155    0.588399   -0.438046  0.0124358 
-0.8155    0.588399   -0.438046  0.0102984 
-0.8155    0.588399   -0.438046  0.0177636 
-0.84704   0.512052   -0.311043  0.0308754 
-0.84704   0.512052   -0.311043  0.0134044 
-0.888996  0.535756   -0.346495  0.012074  
-0.888996  0.535756   -0.346495  0.0213731 
-0.888996  0.535756   -0.346495  0.0162312 
-0.888576  0.52047    -0.323186  0.0330284 
-0.888576  0.52047    -0.323186  0.0134805 
-0.918481  0.542942   -0.330929  0.00623857
-0.823121  0.609383   -0.448916  0.00974831
-0.869955  0.616936   -0.414919  0.00859902
-0.785759  0.578868   -0.434474  0.00862021
-0.75754   0.574862   -0.418893  0.0112831 
-0.75754   0.574862   -0.418893  0.00686654
-0.728048  0.59798    -0.416593  0.00984903
-0.826066  0.632754   -0.428711  0.0194579 
-0.921073  0.667324   -0.390779  0.0124134 
-0.961425  0.575776   -0.342592  0.0112318 
-0.870801  0.554951   -0.384778  0.0178391 
-0.870801  0.554951   -0.384778  0.0195271 
-0.870801  0.554951   -0.384778  0.0105094 
-0.891423  0.595238   -0.405431  0.0166413 
-0.891423  0.595238   -0.405431  0.00721895
-0.794936  0.594029   -0.435542  0.0115324 
-0.848963  0.638576   -0.426643  0.016541  
-0.766508  0.719219   -0.367388  0.00805751
-0.668052  0.629238   -0.392761  0.0112336 
-0.766506  0.546554   -0.39326   0.0134624 
-0.766506  0.546554   -0.39326   0.0273468 
-0.766506  0.546554   -0.39326   0.0277809 
-0.695791  0.459357   -0.160113  0.0117503 
-0.680936  0.551175   -0.392921  0.0113363 
-0.662309  0.5482     -0.333174  0.00941477
-0.6203    0.613462   -0.329545  0.00996393
-0.607222  0.643831   -0.329064  0.0120449 
-0.607222  0.643831   -0.329064  0.0107498 
-0.596457  0.681273   -0.321707  0.0100494 
-0.614866  0.64438    -0.336878  0.0103095 
-0.599201  0.653224   -0.329475  0.013108  
-0.599201  0.653224   -0.329475  0.0138727 
-0.599201  0.653224   -0.329475  0.0102048 
-0.614745  0.675317   -0.344988  0.00922   
-0.65052   0.593323   -0.3534    0.00956121
-0.648943  0.579565   -0.353774  0.0105503 
-0.647138  0.552534   -0.332092  0.0174572 
-0.674731  0.50489    -0.306176  0.018025  
-0.674731  0.50489    -0.306176  0.0162095 
-0.661162  0.513937   -0.321487  0.015662  
-0.661162  0.513937   -0.321487  0.0244035 
-0.661162  0.513937   -0.321487  0.0202515 
-0.724532  0.488664   -0.263775  0.0399849 
-0.724532  0.488664   -0.263775  0.00848519
-0.684362  0.575874   -0.383857  0.0216213 
-0.684362  0.575874   -0.383857  0.00865699
-0.663502  0.62708    -0.369988  0.0106847 
-0.663502  0.62708    -0.369988  0.0113684 
-0.698447  0.552957   -0.40052   0.0104594 
-0.698447  0.552957   -0.40052   0.0058624 
-0.738022  0.630725   -0.436414  0.00842013
-0.825175  0.580147   -0.443623  0.00957632
-0.805979  0.655949   -0.437014  0.00968853
-0.805979  0.655949   -0.437014  0.00786379
-0.879725  0.587556   -0.417468  0.020862  
-0.879725  0.587556   -0.417468  0.0108302 
-0.800452  0.665249   -0.426957  0.019301  
-0.860113  0.717038   -0.350578  0.0201877 
-0.936291  0.648044   -0.362048  0.00725577
-0.858555  0.592995   -0.423782  0.0100046 
-0.890259  0.606592   -0.43278   0.0119266 
-0.890259  0.606592   -0.43278   0.0161942 
-0.890259  0.606592   -0.43278   0.0115985 
-0.890259  0.606592   -0.43278   0.0115576 
-0.890259  0.606592   -0.43278   0.00947723
-0.853421  0.567896   -0.420211  0.00908851
-0.892095  0.631771   -0.416689  0.0122038 
-0.80699   0.558818   -0.408565  0.0109831 
-0.80699   0.558818   -0.408565  0.00859765
-0.865167  0.6513     -0.432647  0.0546219 
-0.865167  0.6513     -0.432647  0.0317161 
-0.864535  0.742115   -0.296105  0.0124126 
-0.814722  0.676424   -0.422142  0.015472  
-0.913378  0.655429   -0.37656   0.0148043 
-0.920339  0.691923   -0.382965  0.0204749 
-0.931592  0.673332   -0.350884  0.00957692
-0.920909  0.608865   -0.384093  0.0119061 
-0.890309  0.55486    -0.396262  0.00937196
-0.882572  0.621773   -0.432027  0.0115844 
-0.882572  0.621773   -0.432027  0.0102753 
-0.840703  0.561301   -0.396769  0.0121139 
-0.927814  0.54422    -0.332568  0.0108986 
-0.852431  0.55173    -0.376891  0.0230683 
-0.852431  0.55173    -0.376891  0.0162103 
-0.752719  0.515231   -0.349095  0.0355582 
-0.752719  0.515231   -0.349095  0.0105971 
-0.704102  0.552105   -0.368002  0.00735687
-0.700168  0.641529   -0.405977  0.00742612
-0.741989  0.584052   -0.41939   0.00708206
-0.68433   0.644523   -0.399901  0.008155  
-0.713534  0.651301   -0.412554  0.0119728 
-0.713534  0.651301   -0.412554  0.0121555 
-0.703977  0.710732   -0.386131  0.008477  
-0.691552  0.676622   -0.403677  0.00794044
-0.67475   0.621689   -0.386088  0.0119495 
-0.67475   0.621689   -0.386088  0.00856661
-0.669299  0.683303   -0.389216  0.0112798 
-0.669299  0.683303   -0.389216  0.0157403 
-0.71552   0.711254   -0.375889  0.00623222
-0.749643  0.623246   -0.436421  0.0114587 
-0.72534   0.720562   -0.385863  0.0358297 
-0.72534   0.720562   -0.385863  0.014839  
-0.658591  0.704496   -0.366016  0.0125182 
-0.592489  0.71939    -0.317266  0.0145799 
-0.592489  0.71939    -0.317266  0.0127235 
-0.592489  0.71939    -0.317266  0.0125434 
-0.649611  0.73608    -0.361924  0.0168141 
-0.585021  0.810882   -0.316268  0.0200517 
-0.558249  0.856347   -0.299908  0.0456531 
-0.558249  0.856347   -0.299908  0.0218664 
-0.567344  0.956123   -0.257552  0.029498  
-0.517237  1.00448    -0.197646  0.043845  
-0.517237  1.00448    -0.197646  0.0257774 
-0.52148   0.963588   -0.243989  0.0278587 
-0.538486  0.941786   -0.24397   0.040503  
-0.514958  0.951793   -0.172467  0.0248412 
-0.518807  0.914534   -0.287209  0.0395268 
-0.518807  0.914534   -0.287209  0.0335299 
-0.518807  0.914534   -0.287209  0.0352556 
-0.508216  0.943347   -0.19766   0.028896  
-0.6066    0.978642   -0.225052  0.0435421 
-0.647537  0.902336   -0.214305  0.0194271 
-0.547881  0.865676   -0.28286   0.0217175 
-0.527843  0.850259   -0.257994  0.0215878 
-0.56546   0.847442   -0.270374  0.0160132 
-0.529203  0.837521   -0.302019  0.0152608 
-0.504535  0.876269   -0.284006  0.0204683 
-0.539651  0.889921   -0.28926   0.0214742 
-0.539651  0.889921   -0.28926   0.0266388 
-0.539651  0.889921   -0.28926   0.0232606 
-0.532969  0.90559    -0.267845  0.0233796 
-0.552367  0.98717    -0.248952  0.0400062 
-0.552367  0.98717    -0.248952  0.0418956 
-0.560785  1.06913    -0.0857165 0.0441696 
-0.518733  1.05006    -0.0973732 0.0332044 
-0.515075  1.00616    -0.191924  0.0354451 
-0.422974  1.06787    -0.170562  0.0336955 
-0.347847  1.01487    -0.205688  0.0351991 
-0.276978  1.08708    -0.19879   0.0415866 
-0.240226  1.12654    -0.144758  0.0171374 
-0.18359   1.0494     -0.285859  0.0436741 
-0.18359   1.0494     -0.285859  0.0254509 
-0.18359   1.0494     -0.285859  0.01849   
-0.246454  0.986893   -0.269635  0.0379423 
-0.246454  0.986893   -0.269635  0.023517  
-0.186808  1.02896    -0.259186  0.0217654 
-0.264614  0.937865   -0.241221  0.0151273 
-0.335771  0.933868   -0.265807  0.0160342 
-0.328755  0.89765    -0.265094  0.0193367 
-0.403044  0.798293   -0.233471  0.0149593 
-0.48961   0.701027   -0.214696  0.0127919 
-0.52983   0.710849   -0.278248  0.0154767 
-0.52983   0.710849   -0.278248  0.0136165 
-0.607033  0.712173   -0.336622  0.0080584 
-0.661836  0.619375   -0.372719  0.0127992 
-0.661836  0.619375   -0.372719  0.00939796
-0.628647  0.636385   -0.335336  0.0108441 
-0.640932  0.561455   -0.331884  0.0098768 
-0.610609  0.576347   -0.304453  0.0125181 
-0.610609  0.576347   -0.304453  0.0129432 
-0.610609  0.576347   -0.304453  0.0126501 
-0.709282  0.533191   -0.354399  0.00671528
-0.712245  0.62442    -0.426485  0.00773153
-0.723079  0.582122   -0.411663  0.00751332
-0.746628  0.583945   -0.433897  0.00828476
-0.731798  0.578443   -0.417763  0.020893  
-0.731798  0.578443   -0.417763  0.0116517 
-0.731798  0.578443   -0.417763  0.0106596 
-0.779957  0.674727   -0.42484   0.00765919
-0.690666  0.602286   -0.384139  0.0128346 
-0.620721  0.547936   -0.307289  0.0224825 
-0.620721  0.547936   -0.307289  0.0110185 
-0.679341  0.558577   -0.379083  0.00838857
-0.754891  0.580246   -0.411628  0.00859105
-0.717297  0.578435   -0.412193  0.00995876
-0.764176  0.608333   -0.435729  0.0107687 
-0.687502  0.557046   -0.379636  0.0122516 
-0.687502  0.557046   -0.379636  0.0133313 
-0.687502  0.557046   -0.379636  0.0123744 
-0.687502  0.557046   -0.379636  0.0150385 
-0.687502  0.557046   -0.379636  0.0122152 
-0.738699  0.546684   -0.42858   0.00921696
-0.764414  0.56701    -0.427872  0.00687235
-0.718107  0.639765   -0.431107  0.0163339 
-0.70194   0.729429   -0.376083  0.0111827 
-0.67721   0.734018   -0.369279  0.0103309 
-0.651078  0.71314    -0.362576  0.0118228 
-0.651078  0.71314    -0.362576  0.0123245 
-0.651078  0.71314    -0.362576  0.00974933
-0.651078  0.71314    -0.362576  0.00876317
-0.624555  0.630872   -0.337599  0.00837797
-0.663755  0.601038   -0.370468  0.0138727 
-0.703214  0.529071   -0.3408    0.00838911
-0.679352  0.584398   -0.37497   0.0182176 
-0.732928  0.502805   -0.302346  0.0136724 
-0.71104   0.529011   -0.37514   0.00894232
-0.715197  0.574205   -0.408979  0.00819978
-0.658698  0.597939   -0.370166  0.0109656 
-0.658698  0.597939   -0.370166  0.0119912 
-0.658698  0.597939   -0.370166  0.0112379 
-0.698908  0.685931   -0.395493  0.0139479 
-0.776037  0.73644    -0.38574   0.00807464
-0.701724  0.637509   -0.41065   0.00957671
-0.701724  0.637509   -0.41065   0.0094872 
-0.701724  0.637509   -0.41065   0.00823429
-0.666648  0.633953   -0.391029  0.00884853
-0.666648  0.633953   -0.391029  0.0110984 
-0.666648  0.633953   -0.391029  0.0102048 
-0.666648  0.633953   -0.391029  0.0109487 
-0.666648  0.633953   -0.391029  0.00669805
-0.726215  0.646687   -0.418296  0.0145507 
-0.798939  0.708722   -0.391241  0.0348606 
-0.798939  0.708722   -0.391241  0.0105894 
-0.893816  0.628087   -0.399764  0.0263848 
-0.893816  0.628087   -0.399764  0.011958  
-0.892508  0.650708   -0.40455   0.00895768
-0.895627  0.636582   -0.419298  0.0100076 
-0.930635  0.608121   -0.390389  0.0115474 
-0.864193  0.550294   -0.387441  0.0285352 
-0.864193  0.550294   -0.387441  0.00653449
-0.787421  0.614091   -0.436522  0.0133522 
-0.787421  0.614091   -0.436522  0.0137581 
-0.859293  0.5328     -0.34698   0.0133602 
-0.893943  0.533307   -0.329428  0.00907094
-0.925813  0.585796   -0.378461  0.0115474 
-0.925813  0.585796   -0.378461  0.0112328 
-0.995565  0.591842   -0.302697  0.0128664 
-0.995565  0.591842   -0.302697  0.0112631 
-0.995565  0.591842   -0.302697  0.0127056 
-0.995565  0.591842   -0.302697  0.0121106 
-0.995565  0.591842   -0.302697  0.0214765 
-0.995565  0.591842   -0.302697  0.0178282 
-0.995565  0.591842   -0.302697  0.0148559 
-0.995565  0.591842   -0.302697  0.0131737 
-0.995565  0.591842   -0.302697  0.021859  
-0.995565  0.591842   -0.302697  0.0221587 
-0.995565  0.591842   -0.302697  0.0179959 
-0.995565  0.591842   -0.302697  0.0124259 
-0.995565  0.591842   -0.302697  0.0139746 
-0.995565  0.591842   -0.302697  0.0225968 
-1.01994   0.643408   -0.201672  0.0153651 
-1.00903   0.604176   -0.256182  0.0140976 
-1.00903   0.604176   -0.256182  0.013037  
-1.00903   0.604176   -0.256182  0.0135701 
-1.00903   0.604176   -0.256182  0.00897617
-0.916849  0.599542   -0.400127  0.010302  
-0.970101  0.570392   -0.325314  0.01453   
-0.871425  0.662772   -0.428799  0.009772  
-0.865249  0.640241   -0.428451  0.00767904
-0.828436  0.634296   -0.447787  0.0107089 
-0.828436  0.634296   -0.447787  0.0106966 
-0.739342  0.723164   -0.408541  0.0132533 
-0.739342  0.723164   -0.408541  0.0087766 
-0.775429  0.678951   -0.430229  0.00904136
-0.806766  0.655963   -0.443129  0.00734049
-0.782523  0.598681   -0.434867  0.0076675 
-0.701495  0.665746   -0.402903  0.00995333
-0.626577  0.700299   -0.359535  0.015333  
-0.663039  0.758542   -0.348023  0.0281525 
-0.638481  0.856029   -0.272577  0.0180663 
-0.564955  0.871924   -0.302773  0.0238626 
-0.59949   0.849049   -0.283401  0.0138301 
-0.507553  0.772676   -0.28937   0.0152009 
-0.507553  0.772676   -0.28937   0.0147141 
-0.465369  0.734494   -0.230001  0.0141396 
-0.550739  0.796966   -0.310506  0.0138113 
-0.550739  0.796966   -0.310506  0.0209226 
-0.558026  0.853767   -0.289818  0.0177582 
-0.503622  0.854212   -0.28372   0.0231133 
-0.411427  0.945369   -0.246214  0.0186075 
-0.363279  0.907036   -0.26612   0.0156371 
-0.394349  0.929121   -0.299433  0.0307275 
-0.449009  0.99262    -0.228317  0.0301699 
-0.456517  1.06474    -0.200413  0.0316646 
-0.378282  0.967544   -0.202832  0.0160123 
-0.431033  0.874768   -0.288727  0.0317576 
-0.431033  0.874768   -0.288727  0.0202838 
-0.431033  0.874768   -0.288727  0.0169421 
-0.431033  0.874768   -0.288727  0.0190719 
-0.431033  0.874768   -0.288727  0.0159717 
-0.431033  0.874768   -0.288727  0.0212571 
-0.431033  0.874768   -0.288727  0.0165888 
-0.431033  0.874768   -0.288727  0.0146463 
-0.466826  0.874523   -0.301568  0.0174179 
-0.466826  0.874523   -0.301568  0.0188613 
-0.390125  0.934497   -0.281918  0.0301432 
-0.390125  0.934497   -0.281918  0.027429  
-0.390125  0.934497   -0.281918  0.0149448 
-0.432044  0.838292   -0.281486  0.0152645 
-0.432044  0.838292   -0.281486  0.0211215 
-0.432044  0.838292   -0.281486  0.0141418 
-0.48384   0.770165   -0.279314  0.0175319 
-0.48384   0.770165   -0.279314  0.0155737 
-0.48384   0.770165   -0.279314  0.0175438 
-0.3935    0.858011   -0.283029  0.0176405 
-0.3935    0.858011   -0.283029  0.0167832 
-0.344845  0.811568   -0.228279  0.0173158 
-0.344845  0.811568   -0.228279  0.0159589 
-0.344845  0.811568   -0.228279  0.0169851 
-0.421895  0.842085   -0.2098    0.0142857 
-0.521294  0.767193   -0.288639  0.0128868 
-0.540262  0.689979   -0.27073   0.0141852 
-0.485981  0.767849   -0.27218   0.0151534 
-0.554013  0.718993   -0.301713  0.0162567 
-0.554013  0.718993   -0.301713  0.011639  
-0.577179  0.696283   -0.312177  0.0144296 
-0.577179  0.696283   -0.312177  0.0123651 
-0.58945   0.7379     -0.339257  0.0123279 
-0.668226  0.718316   -0.36196   0.0338094 
-0.668226  0.718316   -0.36196   0.0205516 
-0.698583  0.749667   -0.370968  0.0106012 
-0.797252  0.665764   -0.433006  0.00870141
-0.858418  0.660354   -0.43657   0.02396   
-0.858418  0.660354   -0.43657   0.0178598 
-0.903758  0.684791   -0.367984  0.00862773
-0.915359  0.602012   -0.41478   0.0092593 
-0.853478  0.641124   -0.432648  0.0133567 
-0.853478  0.641124   -0.432648  0.0111207 
-0.919379  0.553231   -0.357143  0.0101589 
-0.912272  0.598753   -0.395433  0.0267063 
-0.964789  0.689058   -0.257735  0.0146736 
-0.964789  0.689058   -0.257735  0.0222397 
-0.877284  0.77193    -0.291604  0.0604735 
-0.877284  0.77193    -0.291604  0.0529335 
-0.877284  0.77193    -0.291604  0.052853  
-0.877284  0.77193    -0.291604  0.0363199 
-0.877284  0.77193    -0.291604  0.0292192 
-0.877284  0.77193    -0.291604  0.0294903 
-0.944735  0.727755   -0.261805  0.0235834 
-0.993366  0.682878   -0.223685  0.0478657 
-0.993366  0.682878   -0.223685  0.0367277 
-0.993366  0.682878   -0.223685  0.0502039 
-0.993366  0.682878   -0.223685  0.0263677 
-0.993366  0.682878   -0.223685  0.02106   
-1.07271   0.601596   -0.0948478 0.0229026 
-1.01667   0.657547   -0.205379  0.0149716 
-0.975607  0.616158   -0.294414  0.0110074 
-0.909448  0.600311   -0.407727  0.0114617 
-0.833409  0.554345   -0.421219  0.0180419 
-0.833409  0.554345   -0.421219  0.00862141
-0.833409  0.554345   -0.421219  0.0163879 
-0.833409  0.554345   -0.421219  0.0105774 
-0.844887  0.556436   -0.417664  0.0114704 
-0.844887  0.556436   -0.417664  0.0152509 
-0.854852  0.524263   -0.340511  0.0114708 
-0.857607  0.556606   -0.39255   0.0202206 
-0.857607  0.556606   -0.39255   0.0112438 
-0.87152   0.555084   -0.371956  0.0271217 
-0.87152   0.555084   -0.371956  0.0109093 
-0.88932   0.628606   -0.404758  0.009757  
-0.879202  0.635053   -0.423089  0.0126965 
-0.880905  0.648409   -0.396432  0.0172775 
-0.912728  0.680534   -0.369428  0.0143942 
-0.912728  0.680534   -0.369428  0.0289447 
-0.912728  0.680534   -0.369428  0.0417015 
-0.912728  0.680534   -0.369428  0.00759222
-0.838584  0.603205   -0.445758  0.00800614
-0.863463  0.591618   -0.426726  0.00621681
-0.765291  0.605262   -0.444036  0.0173147 
-0.765291  0.605262   -0.444036  0.0175372 
-0.765291  0.605262   -0.444036  0.00745369
-0.714081  0.624336   -0.415561  0.00808586
-0.807174  0.661467   -0.435867  0.00805739
-0.857342  0.605578   -0.429481  0.0102645 
-0.857342  0.605578   -0.429481  0.0148173 
-0.857342  0.605578   -0.429481  0.0136989 
-0.858079  0.662978   -0.409432  0.0186448 
-0.858079  0.662978   -0.409432  0.0134252 
-0.858079  0.662978   -0.409432  0.00939951
-0.829359  0.563878   -0.428575  0.0235008 
-0.829359  0.563878   -0.428575  0.00795509
-0.797516  0.638306   -0.441863  0.0106768 
-0.797516  0.638306   -0.441863  0.00689039
-0.731954  0.673049   -0.439501  0.00800284
-0.782806  0.578609   -0.438194  0.00961877
-0.842343  0.609499   -0.437912  0.0150265 
-0.842343  0.609499   -0.437912  0.00613919
-0.780982  0.615075   -0.458968  0.00702218
-0.745632  0.591052   -0.41957   0.020969  
-0.745632  0.591052   -0.41957   0.0083781 
-0.745632  0.591052   -0.41957   0.0168916 
-0.829969  0.663341   -0.404819  0.013707  
-0.829969  0.663341   -0.404819  0.0114368 
-0.866174  0.652841   -0.426196  0.0148661 
-0.866174  0.652841   -0.426196  0.0131571 
-0.936266  0.650854   -0.388326  0.0152819 
-0.921255  0.683242   -0.365615  0.0314183 
-0.921255  0.683242   -0.365615  0.0233582 
-0.921255  0.683242   -0.365615  0.0140825 
-0.87608   0.69353    -0.39587   0.0151785 
-0.889989  0.629044   -0.385165  0.0121073 
-0.854962  0.546567   -0.387748  0.0107142 
-0.784279  0.55965    -0.392344  0.00714193
-0.716578  0.62411    -0.429059  0.0135026 
-0.716578  0.62411    -0.429059  0.0122362 
-0.71815   0.704371   -0.380236  0.0148565 
-0.704079  0.729351   -0.346733  0.012988  
-0.750279  0.722381   -0.388572  0.0332088 
-0.750279  0.722381   -0.388572  0.0177666 
-0.838983  0.649637   -0.404823  0.013744  
-0.907584  0.643744   -0.401119  0.0116014 
-0.895811  0.63295    -0.402709  0.0179388 
-0.895811  0.63295    -0.402709  0.0244049 
-0.895811  0.63295    -0.402709  0.00766474
-0.819363  0.597392   -0.43838   0.00791545
-0.742985  0.672423   -0.419306  0.00728674
-0.704913  0.606872   -0.418916  0.0144339 
-0.704913  0.606872   -0.418916  0.00862156
-0.704913  0.606872   -0.418916  0.0100128 
-0.62285   0.563009   -0.288372  0.00673921
-0.708194  0.601773   -0.405789  0.00906478
-0.727448  0.570582   -0.414752  0.0107921 
-0.75169   0.554444   -0.421302  0.0260767 
-0.75169   0.554444   -0.421302  0.0285583 
-0.75169   0.554444   -0.421302  0.0132308 
-0.75169   0.554444   -0.421302  0.00693701
-0.781824  0.611965   -0.443397  0.00915356
-0.735481  0.685124   -0.433068  0.00981171
-0.735481  0.685124   -0.433068  0.0253264 
-0.735481  0.685124   -0.433068  0.00701727
-0.801227  0.591898   -0.446013  0.00977506
-0.787191  0.560337   -0.409484  0.00773238
-0.831092  0.58597    -0.443051  0.0205496 
-0.831092  0.58597    -0.443051  0.00817778
-0.793355  0.576127   -0.433978  0.0149648 
-0.793355  0.576127   -0.433978  0.00837216
-0.777366  0.582821   -0.429423  0.0127478 
-0.777366  0.582821   -0.429423  0.00777878
-0.697496  0.59547    -0.402675  0.0102185 
-0.697496  0.59547    -0.402675  0.0108222 
-0.747735  0.552986   -0.427382  0.0151904 
-0.693889  0.516506   -0.322138  0.0073116 
-0.702376  0.605269   -0.400599  0.00848223
-0.702376  0.605269   -0.400599  0.00909862
-0.795099  0.569829   -0.41619   0.011036  
-0.795099  0.569829   -0.41619   0.0126992 
-0.764668  0.662795   -0.412606  0.00761251
-0.852988  0.618616   -0.441385  0.0118851 
-0.852988  0.618616   -0.441385  0.00862784
-0.867311  0.599755   -0.426523  0.0145213 
-0.867311  0.599755   -0.426523  0.0108143 
-0.848085  0.653453   -0.420549  0.018382  
-0.848085  0.653453   -0.420549  0.00830638
-0.811531  0.628655   -0.437973  0.00913479
-0.85263   0.647216   -0.436679  0.0167825 
-0.885517  0.689354   -0.372627  0.0581554 
-0.976752  0.761066   -0.105174  0.0429539 
-0.976752  0.761066   -0.105174  0.0369762 
-0.904689  0.784178   -0.19836   0.0479133 
-0.904689  0.784178   -0.19836   0.0391842 
-0.874043  0.854319   -0.108189  0.0613865 
-0.874043  0.854319   -0.108189  0.0310938 
-0.953235  0.783674   -0.172476  0.0307005 
-0.913516  0.771279   -0.25183   0.029024  
-0.993625  0.688438   -0.168582  0.0332666 
-0.993625  0.688438   -0.168582  0.0150371 
-0.908127  0.682023   -0.374258  0.0102585 
-0.873508  0.636716   -0.414901  0.010738  
-0.876018  0.637347   -0.41071   0.00918005
-0.860461  0.570293   -0.415652  0.00849293
-0.785114  0.572803   -0.437141  0.00952188
-0.690368  0.568749   -0.405612  0.00767924
-0.699127  0.596704   -0.408855  0.00754921
-0.709989  0.689034   -0.403614  0.00783823
-0.797947  0.589339   -0.433297  0.00938386
-0.851376  0.614026   -0.429661  0.012097  
-0.851376  0.614026   -0.429661  0.0116255 
-0.851376  0.614026   -0.429661  0.0129957 
-0.851376  0.614026   -0.429661  0.00880311
-0.812302  0.580859   -0.43316   0.00750113
-0.734467  0.648561   -0.422816  0.0118123 
-0.677119  0.737925   -0.376707  0.0144899 
-0.637103  0.753333   -0.329828  0.0192898 
-0.637103  0.753333   -0.329828  0.0226496 
-0.637103  0.753333   -0.329828  0.0179168 
-0.58172   0.793054   -0.314189  0.0126112 
-0.551444  0.709386   -0.275043  0.0169574 
-0.551444  0.709386   -0.275043  0.0106677 
-0.627379  0.696606   -0.34411   0.0123251 
-0.627379  0.696606   -0.34411   0.0129142 
-0.627379  0.696606   -0.34411   0.0192562 
-0.627379  0.696606   -0.34411   0.0165733 
-0.627379  0.696606   -0.34411   0.0148622 
-0.691497  0.733694   -0.35775   0.00840604
-0.644644  0.638872   -0.354544  0.0103074 
-0.710971  0.559081   -0.386272  0.0108774 
-0.656466  0.558986   -0.351067  0.0141999 
-0.630693  0.52399    -0.319061  0.00693341
-0.717202  0.611221   -0.423923  0.0108863 
-0.717202  0.611221   -0.423923  0.00848136
-0.717202  0.611221   -0.423923  0.0080738 
-0.749475  0.602128   -0.431159  0.0102296 
-0.822304  0.559518   -0.435171  0.0202809 
-0.749216  0.496543   -0.325285  0.0465125 
-0.749216  0.496543   -0.325285  0.0241527 
-0.749216  0.496543   -0.325285  0.0331888 
-0.749216  0.496543   -0.325285  0.0266787 
-0.749216  0.496543   -0.325285  0.0157932 
-0.656536  0.513139   -0.276896  0.0244006 
-0.656536  0.513139   -0.276896  0.0203567 
-0.656536  0.513139   -0.276896  0.0205166 
-0.656536  0.513139   -0.276896  0.0194217 
-0.656536  0.513139   -0.276896  0.00810128
-0.735683  0.580593   -0.426315  0.0115585 
-0.735683  0.580593   -0.426315  0.00602027
-0.76591   0.622023   -0.450149  0.0143416 
-0.76591   0.622023   -0.450149  0.013874  
-0.76591   0.622023   -0.450149  0.0138535 
-0.81701   0.671024   -0.407984  0.019124  
-0.833728  0.6816     -0.384011  0.0169455 
-0.814507  0.735082   -0.357271  0.0241805 
-0.814507  0.735082   -0.357271  0.0186191 
-0.814507  0.735082   -0.357271  0.00896247
-0.742562  0.69002    -0.409939  0.00696125
-0.714957  0.603624   -0.409037  0.01439   
-0.721931  0.524598   -0.363006  0.025292  
-0.721931  0.524598   -0.363006  0.00740756
-0.728052  0.612621   -0.427394  0.00606256
-0.747548  0.632162   -0.444241  0.0118566 
-0.747548  0.632162   -0.444241  0.00816826
-0.747548  0.632162   -0.444241  0.0077213 
-0.747548  0.632162   -0.444241  0.00948066
-0.751438  0.563325   -0.405477  0.0137546 
-0.798977  0.534145   -0.390083  0.023243  
-0.798977  0.534145   -0.390083  0.00611304
-0.770188  0.616678   -0.442507  0.00788142
-0.834361  0.589035   -0.435591  0.0115626 
-0.887153  0.559351   -0.385082  0.0162754 
-0.887153  0.559351   -0.385082  0.00671585
-0.85756   0.632604   -0.44048   0.0138674 
-0.85756   0.632604   -0.44048   0.0112734 
-0.839669  0.553411   -0.395059  0.00551237
-0.823811  0.62777    -0.46082   0.00828986
-0.823811  0.62777    -0.46082   0.0108813 
-0.823811  0.62777    -0.46082   0.0148379 
-0.823811  0.62777    -0.46082   0.00873798
-0.753587  0.570561   -0.41994   0.020393  
-0.753587  0.570561   -0.41994   0.0142967 
-0.753587  0.570561   -0.41994   0.0143689 
-0.819795  0.530572   -0.38571   0.0183875 
-0.819795  0.530572   -0.38571   0.0101389 
-0.914425  0.570507   -0.382714  0.00717221
-0.866395  0.612414   -0.443111  0.0109788 
-0.953547  0.55578    -0.33648   0.0104771 
-0.916591  0.6092     -0.404743  0.0129043 
-0.846269  0.67862    -0.389188  0.0205391 
-0.917277  0.699905   -0.343442  0.0398341 
-0.917277  0.699905   -0.343442  0.0201271 
-0.881725  0.67948    -0.386252  0.0148579 
-0.881725  0.67948    -0.386252  0.0112345 
-0.839998  0.635972   -0.416568  0.0161262 
-0.839998  0.635972   -0.416568  0.00969971
-0.839998  0.635972   -0.416568  0.0175382 
-0.839998  0.635972   -0.416568  0.0189618 
-0.849604  0.677395   -0.39183   0.0243797 
-0.856287  0.744194   -0.330777  0.0326229 
-0.809174  0.829251   -0.208588  0.0229042 
-0.853526  0.769131   -0.302594  0.0369527 
-0.81958   0.825742   -0.206946  0.0430297 
-0.81958   0.825742   -0.206946  0.0396468 
-0.81958   0.825742   -0.206946  0.0327259 
-0.906529  0.762183   -0.208579  0.0563028 
-0.906529  0.762183   -0.208579  0.0424189 
-0.906529  0.762183   -0.208579  0.0248269 
-1.00342   0.728617   -0.189388  0.0213101 
-0.949975  0.666184   -0.308775  0.00847446
-0.903098  0.596527   -0.4151    0.0128471 
-0.903098  0.596527   -0.4151    0.0149535 
-0.941184  0.64574    -0.357247  0.0171775 
-0.915847  0.677714   -0.35831   0.0231759 
-0.824101  0.73127    -0.352497  0.0201995 
-0.824101  0.73127    -0.352497  0.0268524 
-0.855399  0.751565   -0.2762    0.0164583 
-0.912352  0.661563   -0.367099  0.0305241 
-0.912352  0.661563   -0.367099  0.00767504
-0.818378  0.627716   -0.440717  0.0133833 
-0.775382  0.535064   -0.395055  0.0219938 
-0.775382  0.535064   -0.395055  0.0192341 
-0.775382  0.535064   -0.395055  0.00662476
-0.787275  0.595679   -0.430959  0.00652172
-0.747569  0.629726   -0.424702  0.0184878 
-0.841101  0.728722   -0.358018  0.0124349 
-0.754504  0.713238   -0.403747  0.00796175
-0.667456  0.643617   -0.382516  0.0091069 
-0.705602  0.571441   -0.387211  0.0126113 
-0.705602  0.571441   -0.387211  0.0192879 
-0.790749  0.500628   -0.298106  0.0219102 
-0.790749  0.500628   -0.298106  0.0132346 
-0.874685  0.537575   -0.360973  0.0203091 
-0.775262  0.497067   -0.320681  0.0138821 
-0.86632   0.530898   -0.342034  0.00584367
-0.776627  0.610406   -0.444878  0.0132885 
-0.776627  0.610406   -0.444878  0.0109899 
-0.774713  0.650175   -0.418473  0.0154196 
-0.808888  0.737152   -0.37055   0.00858769
-0.737946  0.68002    -0.430599  0.0182907 
-0.761043  0.722854   -0.363777  0.0189747 
-0.775659  0.751963   -0.35027   0.0239282 
-0.750463  0.806328   -0.317308  0.010952  
-0.688727  0.722932   -0.39986   0.0256046 
-0.688727  0.722932   -0.39986   0.0172861 
-0.77114   0.732213   -0.373237  0.0131491 
-0.869137  0.681819   -0.415416  0.0105226 
-0.863166  0.635204   -0.434248  0.0111742 
-0.78      0.646909   -0.440302  0.00811431
-0.78      0.646909   -0.440302  0.00701554
-0.78      0.646909   -0.440302  0.0102167 
-0.777834  0.720454   -0.420706  0.0125451 
-0.689211  0.735146   -0.384046  0.0136788 
-0.778002  0.709097   -0.405205  0.014     
-0.778002  0.709097   -0.405205  0.0163416 
-0.830658  0.669517   -0.403879  0.0153676 
-0.758915  0.73418    -0.36123   0.0223399 
-0.733     0.713444   -0.364596  0.0061365 
-0.782001  0.622416   -0.449181  0.00680801
-0.782001  0.622416   -0.449181  0.00922367
-0.782001  0.622416   -0.449181  0.0105989 
