#MU        SIGMA      ENERGY     ERROR     
-0.0270464 0.893624   -0.20485   0.0166978 
-0.0816555 0.852047   -0.165139  0.0190672 
-0.107016  0.913381   -0.217949  0.0169547 
-0.107016  0.913381   -0.217949  0.0168556 
-0.0358063 0.858227   -0.184652  0.0176494 
-0.0545298 0.872579   -0.165541  0.0172561 
-0.0598009 0.811768   -0.0911943 0.0178    
-0.0113962 0.847241   -0.161071  0.018429  
0.0159452  0.903839   -0.225709  0.0189215 
0.0226853  0.811626   -0.128445  0.0222575 
0.0678131  0.713437   0.0341839  0.0249691 
0.0350204  0.65073    0.226201   0.0315809 
0.0350204  0.65073    0.226201   0.0277856 
0.0423354  0.613092   0.307802   0.0291998 
0.0393503  0.567769   0.513483   0.0257915 
0.0433188  0.63632    0.26077    0.0252576 
0.139132   0.601849   0.353557   0.0349746 
0.0647558  0.521974   0.65638    0.0292591 
0.0350383  0.569166   0.472745   0.0363745 
-0.0436957 0.516821   0.708631   0.0399186 
-0.00973996 0.507189   0.655898   0.0488716 
-0.00973996 0.507189   0.655898   0.0296153 
-0.108933  0.580406   0.330681   0.0335177 
-0.109069  0.527756   0.570093   0.031814  
-0.115603  0.541761   0.540825   0.0457282 
-0.115603  0.541761   0.540825   0.0312922 
-0.0561098 0.55702    0.457034   0.0286849 
-0.0941604 0.595385   0.341543   0.0252305 
-0.0485733 0.650512   0.221845   0.022658  
0.0369976  0.692972   0.117001   0.0211857 
-0.0293045 0.751955   -0.0532053 0.0171629 
-0.0462907 0.836273   -0.135745  0.0182834 
-0.02856   0.8874     -0.213244  0.0173052 
-0.0408024 0.833538   -0.131334  0.0173821 
-0.0484172 0.846197   -0.17612   0.0157743 
-0.0411263 0.923158   -0.222487  0.0237924 
-0.0786682 0.931461   -0.24112   0.01624   
-0.113368  0.964101   -0.288807  0.0154332 
-0.129194  0.961208   -0.270025  0.0166143 
-0.0829631 0.922671   -0.219703  0.0160479 
-0.0128345 0.912289   -0.231303  0.0156632 
-0.108351  0.923231   -0.22887   0.0157943 
-0.145082  0.933958   -0.261029  0.0283781 
-0.15373   0.993154   -0.23852   0.0204299 
-0.124241  1.00777    -0.230302  0.0252592 
-0.143386  1.06707    -0.218791  0.019425  
-0.146116  1.05418    -0.256824  0.0179116 
-0.224495  0.97783    -0.2483    0.0200481 
-0.302847  0.932502   -0.226899  0.0194957 
-0.321105  0.936146   -0.26637   0.0349673 
-0.349609  1.03291    -0.216244  0.0492094 
-0.327244  1.11317    -0.0803094 0.0498028 
-0.40073   1.1601     -0.0357581 0.0584792 
-0.40073   1.1601     -0.0357581 0.049729  
-0.451393  1.08875    -0.106651  0.0761143 
-0.521548  1.15244    0.10121    0.0612686 
-0.602892  1.18127    0.126908   0.157221  
-0.5502    1.23504    0.557052   0.152978  
-0.596897  1.26503    0.600726   0.115329  
-0.670391  1.24613    0.588948   0.149675  
-0.703065  1.29549    1.06603    0.167642  
-0.68318   1.36257    1.37623    0.236213  
-0.716352  1.34009    1.46885    0.12751   
-0.644904  1.38433    1.12444    0.20775   
-0.732765  1.29767    1.449      0.143747  
-0.686238  1.34703    0.982372   0.111882  
-0.599947  1.31615    0.715091   0.0938889 
-0.525311  1.3364     0.52801    0.102095  
-0.440315  1.29617    0.431513   0.131798  
-0.363322  1.3934     0.677901   0.132791  
-0.363322  1.3934     0.677901   0.206074  
-0.453982  1.4776     1.45872    0.195723  
-0.497238  1.47644    1.33253    0.225146  
-0.497238  1.47644    1.33253    0.171332  
-0.476514  1.41562    1.11304    0.140261  
-0.393045  1.41329    0.933316   0.188322  
-0.393045  1.41329    0.933316   0.122264  
-0.300034  1.39225    0.583385   0.150645  
-0.204164  1.42665    0.747369   0.095269  
-0.187275  1.4335     0.544923   0.179368  
-0.209996  1.40624    0.830512   0.129822  
-0.17332   1.40592    0.831705   0.0765067 
-0.170942  1.37354    0.299657   0.1144    
-0.131665  1.39448    0.583967   0.0579458 
-0.202523  1.30365    0.0813078  0.0782763 
-0.14622   1.31383    0.191219   0.0577147 
-0.210365  1.25631    0.0581488  0.05729   
-0.156355  1.26114    0.0655647  0.0673894 
-0.21739   1.2492     0.0958962  0.0863456 
-0.279177  1.29654    0.198792   0.0658186 
-0.229445  1.24239    0.0373656  0.0508201 
-0.318061  1.19735    0.03368    0.038884  
-0.400062  1.14324    -0.131691  0.0383316 
-0.353347  1.14101    -0.140582  0.0301775 
-0.441696  1.07078    -0.203787  0.0393392 
-0.457699  1.0923     -0.107713  0.0529596 
-0.373751  1.07077    -0.125462  0.0696788 
-0.452093  1.13298    -0.0195227 0.0518693 
-0.518273  1.09236    -0.0247231 0.0368302 
-0.513944  1.02788    -0.195625  0.0487961 
-0.599158  1.0102     -0.0897752 0.0238892 
-0.545881  0.91472    -0.236849  0.0144542 
-0.536529  0.848551   -0.306152  0.0176853 
-0.579789  0.829797   -0.298021  0.0133412 
-0.669572  0.755849   -0.369928  0.0208525 
-0.674542  0.77267    -0.296842  0.0205342 
-0.674542  0.77267    -0.296842  0.0118266 
-0.632795  0.725446   -0.344078  0.00922829
-0.640839  0.671787   -0.37113   0.010165  
-0.661186  0.678922   -0.354383  0.00795677
-0.706342  0.579102   -0.401114  0.019057  
-0.706342  0.579102   -0.401114  0.0107236 
-0.736073  0.552612   -0.379741  0.0162614 
-0.757939  0.517269   -0.384315  0.0116285 
-0.669602  0.550072   -0.356674  0.0083537 
-0.687995  0.574636   -0.375547  0.0112558 
-0.756034  0.664858   -0.416508  0.0173558 
-0.701363  0.745332   -0.356742  0.0126585 
-0.656625  0.735626   -0.377985  0.013594  
-0.583285  0.713858   -0.320252  0.0136871 
-0.527767  0.733526   -0.265141  0.0128949 
-0.604228  0.727287   -0.329499  0.0127858 
-0.545912  0.629728   -0.256587  0.0123313 
-0.614257  0.71046    -0.32317   0.0122278 
-0.545839  0.675244   -0.266223  0.01165   
-0.60829   0.758822   -0.360117  0.0146431 
-0.562854  0.780038   -0.319917  0.0156123 
-0.485905  0.784603   -0.28046   0.0210052 
-0.577279  0.831368   -0.287311  0.014672  
-0.481727  0.748359   -0.24066   0.0132513 
-0.524622  0.776866   -0.275753  0.0122671 
-0.55914   0.745004   -0.322002  0.0144991 
-0.598815  0.764738   -0.304962  0.0168088 
-0.656615  0.736054   -0.321356  0.0146029 
-0.567674  0.82284    -0.315581  0.0152569 
-0.571597  0.839414   -0.281934  0.014654  
-0.50199   0.739881   -0.250387  0.0141596 
-0.529584  0.781809   -0.318435  0.020626  
-0.483338  0.86279    -0.252134  0.0178483 
-0.44951   0.825079   -0.216539  0.0170156 
-0.4297    0.835739   -0.262751  0.0158475 
-0.42745   0.826597   -0.229224  0.014675  
-0.466621  0.768791   -0.241167  0.0170167 
-0.436464  0.685055   -0.175713  0.0168662 
-0.423756  0.663273   -0.121874  0.017239  
-0.408397  0.706078   -0.155922  0.0170203 
-0.398304  0.723025   -0.150685  0.0142405 
-0.475953  0.758246   -0.235388  0.0243219 
-0.517116  0.767347   -0.237018  0.0158257 
-0.458939  0.712645   -0.212722  0.0165542 
-0.428896  0.640363   -0.08419   0.0211203 
-0.359669  0.570349   0.124143   0.0183882 
-0.389883  0.649157   -0.0450702 0.0209522 
-0.300435  0.672777   -0.0178895 0.0215414 
-0.232035  0.694297   -0.0298696 0.0175864 
-0.305808  0.77466    -0.152254  0.0154302 
-0.3531    0.865338   -0.243029  0.015074  
-0.282836  0.882629   -0.24902   0.015134  
-0.370798  0.846752   -0.228456  0.0149763 
-0.402985  0.826892   -0.233462  0.0155781 
-0.44098   0.752719   -0.213269  0.0173234 
-0.416844  0.668564   -0.122155  0.0219574 
-0.358948  0.599141   0.0426514  0.0243104 
-0.365341  0.532987   0.0857123  0.0212739 
-0.427221  0.45024    0.152741   0.0238674 
-0.381447  0.493852   0.168641   0.0199385 
-0.395416  0.565184   0.0551672  0.0224698 
-0.340961  0.595689   0.0972215  0.0217528 
-0.36553   0.595619   0.00474493 0.0232346 
-0.297424  0.591617   0.161453   0.0218642 
-0.358858  0.574027   0.08996    0.0199995 
-0.424777  0.531899   0.0370074  0.0209601 
-0.424777  0.531899   0.0370074  0.0159477 
-0.50869   0.548967   -0.173035  0.0173167 
-0.604725  0.49262    -0.193335  0.0219187 
-0.573711  0.459336   -0.0970972 0.0106476 
-0.656516  0.558926   -0.336725  0.0194928 
-0.735525  0.496543   -0.307792  0.0108866 
-0.694561  0.554874   -0.396121  0.0154002 
-0.599633  0.520281   -0.254588  0.01919   
-0.535678  0.477478   -0.106244  0.0142331 
-0.526438  0.542778   -0.187838  0.0160328 
-0.493373  0.501733   -0.062215  0.0217665 
-0.439539  0.482536   0.0324679  0.0164903 
-0.461921  0.579853   -0.0704532 0.0169963 
-0.446099  0.608807   -0.104213  0.0172574 
-0.427233  0.656443   -0.102753  0.0204052 
-0.427233  0.656443   -0.102753  0.0161107 
-0.520566  0.752309   -0.275854  0.0140371 
-0.484935  0.76879    -0.260768  0.0134394 
-0.519284  0.774626   -0.292204  0.0127515 
-0.530101  0.698306   -0.274413  0.0287313 
-0.430237  0.766347   -0.186579  0.016014  
-0.450741  0.758381   -0.201017  0.0146429 
-0.543541  0.768622   -0.290873  0.015555  
-0.548858  0.775223   -0.276953  0.0147924 
-0.608514  0.839024   -0.31756   0.0141241 
-0.669144  0.749064   -0.350179  0.019032  
-0.659931  0.831042   -0.298686  0.0236938 
-0.661608  0.902867   -0.223882  0.0202362 
-0.639308  0.84153    -0.283331  0.0294522 
-0.724692  0.872036   -0.211979  0.0388896 
-0.816562  0.882712   -0.0960598 0.0420755 
-0.741638  0.921096   -0.11981   0.0705203 
-0.72421   1.01015    0.0796081  0.0461281 
-0.659147  1.05616    -0.0106585 0.0649522 
-0.722669  1.00467    0.0541841  0.0575042 
-0.789729  1.02905    0.152807   0.0867382 
-0.779725  1.07156    0.259041   0.0719254 
-0.855234  0.984573   0.206027   0.144721  
-0.916388  1.04459    0.824573   0.0621144 
-0.862104  0.986991   0.172758   0.0799155 
-0.941534  1.05329    0.578373   0.13549   
-0.941534  1.05329    0.578373   0.11594   
-0.941534  1.05329    0.578373   0.103994  
-0.941534  1.05329    0.578373   0.123353  
-0.941534  1.05329    0.578373   0.170963  
-0.997328  1.11888    1.45022    0.105461  
-1.0248    1.04663    0.792474   0.149162  
-1.0248    1.04663    0.792474   0.149739  
-1.0248    1.04663    0.792474   0.10266   
-0.954418  1.00586    0.679141   0.0595026 
-0.960192  0.92699    0.211832   0.078096  
-0.960192  0.92699    0.211832   0.108907  
-1.0055    0.911469   0.609088   0.0561257 
-0.961415  0.912439   0.129674   0.106563  
-0.961415  0.912439   0.129674   0.144289  
-0.961415  0.912439   0.129674   0.046872  
-0.966716  0.848238   0.0544567  0.0607206 
-0.966716  0.848238   0.0544567  0.0394691 
-0.917885  0.826686   -0.0599127 0.030057  
-0.875458  0.79877    -0.214373  0.0253083 
-0.796736  0.780358   -0.2997    0.0302992 
-0.858787  0.734629   -0.338843  0.0443027 
-0.929391  0.732845   -0.223268  0.0203435 
-0.917166  0.693249   -0.337223  0.0134385 
-0.960104  0.656562   -0.361263  0.0467926 
-1.05707   0.755895   0.108172   0.0631968 
-1.04613   0.816741   0.338247   0.0484648 
-0.982578  0.893236   0.080901   0.0836222 
-0.982578  0.893236   0.080901   0.0360232 
-0.925463  0.817419   -0.134188  0.0303666 
-0.932573  0.747476   -0.227079  0.0302371 
-1.03054   0.669293   -0.182385  0.0495786 
-1.12858   0.747464   0.27267    0.0440251 
-1.09928   0.749574   0.166338   0.0763042 
-1.19244   0.721627   0.53365    0.0591024 
-1.27517   0.668716   0.762929   0.0490421 
-1.21141   0.67472    0.495331   0.0458065 
-1.16947   0.709905   0.305341   0.0343749 
-1.17425   0.63987    0.276327   0.0684353 
-1.26827   0.703749   0.881266   0.103474  
-1.36758   0.774959   1.91656    0.150046  
-1.36758   0.774959   1.91656    0.138054  
-1.36758   0.774959   1.91656    0.121882  
-1.44168   0.721906   2.67499    0.108686  
-1.39203   0.757303   2.06671    0.0956578 
-1.33556   0.798195   1.78781    0.138937  
-1.33556   0.798195   1.78781    0.0822162 
-1.27081   0.755234   1.16161    0.0654096 
-1.25436   0.697767   0.694143   0.0380954 
-1.23715   0.604432   0.422547   0.0633014 
-1.24338   0.668785   0.634732   0.047989  
-1.24338   0.668785   0.634732   0.0626587 
-1.16927   0.753993   0.498946   0.0880072 
-1.16927   0.753993   0.498946   0.0806093 
-1.16062   0.801602   0.725293   0.0985631 
-1.16062   0.801602   0.725293   0.112026  
-1.16062   0.801602   0.725293   0.0746302 
-1.11891   0.804397   0.46378    0.0789411 
-1.12065   0.812699   0.544857   0.0495535 
-1.08703   0.803315   0.209652   0.0529582 
-1.15358   0.7165     0.324144   0.0849885 
-1.20512   0.794638   0.930683   0.071981  
-1.28028   0.705369   0.990049   0.0954949 
-1.28028   0.705369   0.990049   0.0390633 
-1.22573   0.621104   0.374043   0.0680686 
-1.23274   0.691171   0.631471   0.0742051 
-1.26263   0.709864   0.986281   0.0725508 
-1.1883    0.801838   0.782826   0.0439938 
-1.09573   0.762263   0.127929   0.0648373 
-1.12789   0.809153   0.519867   0.0421185 
-1.08832   0.71044    0.0439312  0.0401159 
-1.05411   0.713538   -0.0424886 0.0661146 
-1.09746   0.767662   0.331375   0.0953292 
-1.18831   0.855069   1.0079     0.0656066 
-1.1931    0.766315   0.628839   0.063024  
-1.27953   0.690687   0.852689   0.0716169 
-1.34984   0.687977   1.23408    0.0907943 
-1.44115   0.691224   1.94925    0.104258  
-1.44115   0.691224   1.94925    0.0675998 
-1.40966   0.595483   1.32217    0.0670858 
-1.45703   0.568583   1.75387    0.0733308 
-1.49158   0.582752   2.04753    0.0616646 
-1.41365   0.562679   1.30699    0.0602674 
-1.41365   0.562679   1.30699    0.0735676 
-1.41365   0.562679   1.30699    0.0981256 
-1.41365   0.562679   1.30699    0.0501511 
-1.31855   0.59656    0.787324   0.0452859 
-1.41085   0.503823   1.22975    0.0247102 
-1.3193    0.448721   0.782828   0.0336898 
-1.2941    0.532486   0.626532   0.03883   
-1.20884   0.602079   0.3095     0.0242234 
-1.20617   0.554619   0.259812   0.0287272 
-1.26197   0.543814   0.461155   0.0231734 
-1.18737   0.567722   0.195983   0.0203134 
-1.14227   0.56462    0.0534346  0.0164291 
-1.14026   0.468439   0.194015   0.0171696 
-1.17702   0.524202   0.188361   0.0238136 
-1.13521   0.424755   0.339607   0.0568159 
-1.13521   0.424755   0.339607   0.0148552 
-1.13448   0.486865   0.124247   0.0172952 
-1.1602    0.474454   0.187398   0.0217006 
-1.22077   0.533238   0.304707   0.0309696 
-1.18728   0.597716   0.254476   0.037822  
-1.13087   0.683184   0.087221   0.0296762 
-1.04474   0.632182   -0.155928  0.0115569 
-0.958794  0.55092    -0.318723  0.0145855 
-1.02003   0.551674   -0.217518  0.0206294 
-1.06247   0.642786   -0.167046  0.0331427 
-1.15257   0.649287   0.124141   0.0322977 
-1.15745   0.602048   0.147883   0.017514  
-1.21051   0.521395   0.262671   0.0222077 
-1.28728   0.464868   0.563756   0.0391468 
-1.36879   0.509766   0.973      0.0290031 
-1.36238   0.439924   1.00245    0.0538486 
-1.36238   0.439924   1.00245    0.0480423 
-1.36238   0.439924   1.00245    0.0289955 
-1.36618   0.429604   1.00563    0.0304484 
-1.33518   0.480949   0.762102   0.0226742 
-1.23842   0.426823   0.557228   0.0255077 
-1.25817   0.415925   0.636699   0.0178659 
-1.21647   0.468311   0.353121   0.015189  
-1.18554   0.491648   0.204586   0.0168708 
-1.13347   0.457712   0.215591   0.0134969 
-1.04985   0.554206   -0.181947  0.0169585 
-1.09968   0.474723   0.0918494  0.0126327 
-1.04198   0.547194   -0.173134  0.0100807 
-0.978547  0.590553   -0.335691  0.0197888 
-1.06436   0.612598   -0.153766  0.0134361 
-1.15546   0.515766   0.109957   0.0291144 
-1.18289   0.614996   0.192782   0.0367917 
-1.16916   0.670513   0.237552   0.0314454 
-1.1342    0.638787   0.0942408  0.0334717 
-1.1342    0.638787   0.0942408  0.0433012 
-1.1342    0.638787   0.0942408  0.0333474 
-1.1342    0.638787   0.0942408  0.0492742 
-1.18227   0.664627   0.340851   0.0372965 
-1.0969    0.682382   0.0539576  0.0481715 
-1.16713   0.722054   0.337987   0.0695912 
-1.16713   0.722054   0.337987   0.0722398 
-1.226     0.769342   0.924231   0.0957468 
-1.18499   0.848747   0.949651   0.0785947 
-1.17205   0.785934   0.686261   0.0796339 
-1.0791    0.84726    0.54805    0.053333  
-1.07767   0.755147   0.196093   0.0681404 
-1.15156   0.808839   0.634002   0.0726529 
-1.09867   0.831369   0.423648   0.118851  
-1.09867   0.831369   0.423648   0.0699822 
-1.01008   0.926532   0.365939   0.117031  
-1.01008   0.926532   0.365939   0.0765951 
-1.03814   0.907321   0.569152   0.0821618 
-1.03731   0.974004   0.716807   0.0952406 
-1.03731   0.974004   0.716807   0.105474  
-1.09311   0.96388    1.0889     0.121456  
-0.995763  1.02703    0.929223   0.0731091 
-0.966633  0.944354   0.306138   0.0439907 
-0.880135  0.871837   -0.0616084 0.0382678 
-0.93495   0.834058   -0.0807323 0.0641903 
-0.917651  0.880401   0.0975566  0.0534358 
-0.963249  0.841717   0.0386497  0.047877  
-1.02985   0.813135   0.0816233  0.0545006 
-1.11177   0.779983   0.323121   0.0594162 
-1.01863   0.814731   0.12424    0.0442267 
-0.948375  0.849425   -0.0219957 0.105711  
-0.948375  0.849425   -0.0219957 0.0308254 
-0.963364  0.789179   -0.158004  0.0353161 
-0.965439  0.755371   -0.142813  0.0475951 
-0.965439  0.755371   -0.142813  0.0263289 
-0.911058  0.784661   -0.265083  0.0166471 
-0.84263   0.716103   -0.364871  0.0202819 
-0.909752  0.696944   -0.309822  0.00913273
-0.920963  0.624309   -0.411769  0.016751  
-0.914799  0.683856   -0.35743   0.01191   
-0.822685  0.693003   -0.406088  0.0210752 
-0.822685  0.693003   -0.406088  0.0130013 
-0.744561  0.735767   -0.391213  0.00844025
-0.676831  0.662292   -0.39912   0.0101614 
-0.671738  0.687526   -0.380344  0.0126244 
-0.656483  0.768574   -0.347039  0.0198236 
-0.669575  0.866179   -0.294614  0.0282335 
-0.669575  0.866179   -0.294614  0.018296  
-0.588946  0.828833   -0.31505   0.0230622 
-0.564809  0.861803   -0.264018  0.0156043 
-0.465819  0.854942   -0.283898  0.0145831 
-0.530941  0.782719   -0.286132  0.0155301 
-0.528629  0.792429   -0.280402  0.015479  
-0.450579  0.759349   -0.2153    0.0162703 
-0.516697  0.82027    -0.283386  0.0137603 
-0.515466  0.756094   -0.288084  0.0133762 
-0.538784  0.729325   -0.293146  0.0165271 
-0.565698  0.788185   -0.312068  0.0212271 
-0.488224  0.792064   -0.221879  0.0126277 
-0.57398   0.696333   -0.316696  0.0167498 
-0.669085  0.733417   -0.375345  0.0168017 
-0.654515  0.741098   -0.353018  0.0129623 
-0.568329  0.746746   -0.322832  0.0147989 
-0.49752   0.693399   -0.216838  0.0154553 
-0.451136  0.761736   -0.231489  0.0139121 
-0.510506  0.67233    -0.245821  0.014447  
-0.500981  0.668777   -0.223459  0.0134737 
-0.531642  0.569955   -0.194656  0.0152181 
-0.530793  0.524227   -0.152958  0.0127014 
-0.54105   0.620427   -0.233235  0.0105593 
-0.60368   0.690322   -0.331636  0.0161246 
-0.52323   0.787009   -0.274264  0.0135792 
-0.5727    0.825957   -0.314849  0.0166051 
-0.563718  0.809216   -0.290026  0.013986  
-0.50193   0.717776   -0.251379  0.013548  
-0.485497  0.700097   -0.206847  0.0160849 
-0.569828  0.768553   -0.291497  0.0119124 
-0.613071  0.732175   -0.325756  0.0181177 
-0.557004  0.832157   -0.306472  0.0195425 
-0.632892  0.854304   -0.308178  0.0159873 
-0.633869  0.785514   -0.321096  0.0165616 
-0.616381  0.81945    -0.329393  0.0466963 
-0.699184  0.913833   -0.17262   0.0239683 
-0.678751  0.869092   -0.233947  0.0175292 
-0.687785  0.775344   -0.336342  0.011814  
-0.765298  0.711948   -0.407637  0.0463789 
-0.765298  0.711948   -0.407637  0.0140838 
-0.745837  0.715827   -0.378433  0.014757  
-0.766587  0.76873    -0.38636   0.0349577 
-0.667327  0.791885   -0.317304  0.0145272 
-0.715528  0.732525   -0.366702  0.0134862 
-0.761271  0.726107   -0.357474  0.0181887 
-0.856212  0.69062    -0.380203  0.00833348
-0.83655   0.614764   -0.447517  0.0137258 
-0.740922  0.530045   -0.373588  0.0142689 
-0.691229  0.521525   -0.340171  0.00806342
-0.669955  0.595736   -0.373209  0.0115861 
-0.583867  0.589303   -0.278655  0.0127614 
-0.639184  0.535835   -0.307935  0.00920294
-0.633021  0.610203   -0.350771  0.0134205 
-0.557483  0.589444   -0.27189   0.0127137 
-0.541464  0.671015   -0.2842    0.0134773 
-0.517577  0.758689   -0.282546  0.0151084 
-0.473493  0.716173   -0.256129  0.0177877 
-0.434596  0.62814    -0.119371  0.0191403 
-0.413124  0.587102   0.0081545  0.0241246 
-0.354727  0.540381   0.101216   0.0215341 
-0.40365   0.477785   0.188763   0.0221496 
-0.34988   0.50799    0.251947   0.0187877 
-0.424453  0.555267   0.0023531  0.017581  
-0.41075   0.567997   0.0317507  0.0171858 
-0.445625  0.633346   -0.13936   0.0178619 
-0.396306  0.692259   -0.129173  0.0163299 
-0.45873   0.66082    -0.192077  0.0175138 
-0.408451  0.670287   -0.100002  0.0228133 
-0.312284  0.619291   0.0539295  0.0224526 
-0.233595  0.671582   0.00900601 0.019739  
-0.150314  0.7549     -0.0983924 0.0201126 
-0.240965  0.686613   0.0432652  0.0230033 
-0.145504  0.691575   0.0579276  0.0194528 
-0.220227  0.745757   -0.0681162 0.0172403 
-0.189778  0.836573   -0.126618  0.01975   
-0.104081  0.757878   -0.052689  0.0197101 
-0.0365702 0.774747   -0.0670143 0.0178532 
-0.0343827 0.815403   -0.125751  0.0161048 
-0.0262149 0.889506   -0.190852  0.016004  
-0.0122785 0.898043   -0.218048  0.0166371 
-0.00654165 0.904834   -0.220965  0.0190139 
0.0657079  0.993385   -0.257875  0.0272218 
0.0745792  1.02111    -0.256985  0.0224466 
-0.00320068 1.08335    -0.237593  0.0251621 
-0.0793538 1.03701    -0.235655  0.0284441 
-0.148538  1.0523     -0.240493  0.0181299 
-0.154414  1.00017    -0.267649  0.0247892 
-0.242247  0.987052   -0.205059  0.0391816 
-0.307366  1.07774    -0.190677  0.0521462 
-0.357928  1.17548    -0.13303   0.0485659 
-0.262244  1.20048    -0.0711115 0.0612687 
-0.242929  1.1048     -0.120951  0.0380602 
-0.17787   1.13036    -0.174573  0.0647506 
-0.17787   1.13036    -0.174573  0.0491908 
-0.115326  1.21416    -0.0897506 0.0592044 
-0.213143  1.24496    0.0426133  0.138903  
-0.18594   1.28285    0.246443   0.0471838 
-0.118983  1.20211    -0.0820114 0.103344  
-0.192483  1.28732    0.234572   0.0820781 
-0.291313  1.27138    0.240694   0.118369  
-0.344141  1.31974    0.582453   0.0923656 
-0.352367  1.30672    0.46868    0.140373  
-0.302305  1.35962    0.670351   0.135942  
-0.306315  1.35747    0.546283   0.0990821 
-0.260225  1.35192    0.502278   0.0863626 
-0.167417  1.32522    0.36329    0.0787903 
-0.148221  1.34545    0.265137   0.100479  
-0.0873913 1.37385    0.305822   0.115201  
-0.165115  1.28108    0.300869   0.0673066 
-0.218894  1.26109    0.189198   0.064576  
-0.200373  1.27546    0.0504162  0.0698021 
-0.248189  1.21301    0.116013   0.0467476 
-0.326173  1.13513    -0.0897993 0.0716466 
-0.334296  1.21003    0.00355501 0.0574733 
-0.355713  1.20643    0.040199   0.0448292 
-0.313845  1.14836    -0.110094  0.0784884 
-0.322902  1.12575    -0.0678487 0.0378027 
-0.412246  1.05178    -0.16728   0.0360683 
-0.366872  1.10084    -0.142007  0.0351697 
-0.270314  1.01588    -0.210632  0.0174027 
-0.277432  0.923128   -0.266558  0.0174018 
-0.182023  0.918257   -0.241312  0.0160961 
-0.227802  0.847905   -0.214065  0.0160919 
-0.158466  0.942051   -0.251737  0.0203733 
-0.0721337 0.953938   -0.21881   0.0215869 
-0.120883  0.979688   -0.251587  0.024824  
-0.133234  1.03976    -0.2454    0.0215631 
-0.167791  0.968448   -0.23028   0.0228814 
-0.11011   0.989297   -0.263009  0.0185803 
-0.0470817 1.04994    -0.291892  0.0246515 
0.0382055  1.03004    -0.235946  0.0231557 
-0.0369554 1.07619    -0.230187  0.0278316 
-0.133618  1.11468    -0.210479  0.0465201 
-0.213009  1.07004    -0.202595  0.0227304 
-0.20313   1.07619    -0.254617  0.0170299 
-0.129722  0.998252   -0.259287  0.0206369 
-0.139894  0.9913     -0.259514  0.0309139 
-0.0893007 1.00736    -0.236333  0.0351463 
-0.144301  1.08199    -0.222956  0.0183357 
-0.0732509 1.001      -0.267089  0.0286336 
-0.0305021 1.07261    -0.24121   0.0179323 
0.0335521  0.976303   -0.262029  0.0177068 
-0.0403003 0.932603   -0.228117  0.0205657 
-0.0790201 1.01744    -0.302743  0.0238049 
-0.0346212 1.03971    -0.227441  0.0182289 
0.00118962 1.01055    -0.240481  0.0233943 
-0.0607684 1.06338    -0.268707  0.0335256 
-0.13165   1.09472    -0.166616  0.0347616 
-0.172095  1.09095    -0.219213  0.062993  
-0.204977  1.11103    -0.0880382 0.0207513 
-0.276302  1.0757     -0.279491  0.0263806 
-0.354071  1.06971    -0.228848  0.0276344 
-0.41017   1.05436    -0.217451  0.0216734 
-0.430431  0.966311   -0.255296  0.0276808 
-0.422424  1.05245    -0.224178  0.0515218 
-0.32454   1.07402    -0.107984  0.0340322 
-0.238388  1.09367    -0.237857  0.0235057 
-0.320134  1.05115    -0.217802  0.0426175 
-0.259994  1.11426    -0.140972  0.0506492 
-0.227045  1.1799     -0.0704412 0.0402539 
-0.286938  1.12133    -0.155063  0.0312268 
-0.370986  1.10759    -0.166256  0.047591  
-0.29313   1.16895    -0.0777386 0.0631539 
-0.29313   1.16895    -0.0777386 0.0466506 
-0.347765  1.18166    -0.0382483 0.0616333 
-0.347765  1.18166    -0.0382483 0.0617589 
-0.313583  1.1355     0.000738294 0.0785184 
-0.379823  1.20468    0.192097   0.061786  
-0.454966  1.16698    0.0391789  0.0368721 
-0.494639  1.10765    -0.139291  0.0910295 
-0.494639  1.10765    -0.139291  0.0518696 
-0.578693  1.06329    -0.0343156 0.102461  
-0.503869  1.1395     0.118912   0.02588   
-0.441502  1.0642     -0.215618  0.0437245 
-0.523179  1.12233    -0.0644901 0.0287401 
-0.517384  1.02291    -0.229376  0.096533  
-0.517384  1.02291    -0.229376  0.0429506 
-0.494302  0.979106   -0.22149   0.029188  
-0.511277  0.978217   -0.198444  0.0266025 
-0.450081  0.911102   -0.238572  0.0189189 
-0.4967    0.880293   -0.277473  0.0250355 
-0.491737  0.973139   -0.216645  0.0289684 
-0.525961  1.01032    -0.194997  0.0516827 
-0.540791  1.02735    -0.098416  0.0363872 
-0.618641  0.990852   -0.152594  0.0553576 
-0.537779  1.01189    -0.125356  0.030626  
-0.520108  1.00217    -0.231852  0.0265021 
-0.615214  0.90427    -0.248831  0.0235663 
-0.56332   0.928576   -0.249987  0.02861   
-0.479645  0.952613   -0.217455  0.0226518 
-0.562239  0.902404   -0.275176  0.0169736 
-0.528868  0.807383   -0.28017   0.0164827 
-0.546001  0.81871    -0.310665  0.0166637 
-0.515646  0.779349   -0.273963  0.0123874 
-0.579096  0.772118   -0.329536  0.0135517 
-0.612081  0.756656   -0.325114  0.0174443 
-0.587226  0.808757   -0.302757  0.0135906 
-0.64633   0.809515   -0.336085  0.0172053 
-0.653979  0.855796   -0.327915  0.0388734 
-0.653979  0.855796   -0.327915  0.0147281 
-0.607765  0.828025   -0.324375  0.0250329 
-0.611705  0.905135   -0.255026  0.0195368 
-0.535924  0.936593   -0.305173  0.0278571 
-0.486852  0.962658   -0.250806  0.059747  
-0.5709    1.06183    0.056882   0.0375507 
-0.648279  0.996441   -0.129326  0.0726625 
-0.702672  1.01849    -0.0258966 0.0731323 
-0.735216  1.07247    0.169915   0.105968  
-0.735216  1.07247    0.169915   0.0788725 
-0.831659  1.12033    0.474545   0.133943  
-0.888072  1.16501    1.03203    0.173162  
-0.79037   1.21913    0.990243   0.119137  
-0.72054   1.19588    0.631203   0.0572314 
-0.652084  1.11591    0.054625   0.0575766 
-0.658991  1.07988    0.00810219 0.0672323 
-0.747146  1.08965    0.220085   0.0590194 
-0.715227  1.02597    0.0483163  0.0949895 
-0.759497  1.11888    0.47148    0.228465  
-0.759497  1.11888    0.47148    0.0989635 
-0.858107  1.12627    0.6157     0.125176  
-0.834176  1.14098    0.686047   0.114826  
-0.908057  1.0788     0.775301   0.0832774 
-0.81851   1.1        0.421961   0.0669865 
-0.780591  1.14746    0.288234   0.0878215 
-0.683698  1.15473    0.345574   0.0910132 
-0.720563  1.19746    0.483574   0.0608724 
-0.651337  1.11463    0.0930949  0.080147  
-0.634652  1.07179    0.147886   0.0509338 
-0.636209  0.994062   -0.1006    0.050297  
-0.554957  1.06884    -0.0640473 0.0476301 
-0.56315   1.0865     -0.0108102 0.0903828 
-0.593274  1.15316    0.18975    0.0664224 
-0.591268  1.11435    0.0655517  0.0677251 
-0.51045   1.13749    0.116174   0.0798631 
-0.532615  1.21996    0.288153   0.0642229 
-0.451753  1.27224    0.11689    0.0721807 
-0.542714  1.22255    0.238418   0.0592808 
-0.454452  1.21456    0.0226846  0.0819617 
-0.454452  1.21456    0.0226846  0.0840682 
-0.454452  1.21456    0.0226846  0.0845701 
-0.481184  1.20604    0.214313   0.0771077 
-0.488585  1.22715    0.325896   0.0705602 
-0.421659  1.27183    0.234529   0.1522    
-0.421659  1.27183    0.234529   0.062526  
-0.325463  1.22308    0.0601071  0.0525367 
-0.355105  1.22563    -0.0203049 0.106963  
-0.415018  1.26957    0.370923   0.103635  
-0.496443  1.32509    0.529901   0.0697168 
-0.548118  1.25354    0.281957   0.107595  
-0.588105  1.25859    0.569472   0.109592  
-0.663156  1.20926    0.541716   0.092271  
-0.698409  1.20295    0.51972    0.0801232 
-0.701837  1.22449    0.36077    0.160075  
-0.674997  1.2349     0.779087   0.0671407 
-0.584354  1.1367     0.140355   0.0495399 
-0.550972  1.11538    -0.0472999 0.0504362 
-0.48856   1.10915    -0.0628901 0.0465473 
-0.47185   1.05466    -0.0592281 0.073293  
-0.403941  1.11426    0.0231408  0.0482891 
-0.481796  1.14912    -0.0266962 0.039974  
-0.505784  1.13644    -0.162013  0.0379104 
-0.562635  1.05287    -0.115472  0.0508583 
-0.562635  1.05287    -0.115472  0.0902327 
-0.571469  1.14318    0.13946    0.086518  
-0.482785  1.23108    0.263461   0.0990317 
-0.542396  1.24788    0.406816   0.0978054 
-0.552266  1.30736    0.517177   0.15362   
-0.552266  1.30736    0.517177   0.146007  
-0.651845  1.36552    1.08699    0.0991849 
-0.707745  1.27787    0.611189   0.113948  
-0.639089  1.25785    0.530014   0.121253  
-0.655329  1.2096     0.569914   0.0658511 
-0.581888  1.1591     0.163105   0.054313  
-0.508975  1.21663    0.0474514  0.100881  
-0.507148  1.23448    0.525581   0.0878966 
-0.456111  1.30971    0.356396   0.09365   
-0.516221  1.23413    0.337379   0.0705548 
-0.553111  1.19726    0.190494   0.0983778 
-0.518903  1.2762     0.50418    0.0845256 
-0.568325  1.26064    0.312258   0.150476  
-0.611211  1.33182    0.841556   0.166119  
-0.611211  1.33182    0.841556   0.181866  
-0.644481  1.31682    1.0583     0.19049   
-0.595844  1.3362     1.17369    0.139663  
-0.612776  1.34906    0.951465   0.324034  
-0.692558  1.26744    1.05297    0.146142  
-0.705973  1.29056    0.99992    0.0729656 
-0.681121  1.22116    0.39873    0.141091  
-0.596342  1.30923    0.836601   0.0865322 
-0.596894  1.2314     0.477391   0.0687737 
-0.677878  1.14145    0.241452   0.0978287 
-0.756255  1.1022     0.413561   0.046224  
-0.6733    1.04313    -0.0775766 0.064964  
-0.664246  1.14071    0.122092   0.0696136 
-0.664246  1.14071    0.122092   0.064916  
-0.749702  1.05257    0.157626   0.110899  
-0.764322  1.12828    0.50583    0.0988436 
-0.690007  1.11375    0.164504   0.045003  
-0.622682  1.07324    -0.0870561 0.0498462 
-0.555768  0.981654   -0.115695  0.0484812 
-0.593867  1.00583    -0.12303   0.0751755 
-0.60599   1.06524    -0.0376708 0.10626   
-0.58931   1.00256    0.0476119  0.0572047 
-0.5545    1.09085    -0.0167305 0.0395076 
-0.517798  1.09216    -0.10053   0.0368373 
-0.55423   1.01165    -0.132065  0.0434834 
-0.469576  0.955876   -0.20807   0.0224448 
-0.429111  0.95407    -0.259794  0.0202788 
-0.456367  0.94622    -0.2474    0.0170131 
-0.404175  0.940553   -0.295071  0.0201326 
-0.371771  0.870321   -0.216028  0.0158615 
-0.37106   0.797099   -0.201977  0.0169684 
-0.337529  0.864217   -0.213912  0.0179083 
-0.322898  0.950376   -0.259088  0.0178272 
-0.286461  0.916447   -0.248091  0.0441454 
-0.338793  0.968056   -0.22057   0.0275765 
-0.294125  1.02502    -0.211424  0.0315582 
-0.357702  0.995397   -0.225466  0.0180594 
-0.318225  0.9077     -0.247469  0.0184447 
-0.250095  0.964755   -0.291239  0.0355999 
-0.210739  1.03198    -0.167699  0.0244764 
-0.257435  1.11086    -0.218805  0.0241375 
-0.242309  1.09688    -0.267376  0.0265903 
-0.274885  1.03194    -0.200728  0.0188873 
-0.238377  0.986685   -0.263693  0.0213779 
-0.188898  0.90254    -0.253781  0.0162844 
-0.120461  0.870515   -0.168209  0.0168913 
-0.0427845 0.895604   -0.222897  0.0208889 
-0.0427845 0.895604   -0.222897  0.0220527 
0.00127384 0.96716    -0.221127  0.0184129 
-0.070601  0.963136   -0.253738  0.0142315 
-0.152256  0.944019   -0.247708  0.0154871 
-0.175415  0.888078   -0.211217  0.0189823 
-0.0813893 0.826451   -0.140787  0.017533  
-0.0382659 0.83684    -0.177883  0.0187794 
-0.0276229 0.784723   -0.0493314 0.0211128 
-0.123605  0.712255   0.0658326  0.0193917 
-0.167378  0.763443   -0.0759218 0.0173973 
-0.240462  0.805856   -0.203579  0.019127  
-0.26683   0.863153   -0.214087  0.0247805 
-0.177458  0.859498   -0.210324  0.0181602 
-0.225773  0.817839   -0.161182  0.0193986 
-0.146587  0.744753   -0.0372978 0.023775  
-0.138694  0.675011   0.116236   0.0254753 
-0.178437  0.622632   0.21328    0.0266039 
-0.0860795 0.622493   0.286807   0.0365904 
-0.0860795 0.622493   0.286807   0.0304867 
-0.0693788 0.584408   0.317164   0.0352441 
-0.0693788 0.584408   0.317164   0.0251071 
-0.0331125 0.660487   0.179526   0.0196611 
-0.00452347 0.745691   0.0177106  0.0231953 
-0.00452347 0.745691   0.0177106  0.020961  
0.00093779 0.763109   -0.0609793 0.0235249 
0.0495599  0.677244   0.13687    0.0257412 
0.0178908  0.651893   0.168883   0.0212307 
-0.0794359 0.716202   0.0608243  0.0189858 
-0.143292  0.760083   -0.0325201 0.0201229 
-0.118664  0.755203   -0.0129825 0.0163148 
-0.15975   0.844059   -0.159016  0.0152581 
-0.0913621 0.930466   -0.228875  0.0153803 
-0.0731148 0.892032   -0.207638  0.0152997 
0.00524842 0.926713   -0.233285  0.0156188 
0.0305116  0.931439   -0.274899  0.0166625 
0.0819366  0.867061   -0.179334  0.0377011 
0.172256   0.963431   -0.219345  0.0206022 
0.241874   0.953775   -0.250112  0.0281974 
0.307941   0.994884   -0.223754  0.0247234 
0.37834    1.05169    -0.251683  0.057106  
0.37834    1.05169    -0.251683  0.0316186 
0.29688    1.05793    -0.251249  0.0175362 
0.201266   0.984578   -0.270844  0.0288834 
0.147152   1.06339    -0.197294  0.0161288 
0.226746   0.987487   -0.276534  0.016052  
0.30875    0.925587   -0.256062  0.0160616 
0.300012   0.861554   -0.214786  0.0155788 
0.235231   0.903044   -0.219311  0.0151992 
0.319628   0.825597   -0.204061  0.0204504 
0.234625   0.923311   -0.256113  0.0192683 
0.333849   0.947639   -0.252897  0.0237436 
0.37872    0.958639   -0.253607  0.0271448 
0.379768   0.883138   -0.225432  0.020293  
0.418001   0.89963    -0.253916  0.0138733 
0.465889   0.843874   -0.293263  0.018707  
0.555028   0.753967   -0.295086  0.0162727 
0.644411   0.77945    -0.350363  0.0491749 
0.644411   0.77945    -0.350363  0.0179254 
0.669545   0.834008   -0.308101  0.0263623 
0.612298   0.883614   -0.289844  0.0430169 
0.680324   0.933204   -0.191105  0.0427833 
0.608563   0.970693   -0.177591  0.052312  
0.669728   1.06823    -0.0271607 0.0450528 
0.587348   0.971571   -0.143274  0.0200715 
0.569368   0.889512   -0.272645  0.0163966 
0.565168   0.819969   -0.284229  0.0142426 
0.53221    0.799382   -0.296723  0.0152264 
0.45104    0.816564   -0.286472  0.0154926 
0.474398   0.814808   -0.298687  0.0162549 
0.376886   0.803383   -0.219785  0.0160584 
0.360142   0.79954    -0.177686  0.0180601 
0.294976   0.763164   -0.136594  0.0180833 
0.386354   0.712095   -0.132451  0.0160078 
0.451106   0.713928   -0.211638  0.016227  
0.398896   0.757423   -0.203281  0.0208082 
0.316193   0.662281   0.0146989  0.0209156 
0.231116   0.686217   0.0271713  0.0187137 
0.240951   0.726369   -0.0287388 0.0173306 
0.209682   0.804096   -0.137426  0.0168561 
0.237441   0.855522   -0.198451  0.0187395 
0.150983   0.777669   -0.0782068 0.0189715 
0.187405   0.787897   -0.102301  0.0196408 
0.173969   0.771164   -0.109377  0.0194321 
0.258249   0.693659   0.0060484  0.0208692 
0.275063   0.68472    0.00133854 0.0198498 
0.312779   0.700623   -0.0803823 0.0175234 
0.292892   0.781565   -0.130277  0.0204554 
0.23223    0.71219    -0.0110768 0.0252575 
0.23223    0.71219    -0.0110768 0.0222191 
0.158395   0.709735   0.00147024 0.0202354 
0.241316   0.707188   -0.0263695 0.0208841 
0.302736   0.621085   0.12043    0.0224633 
0.226263   0.660278   0.0919724  0.0275435 
0.199863   0.587172   0.286924   0.0232792 
0.240286   0.612024   0.186884   0.0282369 
0.212354   0.599065   0.124159   0.02154   
0.265484   0.684872   -0.017065  0.0185995 
0.309985   0.750693   -0.112364  0.0201648 
0.309985   0.750693   -0.112364  0.0153923 
0.406045   0.77905    -0.182047  0.0155238 
0.457246   0.807383   -0.233685  0.0183571 
0.35881    0.843533   -0.215505  0.0206976 
0.318272   0.940356   -0.209784  0.035161  
0.415912   1.02931    -0.207851  0.0367127 
0.502644   1.01276    -0.206246  0.0254198 
0.496111   1.01225    -0.204796  0.0365572 
0.531168   1.00047    -0.207761  0.093867  
0.531168   1.00047    -0.207761  0.0337612 
0.480279   1.03983    -0.246682  0.0346433 
0.410528   1.08881    -0.183981  0.0195587 
0.343365   0.991811   -0.250625  0.0200338 
0.393412   0.896713   -0.246082  0.0339877 
0.344299   0.927781   -0.184659  0.0220232 
0.435678   0.965897   -0.264309  0.030866  
0.522241   0.898826   -0.233811  0.0196907 
0.555625   0.844644   -0.250843  0.0185531 
0.511852   0.837175   -0.269336  0.0206618 
0.530278   0.852556   -0.259486  0.017076  
0.577709   0.83568    -0.306258  0.0375283 
0.53662    0.8988     -0.270233  0.0188312 
0.46877    0.908692   -0.286865  0.0330053 
0.553744   0.938605   -0.219189  0.0231072 
0.461734   0.987937   -0.269059  0.030995  
0.461734   0.987937   -0.269059  0.025665  
0.493543   0.91107    -0.23741   0.0173562 
0.415308   0.895305   -0.241838  0.017049  
0.439708   0.822375   -0.283174  0.0162714 
0.48623    0.891178   -0.302948  0.0156477 
0.39262    0.792622   -0.233793  0.0162925 
0.451701   0.823555   -0.253798  0.0133127 
0.537506   0.735157   -0.297265  0.0151515 
0.504675   0.797705   -0.281106  0.0165477 
0.550336   0.81465    -0.293486  0.0153079 
0.479701   0.779917   -0.270464  0.0188137 
0.570123   0.833485   -0.290026  0.0177548 
0.636565   0.822794   -0.316229  0.0329614 
0.625598   0.895597   -0.210791  0.0170657 
0.61823    0.807899   -0.30182   0.0124121 
0.603354   0.708808   -0.332072  0.0188093 
0.610358   0.796947   -0.324436  0.0133156 
0.643126   0.756403   -0.360825  0.0105752 
0.63413    0.689358   -0.354112  0.0134728 
0.72442    0.711432   -0.400497  0.0113037 
0.627676   0.685663   -0.357763  0.0113123 
0.59709    0.70034    -0.332834  0.0121487 
0.633093   0.797814   -0.369304  0.0205157 
0.710626   0.798804   -0.330928  0.0108047 
0.685692   0.706899   -0.387094  0.0337065 
0.784414   0.798289   -0.278903  0.0361688 
0.840406   0.846129   -0.181093  0.0347238 
0.879045   0.792956   -0.219828  0.0518882 
0.879045   0.792956   -0.219828  0.0567815 
0.879045   0.792956   -0.219828  0.0334451 
0.977392   0.766779   -0.140751  0.0402742 
0.932532   0.758194   -0.144746  0.0692034 
1.00348    0.776052   0.044959   0.0543506 
1.00348    0.776052   0.044959   0.0301063 
0.955423   0.750125   -0.177335  0.0383866 
1.01132    0.717799   -0.142503  0.055247  
1.0672     0.698536   0.000879314 0.0589522 
0.992838   0.765567   -0.0119681 0.0288542 
0.927583   0.773202   -0.211338  0.04441   
0.900622   0.854395   -0.0235945 0.051045  
0.965807   0.779617   -0.112348  0.0345189 
0.947339   0.782958   -0.130632  0.0213516 
0.874042   0.72104    -0.371909  0.0199813 
0.917356   0.726317   -0.314202  0.0438839 
0.950851   0.761282   -0.0847545 0.0523042 
0.940287   0.842185   -0.0332224 0.0459917 
0.951967   0.781017   -0.0795638 0.0196025 
0.905285   0.723213   -0.329598  0.0154593 
0.968991   0.623783   -0.318641  0.0214862 
0.911018   0.710584   -0.297947  0.0231712 
0.970059   0.712354   -0.236819  0.0200298 
0.894207   0.70124    -0.346974  0.0335704 
0.916268   0.698102   -0.255352  0.00734058
0.841402   0.635578   -0.435776  0.0162462 
0.846922   0.677099   -0.40379   0.0146635 
0.78424    0.68325    -0.396032  0.0169782 
0.853639   0.738385   -0.36425   0.0111516 
0.845082   0.676316   -0.428572  0.0095973 
0.758834   0.590974   -0.426679  0.00781163
0.771773   0.583861   -0.442863  0.00918969
0.784809   0.57322    -0.428938  0.00959837
0.827422   0.635241   -0.431935  0.0125961 
0.879756   0.543972   -0.359889  0.0141978 
0.879756   0.543972   -0.359889  0.0119842 
0.92166    0.549349   -0.361654  0.011574  
0.927904   0.603579   -0.386114  0.0322105 
1.00201    0.666477   -0.162457  0.0452774 
1.07397    0.720368   0.0333296  0.0194836 
1.00083    0.62081    -0.274639  0.016222  
0.912336   0.660987   -0.364428  0.0126728 
0.930924   0.615457   -0.353537  0.00723634
0.860365   0.635239   -0.437253  0.0186537 
0.927578   0.679656   -0.321124  0.0142871 
0.834634   0.639899   -0.423098  0.00879413
0.764194   0.689015   -0.432396  0.0132278 
0.838016   0.652197   -0.4166    0.0161684 
0.814078   0.554142   -0.395122  0.024417  
0.814078   0.554142   -0.395122  0.00847192
0.714963   0.577628   -0.407955  0.00680543
0.743247   0.626381   -0.421217  0.0096758 
0.689992   0.593276   -0.394055  0.0098228 
0.611283   0.615754   -0.328096  0.0132211 
0.54044    0.531288   -0.145167  0.0138711 
0.551697   0.571167   -0.252783  0.0146845 
0.502886   0.648272   -0.231355  0.0166869 
0.502886   0.648272   -0.231355  0.0152249 
0.502886   0.648272   -0.231355  0.0113493 
0.574764   0.650539   -0.30463   0.0131967 
0.575858   0.732013   -0.31146   0.00989763
0.602597   0.635363   -0.307406  0.00956503
0.633324   0.599225   -0.354477  0.00783596
0.713597   0.587441   -0.429845  0.00759516
0.676349   0.633463   -0.397382  0.00684405
0.76269    0.637143   -0.442666  0.0133187 
0.803874   0.537266   -0.397101  0.0161961 
0.709765   0.507821   -0.288919  0.00820724
0.666462   0.603464   -0.385179  0.0130543 
0.676234   0.535711   -0.34211   0.0246989 
0.676234   0.535711   -0.34211   0.0101612 
0.685862   0.5636     -0.383938  0.0137426 
0.675237   0.52336    -0.296679  0.0276228 
0.603516   0.439007   0.0255938  0.0153812 
0.621589   0.507281   -0.227544  0.00787516
0.690633   0.589715   -0.402407  0.00884513
0.734862   0.660032   -0.418265  0.0157855 
0.713321   0.74555    -0.375656  0.00802987
0.691484   0.674768   -0.404406  0.00653873
0.711228   0.634259   -0.41822   0.00954263
0.697704   0.712278   -0.390708  0.00965793
0.685522   0.704291   -0.387843  0.0113824 
0.603402   0.747803   -0.361741  0.0142498 
0.53389    0.716221   -0.275955  0.00918265
0.619445   0.633389   -0.343938  0.0120502 
0.559468   0.60172    -0.274964  0.0147351 
0.534349   0.547072   -0.203391  0.0104483 
0.60061    0.634617   -0.333384  0.015009  
0.502266   0.586526   -0.17251   0.0184688 
0.442526   0.496856   0.0566015  0.0211221 
0.364648   0.545399   0.137665   0.0204699 
0.36007    0.597558   0.0436226  0.0241182 
0.341705   0.547034   0.153869   0.0251861 
0.325441   0.527063   0.284013   0.0329087 
0.325441   0.527063   0.284013   0.0225901 
0.38366    0.498831   0.15427    0.0280002 
0.305962   0.501346   0.267334   0.0291589 
0.268318   0.47778    0.52329    0.0315904 
0.300794   0.402544   0.603412   0.0504799 
0.260607   0.312664   1.1204     0.0508086 
0.297435   0.310372   0.949024   0.0869594 
0.297435   0.310372   0.949024   0.0389098 
0.356182   0.333998   0.656158   0.0366766 
0.394346   0.346664   0.558721   0.0392049 
0.441998   0.364247   0.447267   0.0220811 
0.531771   0.463531   -0.114521  0.0404957 
0.558483   0.385844   0.282848   0.08731   
0.558483   0.385844   0.282848   0.0569665 
0.558483   0.385844   0.282848   0.0224994 
0.517028   0.446896   -0.00628104 0.0312203 
0.435264   0.397996   0.204153   0.0876537 
0.435264   0.397996   0.204153   0.0323688 
0.467159   0.380788   0.24604    0.0332884 
0.426551   0.374439   0.334213   0.0565588 
0.327938   0.296967   0.985535   0.087332  
0.340216   0.271997   1.2236     0.0720674 
0.365609   0.286232   1.13487    0.171759  
0.365609   0.286232   1.13487    0.0328496 
0.407127   0.37174    0.345701   0.0460705 
0.419297   0.340393   0.510989   0.127748  
0.419297   0.340393   0.510989   0.0292893 
0.412218   0.382105   0.348535   0.0251886 
0.407281   0.453214   0.158544   0.0244278 
0.369394   0.484336   0.1999     0.0249234 
0.275499   0.581841   0.198518   0.030248  
0.209459   0.53084    0.431995   0.0347509 
0.259457   0.4457     0.55333    0.0267712 
0.264909   0.530888   0.339762   0.0239978 
0.325666   0.560612   0.199295   0.0201877 
0.416916   0.537612   0.043234   0.0144728 
0.516339   0.560139   -0.174792  0.019235  
0.502924   0.484704   -0.0713828 0.0283775 
0.480261   0.41135    0.134239   0.0256246 
0.469497   0.415023   0.141926   0.0296189 
0.468281   0.399422   0.212693   0.0645968 
0.468281   0.399422   0.212693   0.0265474 
0.399242   0.396169   0.31877    0.0407374 
0.483556   0.370266   0.362937   0.0220581 
0.550469   0.451269   -0.0767439 0.0476742 
0.52521    0.367372   0.291222   0.0623201 
0.52521    0.367372   0.291222   0.0246168 
0.504571   0.446183   -0.0308102 0.019975  
0.599018   0.482609   -0.225993  0.0329862 
0.599018   0.482609   -0.225993  0.041925  
0.542764   0.384451   0.202299   0.0279247 
0.461912   0.41935    0.110773   0.0242283 
0.37403    0.489976   0.172262   0.0235645 
0.333534   0.552919   0.151966   0.0232472 
0.352473   0.562873   0.0792883  0.029482  
0.290782   0.498273   0.359213   0.0285255 
0.272179   0.515462   0.38847    0.0261839 
0.349671   0.462627   0.313196   0.0227554 
0.387032   0.501975   0.135224   0.0190466 
0.456242   0.459121   0.0802032  0.0224457 
0.436571   0.436082   0.158405   0.0229606 
0.3859     0.496197   0.181546   0.0193119 
0.450596   0.533344   -0.0330203 0.0214398 
0.361624   0.547945   0.154473   0.0211516 
0.35279    0.619464   0.00444752 0.0222917 
0.384553   0.52762    0.122339   0.0177142 
0.439357   0.57697    -0.0715084 0.0212432 
0.350272   0.630377   -0.0218677 0.0176515 
0.370652   0.70514    -0.131872  0.0155294 
0.402745   0.779312   -0.22703   0.015856  
0.468475   0.783596   -0.251659  0.0196809 
0.560252   0.854847   -0.274949  0.0168195 
0.56663    0.854215   -0.314537  0.0451161 
0.56663    0.854215   -0.314537  0.0156239 
0.490726   0.839168   -0.286739  0.0163042 
0.52948    0.797731   -0.272866  0.0153031 
0.479516   0.788904   -0.278901  0.0154694 
0.468193   0.761781   -0.238545  0.0145703 
0.488091   0.668814   -0.200016  0.0154332 
0.457      0.702911   -0.211108  0.0165303 
0.393044   0.767375   -0.200147  0.0160276 
0.462498   0.83516    -0.265323  0.013498  
0.499345   0.770093   -0.276899  0.0118711 
0.57756    0.691401   -0.314249  0.0137238 
0.518423   0.642433   -0.254873  0.0138078 
0.513133   0.663676   -0.226325  0.013947  
0.535692   0.604133   -0.256501  0.0154057 
0.525875   0.528925   -0.157579  0.0223301 
0.557173   0.452711   -0.0661546 0.0190264 
0.477097   0.524559   -0.100439  0.0140433 
0.574944   0.502578   -0.155506  0.0252171 
0.574944   0.502578   -0.155506  0.0324989 
0.550647   0.413306   0.0963414  0.0427258 
0.543141   0.381941   0.264114   0.0780847 
0.543141   0.381941   0.264114   0.0983982 
0.543141   0.381941   0.264114   0.0519426 
0.533698   0.369546   0.30743    0.0475746 
0.518344   0.367954   0.32964    0.0542278 
0.46607    0.332111   0.693978   0.0544706 
0.46607    0.332111   0.693978   0.0603954 
0.511594   0.341364   0.755647   0.0256139 
0.492691   0.43479    0.024256   0.0169966 
0.498298   0.533813   -0.127186  0.0112794 
0.597552   0.591609   -0.307782  0.0152202 
0.608119   0.514921   -0.250042  0.0085702 
0.675679   0.583804   -0.376247  0.007214  
0.753193   0.68359    -0.44025   0.00761281
0.674758   0.640683   -0.394574  0.00788929
0.728378   0.590587   -0.424899  0.00759103
0.729526   0.59158    -0.427038  0.0163918 
0.818781   0.668615   -0.410462  0.0185144 
0.760716   0.754592   -0.350958  0.0377867 
0.795386   0.836903   -0.201008  0.0378116 
0.756829   0.860358   -0.185715  0.0286305 
0.715061   0.818635   -0.2499    0.0150702 
0.662834   0.788462   -0.341803  0.01567   
0.746614   0.761794   -0.377462  0.0148011 
0.728491   0.749426   -0.367527  0.0269624 
0.728491   0.749426   -0.367527  0.0245969 
0.666691   0.834911   -0.250979  0.0175349 
0.698761   0.792665   -0.328562  0.0196628 
0.675373   0.781221   -0.339026  0.0124336 
0.675373   0.781221   -0.339026  0.0119309 
0.59895    0.720871   -0.308733  0.0127158 
0.564163   0.713288   -0.300146  0.0116149 
0.635629   0.700577   -0.349183  0.0110435 
0.608063   0.711137   -0.335306  0.0125394 
0.66526    0.758989   -0.368242  0.0123568 
0.677076   0.730873   -0.37764   0.0168763 
0.689521   0.767327   -0.37004   0.0208218 
0.627575   0.76959    -0.319651  0.0114699 
0.724688   0.72126    -0.386339  0.022042  
0.75542    0.752972   -0.353452  0.00825122
0.743174   0.662739   -0.429764  0.00919928
0.788139   0.567441   -0.412377  0.00894804
0.691688   0.663523   -0.394778  0.00706916
0.724276   0.608857   -0.425891  0.0152975 
0.739492   0.52064    -0.346842  0.0326017 
0.73665    0.438409   -0.0310872 0.0333764 
0.821638   0.441109   -0.0568235 0.0418357 
0.837451   0.390034   0.444983   0.0572441 
0.742373   0.348446   0.854242   0.0805783 
0.742373   0.348446   0.854242   0.0734286 
0.697149   0.333355   1.02644    0.132981  
0.697149   0.333355   1.02644    0.0607787 
0.722688   0.356356   0.72081    0.0578949 
0.688332   0.357219   0.765106   0.0770157 
0.660561   0.325487   1.14986    0.140677  
0.660561   0.325487   1.14986    0.041925  
0.693298   0.407504   0.146471   0.0773321 
0.693298   0.407504   0.146471   0.0245524 
0.714623   0.46566    -0.162146  0.0370073 
0.805058   0.424684   0.0948859  0.033306  
0.846025   0.431906   0.0679127  0.0186121 
0.866303   0.496286   -0.212234  0.0139644 
0.877118   0.53087    -0.353566  0.00966268
0.874266   0.605965   -0.415249  0.0150356 
0.82275    0.676009   -0.40914   0.0242663 
0.869485   0.731577   -0.282768  0.0373909 
0.897559   0.724827   -0.2915    0.0428105 
0.955623   0.806527   -0.0570005 0.0520064 
0.959686   0.781508   -0.10081   0.0443818 
1.0576     0.757014   0.0925797  0.0515983 
1.15       0.734695   0.270766   0.0577518 
1.08864    0.818549   0.288652   0.0363977 
0.996353   0.760558   -0.077617  0.0520298 
1.00555    0.819087   0.127321   0.0586975 
0.965921   0.908235   0.124083   0.0683719 
0.959691   0.916303   0.242764   0.0481153 
0.93321    0.843288   0.0361269  0.0694688 
0.847198   0.910782   0.00729537 0.0676122 
0.793446   1.00263    0.070167   0.0716632 
0.740416   0.998206   0.149798   0.0488628 
0.728882   1.00942    0.0165812  0.0500089 
0.72552    0.915709   -0.142795  0.0281041 
0.649788   0.88327    -0.235     0.0396448 
0.743576   0.87045    -0.172679  0.0258479 
0.689252   0.878449   -0.254043  0.0411158 
0.724988   0.913308   -0.129228  0.0486124 
0.676429   0.990252   -0.103977  0.0370309 
0.622003   1.0493     -0.124274  0.0508576 
0.636648   0.96907    -0.218533  0.0285388 
0.702704   0.929883   -0.201839  0.0501921 
0.642395   0.888454   -0.232489  0.0358626 
0.725374   0.913447   -0.146323  0.0580872 
0.79142    0.936961   -0.00525948 0.0482481 
0.800989   0.97989    0.0531848  0.0605096 
0.753418   0.96889    -0.0815295 0.0576012 
0.732677   1.04801    0.0234315  0.0571684 
0.690364   1.09418    0.075594   0.0570823 
0.601667   1.12675    0.102694   0.0470284 
0.518828   1.05715    -0.145916  0.0394316 
0.42402    1.06925    -0.162978  0.0292634 
0.32925    1.06219    -0.22135   0.0644874 
0.350336   1.11405    -0.0399503 0.0434316 
0.280723   1.15519    -0.139557  0.0294315 
0.187635   1.08322    -0.179019  0.0539451 
0.119402   1.06168    -0.193789  0.036769  
0.158159   1.15975    -0.151967  0.0380967 
0.220636   1.25901    -0.0561737 0.0619218 
0.286259   1.23744    0.00186783 0.130438  
0.357117   1.286      0.421639   0.0856518 
0.3903     1.27281    0.267437   0.118045  
0.398127   1.28432    0.440068   0.0733267 
0.356584   1.19463    0.110176   0.0551766 
0.332821   1.22002    0.063601   0.0660034 
0.325828   1.22163    0.0402307  0.0689503 
0.236539   1.24043    0.127382   0.0504829 
0.277093   1.16177    -0.0360587 0.0257257 
0.364061   1.07437    -0.215412  0.0277924 
0.366      1.05442    -0.243585  0.0424388 
0.418012   1.12694    -0.0755069 0.0956829 
0.319747   1.21127    0.0494194  0.0555566 
0.279763   1.21597    -0.0275346 0.0883741 
0.279763   1.21597    -0.0275346 0.0414537 
0.189609   1.11611    -0.144255  0.0240007 
0.191939   1.04818    -0.232258  0.0508866 
0.18644    1.14338    -0.160229  0.0645769 
0.18644    1.14338    -0.160229  0.0627321 
0.279472   1.14399    -0.0931516 0.0362766 
0.370619   1.04696    -0.219302  0.0435801 
0.31681    1.04882    -0.148915  0.0288772 
0.235414   1.0437     -0.195987  0.0564722 
0.191483   1.09529    -0.0699723 0.0571864 
0.218812   1.18182    0.0150021  0.0499458 
0.13016    1.23613    -0.0211784 0.107165  
0.130835   1.27809    0.160916   0.0918689 
0.130835   1.27809    0.160916   0.103049  
0.130835   1.27809    0.160916   0.0651689 
0.151915   1.31278    0.0981632  0.127838  
0.183487   1.37012    0.341427   0.0863713 
0.110386   1.32413    0.286226   0.0700663 
0.0724983  1.29411    0.0920417  0.0753996 
0.0724983  1.29411    0.0920417  0.0950017 
0.0355286  1.3382     0.364498   0.124788  
0.0523321  1.29654    0.370145   0.081293  
0.0609657  1.29736    0.236346   0.0605995 
-0.0184906 1.28567    0.0791734  0.0622772 
-0.085031  1.22734    0.042111   0.0314016 
-0.0201149 1.12823    -0.164813  0.0322627 
-0.00227403 1.09921    -0.236674  0.0412874 
-0.100452  1.14882    -0.159953  0.0235207 
-0.178412  1.07122    -0.236801  0.0543571 
-0.170773  1.00523    -0.197078  0.027521  
-0.103263  1.05288    -0.230695  0.0412068 
-0.125938  1.05456    -0.171815  0.0225537 
-0.0873467 1.0417     -0.274759  0.023164  
-0.053305  1.07534    -0.265615  0.0427106 
-0.107779  1.08411    -0.207168  0.0406981 
-0.0926999 1.15728    -0.124305  0.0360113 
-0.137399  1.1495     -0.13937   0.0528888 
-0.0962528 1.17054    -0.106209  0.0262375 
-0.0824063 1.0811     -0.223743  0.0543345 
-0.115681  1.17267    -0.12803   0.0429758 
-0.181959  1.19544    -0.120299  0.0724641 
-0.18001   1.1867     0.00198088 0.0377554 
-0.265495  1.13576    -0.154674  0.0810604 
-0.328623  1.20738    0.156133   0.0744625 
-0.39205   1.20694    0.113805   0.0713875 
-0.39205   1.20694    0.113805   0.0816151 
-0.362078  1.24572    0.115443   0.0682108 
-0.418127  1.23682    0.178662   0.0744249 
-0.428068  1.13867    -0.0167602 0.0695061 
-0.43175   1.20839    0.123592   0.0600771 
-0.457636  1.22514    0.191983   0.107644  
-0.406528  1.322      0.513979   0.115401  
-0.383015  1.34553    0.594801   0.083565  
-0.319758  1.29567    0.284481   0.103754  
-0.253736  1.30832    0.307294   0.0538583 
-0.308774  1.26818    0.0487525  0.0886355 
-0.308774  1.26818    0.0487525  0.0436263 
-0.269488  1.21804    -0.0253536 0.0819753 
-0.246352  1.24829    0.0565974  0.0617105 
-0.333736  1.24967    0.14615    0.0649926 
-0.258311  1.19622    0.0674278  0.0499274 
-0.349776  1.16723    -0.054318  0.0527685 
-0.303126  1.08568    -0.137013  0.0833109 
-0.239464  1.17467    -0.0536899 0.0638104 
-0.334035  1.22818    0.0912566  0.0441401 
-0.350432  1.13232    -0.113517  0.0446132 
-0.405861  1.19275    -0.0987434 0.103485  
-0.405861  1.19275    -0.0987434 0.137597  
-0.405861  1.19275    -0.0987434 0.0429654 
-0.393719  1.18103    -0.11225   0.0694902 
-0.417134  1.17626    0.084024   0.0646955 
-0.495299  1.15524    0.0448077  0.0709639 
-0.566624  1.0993     0.0446168  0.047741  
-0.610996  1.03035    -0.124635  0.0388502 
-0.628456  0.98857    -0.140592  0.0868546 
-0.667167  1.06255    0.0630081  0.046573  
-0.69464   0.998827   0.0198591  0.0801558 
-0.789385  1.09546    0.388677   0.116587  
-0.699395  1.16224    0.383521   0.0876734 
-0.785223  1.17221    0.576588   0.101154  
-0.712339  1.17509    0.526232   0.115658  
-0.6579    1.26698    0.677814   0.183542  
-0.6579    1.26698    0.677814   0.086539  
-0.75127   1.21336    0.507299   0.121811  
-0.716692  1.18786    0.631662   0.100919  
-0.698969  1.21732    0.55924    0.0989711 
-0.709299  1.17372    0.516876   0.0686768 
-0.669977  1.12706    0.151611   0.0548923 
-0.604129  1.10176    0.0162867  0.0437221 
-0.541143  1.14081    -0.0304897 0.0794553 
-0.521966  1.19607    0.249987   0.074115  
-0.451026  1.21129    0.191527   0.0653351 
-0.461003  1.19385    0.126679   0.0857638 
-0.461003  1.19385    0.126679   0.0460933 
-0.450114  1.22354    -0.036808  0.0681796 
-0.431248  1.21387    0.135081   0.132906  
-0.379261  1.28768    0.470396   0.113238  
-0.382911  1.21282    0.419111   0.0467244 
-0.343736  1.15816    -0.0937933 0.0856371 
-0.343736  1.15816    -0.0937933 0.0446999 
-0.418912  1.15852    -0.093202  0.0428689 
-0.408678  1.11001    -0.120002  0.035164  
-0.387942  1.1302     -0.148791  0.0331472 
-0.428294  1.03794    -0.187576  0.0542039 
-0.49686   1.08182    -0.0741638 0.0505477 
-0.553073  1.05367    -0.050179  0.0647548 
-0.478076  1.13603    0.0295242  0.041392  
-0.426455  1.1161     -0.10695   0.0560104 
-0.363524  1.16624    -0.0474554 0.0584517 
-0.416605  1.21194    0.110772   0.0441628 
-0.48898   1.17681    -0.0842495 0.0506294 
-0.45806   1.10927    -0.0694653 0.0677658 
-0.506653  1.1599     0.126984   0.0853098 
-0.451213  1.11283    -0.0449509 0.0303852 
-0.4564    1.03179    -0.211382  0.0361489 
-0.540727  1.01043    -0.110604  0.0611635 
-0.556637  1.03549    -0.107492  0.0852412 
-0.648907  1.09484    0.119637   0.0938865 
-0.722216  1.10638    0.292154   0.0650607 
-0.815963  1.05231    0.201361   0.0868607 
-0.815963  1.05231    0.201361   0.0449784 
-0.734803  0.96222    -0.0937238 0.0482519 
-0.677716  1.04744    -0.0169447 0.0419753 
-0.584314  0.951064   -0.201722  0.0371381 
-0.485377  1.01759    -0.209535  0.0381836 
-0.53588   1.04502    -0.177037  0.0598312 
-0.590339  1.10208    0.00207451 0.0611566 
-0.529139  1.18859    0.0909797  0.0874818 
-0.436484  1.26447    0.331042   0.0719217 
-0.448402  1.23427    0.228794   0.0704817 
-0.456721  1.23696    0.114078   0.113318  
-0.456721  1.23696    0.114078   0.0902959 
-0.46513   1.25567    0.32176    0.189038  
-0.46513   1.25567    0.32176    0.16018   
-0.384163  1.29126    0.57222    0.0723212 
-0.362967  1.29305    0.211992   0.0923505 
-0.433354  1.25653    0.32046    0.0520985 
-0.368128  1.22975    0.00629046 0.14254   
-0.368128  1.22975    0.00629046 0.0559124 
-0.306606  1.20531    0.0295449  0.101905  
-0.237306  1.27371    0.266213   0.0783986 
-0.19335   1.35195    0.321107   0.0836738 
-0.162464  1.34968    0.341845   0.130281  
-0.24223   1.40473    0.656929   0.133173  
-0.171447  1.41137    0.83335    0.122245  
-0.20394   1.35839    0.52581    0.0932209 
-0.23334   1.39031    0.486806   0.165888  
-0.23334   1.39031    0.486806   0.0815367 
-0.257861  1.3497     0.320787   0.0717861 
-0.224483  1.26107    0.0658498  0.0466057 
-0.197479  1.16775    -0.102458  0.0532107 
-0.138188  1.18676    -0.0833045 0.0469211 
-0.147039  1.15707    -0.0995729 0.068147  
-0.147039  1.15707    -0.0995729 0.0535099 
-0.0553452 1.2222     -0.0868597 0.0602685 
-0.0813575 1.27133    0.094651   0.0746264 
-0.0545981 1.28675    0.0683262  0.0881365 
-0.0504151 1.3502     0.315898   0.0777134 
-0.0881331 1.2748     0.0960097  0.0887184 
-0.143529  1.2817     0.116923   0.0648547 
-0.220587  1.26879    0.0866536  0.0920742 
-0.242456  1.3483     0.408446   0.0947731 
-0.19827   1.28006    0.0799984  0.0794059 
-0.195669  1.23809    0.00660545 0.0687239 
-0.269175  1.24975    0.0923414  0.102243  
-0.255012  1.26099    0.153594   0.111795  
-0.171458  1.33314    0.307896   0.140986  
-0.232149  1.32861    0.420898   0.0767042 
-0.303286  1.31664    0.303577   0.116622  
-0.402117  1.37654    0.626054   0.194278  
-0.402117  1.37654    0.626054   0.125592  
-0.395195  1.47192    0.861191   0.22083   
-0.408767  1.37622    1.00627    0.140705  
-0.354707  1.40739    0.756879   0.0752531 
-0.371477  1.32365    0.319787   0.131313  
-0.393441  1.4095     0.702415   0.204437  
-0.377654  1.50454    1.67577    0.179301  
-0.347258  1.52679    1.44628    0.21001   
-0.286936  1.45063    1.10616    0.101546  
-0.192982  1.46392    0.652257   0.137588  
-0.192982  1.46392    0.652257   0.193726  
-0.170987  1.50965    1.20695    0.126004  
-0.0957332 1.48618    0.907127   0.17586   
-0.123187  1.51413    1.01427    0.156887  
-0.181989  1.48142    1.16152    0.160839  
-0.181989  1.48142    1.16152    0.177902  
-0.181989  1.48142    1.16152    0.0824456 
-0.108995  1.39529    0.334516   0.0808282 
-0.203424  1.31116    0.16175    0.0589541 
-0.267774  1.27107    0.131196   0.0979049 
-0.188661  1.30818    0.205919   0.0753617 
-0.211148  1.20862    0.0607431  0.0821697 
-0.248518  1.22896    0.195279   0.105986  
-0.219546  1.31842    0.474903   0.0806981 
-0.301703  1.24143    0.172574   0.104917  
-0.270956  1.29585    0.351285   0.0948438 
-0.270956  1.29585    0.351285   0.0902172 
-0.313497  1.2703     0.228437   0.0656442 
-0.251589  1.18158    0.0650569  0.0457143 
-0.162524  1.17485    -0.0697947 0.0267363 
-0.196582  1.09845    -0.247412  0.0265592 
-0.196582  1.09845    -0.247412  0.0283972 
-0.120733  1.12053    -0.215304  0.0377955 
-0.202501  1.13108    -0.166495  0.0888007 
-0.104268  1.15906    -0.0371265 0.070893  
-0.083305  1.25504    0.106277   0.0773879 
-0.181186  1.28322    0.227289   0.0922477 
-0.166454  1.36371    0.380408   0.0948796 
-0.185155  1.39676    0.489367   0.159464  
-0.185155  1.39676    0.489367   0.234237  
-0.185155  1.39676    0.489367   0.119322  
-0.265581  1.42296    0.644138   0.11632   
-0.346487  1.33321    0.503124   0.127496  
-0.32464   1.41686    0.784555   0.163854  
-0.284723  1.51221    1.37832    0.326398  
-0.202784  1.514      1.69449    0.279632  
-0.146498  1.54227    1.53333    0.313382  
-0.135471  1.6172     2.08363    0.183395  
-0.109399  1.5484     1.37022    0.177158  
-0.12688   1.60223    1.69571    0.276419  
-0.12688   1.60223    1.69571    0.18412   
-0.0517638 1.58124    1.52657    0.195376  
0.0157579  1.62012    1.66589    0.179665  
-0.0410274 1.60661    1.49033    0.209786  
-0.0410274 1.60661    1.49033    0.242402  
-0.0410274 1.60661    1.49033    0.157304  
0.0133231  1.64701    1.46541    0.2333    
0.0133231  1.64701    1.46541    0.314196  
0.0133231  1.64701    1.46541    0.216016  
0.0535171  1.60857    1.75646    0.214692  
0.142791   1.64051    1.98918    0.266602  
0.142791   1.64051    1.98918    0.338598  
0.142791   1.64051    1.98918    0.22219   
0.20673    1.66407    2.06204    0.171045  
0.198424   1.57573    1.52868    0.214134  
0.167545   1.5956     1.58696    0.374978  
0.167545   1.5956     1.58696    0.259034  
0.146238   1.54964    1.60219    0.249076  
0.191011   1.64478    2.16386    0.18424   
0.0923731  1.60251    1.5757     0.147588  
0.039864   1.50298    0.957633   0.139971  
0.00937016 1.45353    0.866057   0.130201  
0.0362064  1.44317    0.772335   0.11691   
0.12945    1.35435    0.472956   0.117427  
0.0298676  1.42465    0.680615   0.0998295 
0.0647862  1.39656    0.484227   0.157249  
0.0647862  1.39656    0.484227   0.120048  
0.102785   1.46908    0.845413   0.202077  
0.102785   1.46908    0.845413   0.132188  
0.14113    1.45611    0.822852   0.152973  
0.123659   1.51889    1.17272    0.130247  
0.0921715  1.55669    1.13753    0.365389  
0.0921715  1.55669    1.13753    0.255239  
0.0921715  1.55669    1.13753    0.24707   
0.0921715  1.55669    1.13753    0.145606  
0.0139742  1.54184    1.12108    0.198895  
0.0139742  1.54184    1.12108    0.197297  
0.0287224  1.63646    1.63261    0.21441   
0.0287224  1.63646    1.63261    0.207952  
-0.0477064 1.63932    2.04116    0.207005  
0.0302569  1.6654     2.09803    0.335183  
0.0302569  1.6654     2.09803    0.182214  
0.0588739  1.59919    1.39971    0.267136  
0.0588739  1.59919    1.39971    0.175782  
0.0762872  1.54049    1.47087    0.18537   
0.131354   1.51578    1.42409    0.144062  
0.122684   1.46854    0.912102   0.14811   
0.204535   1.51467    1.03747    0.14158   
0.134617   1.54168    1.09631    0.135853  
0.179516   1.49564    0.972556   0.175984  
0.179516   1.49564    0.972556   0.334408  
0.196833   1.49041    1.25503    0.204875  
0.15653    1.53865    1.46161    0.193552  
0.154772   1.57708    1.87056    0.234598  
0.134848   1.61463    1.65042    0.409429  
0.134848   1.61463    1.65042    0.23445   
0.16976    1.51918    1.15509    0.146375  
0.158505   1.45873    1.07978    0.155535  
0.18503    1.46987    0.941879   0.104112  
0.195242   1.40388    0.412367   0.129608  
0.17136    1.44832    0.755357   0.168462  
0.17136    1.44832    0.755357   0.149835  
0.17136    1.44832    0.755357   0.152337  
0.160754   1.51925    1.30479    0.205885  
0.160754   1.51925    1.30479    0.173922  
0.0931565  1.50561    0.991675   0.1137    
0.158836   1.4299     0.791055   0.112704  
0.172499   1.45751    0.714601   0.118256  
0.172499   1.45751    0.714601   0.13034   
0.172499   1.45751    0.714601   0.0969346 
0.20222    1.39085    0.506961   0.09047   
0.294586   1.38757    0.396566   0.171556  
0.307859   1.46482    1.15684    0.138741  
0.215064   1.47414    0.84474    0.179163  
0.215064   1.47414    0.84474    0.151399  
0.130972   1.46833    1.09238    0.112306  
0.0751188  1.44735    0.737887   0.197739  
0.133487   1.49261    1.40834    0.18403   
0.123919   1.55562    1.59303    0.194013  
0.133089   1.5927     1.69554    0.202016  
0.214932   1.55425    1.61001    0.111181  
0.218166   1.48546    0.790871   0.13988   
0.152018   1.46463    0.756278   0.0715691 
0.251637   1.36689    0.339688   0.134403  
0.251637   1.36689    0.339688   0.145829  
0.348069   1.34845    0.818265   0.167318  
0.349941   1.38209    0.614345   0.186948  
0.349941   1.38209    0.614345   0.260817  
0.349941   1.38209    0.614345   0.107899  
0.29726    1.42891    0.675876   0.244719  
0.29726    1.42891    0.675876   0.243313  
0.340213   1.45961    1.30657    0.222974  
0.340213   1.45961    1.30657    0.215401  
0.43633    1.49701    1.74477    0.27674   
0.419551   1.58401    2.10753    0.228458  
0.510781   1.50714    1.94569    0.144352  
0.435292   1.46748    1.12488    0.228656  
0.505059   1.43163    1.78774    0.200553  
0.455907   1.52746    1.71177    0.223026  
0.455907   1.52746    1.71177    0.135704  
0.426869   1.44218    1.04459    0.124058  
0.42612    1.34466    0.742779   0.0652738 
