#MU        SIGMA      ENERGY     ERROR     
-0.646063  0.886213   -0.215386  0.0242297 
-0.572982  0.904258   -0.282957  0.0329246 
-0.606269  0.990722   -0.180365  0.0560373 
-0.598427  1.0762     -0.0458548 0.0438009 
-0.64763   1.01544    -0.0981858 0.0716835 
-0.662159  1.0727     0.0468534  0.0679479 
-0.662159  1.0727     0.0468534  0.0566556 
-0.698694  1.10404    0.0963525  0.0825481 
-0.607249  1.17492    0.254848   0.0466556 
-0.571072  1.09195    -0.0573445 0.0559331 
-0.571072  1.09195    -0.0573445 0.0521978 
-0.586444  1.17955    0.0828595  0.135024  
-0.586444  1.17955    0.0828595  0.0989343 
-0.6807    1.16426    0.3769     0.143645  
-0.6807    1.16426    0.3769     0.0641163 
-0.711742  1.0796     0.146101   0.0936275 
-0.711742  1.0796     0.146101   0.0814511 
-0.711742  1.0796     0.146101   0.0961116 
-0.71303   1.07346    0.246583   0.0693202 
-0.78836   1.02546    0.231682   0.0844334 
-0.697359  1.08919    0.327447   0.0729232 
-0.757021  1.09447    0.207231   0.102068  
-0.841298  1.13249    0.645826   0.0862012 
-0.89797   1.08839    0.465975   0.09706   
-0.85657   1.06966    0.445842   0.0654322 
-0.80048   1.07378    0.274211   0.0852835 
-0.759035  1.10688    0.263412   0.109749  
-0.759035  1.10688    0.263412   0.097861  
-0.84404   1.16962    0.614709   0.18399   
-0.84404   1.16962    0.614709   0.0743195 
-0.836     1.0954     0.39596    0.0872963 
-0.852742  1.04083    0.287167   0.102705  
-0.852742  1.04083    0.287167   0.103774  
-0.852742  1.04083    0.287167   0.0602597 
-0.833624  0.963324   0.0996597  0.0767997 
-0.916053  0.990174   0.385582   0.132418  
-0.963033  1.02017    0.835461   0.0709887 
-0.955496  0.931067   0.223002   0.0795954 
-1.00878   0.968556   0.511404   0.0476358 
-0.933889  0.870572   0.00579568 0.0564633 
-0.916747  0.818486   -0.0511627 0.06383   
-1.01094   0.874236   0.2457     0.0741703 
-1.01094   0.874236   0.2457     0.0703031 
-0.925287  0.93905    0.275608   0.0727147 
-0.925287  0.93905    0.275608   0.064915  
-0.915625  1.00231    0.291895   0.0848948 
-0.915625  1.00231    0.291895   0.0918001 
-0.915625  1.00231    0.291895   0.0928886 
-0.858691  1.06354    0.551096   0.101864  
-0.810165  1.10061    0.593692   0.171889  
-0.810165  1.10061    0.593692   0.114838  
-0.8388    1.14875    0.67237    0.11787   
-0.8388    1.14875    0.67237    0.116979  
-0.791691  1.23366    0.759079   0.18518   
-0.791691  1.23366    0.759079   0.154661  
-0.791691  1.23366    0.759079   0.103487  
-0.696037  1.2673     0.569347   0.102586  
-0.620781  1.22382    0.433745   0.120223  
-0.620781  1.22382    0.433745   0.0879473 
-0.656795  1.20938    0.41877    0.103941  
-0.656795  1.20938    0.41877    0.0894888 
-0.656795  1.20938    0.41877    0.0990847 
-0.656795  1.20938    0.41877    0.121734  
-0.700788  1.2127     0.68996    0.11474   
-0.717288  1.14925    0.470653   0.0795754 
-0.805764  1.09142    0.400091   0.10804   
-0.843987  1.17651    0.741145   0.124767  
-0.847995  1.16796    0.885899   0.124544  
-0.813773  1.1351     0.778436   0.123303  
-0.770808  1.21202    0.818132   0.128771  
-0.861402  1.20737    1.02835    0.116715  
-0.917045  1.14039    0.787924   0.115961  
-0.93101   1.07291    0.843956   0.120616  
-0.91559   1.15139    0.75135    0.132144  
-0.91559   1.15139    0.75135    0.140206  
-0.91559   1.15139    0.75135    0.157641  
-0.91559   1.15139    0.75135    0.136802  
-0.91559   1.15139    0.75135    0.171076  
-0.91559   1.15139    0.75135    0.0951493 
-0.846908  1.08226    0.426254   0.142707  
-0.846908  1.08226    0.426254   0.109714  
-0.846908  1.08226    0.426254   0.108673  
-0.860577  1.09358    0.653485   0.0811499 
-0.914322  1.04065    0.403306   0.110367  
-0.914322  1.04065    0.403306   0.0972345 
-0.941261  0.972957   0.562046   0.0654876 
-0.964691  0.923526   0.217179   0.0479424 
-0.95665   0.836076   0.0167619  0.0449677 
-0.981774  0.816712   0.0354688  0.0576278 
-0.991138  0.851749   0.128173   0.040915  
-0.965429  0.789593   -0.0420806 0.0342917 
-1.03323   0.724675   -0.0748538 0.057013  
-1.03323   0.724675   -0.0748538 0.0484963 
-1.03323   0.724675   -0.0748538 0.0671018 
-1.09518   0.784915   0.304962   0.0295408 
-1.00862   0.695435   -0.190394  0.0443535 
-1.00862   0.695435   -0.190394  0.0243118 
-1.02705   0.681157   -0.21041   0.0245357 
-1.09438   0.637569   -0.0728589 0.0338843 
-1.00922   0.724742   -0.134854  0.035641  
-1.0565    0.685614   -0.0779989 0.0394391 
-1.08159   0.701528   0.0455304  0.0588711 
-1.09037   0.780667   0.318295   0.0474815 
-1.0397    0.827469   0.172079   0.0519731 
-1.0174    0.804518   0.113466   0.0442301 
-1.05802   0.774494   0.0537339  0.0373943 
-1.05598   0.725659   -0.0398931 0.0315714 
-1.08717   0.669504   0.011639   0.0301584 
-1.09061   0.666645   -0.0389597 0.0547211 
-1.09061   0.666645   -0.0389597 0.0498273 
-1.07379   0.706351   0.0346252  0.0483037 
-1.07379   0.706351   0.0346252  0.0259015 
-0.984505  0.686307   -0.231927  0.0286965 
-0.908929  0.718409   -0.260606  0.0303881 
-0.908929  0.718409   -0.260606  0.0228654 
-0.910325  0.739337   -0.275409  0.0161906 
-0.896421  0.668359   -0.37888   0.0217197 
-0.819639  0.757072   -0.351188  0.0100254 
-0.721903  0.675445   -0.406266  0.00848098
-0.657759  0.601606   -0.363653  0.00945824
-0.650682  0.636887   -0.353912  0.0100921 
-0.671724  0.579602   -0.360522  0.0110242 
-0.611893  0.569582   -0.312579  0.0211383 
-0.678632  0.483214   -0.236699  0.0128534 
-0.602871  0.537563   -0.26894   0.0139266 
-0.534401  0.588837   -0.226571  0.0180826 
-0.442639  0.613862   -0.130715  0.0168909 
-0.437158  0.691548   -0.208341  0.0153077 
-0.445954  0.767337   -0.239107  0.0209641 
-0.37071   0.847373   -0.254954  0.0216964 
-0.417277  0.890975   -0.250916  0.0149851 
-0.347918  0.827349   -0.217353  0.0235438 
-0.410474  0.901517   -0.232307  0.0181855 
-0.345709  0.924575   -0.245809  0.0230594 
-0.339288  0.952387   -0.216878  0.0158643 
-0.329523  0.901184   -0.238311  0.0226229 
-0.310199  0.886759   -0.211771  0.0264278 
-0.380931  0.957404   -0.218217  0.0324999 
-0.292732  1.02411    -0.211864  0.0304263 
-0.213835  1.06684    -0.202048  0.0292886 
-0.213927  1.08943    -0.203399  0.0476047 
-0.199344  1.18941    -0.0809125 0.0459053 
-0.186789  1.19863    -0.0679047 0.0551939 
-0.213186  1.22821    0.0223628  0.0704947 
-0.213186  1.22821    0.0223628  0.0380011 
-0.309374  1.1377     -0.0929931 0.0573354 
-0.309524  1.22746    0.0747997  0.0570969 
-0.291571  1.2547     -0.0103082 0.0732785 
-0.218764  1.21457    0.0975757  0.080804  
-0.262526  1.25728    0.188775   0.0714635 
-0.231259  1.23207    0.137713   0.070435  
-0.226794  1.24199    0.0745234  0.0454677 
-0.127687  1.19029    -0.11267   0.0397256 
-0.0765197 1.17979    -0.10002   0.138967  
-0.0765197 1.17979    -0.10002   0.0403422 
-0.0917641 1.13552    -0.207067  0.0361954 
-0.0931452 1.08922    -0.165667  0.053242  
-0.168258  1.13354    -0.12548   0.045999  
-0.253802  1.15725    -0.139214  0.0260905 
-0.167005  1.06648    -0.20378   0.0274114 
-0.211848  1.16136    -0.191308  0.0286001 
-0.153444  1.13065    -0.220109  0.0302601 
-0.0588952 1.15844    -0.179233  0.0352507 
-0.0404179 1.16171    -0.163242  0.0548461 
-0.0295329 1.15816    -0.0594298 0.0608064 
0.0202846  1.23163    -0.0545905 0.0413476 
-0.0675486 1.17254    -0.13351   0.0669334 
-0.0675486 1.17254    -0.13351   0.0431628 
-0.148039  1.17128    -0.171674  0.0566923 
-0.148039  1.17128    -0.171674  0.0762198 
-0.225821  1.19678    0.00538101 0.0484256 
-0.320424  1.19551    -0.0238471 0.0689683 
-0.320424  1.19551    -0.0238471 0.106449  
-0.383559  1.24109    0.291224   0.109768  
-0.40297   1.32427    0.529912   0.0897356 
-0.328013  1.31319    0.349648   0.0654339 
-0.322222  1.2148     0.154513   0.0843877 
-0.404711  1.26245    0.209464   0.064615  
-0.406448  1.3047     0.261953   0.0945204 
-0.406448  1.3047     0.261953   0.0557899 
-0.351657  1.28385    0.168346   0.0943738 
-0.32939   1.37419    0.490054   0.099702  
-0.396888  1.28145    0.468973   0.0884739 
-0.337601  1.31387    0.338293   0.0653067 
-0.325083  1.25758    0.0495456  0.0650209 
-0.353647  1.16841    -0.0768547 0.0639621 
-0.424747  1.24585    0.14671    0.0734285 
-0.479917  1.22406    0.119112   0.0647644 
-0.577056  1.14306    0.0687125  0.0624531 
-0.539322  1.13223    0.0725956  0.0636753 
-0.471727  1.05783    -0.124406  0.0188137 
-0.407184  0.986438   -0.292328  0.0260382 
-0.352969  1.05375    -0.224796  0.0260161 
-0.314236  1.02915    -0.250514  0.0186741 
-0.343943  0.956252   -0.285548  0.020562  
-0.323601  0.919818   -0.258651  0.0219567 
-0.244394  0.963679   -0.234421  0.0291326 
-0.201808  1.01087    -0.243068  0.0250781 
-0.258735  1.08704    -0.277969  0.0310619 
-0.310321  1.11991    -0.184383  0.0278297 
-0.274116  1.05003    -0.244419  0.0569033 
-0.364305  1.14133    -0.083634  0.116453  
-0.456041  1.17879    0.335853   0.0700404 
-0.443759  1.27069    0.21552    0.0485115 
-0.393538  1.1988     0.0274421  0.0493474 
-0.336265  1.24288    -0.0270216 0.0919882 
-0.336265  1.24288    -0.0270216 0.103693  
-0.336265  1.24288    -0.0270216 0.104047  
-0.336265  1.24288    -0.0270216 0.0648433 
-0.244178  1.21611    -0.0175424 0.11355   
-0.293732  1.17093    0.0976787  0.0358926 
-0.310325  1.14853    -0.0759841 0.0649856 
-0.408609  1.18426    0.115136   0.0914335 
-0.434965  1.25917    0.365625   0.0967945 
-0.431696  1.34652    0.514502   0.093425  
-0.397382  1.34559    0.521188   0.0751292 
-0.315761  1.25162    0.207825   0.0838592 
-0.313029  1.1924     0.0535835  0.0389396 
-0.268779  1.11232    -0.142324  0.0244975 
-0.251137  1.01255    -0.223472  0.015078  
-0.246802  0.923597   -0.274586  0.0183027 
-0.32597   0.96971    -0.284518  0.0242345 
-0.242816  1.06581    -0.246112  0.0257195 
-0.229417  1.03658    -0.281502  0.015868  
-0.17482   0.96059    -0.263429  0.0156781 
-0.200627  0.914169   -0.238507  0.0163419 
-0.237318  0.888029   -0.239267  0.0160917 
-0.237318  0.888029   -0.239267  0.0152343 
-0.247755  0.8741     -0.243721  0.0172623 
-0.247755  0.8741     -0.243721  0.0194347 
-0.1973    0.960309   -0.251879  0.0234176 
-0.133572  1.02953    -0.271617  0.0295625 
-0.133572  1.02953    -0.271617  0.0206629 
-0.184756  1.01913    -0.236392  0.0170556 
-0.162902  0.943794   -0.224975  0.0234006 
-0.0985085 1.03048    -0.247318  0.0151677 
-0.128638  0.99539    -0.287489  0.0176914 
-0.145816  1.03644    -0.267156  0.0234176 
-0.2168    1.00132    -0.231771  0.0197843 
-0.266375  0.986202   -0.244179  0.0203811 
-0.259003  1.006      -0.269466  0.0201719 
-0.31033   0.994283   -0.250726  0.0264576 
-0.329537  1.06162    -0.234168  0.0281102 
-0.30855   0.997904   -0.221479  0.0558856 
-0.28327   1.09071    -0.105103  0.0292545 
-0.309565  1.09727    -0.194563  0.0435183 
-0.309565  1.09727    -0.194563  0.0255947 
-0.238973  1.11085    -0.235035  0.0375327 
-0.265251  1.12983    -0.120426  0.019837  
-0.1863    1.06993    -0.273037  0.0425516 
-0.185267  1.12721    -0.10865   0.0468515 
-0.0874196 1.1827     -0.167629  0.0529791 
-0.0874196 1.1827     -0.167629  0.0558354 
-0.126393  1.20628    -0.0500168 0.0832751 
-0.226263  1.27527    0.181581   0.0735081 
-0.132886  1.31708    0.147072   0.0593784 
-0.185398  1.23461    0.0837603  0.115163  
-0.227359  1.2874     0.306065   0.077218  
-0.248459  1.29305    0.281343   0.0624577 
-0.207283  1.33072    0.188668   0.154151  
-0.207283  1.33072    0.188668   0.0929571 
-0.207283  1.33072    0.188668   0.116399  
-0.161023  1.42501    0.675043   0.134611  
-0.161023  1.42501    0.675043   0.111083  
-0.206644  1.47095    0.787081   0.203681  
-0.206644  1.47095    0.787081   0.152632  
-0.206644  1.47095    0.787081   0.124466  
-0.240172  1.38616    0.58988    0.154226  
-0.240172  1.38616    0.58988    0.112055  
-0.148155  1.39409    0.624287   0.124276  
-0.0598273 1.43393    0.651985   0.155209  
-0.0598273 1.43393    0.651985   0.118608  
-0.057933  1.40072    0.55134    0.117721  
-0.057933  1.40072    0.55134    0.110511  
-0.033299  1.42655    0.650291   0.105325  
0.0462436  1.34121    0.345036   0.103841  
0.0863641  1.4109     0.57357    0.0857744 
0.0148926  1.37233    0.382781   0.0611079 
0.0122873  1.29632    0.0384519  0.0613725 
-0.0692184 1.25326    -0.00934092 0.105889  
0.0223417  1.30904    0.263575   0.0638924 
0.0259502  1.28775    0.10762    0.238782  
0.0259502  1.28775    0.10762    0.0789298 
0.0259502  1.28775    0.10762    0.061297  
0.0363573  1.26794    0.106281   0.14049   
0.0363573  1.26794    0.106281   0.0497782 
-0.00790116 1.27559    -0.0498934 0.0596285 
-0.00790116 1.27559    -0.0498934 0.0929133 
-0.00790116 1.27559    -0.0498934 0.089797  
-0.00790116 1.27559    -0.0498934 0.0472527 
-0.00790116 1.27559    -0.0498934 0.121664  
-0.00790116 1.27559    -0.0498934 0.0553079 
-0.0637644 1.32368    0.0725758  0.147419  
-0.0637644 1.32368    0.0725758  0.103033  
-0.0637644 1.32368    0.0725758  0.0860085 
-0.0575594 1.3441     0.249655   0.077202  
-0.131948  1.31577    0.225412   0.0626933 
-0.0549507 1.27237    0.0691775  0.0956964 
-0.0520401 1.36605    0.522079   0.0687819 
-0.110799  1.31884    0.123832   0.0380335 
-0.124692  1.24401    -0.0689754 0.0637092 
-0.124692  1.24401    -0.0689754 0.0392287 
-0.214521  1.17027    -0.0976883 0.0428878 
-0.292693  1.13596    -0.151806  0.0452087 
-0.361513  1.15671    -0.112399  0.0491736 
-0.27415   1.15982    -0.1286    0.0374015 
-0.372101  1.0796     -0.155358  0.0325554 
-0.398032  1.02339    -0.19022   0.0234213 
-0.433945  1.03336    -0.227926  0.0384777 
-0.367257  1.09394    -0.164302  0.0350662 
-0.437647  1.01467    -0.206743  0.0436652 
-0.437647  1.01467    -0.206743  0.0228205 
-0.419732  0.935714   -0.235572  0.0185475 
-0.344635  0.908754   -0.269644  0.018318  
-0.381882  0.927321   -0.259651  0.017217  
-0.329894  0.918787   -0.26274   0.016534  
-0.312053  0.874438   -0.195785  0.0161546 
-0.276339  0.846355   -0.197612  0.0166478 
-0.245024  0.801827   -0.163749  0.0166753 
-0.315023  0.780916   -0.139663  0.017097  
-0.332125  0.772511   -0.200836  0.0152056 
-0.365658  0.845889   -0.203318  0.0158008 
-0.419817  0.792662   -0.228117  0.0232514 
-0.384569  0.890068   -0.240802  0.0156454 
-0.340524  0.878202   -0.274505  0.0151487 
-0.376142  0.818924   -0.225883  0.0174274 
-0.325628  0.897546   -0.236006  0.0277045 
-0.38685   0.972453   -0.216267  0.0297352 
-0.294759  1.00438    -0.244041  0.0168549 
-0.309471  0.91366    -0.249144  0.0274583 
-0.309471  0.91366    -0.249144  0.0206058 
-0.362909  0.999194   -0.259597  0.0393843 
-0.433155  1.08578    -0.146412  0.0307341 
-0.38513   1.0488     -0.218646  0.0381907 
-0.476343  1.05773    -0.142856  0.0213051 
-0.484861  0.965192   -0.278816  0.0195281 
-0.484861  0.965192   -0.278816  0.0265226 
-0.477008  0.962013   -0.223828  0.0228028 
-0.455637  0.895424   -0.224625  0.0168422 
-0.382733  0.909481   -0.277068  0.0158455 
-0.297021  0.885786   -0.275811  0.0174085 
-0.297021  0.885786   -0.275811  0.0186609 
-0.391334  0.889087   -0.250499  0.0150749 
-0.451653  0.822001   -0.272155  0.014974  
-0.449235  0.866122   -0.285247  0.0151868 
-0.510732  0.844153   -0.282547  0.016815  
-0.609174  0.879046   -0.301899  0.0158939 
-0.594101  0.791587   -0.315888  0.0142059 
-0.577079  0.834972   -0.315855  0.0146764 
-0.521822  0.775031   -0.265131  0.0185469 
-0.468961  0.850265   -0.254222  0.0178011 
-0.436538  0.841129   -0.228008  0.0147932 
-0.407461  0.869306   -0.261319  0.0191455 
-0.316339  0.939113   -0.236299  0.0378831 
-0.39106   1.01444    -0.183207  0.041119  
-0.39106   1.01444    -0.183207  0.0159635 
-0.408748  0.917493   -0.300914  0.0238787 
-0.44649   0.91062    -0.237951  0.0273308 
-0.499442  0.993716   -0.198433  0.034006  
-0.471657  1.00321    -0.214252  0.0428095 
-0.443737  1.05878    -0.108902  0.0469043 
-0.534572  1.12246    -0.00663257 0.07349   
-0.538512  1.06247    -0.0458959 0.0368168 
-0.506866  1.03274    -0.117945  0.0450334 
-0.513119  1.07091    -0.122813  0.0498879 
-0.513119  1.07091    -0.122813  0.0410291 
-0.474227  1.09105    -0.110696  0.0598715 
-0.474227  1.09105    -0.110696  0.0283669 
-0.408389  1.07628    -0.204032  0.0355344 
-0.441845  1.04296    -0.209473  0.0483042 
-0.529469  1.05411    -0.130021  0.0400168 
-0.534517  1.05594    -0.174587  0.0665335 
-0.435646  1.12774    0.0369482  0.05264   
-0.426438  1.15938    -0.0394802 0.0708385 
-0.426438  1.15938    -0.0394802 0.0409897 
-0.503322  1.1225     -0.116474  0.0518725 
-0.503322  1.1225     -0.116474  0.0374028 
-0.439329  1.05626    -0.19536   0.0286826 
-0.350762  0.973425   -0.246043  0.0292193 
-0.424481  0.990655   -0.195397  0.0324915 
-0.363015  1.03797    -0.212967  0.0203541 
-0.383551  0.985445   -0.267431  0.0216642 
-0.337221  1.06305    -0.274486  0.0198234 
-0.341879  0.97531    -0.239233  0.0177418 
-0.242406  0.915644   -0.225396  0.0195204 
-0.272119  1.00649    -0.269196  0.0327975 
-0.272267  1.01461    -0.187554  0.0233536 
-0.243831  1.02292    -0.22794   0.0263273 
-0.221549  0.985062   -0.227164  0.025162  
-0.142661  1.07719    -0.235023  0.0215619 
-0.213802  1.04417    -0.226054  0.0234109 
-0.254689  1.05217    -0.239446  0.0357874 
-0.258829  0.997713   -0.191005  0.0270922 
-0.303866  0.980083   -0.22933   0.0344439 
-0.382035  1.04415    -0.162597  0.0364773 
-0.349705  1.13066    -0.183646  0.0307106 
-0.278063  1.06608    -0.244074  0.054626  
-0.278063  1.06608    -0.244074  0.030409  
-0.324779  1.00376    -0.226169  0.0301896 
-0.367093  0.998466   -0.244972  0.0319885 
-0.394788  0.968221   -0.247832  0.0160368 
-0.475841  0.86917    -0.289275  0.0142413 
-0.486677  0.806198   -0.302069  0.0164834 
-0.390697  0.744495   -0.135301  0.0142606 
-0.48608   0.732366   -0.263074  0.0201981 
-0.563283  0.828255   -0.270201  0.019432  
-0.65001   0.878868   -0.305859  0.0302518 
-0.565116  0.974089   -0.19735   0.0192111 
-0.470342  0.900757   -0.280429  0.0277243 
-0.418588  0.967571   -0.228173  0.039068  
-0.378649  0.951802   -0.175658  0.0214815 
-0.311265  0.873103   -0.219712  0.0159546 
-0.255622  0.94426    -0.277123  0.0245151 
-0.255622  0.94426    -0.277123  0.0176587 
-0.208057  0.982957   -0.25584   0.0537685 
-0.208057  0.982957   -0.25584   0.0191551 
-0.128328  0.894559   -0.229519  0.0252041 
-0.199604  0.817617   -0.152113  0.0160142 
-0.258113  0.886763   -0.25228   0.0173105 
-0.343052  0.904348   -0.242909  0.0166044 
-0.319948  0.811299   -0.204538  0.0191073 
-0.355607  0.856852   -0.231365  0.0150363 
-0.421487  0.766876   -0.21764   0.0144834 
-0.411541  0.865563   -0.275707  0.0206115 
-0.346944  0.941789   -0.243034  0.0607326 
-0.337971  1.03988    -0.142858  0.0228264 
-0.427684  1.02844    -0.232456  0.0216352 
-0.422271  1.00916    -0.246399  0.0271652 
-0.32668   0.989383   -0.259658  0.0318062 
-0.31418   0.983916   -0.215534  0.0235021 
-0.399042  0.955899   -0.232361  0.0183065 
-0.329732  0.981508   -0.273623  0.021348  
-0.263058  0.972093   -0.25865   0.0265655 
-0.258514  1.03186    -0.261948  0.0249583 
-0.258514  1.03186    -0.261948  0.0403721 
-0.314546  1.05235    -0.175081  0.0363194 
-0.234324  1.13112    -0.181299  0.0434427 
-0.325712  1.13579    -0.17645   0.0516231 
-0.333442  1.17256    -0.0589705 0.0637233 
-0.409418  1.15214    0.0508783  0.0514298 
-0.401422  1.18362    -0.00768634 0.0570001 
-0.437923  1.12996    -0.0362897 0.0794634 
-0.372358  1.08579    -0.130612  0.0522422 
-0.372358  1.08579    -0.130612  0.038236  
-0.362802  1.16654    -0.0917863 0.0291345 
-0.2931    1.11302    -0.198098  0.0262983 
-0.326161  1.11963    -0.255455  0.0491695 
-0.22784   1.17679    -0.103407  0.047164  
-0.174215  1.10401    -0.169506  0.0215715 
-0.22978   1.01121    -0.216867  0.0257494 
-0.135851  0.94123    -0.224948  0.0200336 
-0.0554186 0.956691   -0.244337  0.0183209 
0.0119288  1.02075    -0.271111  0.0222347 
0.10631    1.05555    -0.255681  0.0201748 
0.129985   1.09294    -0.266333  0.0255389 
0.055074   1.09554    -0.224808  0.0363128 
0.0232884  1.13785    -0.16732   0.0283024 
0.0805123  1.06002    -0.217159  0.019084  
0.0321861  0.994646   -0.24321   0.0163031 
0.0342498  0.897378   -0.228386  0.0187333 
0.0587616  0.943878   -0.229176  0.0302608 
-0.0321552 1.01144    -0.248791  0.0266371 
-0.067177  1.05361    -0.227498  0.0306454 
-0.0940075 1.15123    -0.205948  0.0270108 
-0.0533489 1.05293    -0.217147  0.0315538 
-0.0488752 1.14383    -0.198418  0.0384752 
-0.0856867 1.18642    -0.145045  0.0469028 
-0.102158  1.15091    -0.104637  0.0307001 
-0.0867735 1.11353    -0.181156  0.0268814 
-0.0281609 1.08958    -0.23581   0.0356421 
-0.12394   1.11137    -0.181635  0.0417224 
-0.135858  1.08883    -0.171534  0.0277456 
-0.0768332 1.12141    -0.216783  0.0622707 
0.00370423 1.11616    -0.183559  0.035469  
0.0711997  1.18611    -0.157729  0.0341974 
0.144406   1.15242    -0.193394  0.0426984 
0.0549083  1.19546    -0.0978702 0.0425179 
0.0873062  1.18467    -0.161381  0.0692798 
0.0959808  1.18187    -0.0647364 0.0656006 
0.0222805  1.22922    -0.0132736 0.063604  
0.0601974  1.27213    0.00285442 0.0765605 
0.129821   1.20347    0.0562286  0.0362486 
0.164625   1.20315    -0.19986   0.0827487 
0.0912772  1.17789    -0.0841327 0.0472698 
0.147097   1.16227    -0.11529   0.0983841 
0.230914   1.21925    0.15084    0.0815102 
0.288696   1.18808    0.0216314  0.0468878 
0.296062   1.18718    -0.116381  0.0349363 
0.20389    1.14642    -0.208159  0.0479109 
0.20389    1.14642    -0.208159  0.0257519 
0.286383   1.08326    -0.224777  0.0329948 
0.286383   1.08326    -0.224777  0.0371153 
0.23583    1.06569    -0.184476  0.0185755 
0.264333   0.97184    -0.23356   0.0165274 
0.206688   0.913152   -0.221155  0.0205151 
0.221454   0.954751   -0.216686  0.0169913 
0.192405   0.967326   -0.274457  0.0274012 
0.192405   0.967326   -0.274457  0.0171455 
0.184173   0.867754   -0.217593  0.0188476 
0.173557   0.76859    -0.0634504 0.0179397 
0.0892012  0.817529   -0.131765  0.0177304 
0.0877551  0.837348   -0.153562  0.0173038 
0.0661554  0.864169   -0.21781   0.0201077 
0.0117829  0.924262   -0.222979  0.0248944 
0.0221442  1.01355    -0.218596  0.0247673 
0.110552   1.06672    -0.232692  0.0333948 
0.0285969  1.13097    -0.193335  0.0512366 
-0.0702322 1.1101     -0.140019  0.0375708 
-0.0582028 1.15161    -0.152225  0.0409271 
0.0248529  1.08683    -0.199316  0.0202042 
0.0697119  1.06551    -0.241121  0.0191406 
0.0106382  1.07316    -0.250282  0.0221938 
-0.0799723 1.02845    -0.275671  0.0211374 
-0.151756  1.05715    -0.251753  0.0192024 
-0.184318  0.98516    -0.276983  0.0212263 
-0.0882456 1.08138    -0.253876  0.0545859 
-0.0186809 0.990383   -0.214386  0.0183202 
-0.0172828 0.937247   -0.250747  0.0178782 
0.0602667  0.944174   -0.277649  0.0196745 
0.0823374  0.952715   -0.271059  0.0164649 
0.177768   0.867947   -0.20457   0.0267686 
0.16171    0.93477    -0.212833  0.0164959 
0.240166   0.866433   -0.205231  0.0174009 
0.296561   0.776472   -0.168832  0.0180523 
0.212669   0.765689   -0.106151  0.0186242 
0.246989   0.746652   -0.0910586 0.0187458 
0.209179   0.737307   -0.0245957 0.0248109 
0.125503   0.654194   0.156359   0.0254007 
0.192858   0.638513   0.136659   0.0287268 
0.254988   0.565737   0.190971   0.0250213 
0.257373   0.585772   0.241484   0.0268825 
0.166284   0.597864   0.28288    0.0249221 
0.239252   0.590782   0.210021   0.0225495 
0.217928   0.664963   0.0625028  0.0213123 
0.185331   0.692051   0.0687131  0.0207519 
0.158027   0.717109   0.0400853  0.0221923 
0.256146   0.646113   0.0942049  0.0207179 
0.344215   0.647658   -0.0106684 0.0189772 
0.361815   0.669159   -0.0717897 0.0190136 
0.361815   0.669159   -0.0717897 0.0223025 
0.30189    0.637428   0.0332915  0.0208104 
0.397306   0.581227   -0.00443895 0.0201809 
0.341446   0.626746   0.0198764  0.0180146 
0.393021   0.681796   -0.12216   0.0174811 
0.317094   0.755587   -0.12186   0.0164607 
0.407042   0.735793   -0.18639   0.0151931 
0.449353   0.759371   -0.225497  0.0199856 
0.532719   0.801677   -0.290111  0.0220977 
0.631765   0.863409   -0.280199  0.0342244 
0.718055   0.841732   -0.250749  0.0259324 
0.709108   0.806144   -0.275406  0.0292038 
0.709108   0.806144   -0.275406  0.0240715 
0.749017   0.781025   -0.334665  0.0327386 
0.732159   0.825092   -0.256781  0.0225591 
0.759279   0.835043   -0.332027  0.0366085 
0.759279   0.835043   -0.332027  0.0454366 
0.759279   0.835043   -0.332027  0.0482102 
0.759279   0.835043   -0.332027  0.022606  
0.705109   0.818005   -0.295901  0.0403482 
0.760178   0.752164   -0.325371  0.0098944 
0.673285   0.679585   -0.395281  0.0186749 
0.754647   0.753759   -0.355569  0.0222158 
0.667643   0.821334   -0.302715  0.0205949 
0.76138    0.733972   -0.347395  0.0228217 
0.764918   0.81003    -0.305143  0.0367797 
0.830867   0.83218    -0.22892   0.0591431 
0.830867   0.83218    -0.22892   0.0460711 
0.830867   0.83218    -0.22892   0.0373272 
0.845007   0.833819   -0.2111    0.0435351 
0.845007   0.833819   -0.2111    0.0648558 
0.845007   0.833819   -0.2111    0.0439241 
0.871046   0.873668   -0.0742757 0.0519574 
0.887339   0.866341   -0.0328121 0.0446266 
0.822157   0.903515   -0.0540439 0.0469699 
0.877271   0.884774   0.0100252  0.0412024 
0.80056    0.85435    -0.171754  0.0687919 
0.82922    0.948503   0.0416725  0.0303126 
0.750228   0.870167   -0.228081  0.0440395 
0.75845    0.855633   -0.185786  0.0280547 
0.695113   0.868586   -0.26834   0.022261  
0.63564    0.836582   -0.30105   0.0335569 
0.701739   0.882224   -0.239947  0.0329005 
0.665884   0.912748   -0.258409  0.0334804 
0.613368   0.881998   -0.227681  0.0195508 
0.588629   0.816255   -0.272917  0.0141783 
0.532188   0.758872   -0.299527  0.0161655 
0.51242    0.792387   -0.270886  0.0172959 
0.554543   0.858088   -0.310923  0.0198164 
0.640954   0.851917   -0.298307  0.01836   
0.591053   0.889617   -0.30596   0.0179691 
0.597819   0.904505   -0.305929  0.0338004 
0.603399   0.850094   -0.229005  0.015546  
0.60078    0.751108   -0.330763  0.00935869
0.690012   0.692505   -0.380805  0.00957248
0.616593   0.613376   -0.328755  0.0139709 
0.537007   0.583997   -0.22715   0.0161569 
0.589721   0.497496   -0.215625  0.0182137 
0.627609   0.485128   -0.188314  0.0278743 
0.627609   0.485128   -0.188314  0.013891  
0.621876   0.52693    -0.296376  0.0118502 
0.621876   0.52693    -0.296376  0.014921  
0.621876   0.52693    -0.296376  0.0138515 
0.632116   0.529848   -0.277527  0.0155717 
0.69438    0.512329   -0.317111  0.0157789 
0.692951   0.518809   -0.317006  0.00785525
0.67661    0.604067   -0.390031  0.0094383 
0.721008   0.614479   -0.432372  0.00884357
0.647168   0.607482   -0.368713  0.00997456
0.611275   0.680969   -0.32663   0.0134362 
0.611275   0.680969   -0.32663   0.0103827 
0.60441    0.630065   -0.322561  0.0101228 
0.652154   0.693738   -0.375498  0.00896524
0.711782   0.694204   -0.404715  0.0149233 
0.788248   0.718626   -0.371034  0.0179293 
0.7042     0.795077   -0.342683  0.0200352 
0.742322   0.746286   -0.355424  0.0225747 
0.773307   0.773915   -0.333919  0.0209548 
0.74974    0.780484   -0.338203  0.0252362 
0.835482   0.796226   -0.275276  0.0454428 
0.822288   0.852396   -0.222074  0.0347735 
0.820664   0.892381   -0.126174  0.03812   
0.724143   0.98356    -0.153906  0.0749889 
0.815198   0.991995   0.155034   0.0452258 
0.761396   0.894145   -0.177019  0.0318721 
0.701382   0.907867   -0.182289  0.0193556 
0.621372   0.824022   -0.319715  0.018262  
0.523217   0.871332   -0.28982   0.0175173 
0.523364   0.843438   -0.287486  0.0389691 
0.590554   0.931295   -0.198187  0.0145791 
0.56848    0.842491   -0.325868  0.0187466 
0.633197   0.837868   -0.29111   0.0253829 
0.586662   0.845368   -0.276951  0.0145981 
0.551653   0.790108   -0.311245  0.0113171 
0.609175   0.711181   -0.336514  0.0123867 
0.689447   0.735585   -0.361032  0.0158964 
0.706704   0.705554   -0.382798  0.0134004 
0.745432   0.751158   -0.392714  0.0208368 
0.76383    0.771233   -0.327088  0.0201801 
0.853224   0.710697   -0.365027  0.0296682 
0.901991   0.805455   -0.217841  0.0334274 
0.901991   0.805455   -0.217841  0.0297869 
0.979953   0.773789   -0.137957  0.062985  
0.979953   0.773789   -0.137957  0.0749478 
0.979953   0.773789   -0.137957  0.045245  
1.00203    0.724971   -0.0977364 0.016123  
0.984254   0.63716    -0.311014  0.0142639 
0.903308   0.636977   -0.37211   0.0151709 
0.831704   0.730194   -0.388385  0.0142735 
0.776378   0.715921   -0.395396  0.031656  
0.845661   0.773274   -0.302485  0.0447272 
0.845661   0.773274   -0.302485  0.0197799 
0.821701   0.771951   -0.358219  0.0169375 
0.855823   0.719092   -0.37233   0.0101939 
0.889939   0.62195    -0.412336  0.0122396 
0.962367   0.543407   -0.312952  0.00891765
0.891857   0.621529   -0.42893   0.0120516 
0.900104   0.547589   -0.357246  0.00651507
0.803528   0.614251   -0.443137  0.0112554 
0.757118   0.710042   -0.409424  0.00670186
0.734701   0.637451   -0.433096  0.0112498 
0.669041   0.547089   -0.333124  0.0107814 
0.641386   0.552618   -0.333714  0.0111711 
0.666503   0.54841    -0.34545   0.023316  
0.749491   0.484681   -0.303184  0.0154739 
0.841311   0.523177   -0.332868  0.0194274 
0.862956   0.4939     -0.201271  0.0340047 
0.789577   0.436777   -0.023489  0.0368378 
0.874221   0.416578   0.18661    0.0169558 
0.931635   0.504996   -0.213555  0.0112406 
0.969772   0.584892   -0.310298  0.0194709 
0.995506   0.671798   -0.270402  0.0133059 
0.971185   0.576813   -0.319443  0.0189406 
1.00082    0.482501   -0.0986369 0.0140316 
1.04702    0.532749   -0.164165  0.0177364 
1.06757    0.611431   -0.181151  0.0165015 
1.06757    0.611431   -0.181151  0.0335775 
1.06757    0.611431   -0.181151  0.0108124 
0.967671   0.560134   -0.304766  0.0252113 
0.967671   0.560134   -0.304766  0.0146636 
0.922658   0.522896   -0.292251  0.00966154
0.839438   0.568459   -0.429416  0.0119676 
0.93107    0.553396   -0.331058  0.0144964 
0.907758   0.65324    -0.403156  0.0186109 
0.865781   0.683117   -0.378723  0.0163889 
0.918256   0.725991   -0.34745   0.0230335 
0.852207   0.736261   -0.352397  0.0273306 
0.754287   0.783495   -0.288226  0.0325824 
0.771079   0.846266   -0.252801  0.0191065 
0.697153   0.800675   -0.317179  0.027657  
0.697153   0.800675   -0.317179  0.0129244 
0.77994    0.703425   -0.407856  0.0122214 
0.698604   0.72305    -0.377973  0.00736196
0.687352   0.627263   -0.407607  0.0123294 
0.596134   0.717845   -0.324457  0.0110408 
0.594608   0.62862    -0.297264  0.0141937 
0.680337   0.53181    -0.346913  0.0066614 
0.770795   0.61321    -0.43675   0.00718586
0.735628   0.63702    -0.424171  0.0138141 
0.781716   0.728038   -0.394384  0.0348696 
0.854755   0.782441   -0.247578  0.0283007 
0.790932   0.813055   -0.278076  0.037948  
0.790932   0.813055   -0.278076  0.0418642 
0.840348   0.815397   -0.163675  0.0163526 
0.769368   0.730375   -0.38837   0.0142624 
0.805341   0.707446   -0.415204  0.00778285
0.811053   0.630208   -0.448158  0.0139402 
0.869096   0.53711    -0.367947  0.0210815 
0.869096   0.53711    -0.367947  0.0100461 
0.864402   0.628151   -0.421329  0.0121029 
0.787436   0.54409    -0.414087  0.0222309 
0.787436   0.54409    -0.414087  0.00928057
0.826528   0.56958    -0.421671  0.0232422 
0.834112   0.48141    -0.192225  0.0237049 
0.761407   0.475114   -0.182637  0.047767  
0.761407   0.475114   -0.182637  0.0237575 
0.761407   0.475114   -0.182637  0.00950059
0.824554   0.563338   -0.430721  0.0132295 
0.731671   0.529892   -0.332167  0.0133055 
0.744818   0.533      -0.375114  0.0285432 
0.821619   0.452226   -0.0237153 0.0367799 
0.821619   0.452226   -0.0237153 0.0359354 
0.821619   0.452226   -0.0237153 0.0547413 
0.821619   0.452226   -0.0237153 0.0117577 
0.909166   0.547556   -0.353367  0.0115984 
0.995092   0.572917   -0.300013  0.0118358 
0.971375   0.581317   -0.326922  0.0121746 
0.945509   0.647312   -0.381517  0.0146174 
0.945509   0.647312   -0.381517  0.0208478 
0.885212   0.703115   -0.345322  0.0467569 
0.888355   0.780901   -0.213272  0.0186572 
0.87214    0.745684   -0.357791  0.0462452 
0.87214    0.745684   -0.357791  0.0236315 
0.798872   0.782324   -0.308444  0.0132241 
0.773525   0.713775   -0.392598  0.00777668
0.74716    0.688428   -0.449186  0.008788  
0.821257   0.63277    -0.44341   0.0128146 
0.799466   0.538287   -0.383884  0.0171546 
0.743797   0.506771   -0.315459  0.0273141 
0.743797   0.506771   -0.315459  0.00763787
0.809596   0.584041   -0.435061  0.0148744 
0.865052   0.666179   -0.405185  0.0169562 
0.865052   0.666179   -0.405185  0.00971142
0.863926   0.601691   -0.418026  0.0201815 
0.953247   0.649913   -0.315088  0.033806  
1.02958    0.719755   -0.109776  0.0289219 
0.962814   0.72279    -0.195829  0.0360591 
1.00746    0.723556   -0.124454  0.0502508 
1.00746    0.723556   -0.124454  0.0441598 
1.00746    0.723556   -0.124454  0.0496595 
1.00746    0.723556   -0.124454  0.031098  
0.987339   0.731737   -0.16636   0.0253905 
1.03557    0.642281   -0.166588  0.0139501 
1.0243     0.580985   -0.250642  0.010466  
0.926794   0.603788   -0.381516  0.00928194
0.923249   0.61384    -0.391462  0.015499  
0.83583    0.711328   -0.379159  0.0197908 
0.779047   0.706688   -0.390622  0.00945967
0.845979   0.624328   -0.436979  0.0128925 
0.753433   0.53874    -0.360617  0.010722  
0.769334   0.552216   -0.416602  0.0080274 
0.822049   0.627707   -0.441201  0.0134726 
0.912213   0.668607   -0.388711  0.00913271
0.860954   0.585907   -0.424721  0.0127143 
0.804869   0.540432   -0.407891  0.0111803 
0.882289   0.608111   -0.406985  0.0117734 
0.864207   0.551855   -0.389289  0.0223352 
0.864207   0.551855   -0.389289  0.0131357 
0.953295   0.627815   -0.342835  0.0213444 
1.00248    0.663422   -0.240239  0.035048  
0.960553   0.730068   -0.209844  0.0518503 
1.0047     0.740026   -0.0689732 0.0615707 
1.0047     0.740026   -0.0689732 0.0398098 
1.09421    0.665611   0.0380743  0.0295132 
1.09421    0.665611   0.0380743  0.0296882 
1.09421    0.665611   0.0380743  0.0212217 
1.11287    0.584762   -0.00911768 0.0352819 
1.11287    0.584762   -0.00911768 0.0163743 
1.03782    0.58733    -0.183272  0.0130275 
1.01826    0.585592   -0.25324   0.0151279 
1.06684    0.497825   -0.0380687 0.0153938 
1.09592    0.501935   -0.00665101 0.029726  
1.09328    0.407996   0.411869   0.0199114 
1.12477    0.458069   0.167285   0.0194808 
1.19131    0.451024   0.327221   0.0254517 
1.22787    0.415322   0.582351   0.0277756 
1.31738    0.492802   0.727238   0.0424501 
1.41729    0.464773   1.30572    0.0346205 
1.35864    0.505302   0.853286   0.0271233 
1.30653    0.476959   0.651098   0.0469464 
1.30653    0.476959   0.651098   0.0294796 
1.30653    0.476959   0.651098   0.03133   
1.21795    0.572667   0.331094   0.0178761 
1.1724     0.473655   0.202633   0.0179321 
1.21311    0.463441   0.342658   0.0387324 
1.22232    0.380291   0.713897   0.0341071 
1.31009    0.38587    0.974146   0.0445996 
1.38693    0.372084   1.28434    0.0462064 
1.38693    0.372084   1.28434    0.0899227 
1.38693    0.372084   1.28434    0.0464963 
1.38693    0.372084   1.28434    0.0434534 
1.38693    0.372084   1.28434    0.0387521 
1.42459    0.405218   1.37477    0.0352158 
1.35615    0.391494   1.11822    0.0379869 
1.35615    0.391494   1.11822    0.0400259 
1.43271    0.413391   1.42067    0.054624  
1.43271    0.413391   1.42067    0.0412262 
1.42638    0.468649   1.34907    0.0558355 
1.40183    0.553891   1.21942    0.067793  
1.41157    0.598046   1.4314     0.0858213 
1.50007    0.560188   2.19607    0.0744043 
1.51035    0.565151   2.20339    0.0763127 
1.51035    0.565151   2.20339    0.0583006 
1.44021    0.544411   1.4322     0.0767059 
1.44021    0.544411   1.4322     0.0491819 
1.44021    0.544411   1.4322     0.0893388 
1.44021    0.544411   1.4322     0.0761936 
1.44021    0.544411   1.4322     0.0600818 
1.40757    0.57334    1.35155    0.0389422 
1.39432    0.49933    1.092      0.0327163 
1.37908    0.426961   1.06441    0.0442028 
1.37908    0.426961   1.06441    0.0260716 
1.30095    0.479974   0.639949   0.0457228 
1.38185    0.5298     1.10442    0.0239046 
1.3102     0.448398   0.718793   0.0477919 
1.3102     0.448398   0.718793   0.0299826 
1.29124    0.530172   0.566956   0.0370252 
1.29124    0.530172   0.566956   0.0252467 
1.22281    0.55359    0.301578   0.0213723 
1.13748    0.590727   0.027382   0.0401501 
1.2318     0.616106   0.480268   0.0419641 
1.29565    0.592153   0.594468   0.0323195 
1.26812    0.563517   0.509976   0.0382305 
1.26812    0.563517   0.509976   0.0337726 
1.19985    0.628718   0.301668   0.0225456 
1.17572    0.564521   0.168902   0.020634  
1.26125    0.480312   0.50418    0.0206516 
1.25247    0.461867   0.485284   0.01992   
1.23364    0.464163   0.374988   0.023601  
1.23364    0.464163   0.374988   0.0176361 
1.22217    0.470966   0.355487   0.0287911 
1.22217    0.470966   0.355487   0.0277071 
1.24117    0.567402   0.324423   0.0176476 
1.18698    0.501545   0.181755   0.0237784 
1.17221    0.422808   0.386861   0.0555127 
1.17221    0.422808   0.386861   0.0425368 
1.17728    0.370718   0.6359     0.0235198 
1.22427    0.43212    0.406079   0.0187156 
1.20233    0.483783   0.271562   0.0279285 
1.2611     0.531684   0.452077   0.0196583 
1.24575    0.447816   0.470527   0.0167946 
1.22455    0.476487   0.362437   0.0215322 
1.27481    0.486655   0.48609    0.0322353 
1.27481    0.486655   0.48609    0.0246394 
1.2968     0.432481   0.673566   0.0198051 
1.24851    0.464451   0.434392   0.0291195 
1.31652    0.484728   0.703192   0.0360192 
1.25933    0.5826     0.475519   0.0285221 
1.25933    0.5826     0.475519   0.0397199 
1.27477    0.584774   0.512299   0.0425675 
1.37136    0.528781   0.990566   0.0257155 
1.33107    0.434208   0.886017   0.0361251 
1.39876    0.464371   1.11228    0.0276471 
1.31605    0.487915   0.653536   0.023212  
1.30171    0.457051   0.687839   0.0377682 
1.30171    0.457051   0.687839   0.0339442 
1.30171    0.457051   0.687839   0.0252973 
1.3131     0.480389   0.634068   0.0190946 
1.21741    0.524711   0.25507    0.0191371 
1.22212    0.507785   0.276006   0.0168021 
1.20832    0.477946   0.319854   0.0142301 
1.1237     0.512515   0.0304883  0.0152937 
1.15005    0.541762   0.0867025  0.0223861 
1.16591    0.445932   0.256598   0.0284135 
1.16591    0.445932   0.256598   0.0206274 
1.18571    0.447857   0.308306   0.0326243 
1.27449    0.543118   0.544431   0.0340644 
1.22181    0.566196   0.403536   0.0665561 
1.22181    0.566196   0.403536   0.0225665 
1.15626    0.562591   0.113052   0.0157846 
1.11954    0.548758   -0.00363671 0.022152  
1.13852    0.586916   0.0169461  0.0239009 
1.13852    0.586916   0.0169461  0.0301587 
1.13852    0.586916   0.0169461  0.0248614 
1.20252    0.576285   0.218192   0.0249816 
1.22158    0.560234   0.338939   0.017028  
1.15268    0.470503   0.197266   0.0189788 
1.15268    0.470503   0.197266   0.0256671 
1.17132    0.54931    0.150697   0.0142261 
1.09712    0.532816   -0.038684  0.0132121 
1.07828    0.517167   -0.0660218 0.0168737 
1.14542    0.536036   0.0722502  0.0191074 
1.13307    0.457135   0.17209    0.0299097 
1.18812    0.407532   0.431822   0.0456688 
1.18812    0.407532   0.431822   0.0160108 
1.20017    0.489219   0.253856   0.0308134 
1.20017    0.489219   0.253856   0.024402  
1.20017    0.489219   0.253856   0.0281544 
1.26216    0.412229   0.633807   0.0314686 
1.17727    0.407834   0.387396   0.0252452 
1.21719    0.422771   0.444112   0.0338827 
1.27031    0.380405   0.914548   0.0454207 
1.18057    0.367517   0.708102   0.0208419 
1.10994    0.452848   0.15611    0.0181262 
1.18009    0.524902   0.161167   0.0218611 
1.18009    0.524902   0.161167   0.0152663 
1.10383    0.567649   -0.0606641 0.0122807 
1.03916    0.552121   -0.169619  0.016456  
1.05295    0.597093   -0.193943  0.0137407 
0.984348   0.519535   -0.206843  0.0139881 
1.05122    0.549537   -0.127544  0.0159479 
1.0157     0.60582    -0.257787  0.0359323 
1.09691    0.69081    0.0115057  0.0304246 
1.09869    0.675394   0.0145584  0.026449  
1.09869    0.675394   0.0145584  0.0454069 
1.09869    0.675394   0.0145584  0.025196  
1.08085    0.635543   -0.0685659 0.032706  
1.01113    0.719455   -0.154249  0.0594671 
1.01113    0.719455   -0.154249  0.0340091 
0.93291    0.723578   -0.232396  0.0104344 
0.843585   0.65832    -0.433789  0.0189626 
0.784043   0.753289   -0.347924  0.0477787 
0.784043   0.753289   -0.347924  0.0120478 
0.858699   0.662105   -0.429967  0.0185096 
0.816592   0.73648    -0.378169  0.0245862 
0.847073   0.752968   -0.304013  0.0177342 
0.781946   0.758971   -0.345036  0.011138  
0.70223    0.692991   -0.390874  0.0171516 
0.786387   0.757229   -0.352078  0.0224346 
0.818259   0.7066     -0.363393  0.00896163
0.843265   0.624747   -0.438431  0.00920755
0.927759   0.592484   -0.398352  0.00916155
0.903077   0.605563   -0.383355  0.00876151
0.875895   0.605835   -0.424779  0.0140098 
0.966592   0.529889   -0.265815  0.0163558 
0.970501   0.589348   -0.303364  0.0156652 
0.971755   0.524251   -0.231543  0.0203669 
0.941849   0.491243   -0.203324  0.011027  
0.994122   0.546922   -0.254424  0.0140914 
0.988779   0.586163   -0.284609  0.0208159 
0.988779   0.586163   -0.284609  0.0171785 
0.988779   0.586163   -0.284609  0.0166758 
0.996747   0.497168   -0.126885  0.0193555 
1.05975    0.587043   -0.157365  0.0262785 
1.05377    0.607586   -0.127384  0.0143214 
1.02656    0.588362   -0.233008  0.028779  
1.01943    0.659631   -0.206716  0.0280192 
1.03117    0.679047   -0.140535  0.0466631 
1.03117    0.679047   -0.140535  0.0434693 
0.991717   0.77651    -0.0642098 0.0374964 
0.958851   0.782012   -0.144284  0.0469254 
0.958851   0.782012   -0.144284  0.0178198 
0.944916   0.712858   -0.326348  0.0144056 
0.853621   0.673431   -0.404904  0.00578294
0.767174   0.606822   -0.443128  0.0132195 
0.788096   0.534616   -0.391375  0.0238613 
0.700734   0.464376   -0.151113  0.0217153 
0.732809   0.485016   -0.232609  0.00913017
0.654656   0.580148   -0.357148  0.0119704 
0.614982   0.534428   -0.270684  0.0158829 
0.620914   0.518037   -0.288596  0.0274728 
0.633704   0.445882   -0.0645991 0.0184436 
0.55211    0.485774   -0.138579  0.0371763 
0.596972   0.409601   0.0675175  0.0423048 
0.596972   0.409601   0.0675175  0.0353146 
0.600069   0.417244   0.0120034  0.0230971 
0.691551   0.48001    -0.266425  0.0123164 
0.679014   0.53993    -0.358764  0.0118444 
0.581438   0.560933   -0.259833  0.0125887 
0.550246   0.631401   -0.25865   0.0119941 
0.569545   0.688648   -0.285594  0.0151113 
0.477405   0.778947   -0.273379  0.0160181 
0.435844   0.703204   -0.157099  0.014261  
0.491632   0.703302   -0.234208  0.0141267 
0.511913   0.767017   -0.263263  0.0128349 
0.554414   0.752396   -0.285085  0.0200822 
0.620678   0.781242   -0.30216   0.0126321 
0.604936   0.763449   -0.347736  0.0178099 
0.634652   0.798917   -0.321329  0.0118255 
0.624117   0.711577   -0.344584  0.0242055 
0.721882   0.79443    -0.310386  0.0291862 
0.771012   0.874889   -0.228649  0.0337951 
0.686997   0.832153   -0.268398  0.0114612 
0.699807   0.738189   -0.368265  0.0111986 
0.681392   0.707215   -0.362362  0.00716195
0.69618    0.63716    -0.400711  0.0131473 
0.759972   0.713048   -0.40571   0.0325012 
0.853299   0.752921   -0.247526  0.0116095 
0.805651   0.704848   -0.417227  0.00789542
0.874583   0.62107    -0.433335  0.0155178 
0.858884   0.691423   -0.391342  0.0138281 
0.949942   0.618487   -0.342408  0.0109689 
0.962326   0.592383   -0.336642  0.021266  
0.877599   0.685164   -0.35587   0.0122913 
0.784696   0.712273   -0.41607   0.00995194
0.771185   0.643816   -0.436358  0.00692572
0.777129   0.594535   -0.441304  0.0128731 
0.833104   0.536869   -0.376928  0.0121325 
0.874727   0.549937   -0.364313  0.0136765 
0.868057   0.533627   -0.325646  0.00714191
0.841266   0.611236   -0.433454  0.00914423
0.843352   0.631849   -0.438848  0.0207508 
0.916375   0.701791   -0.304474  0.0361665 
0.997431   0.679484   -0.178833  0.0154309 
1.03131    0.621965   -0.242945  0.0138476 
0.989728   0.601586   -0.322859  0.0114228 
0.906597   0.596406   -0.385138  0.0234541 
1.00523    0.656993   -0.259585  0.0178755 
0.945251   0.630084   -0.344624  0.0107172 
0.851304   0.555911   -0.392776  0.00806431
0.819647   0.581125   -0.433404  0.00734853
0.854181   0.602864   -0.444697  0.022379  
0.860388   0.681046   -0.38231   0.00816521
0.803544   0.61536    -0.442648  0.00934365
0.847935   0.622311   -0.435504  0.0101027 
0.906412   0.591245   -0.392273  0.0297631 
0.932709   0.675682   -0.336737  0.0380099 
1.01071    0.725948   -0.0931807 0.0368785 
1.01071    0.725948   -0.0931807 0.0206255 
0.947549   0.649767   -0.350667  0.017321  
0.947549   0.649767   -0.350667  0.024494  
0.924697   0.683287   -0.312877  0.0140626 
0.928048   0.625035   -0.380477  0.0226123 
0.88895    0.682593   -0.336183  0.0162819 
0.969956   0.615862   -0.313424  0.0230602 
1.04867    0.6565     -0.163593  0.0144975 
0.949233   0.623253   -0.336921  0.0244075 
0.980622   0.694054   -0.278988  0.0331756 
0.942326   0.787262   -0.191209  0.0216877 
0.895521   0.711011   -0.332023  0.0168467 
0.870567   0.7207     -0.356227  0.0191448 
0.926662   0.655691   -0.369596  0.0130515 
0.986083   0.609414   -0.303223  0.0180216 
1.0286     0.628434   -0.218135  0.0140978 
0.988354   0.625783   -0.31583   0.0123029 
0.972735   0.596683   -0.323159  0.0144421 
1.0291     0.509788   -0.132235  0.0264582 
1.0291     0.509788   -0.132235  0.0151494 
0.99721    0.605806   -0.26987   0.0121269 
0.958825   0.547956   -0.296031  0.0148655 
0.932972   0.522348   -0.291894  0.0114457 
0.981737   0.573555   -0.320338  0.0160431 
1.06558    0.586657   -0.145989  0.0253843 
1.03629    0.651683   -0.163876  0.0286082 
1.02335    0.686562   -0.179974  0.0453765 
0.966521   0.771719   -0.0895414 0.0246713 
0.969149   0.736254   -0.217291  0.0226538 
0.932189   0.676988   -0.316534  0.0131147 
0.985215   0.613761   -0.326279  0.0224136 
0.952831   0.607827   -0.352462  0.0146803 
0.952831   0.607827   -0.352462  0.0282656 
0.952831   0.607827   -0.352462  0.03166   
0.952831   0.607827   -0.352462  0.0114344 
0.953783   0.604615   -0.34575   0.028284  
1.00133    0.675427   -0.216012  0.0155078 
0.912855   0.645754   -0.364392  0.0314166 
0.925044   0.704149   -0.261716  0.0394151 
0.925044   0.704149   -0.261716  0.0140108 
0.877006   0.675549   -0.39468   0.0342223 
0.877006   0.675549   -0.39468   0.021972  
0.900374   0.719929   -0.324843  0.0194427 
0.930792   0.665478   -0.347451  0.0194015 
0.902859   0.654297   -0.380437  0.0243984 
0.995595   0.731901   -0.222199  0.0287984 
0.992252   0.706885   -0.174309  0.024175  
1.06572    0.620251   -0.149062  0.0213613 
1.06572    0.620251   -0.149062  0.0254785 
1.06534    0.666572   -0.127564  0.0369952 
1.06534    0.666572   -0.127564  0.0401572 
0.983407   0.754672   -0.128966  0.0637943 
0.983407   0.754672   -0.128966  0.017098  
0.88569    0.688561   -0.360977  0.0146615 
0.833211   0.698281   -0.385084  0.0215694 
0.833211   0.698281   -0.385084  0.0128692 
0.768908   0.748642   -0.386853  0.0104253 
0.753262   0.666161   -0.418143  0.00529302
0.786471   0.616545   -0.449406  0.0133033 
0.702379   0.706104   -0.379515  0.0163169 
0.702379   0.706104   -0.379515  0.00994892
0.713003   0.638856   -0.418844  0.00949434
0.636908   0.657618   -0.35729   0.00968803
0.696908   0.696195   -0.394096  0.0158453 
0.760288   0.75047    -0.373534  0.0114317 
0.741687   0.733221   -0.408502  0.00869801
0.649834   0.644273   -0.375821  0.00906592
0.640867   0.662142   -0.359269  0.0101277 
0.612646   0.662664   -0.331135  0.013211  
0.612646   0.662664   -0.331135  0.012938  
0.652182   0.71362    -0.359998  0.0196565 
0.7064     0.764502   -0.3433    0.0252389 
0.640136   0.825955   -0.272405  0.0452048 
0.726439   0.921263   -0.156421  0.0242801 
0.6502     0.868559   -0.259126  0.0216869 
0.558794   0.888223   -0.288265  0.0321288 
0.558794   0.888223   -0.288265  0.0205793 
0.527231   0.814458   -0.275578  0.013928  
0.495103   0.750205   -0.282973  0.0143901 
0.487355   0.72775    -0.268347  0.0162972 
0.468742   0.783241   -0.22137   0.016702  
0.416315   0.712094   -0.170454  0.0149777 
0.416315   0.712094   -0.170454  0.0188625 
0.349778   0.679752   -0.0475009 0.0223017 
0.29275    0.651328   0.00435844 0.018611  
0.285533   0.725515   -0.0630783 0.0162739 
0.311958   0.802544   -0.189602  0.0237287 
0.339006   0.859095   -0.213583  0.0162535 
0.295762   0.935517   -0.280037  0.0173651 
0.33616    0.935189   -0.281175  0.0207684 
0.33616    0.935189   -0.281175  0.0176622 
0.31046    0.902012   -0.223768  0.0251451 
0.365027   0.939458   -0.248201  0.025134  
0.333252   1.01953    -0.232273  0.0391261 
0.333252   1.01953    -0.232273  0.0452887 
0.333252   1.01953    -0.232273  0.0441762 
0.384918   1.0142     -0.246157  0.0429701 
0.338807   1.05751    -0.138672  0.0495316 
0.423826   1.0799     -0.154415  0.0352808 
0.443876   1.04627    -0.190072  0.0333475 
0.411576   0.961347   -0.242209  0.0293352 
0.404524   1.01539    -0.203491  0.0234547 
0.408753   1.00677    -0.227341  0.0388384 
0.413482   0.98996    -0.153525  0.0464033 
0.503339   1.04201    -0.0560804 0.0268906 
0.519079   0.998578   -0.219405  0.0395737 
0.614102   1.02553    -0.128962  0.0356716 
0.646624   0.972389   -0.138779  0.0461396 
0.616477   1.03615    -0.0651094 0.0955332 
0.683567   1.1131     0.286523   0.060563  
0.758589   1.02144    0.0903588  0.108634  
0.758589   1.02144    0.0903588  0.0993542 
0.758589   1.02144    0.0903588  0.122021  
0.758589   1.02144    0.0903588  0.0751593 
0.819789   1.00386    0.241539   0.0900126 
0.819789   1.00386    0.241539   0.0458634 
0.754573   0.968695   -0.0312198 0.108314  
0.754573   0.968695   -0.0312198 0.0293274 
0.750512   0.896263   -0.186765  0.043783  
0.736771   0.937329   -0.121687  0.0401727 
0.755457   0.970483   -0.0961811 0.0725401 
0.755457   0.970483   -0.0961811 0.059778  
0.823427   0.970384   0.135656   0.0792048 
0.848013   1.02821    0.248727   0.0493676 
0.799685   0.988025   0.00137502 0.0845587 
0.799685   0.988025   0.00137502 0.117207  
0.799685   0.988025   0.00137502 0.0574076 
0.731718   0.987299   -0.00707087 0.0674765 
0.804245   1.08239    0.274216   0.0537359 
0.808652   0.99052    0.0638572  0.0667351 
0.808652   0.99052    0.0638572  0.059664  
0.823995   1.00692    0.107563   0.0562794 
0.88976    0.936292   0.0552689  0.0731442 
0.961963   0.943314   0.341409   0.145029  
0.961963   0.943314   0.341409   0.074167  
1.00442    0.883257   0.371388   0.0796083 
1.069      0.927917   0.697932   0.0602633 
0.997681   0.885075   0.242745   0.0675815 
0.970555   0.910618   0.231735   0.0654544 
0.947162   0.824468   0.0840832  0.04011   
1.00544    0.768283   -0.0296984 0.0273842 
0.971902   0.744949   -0.186937  0.0353319 
0.896678   0.814498   -0.184072  0.0387489 
0.963796   0.79836    -0.0837288 0.0228078 
0.874681   0.750861   -0.29847   0.022993  
0.91612    0.705976   -0.298993  0.0214994 
0.884582   0.748269   -0.32987   0.0392816 
0.924543   0.752801   -0.210157  0.055914  
0.924543   0.752801   -0.210157  0.0504878 
0.990268   0.747335   -0.0290725 0.0223282 
0.945678   0.712715   -0.293493  0.0285284 
0.850925   0.782406   -0.274632  0.0432173 
0.850925   0.782406   -0.274632  0.0350787 
0.787122   0.875877   -0.146754  0.0346856 
0.697856   0.916631   -0.189106  0.0253758 
0.67854    0.927086   -0.262492  0.0318494 
0.70627    0.912461   -0.186525  0.031796  
0.693794   0.901002   -0.218391  0.0197911 
0.686569   0.825729   -0.316344  0.0192103 
0.591141   0.855278   -0.291997  0.036709  
0.583453   0.907608   -0.186835  0.0298392 
0.534993   0.875401   -0.255115  0.0316584 
0.587622   0.949742   -0.234435  0.0559136 
0.596439   1.01963    -0.0862094 0.0636936 
0.585238   1.0277     -0.0786315 0.0445837 
0.604574   1.05506    -0.0664777 0.0629122 
0.547618   1.0989     0.0583259  0.0958437 
0.547618   1.0989     0.0583259  0.0370052 
0.555406   1.02223    -0.163678  0.0316892 
0.50208    0.982773   -0.236906  0.0418233 
0.50208    0.982773   -0.236906  0.0215074 
0.419864   0.899811   -0.259086  0.0215197 
0.499344   0.885593   -0.251937  0.0204498 
0.51744    0.817305   -0.278461  0.0135361 
0.545718   0.761501   -0.306782  0.01576   
0.452966   0.70952    -0.203252  0.0151352 
0.444649   0.739006   -0.223334  0.0131596 
0.53012    0.701065   -0.294256  0.0157376 
0.53012    0.701065   -0.294256  0.0168853 
0.53012    0.701065   -0.294256  0.0174118 
0.443686   0.676564   -0.145311  0.0174991 
0.354994   0.764052   -0.18642   0.0164548 
0.432985   0.678041   -0.166027  0.0149014 
0.504777   0.645184   -0.208449  0.0157413 
0.479641   0.581807   -0.0953252 0.0182587 
0.438051   0.551464   -0.0148899 0.0220397 
0.401766   0.510416   0.089798   0.0175085 
0.447479   0.601953   -0.0973753 0.0143712 
0.510274   0.656837   -0.231609  0.0150376 
0.461819   0.715472   -0.200013  0.0141092 
0.491406   0.688047   -0.232678  0.012566  
0.566608   0.596411   -0.283032  0.00911766
0.6304     0.653434   -0.351869  0.0121673 
0.593967   0.564756   -0.289995  0.0157734 
0.547343   0.511941   -0.188471  0.0213351 
0.547343   0.511941   -0.188471  0.0288027 
0.547343   0.511941   -0.188471  0.0178072 
0.547343   0.511941   -0.188471  0.0188555 
0.451087   0.526459   -0.03204   0.0205131 
0.497862   0.451719   0.03112    0.0186915 
0.454738   0.507428   0.00860894 0.0165415 
0.5019     0.517193   -0.0845551 0.0131447 
0.560009   0.55805    -0.23166   0.0109771 
0.635667   0.570774   -0.362188  0.0124115 
0.558096   0.641229   -0.29834   0.0111126 
0.589919   0.596674   -0.309334  0.012344  
0.604897   0.662704   -0.330582  0.0102652 
0.609952   0.609968   -0.327982  0.00690053
0.683473   0.640917   -0.401179  0.00844707
0.754383   0.575021   -0.416872  0.0115485 
0.790639   0.643187   -0.442127  0.0112653 
0.815154   0.550641   -0.411989  0.0119963 
0.854905   0.642895   -0.416952  0.0195667 
0.792183   0.735914   -0.355663  0.0315889 
0.792183   0.735914   -0.355663  0.0262208 
0.881321   0.756426   -0.270179  0.0327293 
0.84922    0.829574   -0.219352  0.0459652 
0.87698    0.910248   -0.054048  0.0441883 
0.875107   0.88872    -0.041283  0.071834  
0.935816   0.914144   0.251464   0.0649111 
0.887631   0.920124   0.11122    0.0488181 
0.836976   0.967261   0.0558213  0.0356404 
0.776489   0.876443   -0.226094  0.050431  
0.865571   0.907979   0.0327918  0.0618647 
0.787312   0.924825   -0.0229576 0.0428862 
0.856694   0.905887   -0.0380018 0.0566109 
0.856694   0.905887   -0.0380018 0.0536915 
0.91712    0.915573   0.0607969  0.0804949 
0.962435   0.904578   0.104408   0.0521994 
0.953196   0.839242   -0.0545317 0.0802678 
1.02534    0.907333   0.479582   0.105397  
1.02534    0.907333   0.479582   0.0866197 
1.02534    0.907333   0.479582   0.124633  
1.02534    0.907333   0.479582   0.0930052 
0.965378   0.94297    0.566603   0.0642767 
0.885182   0.936916   0.120752   0.0690726 
0.889266   0.949744   0.209771   0.0830283 
0.954317   1.00468    0.541769   0.108089  
0.954317   1.00468    0.541769   0.0652113 
0.906776   0.998047   0.26466    0.069679  
0.869026   1.01725    0.37279    0.0566113 
0.78154    0.921524   -0.0436767 0.0426617 
0.700406   0.914267   -0.130856  0.0197448 
0.626811   0.871593   -0.273489  0.0253406 
0.583261   0.892225   -0.256068  0.022617  
0.630703   0.792498   -0.282867  0.0224227 
0.710457   0.798032   -0.330221  0.0100544 
0.65489    0.709373   -0.36309   0.0197846 
0.621184   0.790605   -0.285312  0.0303194 
0.702407   0.88951    -0.221535  0.0534549 
0.619947   0.973049   -0.113323  0.0240696 
0.540484   0.932116   -0.209601  0.0175608 
0.471729   0.874839   -0.26718   0.0166493 
0.545334   0.838464   -0.298796  0.0148268 
0.529931   0.804566   -0.309236  0.0156411 
0.457035   0.76311    -0.243993  0.0150378 
0.462098   0.797556   -0.237982  0.0234396 
0.511197   0.889124   -0.296     0.0244486 
0.567147   0.87518    -0.277693  0.0221911 
0.561992   0.895672   -0.268741  0.0354165 
0.652352   0.853059   -0.231486  0.025778  
0.600357   0.785299   -0.268832  0.0177634 
0.685567   0.821321   -0.344319  0.0258805 
0.746512   0.80862    -0.317709  0.0336535 
0.746512   0.80862    -0.317709  0.0217489 
0.808593   0.801345   -0.311988  0.0239268 
0.718205   0.872583   -0.274642  0.0304424 
0.662477   0.966442   -0.199458  0.0555039 
0.662477   0.966442   -0.199458  0.0197161 
0.579151   0.923152   -0.281869  0.0204023 
0.507894   0.839157   -0.25816   0.0194339 
0.568451   0.827127   -0.273853  0.0188524 
0.469823   0.875639   -0.314424  0.037911  
0.471284   0.824411   -0.242773  0.0189538 
0.383479   0.879552   -0.21857   0.021035  
0.41315    0.972021   -0.275384  0.0387912 
0.46897    0.946199   -0.239149  0.0223765 
0.528722   0.89378    -0.254247  0.0355131 
0.535659   0.827513   -0.256824  0.0182537 
0.505023   0.876805   -0.287126  0.0305489 
0.602945   0.969507   -0.171943  0.0325287 
0.556767   1.03999    -0.133942  0.0422487 
0.494688   1.10871    -0.0971368 0.0646153 
0.551668   1.06239    -0.0338791 0.0584238 
0.458911   1.14719    0.0455103  0.0713603 
0.458911   1.14719    0.0455103  0.0541202 
0.487704   1.09575    -0.0876644 0.0387388 
0.546027   1.04858    -0.172621  0.0630164 
0.551509   0.988618   -0.0915695 0.0290379 
0.455875   1.00121    -0.237542  0.0636753 
0.455875   1.00121    -0.237542  0.0389079 
0.355981   0.967474   -0.21207   0.0162089 
0.307569   0.936015   -0.28354   0.0221706 
0.274311   0.987929   -0.271693  0.0183812 
0.35339    0.969691   -0.258767  0.0235879 
0.326062   1.00593    -0.241027  0.0211814 
0.415836   0.96216    -0.211611  0.0245598 
0.44647    0.987075   -0.256026  0.0346327 
0.347996   1.068      -0.162734  0.0230581 
0.357269   0.983675   -0.22398   0.0272581 
0.264651   0.971178   -0.23517   0.0320648 
0.190355   1.04274    -0.200308  0.0192733 
0.217954   0.986944   -0.25638   0.0185145 
0.276093   0.950595   -0.240151  0.017199  
0.18512    0.900595   -0.220438  0.0168316 
0.275604   0.877615   -0.235171  0.0186492 
0.270779   0.790903   -0.161787  0.0186213 
0.218591   0.77674    -0.124795  0.0174262 
0.245157   0.858939   -0.189928  0.0199562 
0.195008   0.762221   -0.133302  0.0180004 
0.155748   0.80916    -0.150364  0.0200787 
0.24872    0.716521   -0.01725   0.0220856 
0.24872    0.716521   -0.01725   0.0244857 
0.251157   0.619075   0.111177   0.030593  
0.207897   0.550258   0.309073   0.0312297 
0.196918   0.553251   0.371831   0.023642  
0.282329   0.649657   0.0184585  0.0198559 
0.282329   0.649657   0.0184585  0.0226877 
0.258336   0.631073   0.149337   0.0235372 
0.292908   0.604721   0.109775   0.0212582 
0.235714   0.683443   0.0414326  0.0219515 
0.144055   0.699533   0.0329236  0.0241921 
0.133544   0.647335   0.187645   0.0272075 
0.214413   0.564546   0.312029   0.026695  
0.136423   0.626688   0.222584   0.0243093 
0.0541101  0.660292   0.21385    0.0276144 
0.065972   0.60507    0.332887   0.0217377 
0.125389   0.701575   0.0691538  0.0195336 
0.166028   0.748762   -0.0719029 0.022695  
0.153585   0.673158   0.11751    0.0244615 
0.103523   0.685672   0.0740073  0.0231295 
0.153575   0.674857   0.0873829  0.0238057 
0.136008   0.703339   -0.0101294 0.0177777 
0.210578   0.801743   -0.146336  0.0186934 
0.289915   0.863429   -0.19817   0.0298489 
0.222322   0.940007   -0.193815  0.0207998 
0.263843   1.01133    -0.251561  0.0474865 
0.322553   1.09702    -0.120102  0.0291267 
0.37825    1.0732     -0.21762   0.0438326 
0.346272   1.05811    -0.170053  0.0280392 
0.262388   1.05529    -0.220738  0.0288855 
0.211684   1.09089    -0.224681  0.0211078 
0.130212   1.00884    -0.284409  0.0192216 
0.116878   0.967494   -0.234758  0.0169223 
0.0886239  0.899446   -0.234056  0.0201876 
0.0479357  0.964072   -0.253687  0.0174162 
-0.0409283 0.969246   -0.248838  0.0164684 
-0.100619  0.947229   -0.235175  0.0312578 
-0.198509  1.04208    -0.215048  0.0285325 
-0.202875  1.0061     -0.271988  0.0234954 
-0.280655  0.978464   -0.233753  0.0152396 
-0.353389  0.897966   -0.266343  0.0278584 
-0.353389  0.897966   -0.266343  0.0152909 
-0.318016  0.885324   -0.263523  0.0228167 
-0.379366  0.954402   -0.233779  0.0166905 
-0.372731  0.873363   -0.239621  0.0188198 
-0.28145   0.939236   -0.278522  0.0301024 
-0.371853  0.962199   -0.297014  0.0256892 
-0.421326  0.913975   -0.216884  0.023633  
-0.329059  0.992954   -0.262356  0.0178875 
-0.329059  0.992954   -0.262356  0.022679  
-0.32663   1.01313    -0.262058  0.0376067 
-0.41048   0.97209    -0.211274  0.0324952 
-0.457525  0.925887   -0.228799  0.0160212 
-0.541895  0.837566   -0.303932  0.0210238 
-0.544774  0.904804   -0.298833  0.0168677 
-0.540183  0.865465   -0.292967  0.0161844 
-0.628315  0.816167   -0.296313  0.0156144 
-0.644889  0.787163   -0.344622  0.0366955 
-0.644889  0.787163   -0.344622  0.0142838 
-0.548057  0.800857   -0.258453  0.0136926 
-0.510269  0.758543   -0.268549  0.014387  
-0.465914  0.7904     -0.278154  0.0166206 
-0.36743   0.862011   -0.260162  0.015733  
-0.333448  0.812119   -0.20598   0.0187628 
-0.432033  0.826847   -0.255482  0.0167752 
-0.382128  0.774927   -0.206229  0.0192109 
-0.366885  0.678868   -0.0949774 0.0150769 
-0.441741  0.717524   -0.184608  0.0140436 
-0.517921  0.8158     -0.296316  0.0149936 
-0.460589  0.754616   -0.278841  0.0158315 
-0.436157  0.756817   -0.231212  0.0156724 
-0.414507  0.749095   -0.164035  0.0174916 
-0.408107  0.672204   -0.116444  0.0178176 
-0.422833  0.588778   -0.0211382 0.0170388 
-0.452471  0.588934   -0.0836534 0.0179545 
-0.389194  0.685319   -0.126066  0.0186139 
-0.30724   0.737156   -0.115191  0.022977  
-0.247032  0.659524   0.0589011  0.020028  
-0.252499  0.709377   -0.0144669 0.0170486 
-0.330658  0.804481   -0.21401   0.0189826 
-0.243118  0.744734   -0.0729634 0.0191693 
-0.243118  0.744734   -0.0729634 0.0175863 
-0.249509  0.839209   -0.194186  0.0165431 
-0.34413   0.770281   -0.154773  0.0170656 
-0.34546   0.738479   -0.126555  0.0214961 
-0.264177  0.670747   0.0195937  0.0222154 
-0.172872  0.691854   0.00439141 0.0195312 
-0.152271  0.760014   -0.0725421 0.02006   
-0.160852  0.733537   -0.00657512 0.0181213 
-0.196599  0.800897   -0.125474  0.0195359 
-0.26856   0.741011   -0.0937366 0.0194845 
-0.286453  0.69972    -0.0332978 0.0206316 
-0.217758  0.714851   -0.0290444 0.0191325 
-0.248847  0.740894   -0.0549462 0.0227975 
-0.194596  0.686122   0.0383978  0.0208899 
-0.149521  0.700409   0.0514992  0.0228065 
-0.152392  0.665917   0.100066   0.025989  
-0.152392  0.665917   0.100066   0.023525  
-0.219932  0.640864   0.138775   0.0249891 
-0.173943  0.653003   0.119543   0.0298977 
-0.173943  0.653003   0.119543   0.0247106 
-0.124805  0.64929    0.150901   0.0269621 
-0.0888721 0.63041    0.232303   0.0296806 
-0.0888721 0.63041    0.232303   0.0221543 
-0.027152  0.728367   0.0140122  0.0242369 
-0.027152  0.728367   0.0140122  0.0240952 
0.0706625  0.684311   0.111379   0.0241619 
0.0491552  0.659498   0.197535   0.0215293 
0.0829705  0.726143   0.00446247 0.0193509 
0.0898076  0.771982   -0.0881786 0.0167873 
0.117612   0.867872   -0.19531   0.0176488 
0.0449775  0.946214   -0.257253  0.0170111 
0.0522328  0.944532   -0.261026  0.0194626 
0.117972   1.03622    -0.264843  0.025101  
0.117972   1.03622    -0.264843  0.0278028 
0.0905441  1.10867    -0.238384  0.029775  
0.163216   1.0552     -0.215631  0.0348824 
0.0827934  1.07631    -0.217368  0.0177871 
0.0193327  1.01349    -0.262982  0.0159347 
-0.0271886 0.940643   -0.22837   0.0177727 
-0.0275667 0.884058   -0.188925  0.0157356 
-0.0259033 0.926389   -0.243571  0.0271774 
-0.00744474 1.02537    -0.23923   0.0204713 
-0.0876051 0.926623   -0.218824  0.0163706 
-0.130199  0.836964   -0.162085  0.0204198 
-0.130199  0.836964   -0.162085  0.0184113 
-0.178034  0.871258   -0.218554  0.0273079 
-0.231929  0.924351   -0.215002  0.016548  
-0.267702  0.84509    -0.214739  0.0198829 
-0.242636  0.871269   -0.18049   0.0158814 
-0.255445  0.854074   -0.191943  0.0174772 
-0.286008  0.953791   -0.280345  0.017071  
-0.321741  0.864257   -0.207696  0.0163651 
-0.312087  0.856493   -0.248297  0.017503  
-0.214757  0.79503    -0.133493  0.0197833 
-0.214757  0.79503    -0.133493  0.0191677 
-0.248664  0.731436   -0.0565174 0.0202787 
-0.26297   0.699881   -0.0115412 0.0174512 
-0.192396  0.787042   -0.0901389 0.0171944 
-0.166363  0.826855   -0.153727  0.0168099 
-0.250139  0.823893   -0.1783    0.0170813 
-0.346057  0.732287   -0.140026  0.021748  
-0.263448  0.683335   -0.00539834 0.0185225 
-0.340919  0.712425   -0.120614  0.0204926 
-0.289118  0.662234   0.0198983  0.0215949 
-0.315122  0.60886    0.0768853  0.0266517 
-0.246855  0.565437   0.317181   0.0262795 
-0.329561  0.482034   0.325622   0.0284104 
-0.329561  0.482034   0.325622   0.0373924 
-0.329561  0.482034   0.325622   0.0232522 
-0.313787  0.568891   0.203704   0.0224246 
-0.349252  0.563777   0.128117   0.0208921 
-0.341088  0.632297   -0.0132538 0.0232614 
-0.341088  0.632297   -0.0132538 0.0217804 
-0.341088  0.632297   -0.0132538 0.0198515 
-0.254549  0.707233   -0.0267822 0.0219288 
-0.330714  0.621374   0.0289825  0.0194022 
-0.351751  0.617298   0.0804193  0.0164421 
-0.42824   0.704004   -0.160866  0.0135884 
-0.504455  0.756242   -0.253079  0.0118858 
-0.567053  0.709265   -0.31001   0.013871  
-0.521186  0.728042   -0.252526  0.0114391 
-0.579274  0.669018   -0.290633  0.00953729
-0.625059  0.641284   -0.344879  0.0135432 
-0.52876   0.64007    -0.251616  0.0166492 
-0.52876   0.64007    -0.251616  0.0153617 
-0.486623  0.653732   -0.232222  0.0159822 
-0.44812   0.704668   -0.188243  0.0187633 
-0.367059  0.664034   -0.0509484 0.0177597 
-0.364794  0.734284   -0.14348   0.0171439 
-0.406544  0.658864   -0.0929365 0.0159408 
-0.464368  0.679821   -0.207536  0.0131474 
