#MU        SIGMA      ENERGY     ERROR     
-0.827669  0.577294   -0.427942  0.00688697
-0.847005  0.605317   -0.448364  0.0109924 
-0.847005  0.605317   -0.448364  0.0108082 
-0.847005  0.605317   -0.448364  0.0105582 
-0.847005  0.605317   -0.448364  0.0150936 
-0.847005  0.605317   -0.448364  0.0113999 
-0.847005  0.605317   -0.448364  0.00767621
-0.847005  0.605317   -0.448364  0.0141039 
-0.847005  0.605317   -0.448364  0.00709112
-0.847005  0.605317   -0.448364  0.0093941 
-0.847005  0.605317   -0.448364  0.0263914 
-0.847005  0.605317   -0.448364  0.0123247 
-0.847005  0.605317   -0.448364  0.0101376 
-0.8689    0.646773   -0.430572  0.00917452
-0.78471   0.697104   -0.428951  0.0250249 
-0.78471   0.697104   -0.428951  0.0179531 
-0.78471   0.697104   -0.428951  0.00831319
-0.78471   0.697104   -0.428951  0.00828986
-0.78471   0.697104   -0.428951  0.0315051 
-0.78471   0.697104   -0.428951  0.00636257
-0.850199  0.614045   -0.456061  0.0130262 
-0.850199  0.614045   -0.456061  0.013773  
-0.850199  0.614045   -0.456061  0.0206987 
-0.850199  0.614045   -0.456061  0.0103563 
-0.850199  0.614045   -0.456061  0.00871735
-0.850199  0.614045   -0.456061  0.0121858 
-0.850199  0.614045   -0.456061  0.0187303 
-0.850199  0.614045   -0.456061  0.0101196 
-0.850199  0.614045   -0.456061  0.0167612 
-0.850199  0.614045   -0.456061  0.00991043
-0.850199  0.614045   -0.456061  0.0113004 
-0.850199  0.614045   -0.456061  0.00829753
-0.850199  0.614045   -0.456061  0.0108014 
-0.850199  0.614045   -0.456061  0.0123276 
-0.850199  0.614045   -0.456061  0.0148966 
-0.850199  0.614045   -0.456061  0.0141186 
-0.850199  0.614045   -0.456061  0.00929241
-0.850199  0.614045   -0.456061  0.0169715 
-0.850199  0.614045   -0.456061  0.00730357
-0.857728  0.605266   -0.429314  0.0110547 
-0.857728  0.605266   -0.429314  0.0135323 
-0.857728  0.605266   -0.429314  0.0135581 
-0.857728  0.605266   -0.429314  0.0130314 
-0.857728  0.605266   -0.429314  0.0152504 
-0.857728  0.605266   -0.429314  0.011012  
-0.839748  0.658186   -0.43142   0.0225662 
-0.839748  0.658186   -0.43142   0.0123019 
-0.826895  0.699267   -0.433395  0.0267266 
-0.826895  0.699267   -0.433395  0.00837226
-0.782371  0.649578   -0.437957  0.00807544
-0.835098  0.64034    -0.452504  0.0273206 
-0.835098  0.64034    -0.452504  0.0128023 
-0.835098  0.64034    -0.452504  0.00720085
-0.801293  0.588741   -0.4498    0.00958392
-0.801293  0.588741   -0.4498    0.00726952
-0.798448  0.628426   -0.445752  0.00949403
-0.871118  0.607905   -0.423909  0.010634  
-0.799745  0.554527   -0.41622   0.0284619 
-0.799745  0.554527   -0.41622   0.0208081 
-0.799745  0.554527   -0.41622   0.0141767 
-0.799745  0.554527   -0.41622   0.0169489 
-0.799745  0.554527   -0.41622   0.00686195
-0.806485  0.610359   -0.445701  0.011543  
-0.806485  0.610359   -0.445701  0.00977731
-0.806485  0.610359   -0.445701  0.00712102
-0.810062  0.602935   -0.432967  0.0108487 
-0.780285  0.551186   -0.416849  0.0112426 
-0.873099  0.597644   -0.421873  0.0114748 
-0.873099  0.597644   -0.421873  0.023002  
-0.873099  0.597644   -0.421873  0.00812701
-0.911021  0.600984   -0.413286  0.00907323
-0.819879  0.576359   -0.42201   0.00972263
-0.82131   0.561725   -0.422405  0.00999152
-0.82131   0.561725   -0.422405  0.0245159 
-0.82131   0.561725   -0.422405  0.00934098
-0.82131   0.561725   -0.422405  0.0267645 
-0.82131   0.561725   -0.422405  0.0169448 
-0.82131   0.561725   -0.422405  0.00609304
-0.753126  0.633613   -0.435291  0.00914518
-0.830976  0.669509   -0.445578  0.0287279 
-0.830976  0.669509   -0.445578  0.0110393 
-0.830976  0.669509   -0.445578  0.0123275 
-0.811594  0.689598   -0.421249  0.036454  
-0.811594  0.689598   -0.421249  0.0206105 
-0.811594  0.689598   -0.421249  0.0210668 
-0.811594  0.689598   -0.421249  0.00572191
-0.805038  0.614134   -0.45281   0.025731  
-0.805038  0.614134   -0.45281   0.0123679 
-0.805038  0.614134   -0.45281   0.015034  
-0.805038  0.614134   -0.45281   0.0117914 
-0.805038  0.614134   -0.45281   0.0102111 
-0.805038  0.614134   -0.45281   0.0105244 
-0.805038  0.614134   -0.45281   0.00942399
-0.805038  0.614134   -0.45281   0.0159745 
-0.805038  0.614134   -0.45281   0.0169828 
-0.805038  0.614134   -0.45281   0.00928999
-0.805038  0.614134   -0.45281   0.00651349
-0.805038  0.614134   -0.45281   0.00777595
-0.74396   0.670994   -0.4302    0.00688968
-0.74396   0.670994   -0.4302    0.0061821 
-0.785452  0.636398   -0.453005  0.011238  
-0.785452  0.636398   -0.453005  0.00693259
-0.785452  0.636398   -0.453005  0.00762668
-0.790887  0.590964   -0.440064  0.00617729
-0.790887  0.590964   -0.440064  0.0082167 
-0.778915  0.623185   -0.442907  0.0127498 
-0.790924  0.541424   -0.391362  0.00935405
-0.852693  0.569002   -0.404768  0.0118721 
-0.83453   0.547364   -0.383365  0.00978987
-0.822068  0.617009   -0.436533  0.0147358 
-0.822068  0.617009   -0.436533  0.0238336 
-0.822068  0.617009   -0.436533  0.0124825 
-0.822068  0.617009   -0.436533  0.00862735
-0.822068  0.617009   -0.436533  0.0143457 
-0.822068  0.617009   -0.436533  0.0110163 
-0.822068  0.617009   -0.436533  0.010125  
-0.897417  0.619938   -0.418018  0.0182853 
-0.897417  0.619938   -0.418018  0.0172772 
-0.897417  0.619938   -0.418018  0.00921984
-0.897417  0.619938   -0.418018  0.0130382 
-0.897417  0.619938   -0.418018  0.0119786 
-0.897417  0.619938   -0.418018  0.0139494 
-0.962878  0.607138   -0.332616  0.015796  
-0.962878  0.607138   -0.332616  0.0111188 
-0.92951   0.624039   -0.376653  0.0131404 
-0.92951   0.624039   -0.376653  0.0410406 
-0.92951   0.624039   -0.376653  0.0117573 
-0.92951   0.624039   -0.376653  0.0183532 
-0.92951   0.624039   -0.376653  0.0319426 
-0.92951   0.624039   -0.376653  0.00814626
-0.85285   0.588204   -0.442025  0.0190084 
-0.85285   0.588204   -0.442025  0.0128014 
-0.85285   0.588204   -0.442025  0.0101738 
-0.85285   0.588204   -0.442025  0.0131837 
-0.85285   0.588204   -0.442025  0.0138757 
-0.85285   0.588204   -0.442025  0.018628  
-0.85285   0.588204   -0.442025  0.0123149 
-0.85285   0.588204   -0.442025  0.0115066 
-0.786447  0.550619   -0.424091  0.0115503 
-0.786447  0.550619   -0.424091  0.00911431
-0.835176  0.569733   -0.436681  0.0226168 
-0.835176  0.569733   -0.436681  0.0106936 
-0.835176  0.569733   -0.436681  0.0208806 
-0.835176  0.569733   -0.436681  0.00957734
-0.835176  0.569733   -0.436681  0.0140235 
-0.835176  0.569733   -0.436681  0.0131186 
-0.835176  0.569733   -0.436681  0.00845667
-0.850039  0.650656   -0.436306  0.00963935
-0.850039  0.650656   -0.436306  0.0145402 
-0.850039  0.650656   -0.436306  0.016841  
-0.850039  0.650656   -0.436306  0.00973298
-0.763539  0.561243   -0.425634  0.0140203 
-0.763539  0.561243   -0.425634  0.022174  
-0.763539  0.561243   -0.425634  0.0156317 
-0.763539  0.561243   -0.425634  0.00847381
-0.813179  0.576131   -0.434258  0.0149076 
-0.813179  0.576131   -0.434258  0.0069069 
-0.719184  0.613688   -0.43785   0.0118392 
-0.719184  0.613688   -0.43785   0.00873412
-0.721003  0.669376   -0.421175  0.0171458 
-0.721003  0.669376   -0.421175  0.00690465
-0.744719  0.599145   -0.42604   0.0149029 
-0.830666  0.528744   -0.398363  0.0173337 
-0.830666  0.528744   -0.398363  0.00771404
-0.76266   0.604703   -0.436681  0.00999214
-0.676488  0.562212   -0.370733  0.00953316
-0.687764  0.586217   -0.397078  0.00814306
-0.730216  0.579805   -0.422154  0.0133642 
-0.730216  0.579805   -0.422154  0.00989938
-0.730216  0.579805   -0.422154  0.0104973 
-0.805499  0.563633   -0.399129  0.0099799 
-0.876038  0.565481   -0.417373  0.0101177 
-0.917981  0.592658   -0.38506   0.00899828
-0.820672  0.611498   -0.434884  0.0130417 
-0.820672  0.611498   -0.434884  0.0212387 
-0.820672  0.611498   -0.434884  0.00692103
-0.758692  0.654138   -0.434802  0.00748793
-0.763905  0.590099   -0.442832  0.0170919 
-0.763905  0.590099   -0.442832  0.00976815
-0.763905  0.590099   -0.442832  0.00694884
-0.789446  0.599039   -0.44176   0.00795594
-0.789446  0.599039   -0.44176   0.00848832
-0.789446  0.599039   -0.44176   0.00788865
-0.789446  0.599039   -0.44176   0.0101111 
-0.789446  0.599039   -0.44176   0.00630094
-0.789446  0.599039   -0.44176   0.0115983 
-0.838349  0.649317   -0.44323   0.019596  
-0.838349  0.649317   -0.44323   0.0118522 
-0.838349  0.649317   -0.44323   0.0103478 
-0.838349  0.649317   -0.44323   0.0109473 
-0.838349  0.649317   -0.44323   0.0270706 
-0.838349  0.649317   -0.44323   0.0151469 
-0.838349  0.649317   -0.44323   0.0188944 
-0.838349  0.649317   -0.44323   0.0245317 
-0.838349  0.649317   -0.44323   0.0201353 
-0.838349  0.649317   -0.44323   0.0078747 
-0.816141  0.673697   -0.442953  0.0249574 
-0.816141  0.673697   -0.442953  0.00678697
-0.731423  0.623418   -0.430061  0.0112156 
-0.731423  0.623418   -0.430061  0.00796984
-0.72824   0.629089   -0.418224  0.0105175 
-0.669141  0.552111   -0.349112  0.00790009
-0.716418  0.622547   -0.41422   0.00780586
-0.755213  0.575905   -0.434906  0.00733584
-0.697119  0.642031   -0.403002  0.010124  
-0.730858  0.691869   -0.413689  0.0184603 
-0.730858  0.691869   -0.413689  0.0243176 
-0.730858  0.691869   -0.413689  0.00659237
-0.807222  0.628211   -0.457017  0.0143357 
-0.807222  0.628211   -0.457017  0.00728598
-0.807222  0.628211   -0.457017  0.00674665
-0.807222  0.628211   -0.457017  0.00979653
-0.807222  0.628211   -0.457017  0.00715259
-0.807222  0.628211   -0.457017  0.0100315 
-0.807222  0.628211   -0.457017  0.00830216
-0.807222  0.628211   -0.457017  0.0150149 
-0.807222  0.628211   -0.457017  0.0255029 
-0.807222  0.628211   -0.457017  0.00740504
-0.807222  0.628211   -0.457017  0.00682348
-0.807222  0.628211   -0.457017  0.00847831
-0.807222  0.628211   -0.457017  0.00782467
-0.807222  0.628211   -0.457017  0.0139854 
-0.807222  0.628211   -0.457017  0.0101958 
-0.807222  0.628211   -0.457017  0.0079365 
-0.807222  0.628211   -0.457017  0.00761724
-0.818011  0.588166   -0.446999  0.00980636
-0.818011  0.588166   -0.446999  0.00954319
-0.818011  0.588166   -0.446999  0.00667273
-0.818011  0.588166   -0.446999  0.0182617 
-0.818011  0.588166   -0.446999  0.00710649
-0.818011  0.588166   -0.446999  0.0126712 
-0.818011  0.588166   -0.446999  0.00934415
-0.784447  0.671296   -0.439465  0.00787641
-0.689269  0.593069   -0.386949  0.0116504 
-0.689269  0.593069   -0.386949  0.00910444
-0.689269  0.593069   -0.386949  0.00994415
-0.689269  0.593069   -0.386949  0.012104  
-0.774573  0.678334   -0.406247  0.00673068
-0.78612   0.626601   -0.443704  0.0166062 
-0.78612   0.626601   -0.443704  0.00740293
-0.78612   0.626601   -0.443704  0.00902555
-0.798272  0.641526   -0.436892  0.0122376 
-0.798272  0.641526   -0.436892  0.0139435 
-0.798272  0.641526   -0.436892  0.010124  
-0.798272  0.641526   -0.436892  0.0128974 
-0.798272  0.641526   -0.436892  0.0268574 
-0.798272  0.641526   -0.436892  0.0106142 
-0.866601  0.634095   -0.420605  0.039546  
-0.866601  0.634095   -0.420605  0.0056256 
-0.780389  0.622972   -0.447221  0.0124831 
-0.780389  0.622972   -0.447221  0.0229997 
-0.780389  0.622972   -0.447221  0.0075573 
-0.780389  0.622972   -0.447221  0.0120869 
-0.780389  0.622972   -0.447221  0.0099748 
-0.780389  0.622972   -0.447221  0.00927673
-0.778566  0.688541   -0.431116  0.0245374 
-0.778566  0.688541   -0.431116  0.0075457 
-0.752007  0.657737   -0.428157  0.0119318 
-0.752007  0.657737   -0.428157  0.00659048
-0.753424  0.61094    -0.433012  0.009445  
-0.778788  0.685704   -0.421645  0.00827989
-0.722558  0.585752   -0.409425  0.0100532 
-0.715853  0.56106    -0.400514  0.00685177
-0.741013  0.594092   -0.421913  0.00991759
-0.741013  0.594092   -0.421913  0.00716266
-0.798143  0.66023    -0.435781  0.00755021
-0.870724  0.624625   -0.436277  0.0113266 
-0.870724  0.624625   -0.436277  0.0139312 
-0.870724  0.624625   -0.436277  0.0130233 
-0.870724  0.624625   -0.436277  0.0112446 
-0.870724  0.624625   -0.436277  0.0138827 
-0.870724  0.624625   -0.436277  0.00952401
-0.835237  0.568143   -0.418077  0.0133529 
-0.92235   0.653814   -0.384393  0.0236265 
-0.92235   0.653814   -0.384393  0.0202084 
-0.92235   0.653814   -0.384393  0.0118574 
-0.876348  0.628802   -0.407871  0.00705134
-0.844131  0.599624   -0.434812  0.00910535
-0.79082   0.657002   -0.433743  0.00885495
-0.79082   0.657002   -0.433743  0.0102912 
-0.838869  0.660973   -0.422408  0.0311061 
-0.838869  0.660973   -0.422408  0.00887771
-0.788617  0.575135   -0.432953  0.00722532
-0.739336  0.591616   -0.430808  0.00711689
-0.817734  0.595354   -0.442762  0.00846028
-0.825995  0.614448   -0.441418  0.0144694 
-0.825995  0.614448   -0.441418  0.00788798
-0.825995  0.614448   -0.441418  0.0128623 
-0.825995  0.614448   -0.441418  0.00947677
-0.780148  0.663039   -0.426442  0.0245454 
-0.780148  0.663039   -0.426442  0.00783555
-0.780148  0.663039   -0.426442  0.0121369 
-0.780148  0.663039   -0.426442  0.0152528 
-0.780148  0.663039   -0.426442  0.0107785 
-0.734125  0.664066   -0.41944   0.00846903
-0.734125  0.664066   -0.41944   0.0161481 
-0.802787  0.710101   -0.389418  0.0149284 
-0.802787  0.710101   -0.389418  0.0253684 
-0.802787  0.710101   -0.389418  0.0191404 
-0.802787  0.710101   -0.389418  0.00962348
-0.739459  0.667515   -0.419271  0.00720564
-0.785674  0.60139    -0.453809  0.00917544
-0.785674  0.60139    -0.453809  0.00652664
-0.785674  0.60139    -0.453809  0.00738464
-0.76505   0.64698    -0.444516  0.0115457 
-0.76505   0.64698    -0.444516  0.0180259 
-0.76505   0.64698    -0.444516  0.0145689 
-0.76505   0.64698    -0.444516  0.0115728 
-0.76505   0.64698    -0.444516  0.0101116 
-0.76505   0.64698    -0.444516  0.00826423
-0.828527  0.609734   -0.437722  0.0146749 
-0.828527  0.609734   -0.437722  0.00643233
-0.828527  0.609734   -0.437722  0.00700155
-0.82606   0.603585   -0.449929  0.0171144 
-0.82606   0.603585   -0.449929  0.00787482
-0.82606   0.603585   -0.449929  0.0104708 
-0.82606   0.603585   -0.449929  0.0235193 
-0.82606   0.603585   -0.449929  0.00741736
-0.82606   0.603585   -0.449929  0.0101035 
-0.82606   0.603585   -0.449929  0.00671298
-0.793747  0.597532   -0.438437  0.0105996 
-0.793747  0.597532   -0.438437  0.0156786 
-0.793747  0.597532   -0.438437  0.014614  
-0.793747  0.597532   -0.438437  0.00976811
-0.793747  0.597532   -0.438437  0.0139968 
-0.84272   0.692938   -0.388275  0.0178656 
-0.84272   0.692938   -0.388275  0.0235975 
-0.84272   0.692938   -0.388275  0.0254109 
-0.84272   0.692938   -0.388275  0.0312091 
-0.84272   0.692938   -0.388275  0.00828014
-0.856834  0.612603   -0.432214  0.0236768 
-0.856834  0.612603   -0.432214  0.0140404 
-0.856834  0.612603   -0.432214  0.00860197
-0.81921   0.669194   -0.427298  0.0140624 
-0.81921   0.669194   -0.427298  0.014283  
-0.81921   0.669194   -0.427298  0.00962848
-0.740771  0.697801   -0.409526  0.0302572 
-0.740771  0.697801   -0.409526  0.0222741 
-0.740771  0.697801   -0.409526  0.0126439 
-0.740771  0.697801   -0.409526  0.0179697 
-0.740771  0.697801   -0.409526  0.00926724
-0.757604  0.676981   -0.426874  0.00863944
-0.757604  0.676981   -0.426874  0.00967694
-0.80549   0.654555   -0.439198  0.0264378 
-0.80549   0.654555   -0.439198  0.0105749 
-0.785908  0.702155   -0.411665  0.00979237
-0.857084  0.62443    -0.423344  0.0113308 
-0.857084  0.62443    -0.423344  0.00904935
-0.78524   0.656435   -0.43273   0.0179731 
-0.78524   0.656435   -0.43273   0.00622629
-0.783479  0.621036   -0.441511  0.00750327
-0.783479  0.621036   -0.441511  0.0130008 
-0.844996  0.684167   -0.401399  0.0147352 
-0.871175  0.66184    -0.383184  0.00821076
-0.83814   0.648625   -0.435041  0.0154691 
-0.83814   0.648625   -0.435041  0.0139929 
-0.83814   0.648625   -0.435041  0.0109151 
-0.83814   0.648625   -0.435041  0.0068704 
-0.822778  0.604016   -0.441022  0.0111983 
-0.822778  0.604016   -0.441022  0.00582207
-0.7543    0.614504   -0.447986  0.00776168
-0.7543    0.614504   -0.447986  0.0103559 
-0.7543    0.614504   -0.447986  0.0131806 
-0.845886  0.65465    -0.416743  0.0101332 
-0.845886  0.65465    -0.416743  0.0110964 
-0.849462  0.670323   -0.431826  0.00773181
-0.878755  0.61058    -0.427004  0.0151818 
-0.878755  0.61058    -0.427004  0.0120708 
-0.878755  0.61058    -0.427004  0.0153459 
-0.878755  0.61058    -0.427004  0.0115961 
-0.878755  0.61058    -0.427004  0.0188043 
-0.878755  0.61058    -0.427004  0.00988358
-0.878755  0.61058    -0.427004  0.00982206
-0.878755  0.61058    -0.427004  0.010102  
-0.7788    0.559854   -0.39709   0.00824795
-0.720971  0.583477   -0.419162  0.00817709
-0.720971  0.583477   -0.419162  0.00625541
-0.815703  0.610176   -0.440484  0.0110337 
-0.832265  0.662717   -0.418119  0.00949369
-0.739842  0.699269   -0.416742  0.00807784
-0.689873  0.600309   -0.405469  0.00938664
-0.78519   0.599735   -0.433166  0.00810896
-0.78519   0.599735   -0.433166  0.015579  
-0.78519   0.599735   -0.433166  0.0103943 
-0.78519   0.599735   -0.433166  0.0139494 
-0.78519   0.599735   -0.433166  0.00630465
-0.749546  0.602691   -0.434462  0.00802282
-0.742301  0.640113   -0.4232    0.0122223 
-0.742301  0.640113   -0.4232    0.00606198
-0.737811  0.61312    -0.428456  0.0148814 
-0.737811  0.61312    -0.428456  0.0164792 
-0.737811  0.61312    -0.428456  0.0064365 
-0.717855  0.614141   -0.426845  0.0153896 
-0.717855  0.614141   -0.426845  0.00916744
-0.75462   0.663773   -0.433928  0.0150898 
-0.75462   0.663773   -0.433928  0.0107351 
-0.75462   0.663773   -0.433928  0.0206902 
-0.75462   0.663773   -0.433928  0.0189742 
-0.83106   0.698254   -0.405937  0.0120581 
-0.744513  0.667397   -0.408515  0.00637377
-0.701522  0.629993   -0.416284  0.0104774 
-0.701522  0.629993   -0.416284  0.0150511 
-0.757916  0.672505   -0.414551  0.0110739 
-0.757916  0.672505   -0.414551  0.0098997 
-0.757916  0.672505   -0.414551  0.0152754 
-0.774387  0.743582   -0.38303   0.0268935 
-0.774387  0.743582   -0.38303   0.0211981 
-0.774387  0.743582   -0.38303   0.0308096 
-0.774387  0.743582   -0.38303   0.0251778 
-0.774387  0.743582   -0.38303   0.0159837 
-0.732685  0.721735   -0.375555  0.034142  
-0.732685  0.721735   -0.375555  0.011723  
-0.799985  0.700173   -0.398991  0.0246832 
-0.799985  0.700173   -0.398991  0.00715266
-0.842112  0.635857   -0.449372  0.0105904 
-0.85391   0.565107   -0.408431  0.0158405 
-0.85391   0.565107   -0.408431  0.0113676 
-0.868444  0.640388   -0.426336  0.010544  
-0.868444  0.640388   -0.426336  0.0150358 
-0.824657  0.694849   -0.407261  0.0272361 
-0.824657  0.694849   -0.407261  0.0113579 
-0.724947  0.641909   -0.403914  0.0115634 
-0.684772  0.731374   -0.381868  0.0121564 
-0.781803  0.695132   -0.408122  0.0197555 
-0.781803  0.695132   -0.408122  0.00852723
-0.842337  0.608164   -0.442887  0.0100804 
-0.842337  0.608164   -0.442887  0.0133777 
-0.842337  0.608164   -0.442887  0.0217866 
-0.844206  0.65356    -0.412772  0.00797168
-0.781349  0.627133   -0.440407  0.0132602 
-0.781349  0.627133   -0.440407  0.0149576 
-0.781349  0.627133   -0.440407  0.0107237 
-0.781349  0.627133   -0.440407  0.00768866
-0.768089  0.677561   -0.443543  0.0101019 
-0.819531  0.673725   -0.420404  0.0206548 
-0.819531  0.673725   -0.420404  0.0304093 
-0.819531  0.673725   -0.420404  0.00861922
-0.752191  0.575831   -0.419708  0.0123664 
-0.841219  0.543093   -0.383059  0.013158  
-0.82346   0.536775   -0.381658  0.0123583 
-0.732112  0.538359   -0.385955  0.0167557 
-0.732112  0.538359   -0.385955  0.0180806 
-0.732112  0.538359   -0.385955  0.00860587
-0.681748  0.588726   -0.396676  0.00999912
-0.727819  0.673903   -0.395584  0.00880738
-0.727819  0.673903   -0.395584  0.0114372 
-0.727819  0.673903   -0.395584  0.00877787
-0.678457  0.581452   -0.380464  0.00877689
-0.689057  0.65424    -0.398494  0.0105838 
-0.689057  0.65424    -0.398494  0.0107528 
-0.689057  0.65424    -0.398494  0.0115238 
-0.689057  0.65424    -0.398494  0.0107608 
-0.769265  0.702474   -0.406308  0.0128462 
-0.818626  0.649666   -0.429723  0.00758945
-0.824253  0.596056   -0.445295  0.00704945
-0.74463   0.640529   -0.428036  0.00969384
-0.757587  0.661098   -0.427086  0.0265112 
-0.757587  0.661098   -0.427086  0.0200123 
-0.757587  0.661098   -0.427086  0.0122374 
-0.831271  0.649637   -0.436659  0.0120045 
-0.831271  0.649637   -0.436659  0.00796174
-0.740098  0.644612   -0.418145  0.010412  
-0.740098  0.644612   -0.418145  0.0190596 
-0.740098  0.644612   -0.418145  0.0127441 
-0.830042  0.718175   -0.408132  0.0222065 
-0.830042  0.718175   -0.408132  0.0181081 
-0.842037  0.667207   -0.407897  0.0146308 
-0.842037  0.667207   -0.407897  0.0192964 
-0.842037  0.667207   -0.407897  0.00861807
-0.776541  0.649576   -0.444148  0.0108653 
-0.776541  0.649576   -0.444148  0.024079  
-0.776541  0.649576   -0.444148  0.0113131 
-0.776541  0.649576   -0.444148  0.0061678 
-0.804751  0.614545   -0.4572    0.00942081
-0.804751  0.614545   -0.4572    0.00818953
-0.804751  0.614545   -0.4572    0.0129597 
-0.804751  0.614545   -0.4572    0.00613019
-0.729453  0.624979   -0.434171  0.00865125
-0.729453  0.624979   -0.434171  0.00744527
-0.783983  0.628149   -0.435234  0.0131922 
-0.783983  0.628149   -0.435234  0.0159149 
-0.783983  0.628149   -0.435234  0.00961536
-0.851582  0.643468   -0.433968  0.0125695 
-0.851582  0.643468   -0.433968  0.00855435
-0.851582  0.643468   -0.433968  0.0119427 
-0.851582  0.643468   -0.433968  0.019407  
-0.851582  0.643468   -0.433968  0.0110565 
-0.851582  0.643468   -0.433968  0.00745227
-0.809392  0.585673   -0.432666  0.00806872
-0.821379  0.637483   -0.443719  0.0113915 
-0.821379  0.637483   -0.443719  0.0232013 
-0.821379  0.637483   -0.443719  0.0212081 
-0.821379  0.637483   -0.443719  0.00746509
-0.763956  0.585749   -0.447172  0.00730442
-0.759399  0.630026   -0.429926  0.00808052
-0.759399  0.630026   -0.429926  0.00702117
-0.758256  0.653408   -0.429206  0.00813631
-0.758256  0.653408   -0.429206  0.00809915
-0.758256  0.653408   -0.429206  0.0161847 
-0.758256  0.653408   -0.429206  0.0130775 
-0.85451   0.691292   -0.423698  0.0127575 
-0.85451   0.691292   -0.423698  0.0268548 
-0.85451   0.691292   -0.423698  0.0142123 
-0.86531   0.682869   -0.381955  0.0271477 
-0.86531   0.682869   -0.381955  0.0177481 
-0.86531   0.682869   -0.381955  0.0248967 
-0.86531   0.682869   -0.381955  0.014627  
-0.771363  0.705512   -0.383313  0.00735345
-0.684256  0.642805   -0.404626  0.0111342 
-0.684256  0.642805   -0.404626  0.0149709 
-0.722431  0.720091   -0.378106  0.0310876 
-0.722431  0.720091   -0.378106  0.0104542 
-0.749588  0.67037    -0.413086  0.00735188
-0.737135  0.667479   -0.436148  0.0223407 
-0.737135  0.667479   -0.436148  0.00581366
-0.748802  0.615199   -0.442932  0.00717102
-0.748802  0.615199   -0.442932  0.00708397
-0.760792  0.587315   -0.418083  0.0177367 
-0.760792  0.587315   -0.418083  0.014723  
-0.760792  0.587315   -0.418083  0.00754504
-0.681001  0.616746   -0.39839   0.0107723 
-0.681001  0.616746   -0.39839   0.0112801 
-0.681001  0.616746   -0.39839   0.00835734
-0.696705  0.701304   -0.393692  0.0205842 
-0.696705  0.701304   -0.393692  0.0171659 
-0.696705  0.701304   -0.393692  0.00809794
-0.739958  0.676268   -0.424985  0.00868334
-0.781726  0.691985   -0.436481  0.0101284 
-0.821786  0.621869   -0.438835  0.00823471
-0.738204  0.660112   -0.433686  0.0135332 
-0.738204  0.660112   -0.433686  0.0112434 
-0.738204  0.660112   -0.433686  0.0196894 
-0.821126  0.717895   -0.39062   0.0231324 
-0.821126  0.717895   -0.39062   0.0612335 
-0.821126  0.717895   -0.39062   0.0127021 
-0.897185  0.644931   -0.412006  0.0113327 
-0.850927  0.548356   -0.367329  0.0075699 
-0.817067  0.582029   -0.429092  0.0171945 
-0.757764  0.676694   -0.415838  0.0161232 
-0.799067  0.699852   -0.389805  0.013741  
-0.804418  0.710904   -0.392365  0.0144872 
-0.873148  0.663203   -0.39891   0.0207102 
-0.873148  0.663203   -0.39891   0.0208892 
-0.895861  0.676214   -0.364143  0.0107188 
-0.870592  0.646217   -0.42282   0.0100285 
-0.870592  0.646217   -0.42282   0.0174585 
-0.870592  0.646217   -0.42282   0.0275126 
-0.870592  0.646217   -0.42282   0.0147549 
-0.870592  0.646217   -0.42282   0.0171055 
-0.810876  0.605294   -0.422179  0.0103247 
-0.810876  0.605294   -0.422179  0.00897291
-0.810876  0.605294   -0.422179  0.0152552 
-0.810876  0.605294   -0.422179  0.00858644
-0.79037   0.572781   -0.437145  0.0108234 
-0.79037   0.572781   -0.437145  0.0241338 
-0.79037   0.572781   -0.437145  0.00904994
-0.79037   0.572781   -0.437145  0.010822  
-0.79037   0.572781   -0.437145  0.0195226 
-0.79037   0.572781   -0.437145  0.00803702
-0.79037   0.572781   -0.437145  0.0128181 
-0.79037   0.572781   -0.437145  0.0118161 
-0.79037   0.572781   -0.437145  0.00818119
-0.79037   0.572781   -0.437145  0.00979072
-0.79037   0.572781   -0.437145  0.0115454 
-0.79037   0.572781   -0.437145  0.0233275 
-0.79037   0.572781   -0.437145  0.0191301 
-0.79037   0.572781   -0.437145  0.0095518 
-0.79037   0.572781   -0.437145  0.0184285 
-0.79037   0.572781   -0.437145  0.0152009 
-0.79037   0.572781   -0.437145  0.00937164
-0.850458  0.630879   -0.445323  0.00928557
-0.893777  0.622144   -0.422388  0.013074  
-0.893777  0.622144   -0.422388  0.00995227
-0.885092  0.573207   -0.400086  0.0121115 
-0.888245  0.657826   -0.407896  0.010458  
-0.835935  0.643214   -0.417885  0.0103631 
-0.843264  0.674733   -0.432725  0.0130445 
-0.843264  0.674733   -0.432725  0.0146281 
-0.843264  0.674733   -0.432725  0.0141514 
-0.843264  0.674733   -0.432725  0.0156268 
-0.843264  0.674733   -0.432725  0.0207597 
-0.843264  0.674733   -0.432725  0.0190785 
-0.843264  0.674733   -0.432725  0.0186023 
-0.843264  0.674733   -0.432725  0.031931  
-0.843264  0.674733   -0.432725  0.00667785
-0.775649  0.620906   -0.440499  0.0103804 
-0.859729  0.625609   -0.434349  0.00651499
-0.760166  0.606072   -0.433407  0.0138721 
-0.824021  0.675977   -0.42201   0.0124921 
-0.825292  0.684037   -0.422217  0.0133188 
-0.917113  0.63104    -0.38136   0.0207353 
-0.917113  0.63104    -0.38136   0.0107475 
-0.917113  0.63104    -0.38136   0.0131274 
-0.886016  0.657964   -0.407     0.0190904 
-0.886016  0.657964   -0.407     0.00876356
-0.79652   0.569423   -0.412949  0.00956874
-0.712649  0.566023   -0.423973  0.0158745 
-0.796719  0.522324   -0.383647  0.0139583 
-0.796719  0.522324   -0.383647  0.0351347 
-0.796719  0.522324   -0.383647  0.0107134 
-0.791306  0.555327   -0.403972  0.0208979 
-0.791306  0.555327   -0.403972  0.0269705 
-0.791306  0.555327   -0.403972  0.0100933 
-0.789681  0.654906   -0.425914  0.0112351 
-0.785968  0.679913   -0.415925  0.00835593
-0.854281  0.58727    -0.418376  0.0100341 
-0.803095  0.561957   -0.429376  0.0252815 
-0.803095  0.561957   -0.429376  0.0106739 
-0.896928  0.649927   -0.421684  0.00776495
-0.864557  0.593085   -0.431407  0.0185231 
-0.864557  0.593085   -0.431407  0.0154867 
-0.864557  0.593085   -0.431407  0.0119487 
-0.864557  0.593085   -0.431407  0.0197093 
-0.864557  0.593085   -0.431407  0.0220865 
-0.864557  0.593085   -0.431407  0.0128121 
-0.864557  0.593085   -0.431407  0.00540734
-0.794567  0.632688   -0.449363  0.0101383 
-0.794567  0.632688   -0.449363  0.00637212
-0.745568  0.604356   -0.443841  0.0156929 
-0.745568  0.604356   -0.443841  0.0109707 
-0.745568  0.604356   -0.443841  0.0124106 
-0.745568  0.604356   -0.443841  0.0103069 
-0.745568  0.604356   -0.443841  0.00700902
-0.779871  0.596026   -0.439886  0.0110706 
-0.779871  0.596026   -0.439886  0.0108347 
-0.829288  0.656      -0.424133  0.0101073 
-0.829288  0.656      -0.424133  0.0106829 
-0.836403  0.559432   -0.41522   0.012501  
-0.836403  0.559432   -0.41522   0.0107665 
-0.854593  0.611169   -0.414839  0.0135628 
-0.854593  0.611169   -0.414839  0.0123432 
-0.817409  0.659642   -0.413958  0.017241  
-0.817409  0.659642   -0.413958  0.0163079 
-0.817409  0.659642   -0.413958  0.0210286 
-0.864691  0.716263   -0.365692  0.0172809 
-0.910585  0.706846   -0.359924  0.014596  
-0.855385  0.645598   -0.418408  0.0130105 
-0.855385  0.645598   -0.418408  0.00827014
-0.756275  0.644288   -0.434627  0.0101806 
-0.756275  0.644288   -0.434627  0.0109849 
-0.794808  0.675679   -0.433676  0.00645667
-0.738283  0.603268   -0.435275  0.0121082 
-0.756844  0.632004   -0.420993  0.00972838
-0.756844  0.632004   -0.420993  0.00813615
-0.770627  0.580098   -0.439653  0.022125  
-0.770627  0.580098   -0.439653  0.00704117
-0.724882  0.628914   -0.427096  0.00787854
-0.747416  0.595274   -0.43111   0.00955542
-0.747416  0.595274   -0.43111   0.00735294
-0.700757  0.62138    -0.405829  0.00881379
-0.71901   0.570486   -0.393195  0.0133999 
-0.71901   0.570486   -0.393195  0.012383  
-0.71901   0.570486   -0.393195  0.0124136 
-0.71901   0.570486   -0.393195  0.0196536 
-0.71901   0.570486   -0.393195  0.00777162
-0.696707  0.59506    -0.407342  0.0108107 
-0.696707  0.59506    -0.407342  0.00879129
-0.696707  0.59506    -0.407342  0.0113689 
-0.696707  0.59506    -0.407342  0.00767456
-0.742506  0.5791     -0.421004  0.01968   
-0.742506  0.5791     -0.421004  0.0204579 
-0.742506  0.5791     -0.421004  0.00752918
-0.706308  0.649165   -0.406258  0.012075  
-0.771698  0.689726   -0.404126  0.0145765 
-0.771698  0.689726   -0.404126  0.00687354
-0.756193  0.603228   -0.419585  0.00770415
-0.756193  0.603228   -0.419585  0.0105273 
-0.756193  0.603228   -0.419585  0.0057355 
-0.786393  0.619815   -0.444376  0.0152246 
-0.786393  0.619815   -0.444376  0.00812819
-0.819264  0.58111    -0.442408  0.0217587 
-0.819264  0.58111    -0.442408  0.0158976 
-0.819264  0.58111    -0.442408  0.00784621
-0.729742  0.584837   -0.428693  0.00796199
-0.754845  0.596379   -0.425693  0.0140397 
-0.754845  0.596379   -0.425693  0.0110215 
-0.754845  0.596379   -0.425693  0.00933983
-0.772722  0.655924   -0.423095  0.0218191 
-0.772722  0.655924   -0.423095  0.0136507 
-0.847317  0.689137   -0.410665  0.0163616 
-0.847317  0.689137   -0.410665  0.0316648 
-0.847317  0.689137   -0.410665  0.0122014 
-0.778742  0.643648   -0.435384  0.0152513 
-0.778742  0.643648   -0.435384  0.00735042
-0.760298  0.586203   -0.422455  0.00753496
-0.760298  0.586203   -0.422455  0.014342  
-0.760298  0.586203   -0.422455  0.00640547
-0.805572  0.606322   -0.435435  0.0102304 
-0.805572  0.606322   -0.435435  0.00595513
-0.822448  0.61784    -0.447915  0.0120374 
-0.822448  0.61784    -0.447915  0.0129142 
-0.822448  0.61784    -0.447915  0.0145756 
-0.822448  0.61784    -0.447915  0.0187521 
-0.822448  0.61784    -0.447915  0.0112888 
-0.822448  0.61784    -0.447915  0.00625998
-0.777641  0.597917   -0.446642  0.0085367 
-0.777641  0.597917   -0.446642  0.00882277
-0.687955  0.574136   -0.39961   0.00895475
-0.687955  0.574136   -0.39961   0.0200973 
-0.687955  0.574136   -0.39961   0.00933009
-0.636143  0.6076     -0.352211  0.0156613 
-0.636143  0.6076     -0.352211  0.00971074
-0.703206  0.560861   -0.379553  0.00890742
-0.656702  0.593177   -0.379345  0.0127766 
-0.69391   0.692686   -0.368776  0.00910747
-0.724286  0.681592   -0.419514  0.0101525 
-0.724286  0.681592   -0.419514  0.0069272 
-0.724286  0.681592   -0.419514  0.010269  
-0.778928  0.661564   -0.426421  0.00603347
-0.831106  0.637153   -0.450721  0.020399  
-0.831106  0.637153   -0.450721  0.00990182
-0.831106  0.637153   -0.450721  0.0111516 
-0.831106  0.637153   -0.450721  0.00742755
-0.871136  0.618671   -0.43175   0.0097909 
-0.871136  0.618671   -0.43175   0.0105899 
-0.871136  0.618671   -0.43175   0.0128467 
-0.871136  0.618671   -0.43175   0.00997143
-0.796619  0.562548   -0.415707  0.0128768 
-0.796619  0.562548   -0.415707  0.00701955
-0.837238  0.597978   -0.437881  0.00853747
-0.848092  0.604432   -0.438075  0.0148844 
-0.848092  0.604432   -0.438075  0.0077332 
-0.792397  0.586103   -0.4493    0.00769062
-0.792397  0.586103   -0.4493    0.0180449 
-0.792397  0.586103   -0.4493    0.00812556
-0.792397  0.586103   -0.4493    0.00841363
-0.792397  0.586103   -0.4493    0.0143086 
-0.792397  0.586103   -0.4493    0.00955024
-0.792397  0.586103   -0.4493    0.0164329 
-0.792397  0.586103   -0.4493    0.00797859
-0.833552  0.66137    -0.445338  0.00896619
-0.833552  0.66137    -0.445338  0.019517  
-0.833552  0.66137    -0.445338  0.0115866 
-0.833552  0.66137    -0.445338  0.0105968 
-0.833552  0.66137    -0.445338  0.0247189 
-0.833552  0.66137    -0.445338  0.00909959
-0.833552  0.66137    -0.445338  0.00869748
-0.877587  0.612217   -0.427473  0.0113901 
-0.787453  0.676266   -0.405618  0.0178271 
-0.787453  0.676266   -0.405618  0.0067949 
-0.705007  0.635047   -0.421705  0.007555  
-0.705007  0.635047   -0.421705  0.0132318 
-0.705007  0.635047   -0.421705  0.00970932
-0.705007  0.635047   -0.421705  0.00781651
-0.705007  0.635047   -0.421705  0.0104119 
-0.705007  0.635047   -0.421705  0.0156771 
-0.705007  0.635047   -0.421705  0.0103724 
-0.705007  0.635047   -0.421705  0.0103072 
-0.727816  0.556326   -0.40537   0.0136044 
-0.821302  0.535106   -0.404607  0.00900234
-0.838444  0.577984   -0.42817   0.0102319 
-0.838444  0.577984   -0.42817   0.0177599 
-0.838444  0.577984   -0.42817   0.0177158 
-0.838444  0.577984   -0.42817   0.0114268 
-0.841094  0.63014    -0.421224  0.0104533 
-0.841094  0.63014    -0.421224  0.0112305 
-0.842871  0.642604   -0.420608  0.00878399
-0.787064  0.591348   -0.446371  0.00972317
-0.787064  0.591348   -0.446371  0.009623  
-0.81331   0.656532   -0.429971  0.0149794 
-0.81331   0.656532   -0.429971  0.0105319 
-0.81331   0.656532   -0.429971  0.00962679
-0.81331   0.656532   -0.429971  0.0265658 
-0.81331   0.656532   -0.429971  0.0178439 
-0.81331   0.656532   -0.429971  0.0260655 
-0.81331   0.656532   -0.429971  0.00598736
-0.794267  0.628615   -0.452936  0.00937102
-0.794267  0.628615   -0.452936  0.0109954 
-0.709104  0.707039   -0.393452  0.0194146 
-0.800813  0.693596   -0.385209  0.0114342 
-0.755481  0.735776   -0.405542  0.010168  
-0.746187  0.671061   -0.421597  0.00853487
-0.791627  0.602387   -0.431535  0.0100485 
-0.791627  0.602387   -0.431535  0.0114    
-0.855851  0.551537   -0.399533  0.00912125
-0.855617  0.576201   -0.426436  0.00828599
-0.846501  0.584086   -0.429156  0.0157654 
-0.846501  0.584086   -0.429156  0.00844126
-0.826008  0.576362   -0.433614  0.00859601
-0.826008  0.576362   -0.433614  0.00612711
-0.826008  0.576362   -0.433614  0.0106333 
-0.826008  0.576362   -0.433614  0.010924  
-0.826008  0.576362   -0.433614  0.0226717 
-0.826008  0.576362   -0.433614  0.0101216 
-0.826008  0.576362   -0.433614  0.00901961
-0.826008  0.576362   -0.433614  0.0112999 
-0.826008  0.576362   -0.433614  0.0188952 
-0.826008  0.576362   -0.433614  0.0123453 
-0.772955  0.542795   -0.42755   0.0123326 
-0.772955  0.542795   -0.42755   0.00776249
-0.722398  0.589652   -0.416709  0.00788568
-0.799846  0.581338   -0.421642  0.0128715 
-0.799846  0.581338   -0.421642  0.0144215 
-0.799846  0.581338   -0.421642  0.0121966 
-0.875072  0.673865   -0.41271   0.0122739 
-0.891433  0.649763   -0.416735  0.0100521 
-0.891433  0.649763   -0.416735  0.012999  
-0.801442  0.661517   -0.416717  0.0193456 
-0.801442  0.661517   -0.416717  0.00901107
-0.813394  0.606777   -0.43538   0.00802164
-0.794719  0.590234   -0.439861  0.0111158 
-0.794719  0.590234   -0.439861  0.00945831
-0.768378  0.646006   -0.441903  0.0120196 
-0.768378  0.646006   -0.441903  0.014769  
-0.768378  0.646006   -0.441903  0.00616906
-0.721421  0.619514   -0.427792  0.00929046
-0.721421  0.619514   -0.427792  0.0147923 
-0.721421  0.619514   -0.427792  0.00969967
-0.721421  0.619514   -0.427792  0.0064355 
-0.73459   0.630968   -0.437824  0.00649711
-0.742778  0.59854    -0.443837  0.00798659
-0.742778  0.59854    -0.443837  0.0170748 
-0.742778  0.59854    -0.443837  0.00886578
-0.742778  0.59854    -0.443837  0.00891686
-0.742778  0.59854    -0.443837  0.0119959 
-0.811797  0.684735   -0.42508   0.0190754 
-0.811797  0.684735   -0.42508   0.0137356 
-0.811797  0.684735   -0.42508   0.0177313 
-0.811797  0.684735   -0.42508   0.0471163 
-0.811797  0.684735   -0.42508   0.0178607 
-0.811797  0.684735   -0.42508   0.0202445 
-0.811797  0.684735   -0.42508   0.0174133 
-0.811797  0.684735   -0.42508   0.0126804 
-0.811797  0.684735   -0.42508   0.016389  
-0.811797  0.684735   -0.42508   0.0107469 
-0.738124  0.66501    -0.397751  0.0118806 
-0.6783    0.698915   -0.387506  0.00981719
-0.656228  0.700775   -0.36458   0.0127733 
-0.657912  0.74175    -0.36883   0.009332  
-0.671488  0.68767    -0.385229  0.00842668
-0.671488  0.68767    -0.385229  0.00709743
-0.702326  0.624661   -0.42584   0.0102846 
-0.702326  0.624661   -0.42584   0.00901285
-0.759895  0.669572   -0.444588  0.0125101 
-0.759895  0.669572   -0.444588  0.00996699
-0.759895  0.669572   -0.444588  0.00798813
-0.759895  0.669572   -0.444588  0.00783439
-0.759895  0.669572   -0.444588  0.00835545
-0.759895  0.669572   -0.444588  0.00822281
-0.759895  0.669572   -0.444588  0.00812629
-0.715232  0.666851   -0.404303  0.0138422 
-0.715232  0.666851   -0.404303  0.0136437 
-0.760709  0.70893    -0.408771  0.0143968 
-0.760709  0.70893    -0.408771  0.00859115
-0.741148  0.620649   -0.424052  0.0102403 
-0.803477  0.563557   -0.443993  0.00977921
-0.803477  0.563557   -0.443993  0.0196865 
-0.803477  0.563557   -0.443993  0.0110705 
-0.803477  0.563557   -0.443993  0.00537942
-0.776416  0.636109   -0.448083  0.00637494
-0.776416  0.636109   -0.448083  0.00974792
-0.776416  0.636109   -0.448083  0.00779092
-0.776416  0.636109   -0.448083  0.00952871
-0.776416  0.636109   -0.448083  0.00917274
-0.770339  0.62696    -0.434862  0.00770445
-0.770339  0.62696    -0.434862  0.00790428
-0.734374  0.640109   -0.426975  0.00999175
-0.762837  0.55951    -0.425456  0.0236172 
-0.762837  0.55951    -0.425456  0.0138641 
-0.762837  0.55951    -0.425456  0.0074585 
-0.692534  0.602311   -0.406768  0.0122602 
-0.72061   0.538493   -0.372743  0.00674293
-0.736042  0.600313   -0.425226  0.00794589
-0.736042  0.600313   -0.425226  0.012024  
-0.736042  0.600313   -0.425226  0.0134203 
-0.736042  0.600313   -0.425226  0.00687444
-0.719158  0.635203   -0.426862  0.0111673 
-0.719158  0.635203   -0.426862  0.0113778 
-0.719158  0.635203   -0.426862  0.00970979
-0.719158  0.635203   -0.426862  0.0108422 
-0.719158  0.635203   -0.426862  0.00844264
-0.719158  0.635203   -0.426862  0.00985404
-0.719158  0.635203   -0.426862  0.0148426 
-0.719158  0.635203   -0.426862  0.0129126 
-0.746004  0.697923   -0.404965  0.012135  
-0.779746  0.688959   -0.413354  0.00845922
-0.835424  0.643989   -0.43683   0.00895609
-0.763597  0.667148   -0.419911  0.0169662 
-0.763597  0.667148   -0.419911  0.00719777
-0.782599  0.60358    -0.445557  0.00853117
-0.782599  0.60358    -0.445557  0.0162299 
-0.782599  0.60358    -0.445557  0.012879  
-0.782599  0.60358    -0.445557  0.0108057 
-0.821073  0.676311   -0.425572  0.017314  
-0.821073  0.676311   -0.425572  0.0166678 
-0.821073  0.676311   -0.425572  0.00780082
-0.753665  0.607225   -0.43746   0.0145584 
-0.753665  0.607225   -0.43746   0.00875716
-0.793211  0.648556   -0.438283  0.00894097
-0.793211  0.648556   -0.438283  0.0125554 
-0.793211  0.648556   -0.438283  0.00623069
-0.736148  0.609766   -0.437155  0.00942288
-0.736148  0.609766   -0.437155  0.0126925 
-0.736148  0.609766   -0.437155  0.0101788 
-0.800604  0.662694   -0.43561   0.0123224 
-0.850244  0.588692   -0.420171  0.0087059 
-0.874405  0.641412   -0.439291  0.00922117
-0.874405  0.641412   -0.439291  0.011931  
-0.900937  0.656448   -0.40764   0.0131267 
-0.805563  0.648114   -0.412366  0.0164486 
-0.805563  0.648114   -0.412366  0.0267043 
-0.805563  0.648114   -0.412366  0.0183946 
-0.805563  0.648114   -0.412366  0.0187167 
-0.805563  0.648114   -0.412366  0.0137435 
-0.883026  0.670869   -0.416348  0.00701105
-0.831258  0.600878   -0.432644  0.0187466 
-0.831258  0.600878   -0.432644  0.0139462 
-0.831258  0.600878   -0.432644  0.00626271
-0.792327  0.636173   -0.443482  0.0107423 
-0.792327  0.636173   -0.443482  0.00673829
-0.792327  0.636173   -0.443482  0.00778078
-0.792327  0.636173   -0.443482  0.0113944 
-0.809033  0.630075   -0.440178  0.0177087 
-0.809033  0.630075   -0.440178  0.00976896
-0.809033  0.630075   -0.440178  0.0065428 
-0.760118  0.607154   -0.45179   0.0101669 
-0.828284  0.561427   -0.425405  0.00845415
-0.734948  0.572397   -0.402732  0.00751169
-0.688847  0.632197   -0.411999  0.0117474 
-0.688847  0.632197   -0.411999  0.0102271 
-0.688847  0.632197   -0.411999  0.00684523
-0.734243  0.635167   -0.422346  0.00859631
-0.734243  0.635167   -0.422346  0.00971402
-0.732965  0.702642   -0.419227  0.0113422 
-0.732965  0.702642   -0.419227  0.0176964 
-0.732965  0.702642   -0.419227  0.0258052 
-0.732965  0.702642   -0.419227  0.0194997 
-0.732965  0.702642   -0.419227  0.00911325
-0.732965  0.702642   -0.419227  0.00987045
-0.732965  0.702642   -0.419227  0.00846791
-0.788889  0.632762   -0.430865  0.0101924 
-0.840029  0.5773     -0.422095  0.0204296 
-0.840029  0.5773     -0.422095  0.00964254
-0.840029  0.5773     -0.422095  0.0110706 
-0.7754    0.617871   -0.426542  0.00682027
-0.831431  0.617168   -0.444599  0.0127404 
-0.753919  0.706263   -0.415886  0.00804012
-0.680975  0.627661   -0.40407   0.013522  
-0.780835  0.679181   -0.420621  0.00656466
-0.781371  0.618104   -0.438266  0.0227013 
-0.781371  0.618104   -0.438266  0.0199328 
-0.781371  0.618104   -0.438266  0.0143484 
-0.781371  0.618104   -0.438266  0.00975249
-0.879826  0.636845   -0.41362   0.00678851
-0.813545  0.661364   -0.450495  0.0127716 
-0.813545  0.661364   -0.450495  0.0255586 
-0.813545  0.661364   -0.450495  0.0177167 
-0.813545  0.661364   -0.450495  0.0205561 
-0.813545  0.661364   -0.450495  0.00871594
-0.752637  0.571854   -0.434119  0.00806771
-0.752637  0.571854   -0.434119  0.0103736 
-0.752637  0.571854   -0.434119  0.00874009
-0.741799  0.671826   -0.422141  0.00999105
-0.741799  0.671826   -0.422141  0.0184547 
-0.741799  0.671826   -0.422141  0.0101231 
-0.704121  0.706255   -0.409112  0.0307346 
-0.704121  0.706255   -0.409112  0.0180553 
-0.704121  0.706255   -0.409112  0.0118643 
-0.704121  0.706255   -0.409112  0.0084389 
-0.782138  0.662372   -0.436927  0.00783487
-0.730291  0.584068   -0.432673  0.0111375 
-0.779813  0.553161   -0.414777  0.00983706
-0.779813  0.553161   -0.414777  0.0218948 
-0.779813  0.553161   -0.414777  0.0260867 
-0.779813  0.553161   -0.414777  0.0161368 
-0.779813  0.553161   -0.414777  0.0138633 
-0.779813  0.553161   -0.414777  0.00721805
-0.7291    0.593139   -0.41526   0.0143364 
-0.817888  0.671786   -0.417741  0.0246717 
-0.817888  0.671786   -0.417741  0.0128297 
-0.803835  0.682808   -0.407328  0.0090018 
-0.881734  0.618289   -0.416026  0.0104301 
-0.881734  0.618289   -0.416026  0.0209897 
-0.881734  0.618289   -0.416026  0.0139868 
-0.881734  0.618289   -0.416026  0.0215105 
-0.881734  0.618289   -0.416026  0.0172034 
-0.881734  0.618289   -0.416026  0.00938615
-0.827054  0.66932    -0.429395  0.0208936 
-0.827054  0.66932    -0.429395  0.0238344 
-0.827054  0.66932    -0.429395  0.0089897 
-0.900122  0.598277   -0.402125  0.0149116 
-0.900122  0.598277   -0.402125  0.00961764
-0.900122  0.598277   -0.402125  0.027757  
-0.900122  0.598277   -0.402125  0.0170229 
-0.900122  0.598277   -0.402125  0.0124148 
-0.943251  0.549863   -0.350995  0.0123301 
-0.922081  0.630332   -0.394214  0.0105211 
-0.928786  0.620451   -0.377033  0.0226531 
-0.928786  0.620451   -0.377033  0.0118245 
-0.928786  0.620451   -0.377033  0.015894  
-0.928786  0.620451   -0.377033  0.00785852
-0.86146   0.626224   -0.432078  0.0118239 
-0.86146   0.626224   -0.432078  0.0128209 
-0.86146   0.626224   -0.432078  0.0204554 
-0.816431  0.700781   -0.389302  0.0195808 
-0.816431  0.700781   -0.389302  0.0186637 
-0.816431  0.700781   -0.389302  0.0162844 
-0.834215  0.70147    -0.377989  0.0281819 
-0.834215  0.70147    -0.377989  0.0230284 
-0.834215  0.70147    -0.377989  0.0170512 
-0.796387  0.731406   -0.377688  0.00748543
-0.856434  0.639795   -0.445933  0.0096243 
-0.758721  0.697655   -0.420751  0.023651  
-0.758721  0.697655   -0.420751  0.0083286 
-0.745021  0.662803   -0.420264  0.00861182
-0.745021  0.662803   -0.420264  0.0107762 
-0.822198  0.661378   -0.426355  0.0309574 
-0.822198  0.661378   -0.426355  0.0175918 
-0.822198  0.661378   -0.426355  0.0111329 
-0.909701  0.623577   -0.405014  0.0246584 
-0.909701  0.623577   -0.405014  0.0100969 
-0.843256  0.563764   -0.421809  0.00972813
-0.886391  0.606252   -0.416313  0.0103206 
-0.886391  0.606252   -0.416313  0.013168  
-0.886391  0.606252   -0.416313  0.00746979
-0.807996  0.586883   -0.438678  0.00902568
-0.807996  0.586883   -0.438678  0.0192875 
-0.807996  0.586883   -0.438678  0.00539411
-0.770546  0.635364   -0.450307  0.00776002
-0.817253  0.60869    -0.438614  0.0214685 
-0.817253  0.60869    -0.438614  0.00612018
-0.817253  0.60869    -0.438614  0.0148824 
-0.817253  0.60869    -0.438614  0.0107904 
-0.817253  0.60869    -0.438614  0.00723068
-0.784977  0.67375    -0.440866  0.0203152 
-0.784977  0.67375    -0.440866  0.0234737 
-0.784977  0.67375    -0.440866  0.0127681 
-0.784977  0.67375    -0.440866  0.0180954 
-0.784977  0.67375    -0.440866  0.0120414 
-0.784977  0.67375    -0.440866  0.0182091 
-0.784977  0.67375    -0.440866  0.0155638 
-0.784977  0.67375    -0.440866  0.0131537 
-0.784977  0.67375    -0.440866  0.00611054
-0.761816  0.643994   -0.450174  0.00697732
-0.761539  0.656012   -0.433866  0.00836215
-0.768055  0.638408   -0.439195  0.0100522 
-0.768055  0.638408   -0.439195  0.0214634 
-0.768055  0.638408   -0.439195  0.0102248 
-0.768055  0.638408   -0.439195  0.00802642
-0.804053  0.583917   -0.437628  0.00729473
-0.711154  0.597093   -0.417927  0.00967269
-0.711154  0.597093   -0.417927  0.0177436 
-0.711154  0.597093   -0.417927  0.00753607
-0.701365  0.648787   -0.419072  0.0103776 
-0.701365  0.648787   -0.419072  0.0158722 
-0.701365  0.648787   -0.419072  0.0133304 
-0.773522  0.710607   -0.41087   0.00860177
-0.687261  0.652818   -0.40249   0.00892726
-0.7275    0.708231   -0.406297  0.0102029 
-0.7275    0.708231   -0.406297  0.0163583 
-0.7275    0.708231   -0.406297  0.0126576 
-0.72419   0.731931   -0.381253  0.00604737
-0.789184  0.652518   -0.445348  0.00810435
-0.789184  0.652518   -0.445348  0.0114606 
-0.823248  0.661278   -0.421232  0.0147277 
-0.797608  0.678893   -0.403655  0.0209821 
-0.797608  0.678893   -0.403655  0.0169438 
-0.797608  0.678893   -0.403655  0.0219616 
-0.797608  0.678893   -0.403655  0.0116099 
-0.765987  0.668569   -0.420703  0.0111351 
-0.759626  0.686236   -0.410174  0.0082851 
-0.85873   0.610136   -0.430047  0.0105002 
-0.85873   0.610136   -0.430047  0.0124695 
-0.85873   0.610136   -0.430047  0.0114097 
-0.85873   0.610136   -0.430047  0.0134611 
-0.85873   0.610136   -0.430047  0.00682929
-0.83543   0.597724   -0.450434  0.0146486 
-0.83543   0.597724   -0.450434  0.0104084 
-0.83543   0.597724   -0.450434  0.00963747
-0.83543   0.597724   -0.450434  0.0104583 
-0.81389   0.67549    -0.428183  0.0247723 
-0.81389   0.67549    -0.428183  0.0119566 
-0.81389   0.67549    -0.428183  0.0111408 
-0.886151  0.628403   -0.419958  0.0126821 
-0.886151  0.628403   -0.419958  0.0130429 
-0.886151  0.628403   -0.419958  0.0129226 
-0.886151  0.628403   -0.419958  0.0153177 
-0.886151  0.628403   -0.419958  0.0123612 
-0.886151  0.628403   -0.419958  0.0199082 
-0.886151  0.628403   -0.419958  0.0100152 
-0.795958  0.560097   -0.443767  0.0106037 
-0.795958  0.560097   -0.443767  0.0138212 
-0.747228  0.531311   -0.37397   0.00898846
-0.71136   0.570377   -0.401287  0.00708461
-0.788892  0.613685   -0.44277   0.00755307
-0.809505  0.586786   -0.439087  0.0160146 
-0.809505  0.586786   -0.439087  0.00800926
-0.809505  0.586786   -0.439087  0.0114046 
-0.809505  0.586786   -0.439087  0.0128343 
-0.809505  0.586786   -0.439087  0.0162887 
-0.809505  0.586786   -0.439087  0.0108522 
-0.809505  0.586786   -0.439087  0.014816  
-0.809505  0.586786   -0.439087  0.0122794 
-0.809505  0.586786   -0.439087  0.0101041 
-0.809505  0.586786   -0.439087  0.0106422 
-0.809505  0.586786   -0.439087  0.014163  
-0.809505  0.586786   -0.439087  0.0144735 
-0.809505  0.586786   -0.439087  0.0150144 
-0.809505  0.586786   -0.439087  0.00832509
-0.809505  0.586786   -0.439087  0.0157817 
-0.809505  0.586786   -0.439087  0.00865315
-0.807355  0.666617   -0.447433  0.0105873 
-0.807355  0.666617   -0.447433  0.0172793 
-0.807355  0.666617   -0.447433  0.0176517 
-0.807355  0.666617   -0.447433  0.0178809 
-0.807355  0.666617   -0.447433  0.00802212
-0.807355  0.666617   -0.447433  0.0100656 
-0.807355  0.666617   -0.447433  0.013373  
-0.853912  0.636473   -0.441335  0.0162409 
-0.853912  0.636473   -0.441335  0.00991941
-0.853912  0.636473   -0.441335  0.0121054 
-0.853912  0.636473   -0.441335  0.00757765
-0.841631  0.597813   -0.433303  0.0197235 
-0.841631  0.597813   -0.433303  0.0121591 
-0.841631  0.597813   -0.433303  0.00652743
-0.841631  0.597813   -0.433303  0.0188768 
-0.841631  0.597813   -0.433303  0.0117768 
-0.841631  0.597813   -0.433303  0.0131695 
-0.841631  0.597813   -0.433303  0.00932864
-0.838982  0.602907   -0.427288  0.00874318
-0.86786   0.615326   -0.422625  0.0207368 
-0.86786   0.615326   -0.422625  0.015622  
-0.84202   0.523563   -0.379421  0.0107627 
-0.772242  0.554238   -0.421912  0.0234826 
-0.772242  0.554238   -0.421912  0.01652   
-0.772242  0.554238   -0.421912  0.0191027 
-0.772242  0.554238   -0.421912  0.00721531
-0.759408  0.618785   -0.433653  0.0116742 
-0.759408  0.618785   -0.433653  0.00755149
-0.803913  0.626463   -0.434987  0.00719341
-0.793734  0.591301   -0.440514  0.0151736 
-0.793734  0.591301   -0.440514  0.00869238
-0.793734  0.591301   -0.440514  0.0204629 
-0.793734  0.591301   -0.440514  0.0152859 
-0.793734  0.591301   -0.440514  0.00692058
-0.793734  0.591301   -0.440514  0.0103157 
-0.793734  0.591301   -0.440514  0.00744034
-0.831951  0.632009   -0.44317   0.00917015
-0.831951  0.632009   -0.44317   0.0136408 
-0.831951  0.632009   -0.44317   0.0129894 
-0.831951  0.632009   -0.44317   0.0122717 
-0.831951  0.632009   -0.44317   0.0118291 
-0.831951  0.632009   -0.44317   0.0109152 
-0.876184  0.634732   -0.416785  0.0142852 
-0.876184  0.634732   -0.416785  0.0100418 
-0.876184  0.634732   -0.416785  0.0123613 
-0.876184  0.634732   -0.416785  0.00873759
-0.876184  0.634732   -0.416785  0.0122339 
-0.876184  0.634732   -0.416785  0.0106318 
-0.871156  0.635082   -0.422185  0.00921866
-0.82112   0.568238   -0.419673  0.00775107
-0.836068  0.585823   -0.424526  0.0135309 
-0.836068  0.585823   -0.424526  0.0145147 
-0.836068  0.585823   -0.424526  0.0210353 
-0.836068  0.585823   -0.424526  0.0221653 
-0.836068  0.585823   -0.424526  0.0132867 
-0.836068  0.585823   -0.424526  0.0137455 
-0.777748  0.532628   -0.388939  0.00973774
-0.868564  0.615914   -0.41801   0.0128141 
-0.868564  0.615914   -0.41801   0.00935892
-0.900553  0.625589   -0.411812  0.00856327
-0.85428   0.58999    -0.431743  0.0153346 
-0.85428   0.58999    -0.431743  0.0135218 
-0.85428   0.58999    -0.431743  0.011716  
-0.85428   0.58999    -0.431743  0.0165012 
-0.85428   0.58999    -0.431743  0.0154786 
-0.85428   0.58999    -0.431743  0.0103839 
-0.85428   0.58999    -0.431743  0.0109194 
-0.85428   0.58999    -0.431743  0.0123836 
-0.85428   0.58999    -0.431743  0.0132304 
-0.85428   0.58999    -0.431743  0.013919  
-0.85428   0.58999    -0.431743  0.0102801 
-0.85428   0.58999    -0.431743  0.00967621
-0.85428   0.58999    -0.431743  0.0128283 
-0.85428   0.58999    -0.431743  0.0146395 
-0.85428   0.58999    -0.431743  0.0133915 
-0.85428   0.58999    -0.431743  0.0124145 
-0.770396  0.53962    -0.403851  0.0182101 
-0.770396  0.53962    -0.403851  0.0111839 
-0.784762  0.550464   -0.404907  0.0102053 
-0.784762  0.550464   -0.404907  0.0106617 
-0.873056  0.574085   -0.394317  0.0103311 
-0.869162  0.670837   -0.425748  0.00891645
-0.784578  0.673596   -0.42669   0.0119284 
-0.784578  0.673596   -0.42669   0.00727257
-0.788359  0.587865   -0.431488  0.00916584
-0.881692  0.587841   -0.398601  0.0149706 
-0.881692  0.587841   -0.398601  0.0115704 
-0.836928  0.650982   -0.439184  0.00833494
-0.822494  0.605711   -0.454447  0.00879736
-0.822494  0.605711   -0.454447  0.0105271 
-0.822494  0.605711   -0.454447  0.0141854 
-0.788568  0.696219   -0.404297  0.00766705
-0.788568  0.696219   -0.404297  0.0324886 
-0.788568  0.696219   -0.404297  0.00916135
-0.767277  0.658305   -0.434791  0.00940072
-0.86649   0.612363   -0.442437  0.0105287 
-0.86649   0.612363   -0.442437  0.00756268
-0.779198  0.669106   -0.442074  0.0122725 
-0.779198  0.669106   -0.442074  0.0188002 
-0.779198  0.669106   -0.442074  0.0102376 
-0.779198  0.669106   -0.442074  0.00828329
-0.835138  0.659024   -0.437986  0.00960732
-0.835138  0.659024   -0.437986  0.00756935
-0.835637  0.628267   -0.427317  0.0108394 
-0.835637  0.628267   -0.427317  0.0112939 
-0.891892  0.639885   -0.410461  0.0139599 
-0.820804  0.679382   -0.401097  0.0246735 
-0.820804  0.679382   -0.401097  0.00607239
-0.751337  0.608795   -0.438913  0.00814559
-0.751337  0.608795   -0.438913  0.00673917
-0.728242  0.605207   -0.420034  0.0123732 
-0.748189  0.695902   -0.418819  0.019651  
-0.748189  0.695902   -0.418819  0.0137727 
-0.748189  0.695902   -0.418819  0.00995721
-0.825896  0.625629   -0.429068  0.0132024 
-0.825896  0.625629   -0.429068  0.0136751 
-0.744187  0.723575   -0.396731  0.00791205
-0.683609  0.675543   -0.40588   0.00692643
-0.774455  0.612681   -0.446955  0.00562592
-0.780862  0.61459    -0.444567  0.00781426
-0.780862  0.61459    -0.444567  0.00736589
-0.780862  0.61459    -0.444567  0.0110982 
-0.780862  0.61459    -0.444567  0.0142507 
-0.780862  0.61459    -0.444567  0.00975858
-0.711612  0.691763   -0.397318  0.0161032 
-0.662477  0.70411    -0.354193  0.0158491 
-0.662477  0.70411    -0.354193  0.00929012
-0.65181   0.706251   -0.37606   0.017351  
-0.723033  0.754723   -0.369699  0.0153692 
-0.801069  0.656728   -0.407547  0.0164716 
-0.842104  0.686864   -0.388377  0.0366087 
-0.842104  0.686864   -0.388377  0.026459  
-0.842104  0.686864   -0.388377  0.0159593 
-0.754934  0.703869   -0.384795  0.0110918 
-0.804335  0.649038   -0.435069  0.00731933
-0.804335  0.649038   -0.435069  0.00784284
-0.752638  0.581826   -0.429247  0.00854172
-0.661011  0.656134   -0.388757  0.00989607
-0.750382  0.632133   -0.427156  0.0122242 
-0.719501  0.54539    -0.416096  0.0232146 
-0.719501  0.54539    -0.416096  0.0266565 
-0.719501  0.54539    -0.416096  0.00997838
-0.801834  0.5632     -0.430752  0.0150258 
-0.801834  0.5632     -0.430752  0.0238979 
-0.801834  0.5632     -0.430752  0.00652072
-0.801834  0.5632     -0.430752  0.0159204 
-0.801834  0.5632     -0.430752  0.00638504
-0.801834  0.5632     -0.430752  0.00959303
-0.801834  0.5632     -0.430752  0.00647096
-0.726919  0.656767   -0.426958  0.00816284
-0.821409  0.582482   -0.423191  0.0166005 
-0.821409  0.582482   -0.423191  0.00763698
-0.742087  0.657025   -0.433019  0.00713774
-0.807703  0.640142   -0.457796  0.00971587
-0.807703  0.640142   -0.457796  0.0254568 
-0.807703  0.640142   -0.457796  0.0109881 
-0.807703  0.640142   -0.457796  0.00722366
-0.767397  0.607995   -0.438448  0.0073253 
-0.716887  0.643417   -0.428699  0.00647439
-0.769263  0.601225   -0.445439  0.0085623 
-0.781436  0.616217   -0.442813  0.0134473 
-0.781436  0.616217   -0.442813  0.00825048
-0.73633   0.6755     -0.422272  0.00796464
-0.73633   0.6755     -0.422272  0.00717847
-0.802377  0.61769    -0.441949  0.0145396 
-0.802377  0.61769    -0.441949  0.0115809 
-0.802377  0.61769    -0.441949  0.0069082 
-0.785503  0.594754   -0.442557  0.00832548
-0.746971  0.573091   -0.420481  0.00649121
-0.766639  0.597265   -0.426407  0.00694403
-0.766639  0.597265   -0.426407  0.00870945
-0.840081  0.577089   -0.421418  0.022022  
-0.840081  0.577089   -0.421418  0.00716087
-0.773165  0.594849   -0.442379  0.0167473 
-0.773165  0.594849   -0.442379  0.00828426
-0.780279  0.585178   -0.452081  0.011333  
-0.780279  0.585178   -0.452081  0.0200853 
-0.780279  0.585178   -0.452081  0.0211176 
-0.780279  0.585178   -0.452081  0.0110126 
-0.780279  0.585178   -0.452081  0.00867623
-0.780279  0.585178   -0.452081  0.0114205 
-0.780279  0.585178   -0.452081  0.00835361
-0.833226  0.623019   -0.437763  0.00936306
-0.758988  0.650554   -0.426094  0.00807496
-0.844787  0.628324   -0.429615  0.0234246 
-0.844787  0.628324   -0.429615  0.0135442 
-0.844787  0.628324   -0.429615  0.0138934 
-0.844787  0.628324   -0.429615  0.00887256
-0.883592  0.593002   -0.432008  0.0110429 
-0.883592  0.593002   -0.432008  0.00566801
-0.820688  0.619448   -0.456538  0.00654562
-0.736725  0.603868   -0.440495  0.00955705
-0.736725  0.603868   -0.440495  0.013408  
-0.736725  0.603868   -0.440495  0.00953745
-0.736725  0.603868   -0.440495  0.00836608
-0.770133  0.672621   -0.429052  0.00709211
-0.758702  0.611892   -0.43657   0.00916419
-0.758702  0.611892   -0.43657   0.00860256
-0.758702  0.611892   -0.43657   0.0094409 
-0.758702  0.611892   -0.43657   0.0127465 
-0.758702  0.611892   -0.43657   0.00686988
-0.81436   0.633378   -0.450709  0.00963633
-0.81436   0.633378   -0.450709  0.0168878 
-0.81436   0.633378   -0.450709  0.0206365 
-0.81436   0.633378   -0.450709  0.0160135 
-0.81436   0.633378   -0.450709  0.00959076
-0.81436   0.633378   -0.450709  0.00612334
-0.798996  0.645733   -0.441969  0.00634854
-0.757955  0.646633   -0.441161  0.0179743 
-0.757955  0.646633   -0.441161  0.0135573 
-0.757955  0.646633   -0.441161  0.00785292
-0.757955  0.646633   -0.441161  0.00944603
-0.782028  0.646911   -0.429167  0.0116277 
-0.782028  0.646911   -0.429167  0.0116821 
-0.782028  0.646911   -0.429167  0.0135175 
-0.836474  0.692959   -0.404261  0.012224  
-0.792207  0.65581    -0.403648  0.00707851
-0.711598  0.591797   -0.392108  0.0112199 
-0.77083   0.683124   -0.413273  0.0112222 
-0.806076  0.654584   -0.42739   0.0116192 
-0.75225   0.686251   -0.404359  0.01242   
-0.75225   0.686251   -0.404359  0.00871553
-0.75225   0.686251   -0.404359  0.00868494
-0.809063  0.627824   -0.43597   0.00768689
-0.822861  0.588012   -0.435988  0.0118294 
-0.835564  0.683468   -0.422579  0.0162911 
-0.835564  0.683468   -0.422579  0.0222487 
-0.835564  0.683468   -0.422579  0.038932  
-0.835564  0.683468   -0.422579  0.0183447 
-0.835564  0.683468   -0.422579  0.01901   
-0.827598  0.724572   -0.392195  0.0411525 
-0.827598  0.724572   -0.392195  0.0133417 
-0.874244  0.674976   -0.390506  0.0108144 
-0.874244  0.674976   -0.390506  0.0149589 
-0.782232  0.702836   -0.390045  0.00931304
-0.813246  0.65728    -0.423084  0.0284197 
-0.813246  0.65728    -0.423084  0.00829711
-0.857975  0.581585   -0.428172  0.0182619 
-0.857975  0.581585   -0.428172  0.0149848 
-0.857975  0.581585   -0.428172  0.00551219
-0.795186  0.618948   -0.457994  0.00748929
-0.795186  0.618948   -0.457994  0.00697131
-0.795186  0.618948   -0.457994  0.0154608 
-0.795186  0.618948   -0.457994  0.0145029 
-0.795186  0.618948   -0.457994  0.0137463 
-0.795186  0.618948   -0.457994  0.0127405 
-0.795186  0.618948   -0.457994  0.021281  
-0.795186  0.618948   -0.457994  0.0132967 
-0.795186  0.618948   -0.457994  0.0225545 
-0.795186  0.618948   -0.457994  0.00952709
-0.795186  0.618948   -0.457994  0.013405  
-0.795186  0.618948   -0.457994  0.00908555
-0.795186  0.618948   -0.457994  0.00702993
-0.795186  0.618948   -0.457994  0.0104353 
-0.795186  0.618948   -0.457994  0.00723683
-0.795186  0.618948   -0.457994  0.0128417 
-0.795186  0.618948   -0.457994  0.00682047
-0.795186  0.618948   -0.457994  0.00844602
-0.795186  0.618948   -0.457994  0.0157056 
-0.795186  0.618948   -0.457994  0.0102989 
-0.795186  0.618948   -0.457994  0.013422  
-0.795186  0.618948   -0.457994  0.0110622 
-0.795186  0.618948   -0.457994  0.00709967
-0.795186  0.618948   -0.457994  0.00614712
-0.783822  0.620984   -0.436833  0.0082808 
-0.871015  0.607581   -0.441789  0.0114217 
-0.871015  0.607581   -0.441789  0.0166193 
-0.871015  0.607581   -0.441789  0.00738683
-0.819524  0.597023   -0.434749  0.00646351
-0.75117   0.652392   -0.440187  0.0084485 
-0.75117   0.652392   -0.440187  0.0117199 
-0.75117   0.652392   -0.440187  0.00852356
-0.75117   0.652392   -0.440187  0.00976371
-0.75117   0.652392   -0.440187  0.0130147 
-0.802264  0.670343   -0.415225  0.0105774 
-0.74217   0.683847   -0.41499   0.00644973
-0.742727  0.622548   -0.434085  0.00708696
-0.783041  0.605674   -0.436015  0.0182528 
-0.828214  0.61978    -0.429893  0.0109985 
-0.793713  0.690884   -0.414522  0.0161023 
-0.777692  0.705325   -0.392028  0.0064353 
-0.715295  0.623916   -0.414188  0.0139664 
-0.715295  0.623916   -0.414188  0.00920835
-0.715295  0.623916   -0.414188  0.00699895
-0.715295  0.623916   -0.414188  0.0145417 
-0.715295  0.623916   -0.414188  0.0110458 
-0.715295  0.623916   -0.414188  0.0087442 
-0.715295  0.623916   -0.414188  0.00913274
-0.715295  0.623916   -0.414188  0.0113783 
-0.715295  0.623916   -0.414188  0.00784607
-0.735105  0.581588   -0.413917  0.0182796 
-0.735105  0.581588   -0.413917  0.0064479 
-0.749421  0.643034   -0.435798  0.00979934
-0.767232  0.694412   -0.426732  0.0153085 
-0.767232  0.694412   -0.426732  0.00814413
-0.744125  0.679678   -0.423275  0.00852396
-0.744125  0.679678   -0.423275  0.00962881
-0.744125  0.679678   -0.423275  0.00845477
-0.824725  0.648626   -0.437536  0.018052  
-0.824725  0.648626   -0.437536  0.0192356 
-0.824725  0.648626   -0.437536  0.0202913 
-0.824725  0.648626   -0.437536  0.0262516 
-0.824725  0.648626   -0.437536  0.00958283
-0.824725  0.648626   -0.437536  0.0190845 
-0.863827  0.745827   -0.366634  0.0471902 
-0.863827  0.745827   -0.366634  0.0367095 
-0.863827  0.745827   -0.366634  0.0286692 
-0.863827  0.745827   -0.366634  0.0299156 
-0.863827  0.745827   -0.366634  0.0259133 
-0.863827  0.745827   -0.366634  0.0126002 
-0.789282  0.66878    -0.4088    0.00637127
-0.735239  0.626564   -0.436978  0.00790635
-0.833618  0.656646   -0.444802  0.00791869
-0.845561  0.649332   -0.438703  0.0183055 
-0.845561  0.649332   -0.438703  0.0101673 
-0.845561  0.649332   -0.438703  0.0114566 
-0.845561  0.649332   -0.438703  0.00985298
-0.852192  0.635912   -0.426007  0.0210139 
-0.852192  0.635912   -0.426007  0.0110377 
-0.852192  0.635912   -0.426007  0.012456  
-0.852192  0.635912   -0.426007  0.00865696
-0.820115  0.572645   -0.421285  0.0147333 
-0.820115  0.572645   -0.421285  0.00794375
-0.858193  0.634788   -0.451813  0.0349702 
-0.858193  0.634788   -0.451813  0.0205196 
-0.858193  0.634788   -0.451813  0.0138397 
-0.866435  0.628644   -0.427032  0.0145774 
-0.825191  0.530405   -0.387774  0.0189626 
-0.825191  0.530405   -0.387774  0.0242869 
-0.825191  0.530405   -0.387774  0.00872976
-0.876141  0.576708   -0.433945  0.0122503 
-0.876141  0.576708   -0.433945  0.0134628 
-0.876141  0.576708   -0.433945  0.0224388 
-0.876141  0.576708   -0.433945  0.00832366
-0.823139  0.633711   -0.436279  0.00607201
-0.823139  0.633711   -0.436279  0.0118321 
-0.823139  0.633711   -0.436279  0.00895024
-0.823139  0.633711   -0.436279  0.00886506
-0.787114  0.617135   -0.441665  0.0107188 
-0.787114  0.617135   -0.441665  0.0107084 
-0.787114  0.617135   -0.441665  0.00885908
-0.837143  0.586824   -0.437597  0.0147062 
-0.837143  0.586824   -0.437597  0.0170002 
-0.837143  0.586824   -0.437597  0.0135046 
-0.837143  0.586824   -0.437597  0.00903524
-0.843318  0.571831   -0.419121  0.0164454 
-0.843318  0.571831   -0.419121  0.013975  
-0.788399  0.53217    -0.390457  0.0210648 
-0.788399  0.53217    -0.390457  0.0196515 
-0.788399  0.53217    -0.390457  0.00815701
-0.828704  0.588983   -0.429575  0.0102086 
-0.812458  0.659483   -0.431239  0.00643577
-0.741315  0.621168   -0.443537  0.00795362
-0.727469  0.639978   -0.425807  0.0170987 
-0.727469  0.639978   -0.425807  0.0101666 
-0.731842  0.696143   -0.421671  0.0164195 
-0.731842  0.696143   -0.421671  0.0340655 
-0.731842  0.696143   -0.421671  0.0184518 
-0.731842  0.696143   -0.421671  0.0113936 
-0.731842  0.696143   -0.421671  0.0096717 
-0.82219   0.675193   -0.424442  0.00737296
-0.850952  0.619061   -0.425901  0.00720502
-0.846654  0.593997   -0.431606  0.0169899 
-0.846654  0.593997   -0.431606  0.0169308 
-0.846654  0.593997   -0.431606  0.0104174 
-0.846654  0.593997   -0.431606  0.0099047 
-0.846654  0.593997   -0.431606  0.00973858
-0.746729  0.564139   -0.411541  0.0134456 
-0.746729  0.564139   -0.411541  0.00799216
-0.746729  0.564139   -0.411541  0.00998795
-0.821164  0.656732   -0.422333  0.00857427
-0.863354  0.595154   -0.429618  0.0100523 
-0.863354  0.595154   -0.429618  0.00884407
-0.816042  0.572151   -0.420296  0.0134489 
-0.816042  0.572151   -0.420296  0.00774117
-0.734021  0.662327   -0.420604  0.00631695
-0.730101  0.62859    -0.441232  0.0115235 
-0.730101  0.62859    -0.441232  0.00961599
-0.730101  0.62859    -0.441232  0.0169109 
-0.730101  0.62859    -0.441232  0.012075  
-0.730101  0.62859    -0.441232  0.00882613
-0.730101  0.62859    -0.441232  0.00867277
-0.730101  0.62859    -0.441232  0.0130996 
-0.730101  0.62859    -0.441232  0.0145104 
-0.730101  0.62859    -0.441232  0.0110069 
-0.730101  0.62859    -0.441232  0.00716919
-0.718635  0.596652   -0.424003  0.0165141 
-0.718635  0.596652   -0.424003  0.0102389 
-0.817982  0.663773   -0.425123  0.00685357
-0.7873    0.626479   -0.445442  0.00949005
-0.7873    0.626479   -0.445442  0.010759  
-0.7873    0.626479   -0.445442  0.0108549 
-0.7873    0.626479   -0.445442  0.0120761 
-0.7873    0.626479   -0.445442  0.00906375
-0.849576  0.582733   -0.434481  0.0152638 
-0.849576  0.582733   -0.434481  0.0113864 
-0.764075  0.653948   -0.440638  0.00636714
-0.723283  0.610245   -0.425433  0.00873044
-0.711037  0.572775   -0.407691  0.00984406
