#MU        SIGMA      ENERGY     ERROR     
-0.532919  1.09997    -0.144865  0.0527132 
-0.532919  1.09997    -0.144865  0.0910973 
-0.532919  1.09997    -0.144865  0.0622365 
-0.532919  1.09997    -0.144865  0.070433  
-0.532919  1.09997    -0.144865  0.0391191 
-0.532919  1.09997    -0.144865  0.0713017 
-0.532919  1.09997    -0.144865  0.0484974 
-0.532919  1.09997    -0.144865  0.0430336 
-0.48153   1.11982    -0.0450506 0.069641  
-0.547638  1.09313    -0.0351492 0.0615587 
-0.547638  1.09313    -0.0351492 0.0479459 
-0.494329  1.15392    -0.0657346 0.0819883 
-0.494329  1.15392    -0.0657346 0.0929094 
-0.395034  1.1177     -0.00962678 0.0315312 
-0.36294   1.12189    -0.165069  0.0337949 
-0.335384  1.06296    -0.159123  0.0186468 
-0.296693  1.02288    -0.303629  0.0280127 
-0.334571  1.08244    -0.245185  0.0549313 
-0.334571  1.08244    -0.245185  0.0524716 
-0.411099  1.17049    -0.0339958 0.0931078 
-0.411099  1.17049    -0.0339958 0.10322   
-0.411099  1.17049    -0.0339958 0.0893845 
-0.418755  1.26888    0.335303   0.102506  
-0.418755  1.26888    0.335303   0.0608353 
-0.471119  1.2299     0.132105   0.0600933 
-0.551564  1.17951    0.0681917  0.148189  
-0.551564  1.17951    0.0681917  0.0817013 
-0.551564  1.17951    0.0681917  0.0640295 
-0.484124  1.23157    0.13553    0.0514083 
-0.3958    1.17586    -0.0193472 0.0444142 
-0.406376  1.18047    -0.00833003 0.0848587 
-0.406376  1.18047    -0.00833003 0.0620199 
-0.441355  1.15763    0.0284275  0.0912085 
-0.350296  1.2332     0.137386   0.057807  
-0.433706  1.18602    0.106956   0.056427  
-0.45041   1.23281    0.116622   0.124138  
-0.45041   1.23281    0.116622   0.0844911 
-0.45041   1.23281    0.116622   0.0478233 
-0.432326  1.14309    -0.0341621 0.104594  
-0.432326  1.14309    -0.0341621 0.0525309 
-0.462827  1.11913    -0.0344555 0.0705751 
-0.462827  1.11913    -0.0344555 0.0580322 
-0.505157  1.09357    -0.037294  0.0332833 
-0.480686  1.01935    -0.208048  0.0305397 
-0.47761   0.961059   -0.2577    0.0339007 
-0.504145  1.04915    -0.20622   0.0285399 
-0.482575  1.02371    -0.22172   0.0488699 
-0.482575  1.02371    -0.22172   0.0261744 
-0.563703  0.961855   -0.191402  0.0215088 
-0.584563  0.896467   -0.245433  0.0284635 
-0.597897  0.96567    -0.240362  0.0615843 
-0.597897  0.96567    -0.240362  0.0357529 
-0.611484  0.984619   -0.168246  0.0240786 
-0.513705  0.95457    -0.210744  0.0348353 
-0.54067   1.01108    -0.187712  0.0281238 
-0.503073  0.978646   -0.217554  0.0789411 
-0.503073  0.978646   -0.217554  0.0251189 
-0.424874  1.01986    -0.229585  0.0409097 
-0.498471  1.07395    -0.109265  0.0522307 
-0.498471  1.07395    -0.109265  0.0295786 
-0.416413  1.09308    -0.160504  0.0293961 
-0.442752  1.04166    -0.198347  0.0370865 
-0.421361  1.01478    -0.203685  0.0304994 
-0.51605   0.943475   -0.265216  0.0268215 
-0.466911  1.0092     -0.228866  0.0372877 
-0.520883  1.00099    -0.195258  0.0514066 
-0.524176  1.04509    -0.143663  0.0334106 
-0.439629  1.05152    -0.175655  0.0196889 
-0.504988  0.954783   -0.25564   0.0513313 
-0.504988  0.954783   -0.25564   0.0315113 
-0.518541  0.960581   -0.216203  0.0339504 
-0.611407  0.905878   -0.259501  0.0356033 
-0.634791  0.961793   -0.145221  0.0282749 
-0.63348   0.979561   -0.229314  0.0462271 
-0.63348   0.979561   -0.229314  0.0421337 
-0.584322  1.04319    -0.1418    0.0328957 
-0.570956  0.980699   -0.19378   0.0382045 
-0.61577   0.944413   -0.147051  0.0381264 
-0.660783  0.950573   -0.166134  0.0372578 
-0.567917  1.01356    -0.171265  0.0260218 
-0.611802  0.966228   -0.256599  0.0299824 
-0.535506  0.994671   -0.207996  0.0419259 
-0.535506  0.994671   -0.207996  0.0482621 
-0.535506  0.994671   -0.207996  0.035094  
-0.492364  0.964357   -0.245587  0.031709  
-0.446887  1.03535    -0.205499  0.0959579 
-0.446887  1.03535    -0.205499  0.0403136 
-0.446887  1.03535    -0.205499  0.0380281 
-0.463386  1.06325    -0.164743  0.0351666 
-0.500394  0.973618   -0.240709  0.022127  
-0.433587  0.974844   -0.254418  0.036206  
-0.433587  0.974844   -0.254418  0.0250869 
-0.49259   0.958535   -0.231943  0.0275943 
-0.480266  0.973929   -0.238321  0.0223492 
-0.523407  0.881938   -0.232061  0.0336038 
-0.526428  0.955131   -0.180859  0.0202075 
-0.514927  0.912172   -0.262046  0.0154989 
-0.478336  0.838522   -0.282771  0.0146    
-0.4632    0.788874   -0.285356  0.0154355 
-0.454529  0.783829   -0.225486  0.0159339 
-0.472768  0.750316   -0.255947  0.0145246 
-0.507321  0.677468   -0.22732   0.0155166 
-0.431968  0.729864   -0.218256  0.0145182 
-0.498144  0.815785   -0.267964  0.0200334 
-0.455514  0.830754   -0.256735  0.0139915 
-0.526446  0.7863     -0.310092  0.0165576 
-0.497953  0.839746   -0.309385  0.0161492 
-0.544206  0.781625   -0.274077  0.0122866 
-0.619728  0.707559   -0.333548  0.00751652
-0.699381  0.662938   -0.402338  0.00936196
-0.627765  0.599521   -0.340175  0.00709491
-0.691846  0.612253   -0.38887   0.00767098
-0.760044  0.584337   -0.436292  0.0140469 
-0.760044  0.584337   -0.436292  0.00867228
-0.675294  0.653687   -0.393093  0.00654056
-0.774295  0.604791   -0.444111  0.00912039
-0.848416  0.568487   -0.400824  0.00875181
-0.752005  0.575333   -0.424943  0.00669844
-0.752005  0.575333   -0.424943  0.00936821
-0.763119  0.564263   -0.414384  0.00976101
-0.832872  0.640522   -0.434038  0.0067222 
-0.853979  0.604613   -0.442575  0.00858278
-0.785487  0.582145   -0.450868  0.00877736
-0.832159  0.644161   -0.432709  0.0101778 
-0.782444  0.680181   -0.419342  0.01838   
-0.782444  0.680181   -0.419342  0.0182608 
-0.754262  0.745068   -0.362096  0.0129248 
-0.770794  0.740424   -0.39212   0.0136074 
-0.692241  0.756596   -0.3777    0.0306393 
-0.612518  0.798371   -0.283545  0.0200379 
-0.672258  0.843304   -0.307698  0.0259958 
-0.638125  0.839971   -0.29177   0.039846  
-0.587509  0.866149   -0.236306  0.0358164 
-0.531076  0.924708   -0.24154   0.0286903 
-0.438175  0.965612   -0.224931  0.0169236 
-0.39625   0.883122   -0.246457  0.0174088 
-0.475968  0.816826   -0.25566   0.0150803 
-0.417254  0.807236   -0.249943  0.0200118 
-0.327597  0.89778    -0.271953  0.0180178 
-0.237785  0.807712   -0.136245  0.0171914 
-0.169144  0.81358    -0.107119  0.01751   
-0.0876991 0.878242   -0.143458  0.0171843 
-0.155267  0.929838   -0.242137  0.0157247 
-0.136622  0.884646   -0.179356  0.0163232 
-0.0778016 0.872594   -0.175212  0.0176159 
-0.030815  0.831601   -0.140661  0.0165109 
-0.0687854 0.88465    -0.164655  0.0173049 
-0.157874  0.817359   -0.149032  0.0177684 
-0.242356  0.896265   -0.211176  0.0210335 
-0.258749  0.99063    -0.271432  0.0357054 
-0.258749  0.99063    -0.271432  0.0162417 
-0.246408  0.950472   -0.267658  0.0340688 
-0.227633  1.02104    -0.186     0.034794  
-0.142582  1.0788     -0.180962  0.037335  
-0.142582  1.0788     -0.180962  0.0406794 
-0.128437  1.15338    -0.145449  0.0431357 
-0.162369  1.13242    -0.160007  0.050296  
-0.177295  1.10153    -0.16032   0.0724391 
-0.113086  1.17513    -0.0455216 0.0482305 
-0.135497  1.10757    -0.153989  0.0387235 
-0.036097  1.13962    -0.184864  0.04111   
0.0263791  1.07355    -0.194483  0.017541  
0.125197   1.01642    -0.280508  0.0170741 
0.134383   1.00734    -0.282559  0.0325425 
0.222574   1.04209    -0.207735  0.0372098 
0.296445   1.07671    -0.20976   0.0352805 
0.296445   1.07671    -0.20976   0.0250028 
0.232778   1.10241    -0.213205  0.0456498 
0.232778   1.10241    -0.213205  0.0231701 
0.201194   1.02781    -0.258284  0.0699436 
0.201194   1.02781    -0.258284  0.0203357 
0.219452   0.973675   -0.218783  0.0166676 
0.171662   0.991086   -0.278368  0.0195204 
0.14934    1.01538    -0.251477  0.0268578 
0.213973   1.01868    -0.233131  0.0828293 
0.213973   1.01868    -0.233131  0.0347112 
0.182141   1.07944    -0.186873  0.0270593 
0.214772   1.02676    -0.238903  0.0196444 
0.1879     0.973545   -0.255409  0.0193055 
0.211095   0.989317   -0.238897  0.0207132 
0.266417   0.944454   -0.270231  0.0185196 
0.266417   0.944454   -0.270231  0.016538  
0.283681   0.864743   -0.239984  0.0212804 
0.357869   0.962878   -0.24901   0.0170424 
0.274139   0.866702   -0.194228  0.0187737 
0.301825   0.850183   -0.222932  0.0168071 
0.270269   0.845382   -0.202029  0.0153508 
0.35405    0.82496    -0.20652   0.0189006 
0.433349   0.848301   -0.241194  0.0142555 
0.469453   0.760162   -0.239752  0.0120272 
0.569115   0.673587   -0.319887  0.0123303 
0.569115   0.673587   -0.319887  0.0140938 
0.485122   0.750336   -0.261667  0.0166356 
0.44162    0.709265   -0.21954   0.0137718 
0.522784   0.688591   -0.236692  0.0138498 
0.525603   0.719115   -0.272034  0.0146044 
0.495106   0.632902   -0.156992  0.0166733 
0.504922   0.535717   -0.145058  0.0127702 
0.529588   0.573761   -0.172674  0.0192376 
0.529588   0.573761   -0.172674  0.0175607 
0.588838   0.495982   -0.199389  0.0138242 
0.55427    0.557743   -0.252041  0.0170753 
0.596229   0.510155   -0.290666  0.0137098 
0.603762   0.530515   -0.269902  0.0112816 
0.584497   0.568165   -0.261628  0.0159969 
0.576118   0.515344   -0.220123  0.00787506
0.661962   0.60765    -0.369371  0.010995  
0.609058   0.677524   -0.324625  0.0116005 
0.621809   0.719987   -0.325796  0.0135774 
0.623471   0.78145    -0.322116  0.0209106 
0.671802   0.814202   -0.308967  0.0181443 
0.671802   0.814202   -0.308967  0.0164984 
0.752114   0.748208   -0.360803  0.00931149
0.742787   0.673746   -0.430322  0.0440275 
0.778058   0.772273   -0.237967  0.0215607 
0.772204   0.773505   -0.325999  0.0138587 
0.811101   0.687515   -0.411312  0.0249898 
0.885626   0.725473   -0.302319  0.0208524 
0.929945   0.678858   -0.326474  0.0359634 
0.929945   0.678858   -0.326474  0.00752393
0.86116    0.612572   -0.432218  0.0154102 
0.818835   0.689401   -0.39336   0.0053537 
0.783008   0.641657   -0.460395  0.00893752
0.882123   0.631231   -0.42067   0.00886133
0.832713   0.572458   -0.419088  0.00980634
0.81682    0.562253   -0.423514  0.00603626
0.818033   0.639429   -0.442821  0.00597692
0.737791   0.626762   -0.440263  0.0105661 
0.737791   0.626762   -0.440263  0.0138778 
0.647098   0.529259   -0.320441  0.00765463
0.679308   0.594997   -0.381285  0.0109946 
0.588022   0.577711   -0.293957  0.0124396 
0.648801   0.536169   -0.340634  0.00956494
0.695131   0.567897   -0.393703  0.010639  
0.675151   0.66732    -0.390288  0.00988881
0.621044   0.745195   -0.348129  0.0148409 
0.547296   0.773181   -0.288354  0.0130356 
0.539733   0.703257   -0.254098  0.0166837 
0.447748   0.617261   -0.122178  0.0173059 
0.412877   0.695733   -0.161193  0.0142928 
0.501241   0.671266   -0.224904  0.0114452 
0.573555   0.592485   -0.257004  0.0107888 
0.590525   0.565496   -0.252846  0.0205024 
0.505322   0.472293   -0.0911834 0.0191368 
0.544154   0.472686   -0.0701303 0.0420366 
0.544154   0.472686   -0.0701303 0.0153589 
0.532      0.508707   -0.13644   0.0155906 
0.608418   0.501648   -0.217314  0.0151487 
0.579249   0.510211   -0.187809  0.0101061 
0.630046   0.580413   -0.330943  0.0123883 
0.551477   0.64693    -0.275223  0.0121758 
0.542212   0.663788   -0.260062  0.0135212 
0.521774   0.691054   -0.243477  0.0128054 
0.61322    0.776307   -0.311878  0.0297794 
0.664248   0.826225   -0.282213  0.0142542 
0.584033   0.761187   -0.305547  0.0115678 
0.594225   0.708942   -0.336401  0.0107282 
0.630155   0.711688   -0.360217  0.0129764 
0.541239   0.715262   -0.288733  0.00966841
0.620768   0.680294   -0.347906  0.010186  
0.619433   0.691219   -0.360675  0.0115382 
0.6842     0.694586   -0.383169  0.0102381 
0.674382   0.705088   -0.378591  0.0148006 
0.674382   0.705088   -0.378591  0.0101833 
0.674382   0.705088   -0.378591  0.0100793 
0.733148   0.716116   -0.406564  0.0164008 
0.765479   0.748306   -0.372728  0.0265696 
0.833215   0.783244   -0.317405  0.0231737 
0.769941   0.816266   -0.276603  0.0166698 
0.675616   0.828272   -0.329058  0.018384  
0.696618   0.797136   -0.319063  0.0209327 
0.771805   0.728382   -0.369669  0.0107968 
0.743672   0.697014   -0.406632  0.00688038
0.802956   0.638382   -0.431346  0.00819134
0.802956   0.638382   -0.431346  0.00757695
0.75628    0.683625   -0.438894  0.00994823
0.762587   0.609101   -0.434074  0.0095982 
0.860266   0.566349   -0.395286  0.0106212 
0.790908   0.654415   -0.428089  0.0124792 
0.815011   0.681087   -0.413953  0.00673529
0.765488   0.596498   -0.437374  0.00772374
0.842283   0.605328   -0.43417   0.0213628 
0.925978   0.627024   -0.360321  0.0097483 
0.842298   0.566225   -0.405627  0.00778144
0.845867   0.589309   -0.445425  0.0154104 
0.845867   0.589309   -0.445425  0.0165944 
0.845867   0.589309   -0.445425  0.0119251 
0.877277   0.65805    -0.409539  0.00633503
0.785731   0.596864   -0.447659  0.013495  
0.785731   0.596864   -0.447659  0.00727812
0.756147   0.612505   -0.444979  0.0073524 
0.715733   0.591609   -0.408183  0.00733076
0.717712   0.658513   -0.421296  0.0105392 
0.804669   0.707126   -0.42598   0.0122375 
0.893875   0.618798   -0.40591   0.0201722 
0.909211   0.63838    -0.376896  0.0133903 
0.965079   0.626742   -0.331484  0.0135058 
0.965079   0.626742   -0.331484  0.0134911 
0.965079   0.626742   -0.331484  0.0211846 
1.05907    0.622422   -0.157967  0.0201513 
1.14678    0.553437   0.0678888  0.037834  
1.14678    0.553437   0.0678888  0.0341807 
1.14678    0.553437   0.0678888  0.0373021 
1.14678    0.553437   0.0678888  0.0151214 
1.12332    0.502245   0.0479164  0.0154795 
1.11704    0.489784   0.0569125  0.0147833 
1.12072    0.49959    0.0538201  0.0144811 
1.06961    0.555648   -0.13931   0.0234468 
1.06961    0.555648   -0.13931   0.0170819 
1.00895    0.626393   -0.261582  0.0135315 
1.00895    0.626393   -0.261582  0.0140046 
1.05163    0.557225   -0.172377  0.0143853 
1.0755     0.517806   -0.0779555 0.0181717 
1.0825     0.586897   -0.0909535 0.0212213 
1.0825     0.586897   -0.0909535 0.0160049 
1.04054    0.502052   -0.0874873 0.027105  
1.04054    0.502052   -0.0874873 0.00951454
0.943591   0.594663   -0.366915  0.0083908 
0.897012   0.583421   -0.397414  0.0135328 
0.801862   0.530888   -0.400954  0.00896382
0.70642    0.573481   -0.408016  0.0192116 
0.70642    0.573481   -0.408016  0.00842658
0.676803   0.668669   -0.400172  0.0125251 
0.579308   0.57265    -0.290188  0.0150666 
0.501151   0.58092    -0.16289   0.0190476 
0.553658   0.483681   -0.134526  0.0317867 
0.553658   0.483681   -0.134526  0.0247576 
0.637155   0.461045   -0.155369  0.0349155 
0.637155   0.461045   -0.155369  0.0299227 
0.543091   0.411754   0.144142   0.0157237 
0.549948   0.507068   -0.198465  0.0134185 
0.53652    0.591603   -0.219887  0.0132582 
0.6127     0.527494   -0.267937  0.0164023 
0.57088    0.500926   -0.188492  0.033447  
0.57088    0.500926   -0.188492  0.0160353 
0.549354   0.522875   -0.209411  0.0158156 
0.549354   0.522875   -0.209411  0.0210593 
0.644113   0.484615   -0.22793   0.0376495 
0.644113   0.484615   -0.22793   0.0267452 
0.62316    0.449257   -0.147751  0.0184502 
0.556249   0.486263   -0.160006  0.0173476 
0.477053   0.527306   -0.0584128 0.0215664 
0.477053   0.527306   -0.0584128 0.0209087 
0.477053   0.527306   -0.0584128 0.015508  
0.542333   0.499655   -0.115725  0.0161702 
0.513106   0.539233   -0.156183  0.0140987 
0.524806   0.584076   -0.209353  0.0105148 
0.596372   0.60133    -0.298302  0.0103459 
0.627935   0.668081   -0.34166   0.0131661 
0.563409   0.578226   -0.258116  0.0114922 
0.571474   0.613829   -0.266402  0.00981251
0.615967   0.612285   -0.336062  0.0110948 
0.575341   0.62732    -0.276999  0.00849792
0.657123   0.615618   -0.379122  0.00872012
0.66952    0.588126   -0.39344   0.0146357 
0.656747   0.675522   -0.354327  0.00757368
0.681118   0.644399   -0.393596  0.0099765 
0.681118   0.644399   -0.393596  0.015912  
0.741022   0.725076   -0.412327  0.0219912 
0.741022   0.725076   -0.412327  0.0249082 
0.741022   0.725076   -0.412327  0.0166115 
0.710342   0.733068   -0.364525  0.0181615 
0.719155   0.750208   -0.357988  0.0190954 
0.719155   0.750208   -0.357988  0.025524  
0.775708   0.801027   -0.274264  0.0204739 
0.706125   0.834355   -0.326342  0.0178814 
0.764561   0.758091   -0.382944  0.0199055 
0.675698   0.846741   -0.311462  0.0168606 
0.712787   0.76648    -0.322278  0.00807332
0.705433   0.684058   -0.411727  0.00828446
0.705433   0.684058   -0.411727  0.0207896 
0.705433   0.684058   -0.411727  0.0110705 
0.798529   0.690475   -0.410279  0.0112312 
0.771061   0.712905   -0.403323  0.0115465 
0.849994   0.688815   -0.397491  0.00732232
0.820578   0.595565   -0.441361  0.0181092 
0.820578   0.595565   -0.441361  0.00861449
0.835165   0.644176   -0.433286  0.00850547
0.823816   0.606832   -0.43475   0.00837384
0.797911   0.588942   -0.430778  0.0155675 
0.839974   0.520541   -0.306001  0.0153732 
0.87821    0.523779   -0.325176  0.0141027 
0.836758   0.531397   -0.363698  0.013628  
0.810139   0.535248   -0.362838  0.0202247 
0.818928   0.493712   -0.261179  0.0363685 
0.818928   0.493712   -0.261179  0.0353493 
0.818928   0.493712   -0.261179  0.0148397 
0.883312   0.525615   -0.334242  0.00828936
0.872692   0.594903   -0.427294  0.0155751 
0.872692   0.594903   -0.427294  0.0224574 
0.872692   0.594903   -0.427294  0.00878622
0.83621    0.579251   -0.409181  0.00659231
0.787457   0.657152   -0.445218  0.00721147
0.743495   0.608356   -0.443536  0.0186844 
0.743495   0.608356   -0.443536  0.009101  
0.791999   0.570713   -0.431222  0.00771982
0.810899   0.644069   -0.438416  0.00731252
0.717426   0.596712   -0.424645  0.00974979
0.696606   0.56286    -0.375658  0.0125564 
0.731539   0.538071   -0.368657  0.00786059
0.672029   0.636379   -0.397475  0.0119684 
0.672029   0.636379   -0.397475  0.00930974
0.626792   0.661545   -0.342795  0.0105898 
0.602476   0.619212   -0.33064   0.0134766 
0.538761   0.716657   -0.286523  0.0131556 
0.520855   0.73479    -0.274772  0.0110134 
0.582663   0.661409   -0.269486  0.0122856 
0.563594   0.670922   -0.308882  0.0117346 
0.647809   0.701919   -0.362797  0.0133563 
0.693668   0.712249   -0.373445  0.0109207 
0.598461   0.617193   -0.322816  0.0101219 
0.607443   0.628285   -0.333055  0.0122555 
0.555113   0.62128    -0.273093  0.010801  
0.626231   0.575222   -0.331391  0.00894018
0.662784   0.590886   -0.383092  0.00683846
0.72017    0.667766   -0.413774  0.0109229 
0.774386   0.684522   -0.414658  0.00748975
0.836967   0.585671   -0.437243  0.0108547 
0.771334   0.635902   -0.43525   0.00803427
0.727003   0.579507   -0.405427  0.0151491 
0.727003   0.579507   -0.405427  0.0191904 
0.732263   0.499227   -0.30219   0.0184537 
0.732263   0.499227   -0.30219   0.013083  
0.705153   0.534761   -0.37582   0.0237292 
0.705153   0.534761   -0.37582   0.0218765 
0.705153   0.534761   -0.37582   0.0111887 
0.707216   0.553841   -0.41693   0.0095124 
0.640821   0.590491   -0.359015  0.0137333 
0.640821   0.590491   -0.359015  0.0139937 
0.711289   0.662006   -0.382609  0.00710882
0.723354   0.62774    -0.426888  0.00671531
0.717719   0.628361   -0.426137  0.0149494 
0.717719   0.628361   -0.426137  0.0091001 
0.772738   0.574113   -0.437725  0.0112682 
0.849396   0.555561   -0.395145  0.0160128 
0.849396   0.555561   -0.395145  0.0096329 
0.855807   0.568427   -0.416948  0.0071844 
0.840494   0.637993   -0.453841  0.0161352 
0.840494   0.637993   -0.453841  0.0093361 
0.835088   0.568818   -0.415153  0.0147334 
0.835088   0.568818   -0.415153  0.016177  
0.835088   0.568818   -0.415153  0.00973583
0.817359   0.651486   -0.421131  0.0147552 
0.741765   0.739668   -0.379282  0.0101856 
0.836693   0.669351   -0.446174  0.0068182 
0.870616   0.629584   -0.445013  0.0146009 
0.870616   0.629584   -0.445013  0.0103308 
0.839077   0.559883   -0.387974  0.00866858
0.909377   0.606965   -0.403137  0.0145453 
0.913888   0.650845   -0.376889  0.0104684 
0.956111   0.565472   -0.328655  0.0153058 
0.97339    0.513525   -0.203244  0.0211845 
0.97339    0.513525   -0.203244  0.026346  
0.97339    0.513525   -0.203244  0.0244954 
0.97339    0.513525   -0.203244  0.0102954 
0.981027   0.578798   -0.320481  0.0174066 
0.981027   0.578798   -0.320481  0.0124115 
0.981027   0.578798   -0.320481  0.0180165 
0.981027   0.578798   -0.320481  0.00947149
0.904911   0.574226   -0.391418  0.0309177 
0.997559   0.669387   -0.194236  0.0344465 
0.936683   0.740474   -0.258197  0.0306458 
0.868767   0.798058   -0.21599   0.0523777 
0.868767   0.798058   -0.21599   0.0274374 
0.785132   0.844523   -0.237589  0.0302294 
0.850476   0.780461   -0.278295  0.0347312 
0.838016   0.8602     -0.184316  0.0500715 
0.832617   0.943551   0.0221379  0.0658172 
0.92541    0.876297   0.141921   0.0282398 
0.855589   0.826554   -0.231295  0.0205933 
0.854846   0.759718   -0.319429  0.0234715 
0.953145   0.691328   -0.295349  0.0450535 
0.953145   0.691328   -0.295349  0.0231419 
0.932038   0.703083   -0.297908  0.0129446 
0.906747   0.645475   -0.398726  0.0121666 
0.872854   0.660494   -0.399771  0.01906   
0.943987   0.663724   -0.353234  0.0239942 
0.943987   0.663724   -0.353234  0.0269873 
1.01998    0.683404   -0.187874  0.0273158 
1.00692    0.720437   -0.168277  0.0447897 
1.00692    0.720437   -0.168277  0.0325195 
1.03446    0.697382   -0.0973091 0.0579848 
1.03446    0.697382   -0.0973091 0.0354122 
1.03446    0.697382   -0.0973091 0.0238123 
0.96852    0.650067   -0.283903  0.0316988 
0.96852    0.650067   -0.283903  0.0350075 
1.05959    0.675832   -0.0667153 0.0181697 
1.08025    0.576094   -0.100201  0.0213528 
1.12443    0.608354   0.00391882 0.0232938 
1.07109    0.629731   -0.103732  0.0167368 
1.04576    0.609226   -0.20183   0.0180876 
1.04098    0.565959   -0.158881  0.015305  
0.997964   0.595547   -0.287433  0.0163961 
1.01598    0.61026    -0.235938  0.0110755 
0.92444    0.558085   -0.354506  0.0130957 
0.89367    0.537868   -0.351978  0.0287916 
0.89367    0.537868   -0.351978  0.00928023
0.865017   0.619585   -0.418445  0.00837756
0.779151   0.662679   -0.448042  0.00580292
0.727994   0.625494   -0.422562  0.00902726
0.717377   0.693894   -0.40987   0.00790096
0.744104   0.658369   -0.420999  0.0069959 
0.716242   0.598214   -0.422334  0.00625051
0.788579   0.604328   -0.447156  0.00864659
0.860473   0.58484    -0.433343  0.0144999 
0.776798   0.524011   -0.336102  0.00640376
0.776216   0.61838    -0.437885  0.00946092
0.860404   0.581518   -0.425532  0.00954738
0.8656     0.650145   -0.428708  0.0167644 
0.8656     0.650145   -0.428708  0.00653009
0.79986    0.643129   -0.442081  0.0212019 
0.742775   0.726113   -0.351244  0.0208851 
0.688486   0.811476   -0.295926  0.015784  
0.679773   0.783569   -0.318115  0.0150576 
0.598987   0.764084   -0.332656  0.00873445
0.676841   0.664487   -0.387066  0.0120402 
0.610186   0.726388   -0.330908  0.0103966 
0.603952   0.663384   -0.327218  0.00915569
0.645996   0.629046   -0.358589  0.00824396
0.656729   0.594648   -0.354254  0.017831  
0.656729   0.594648   -0.354254  0.00617397
0.739236   0.648063   -0.433617  0.0126385 
0.767871   0.691896   -0.407344  0.0106618 
0.754405   0.707967   -0.423209  0.0301586 
0.815291   0.721118   -0.365854  0.0151488 
0.798895   0.664952   -0.421239  0.0146487 
0.798895   0.664952   -0.421239  0.00647422
0.773223   0.659672   -0.446448  0.0162777 
0.773223   0.659672   -0.446448  0.0134467 
0.773223   0.659672   -0.446448  0.00857359
0.777009   0.575568   -0.423535  0.010937  
0.820625   0.555372   -0.428185  0.00862865
0.766648   0.5733     -0.432894  0.00737605
0.827607   0.623834   -0.440387  0.00936006
0.81167    0.570024   -0.4334    0.0202745 
0.81167    0.570024   -0.4334    0.0188411 
0.799379   0.500354   -0.283046  0.0119288 
0.71049    0.545023   -0.377727  0.0145833 
0.684796   0.524711   -0.34783   0.0255063 
0.738768   0.468098   -0.177477  0.0171821 
0.64947    0.504558   -0.276638  0.0125448 
0.551895   0.584392   -0.230736  0.0165872 
0.457785   0.637013   -0.125989  0.0175556 
0.454448   0.54906    -0.0490213 0.0147608 
0.484884   0.640732   -0.166321  0.0153803 
0.487625   0.657792   -0.197316  0.0152062 
0.501078   0.594867   -0.17094   0.0133214 
0.530643   0.575305   -0.183671  0.0134629 
0.533082   0.621386   -0.244143  0.0135605 
0.525544   0.685357   -0.24388   0.0140472 
0.52076    0.724819   -0.290443  0.0132634 
0.52076    0.724819   -0.290443  0.0115444 
0.573015   0.636063   -0.275261  0.0138401 
0.573015   0.636063   -0.275261  0.00988413
0.611375   0.605418   -0.324587  0.00823024
0.664033   0.604829   -0.389071  0.00801169
0.686457   0.601932   -0.409004  0.00837392
0.678585   0.630492   -0.397653  0.0133652 
0.678585   0.630492   -0.397653  0.0127698 
0.683838   0.541382   -0.375782  0.0146473 
0.683838   0.541382   -0.375782  0.0260177 
0.735003   0.463858   -0.176329  0.0282394 
0.668625   0.455414   -0.192069  0.0486978 
0.668625   0.455414   -0.192069  0.0527833 
0.668625   0.455414   -0.192069  0.0311924 
0.668625   0.455414   -0.192069  0.0273323 
0.668625   0.455414   -0.192069  0.0235086 
0.639565   0.461743   -0.126641  0.0179093 
0.660543   0.497402   -0.28864   0.0110273 
0.747727   0.549149   -0.405293  0.00775488
0.807191   0.625646   -0.442042  0.00655183
0.718122   0.618183   -0.430093  0.00701976
0.789268   0.604828   -0.452136  0.00948992
0.790922   0.569689   -0.428662  0.0160376 
0.823451   0.521646   -0.370186  0.0233397 
0.881592   0.484944   -0.20997   0.0133826 
0.953926   0.531083   -0.280998  0.00866027
0.903459   0.629845   -0.405134  0.026879  
0.944668   0.692402   -0.287226  0.00848132
0.877074   0.612015   -0.428871  0.0136543 
0.877074   0.612015   -0.428871  0.0123425 
0.963975   0.583634   -0.321133  0.0116619 
1.0199     0.540171   -0.203885  0.0177755 
1.0199     0.540171   -0.203885  0.0143289 
0.928958   0.53318    -0.323094  0.0304956 
0.928958   0.53318    -0.323094  0.0166928 
0.928958   0.53318    -0.323094  0.00949233
0.860279   0.56658    -0.409265  0.0182936 
0.810786   0.507303   -0.316556  0.00789625
0.725811   0.580233   -0.420677  0.0125267 
0.807663   0.543555   -0.384367  0.0135089 
0.847424   0.534086   -0.366735  0.00846833
0.899515   0.600389   -0.406179  0.0162712 
0.899515   0.600389   -0.406179  0.00939041
0.873921   0.629655   -0.429546  0.0164323 
0.873921   0.629655   -0.429546  0.0133514 
0.945048   0.658674   -0.379435  0.00884308
0.883372   0.573003   -0.406215  0.0104863 
0.883372   0.573003   -0.406215  0.0141607 
0.79483    0.637482   -0.422025  0.0148743 
0.870472   0.717663   -0.384912  0.0265158 
0.870472   0.717663   -0.384912  0.0206365 
0.77391    0.762931   -0.355886  0.0386631 
0.77391    0.762931   -0.355886  0.0150978 
0.84128    0.696655   -0.386715  0.0203145 
0.761594   0.754713   -0.363124  0.00937655
0.796558   0.655233   -0.432271  0.00866587
0.842105   0.655616   -0.436078  0.0103604 
0.771417   0.68382    -0.407043  0.00700782
0.756176   0.599991   -0.430022  0.00687444
0.737588   0.619094   -0.427748  0.00975904
0.746466   0.649979   -0.42541   0.00890961
0.778408   0.571237   -0.419345  0.0170044 
0.796196   0.513904   -0.330147  0.0113747 
0.820827   0.550517   -0.416529  0.0100989 
0.820827   0.550517   -0.416529  0.0191251 
0.820827   0.550517   -0.416529  0.0237306 
0.820827   0.550517   -0.416529  0.00850732
0.895994   0.58766    -0.415311  0.0155145 
0.920139   0.520407   -0.296298  0.0115512 
0.938569   0.597808   -0.355867  0.00885272
0.83947    0.572664   -0.410668  0.00726817
0.811143   0.645695   -0.452251  0.00959351
0.756413   0.702907   -0.419593  0.0131827 
0.756413   0.702907   -0.419593  0.00776136
0.69391    0.667394   -0.397973  0.0105977 
0.602995   0.627222   -0.327505  0.0116183 
0.615067   0.560633   -0.3074    0.0108008 
0.585733   0.602968   -0.2982    0.0133415 
0.585733   0.602968   -0.2982    0.00817981
0.668896   0.619338   -0.390367  0.0113622 
0.622255   0.672919   -0.343761  0.00706523
0.714904   0.65553    -0.427608  0.00765078
0.731648   0.60277    -0.42486   0.00611951
0.825851   0.615911   -0.447568  0.0139739 
0.825851   0.615911   -0.447568  0.0110712 
0.873018   0.659631   -0.424842  0.00717532
0.817347   0.59254    -0.437818  0.0103383 
0.855464   0.62858    -0.426281  0.010091  
0.838397   0.561664   -0.419224  0.0143439 
0.838397   0.561664   -0.419224  0.00792819
0.801769   0.584546   -0.44469   0.0150754 
0.794222   0.523819   -0.349863  0.0155968 
0.836158   0.576847   -0.397674  0.015269  
0.9305     0.65342    -0.362023  0.0228098 
1.00835    0.670802   -0.229639  0.0160844 
1.04389    0.574873   -0.176193  0.0184724 
1.06211    0.593776   -0.147592  0.0170167 
1.01365    0.610475   -0.23767   0.0161661 
0.956288   0.684551   -0.347659  0.0298343 
0.956288   0.684551   -0.347659  0.0304154 
0.956288   0.684551   -0.347659  0.011225  
0.93586    0.616825   -0.381783  0.0117032 
0.93586    0.616825   -0.381783  0.0138538 
0.840117   0.534894   -0.375131  0.0156314 
0.811132   0.523388   -0.387001  0.0119513 
0.811132   0.523388   -0.387001  0.0312968 
0.811132   0.523388   -0.387001  0.00871015
0.817146   0.603927   -0.437284  0.0117849 
0.743042   0.690713   -0.406587  0.0135252 
0.683274   0.785735   -0.350228  0.0214197 
0.683274   0.785735   -0.350228  0.0171226 
0.683274   0.785735   -0.350228  0.0344277 
0.683274   0.785735   -0.350228  0.0147646 
0.683274   0.785735   -0.350228  0.0230358 
0.704993   0.842361   -0.304405  0.0257579 
0.719797   0.839688   -0.275359  0.0149779 
0.708737   0.749688   -0.368392  0.00607059
0.745838   0.652247   -0.431084  0.0135844 
0.775393   0.701483   -0.389167  0.0118444 
0.851111   0.662023   -0.415541  0.00699857
0.788007   0.593101   -0.441927  0.0118216 
0.838082   0.551421   -0.399245  0.0111759 
0.838082   0.551421   -0.399245  0.0198543 
0.838082   0.551421   -0.399245  0.00975727
0.92495    0.588284   -0.390404  0.0109293 
0.92495    0.588284   -0.390404  0.00827044
0.826481   0.581257   -0.444665  0.0161031 
0.751469   0.677564   -0.409177  0.0222907 
0.771763   0.773003   -0.298946  0.0277495 
0.742868   0.862158   -0.263466  0.0495344 
0.742868   0.862158   -0.263466  0.0401068 
0.742868   0.862158   -0.263466  0.0307799 
0.705696   0.933472   -0.222218  0.0563011 
0.730992   1.0249     0.0135611  0.0750532 
0.730992   1.0249     0.0135611  0.0528219 
0.676949   0.977001   -0.0373346 0.0364607 
0.656211   0.977779   -0.156562  0.0782878 
0.656211   0.977779   -0.156562  0.0387162 
0.577516   0.993547   -0.205363  0.030329  
0.624392   0.932683   -0.207078  0.0169587 
0.616047   0.833992   -0.323019  0.0131653 
0.520589   0.740715   -0.278755  0.0143744 
0.463197   0.724626   -0.202361  0.0121343 
0.552301   0.74506    -0.296373  0.0144179 
0.517002   0.741162   -0.282416  0.0174387 
0.501506   0.797658   -0.270628  0.0156433 
0.501506   0.797658   -0.270628  0.0157423 
0.405213   0.865223   -0.281742  0.0174686 
0.36732    0.879975   -0.276721  0.0221872 
0.463807   0.916028   -0.237383  0.014776  
0.418979   0.840898   -0.251256  0.018261  
0.393643   0.781393   -0.210851  0.015479  
0.385957   0.811271   -0.247466  0.0155354 
0.446803   0.741554   -0.210025  0.0167078 
0.405903   0.796466   -0.2374    0.0161031 
0.471951   0.824838   -0.270002  0.0374681 
0.419186   0.923491   -0.218417  0.0219277 
0.505643   0.865922   -0.289106  0.021041  
0.436945   0.893598   -0.286624  0.015666  
0.366399   0.879756   -0.256291  0.0159532 
0.366399   0.879756   -0.256291  0.0165931 
0.319126   0.819548   -0.205751  0.0147549 
0.365261   0.903458   -0.277108  0.021042  
0.432793   1.00325    -0.25476   0.0208367 
0.49027    0.910652   -0.268319  0.0169398 
0.47531    0.833318   -0.276008  0.0179568 
0.47531    0.833318   -0.276008  0.013577  
0.553665   0.738159   -0.302766  0.0125147 
0.569244   0.664509   -0.29111   0.0153515 
0.492217   0.636972   -0.201333  0.015837  
0.420957   0.691775   -0.103266  0.0181094 
0.420957   0.691775   -0.103266  0.0236023 
0.448686   0.741581   -0.192005  0.013393  
0.536367   0.691437   -0.27887   0.0146274 
0.488854   0.601735   -0.147291  0.0166446 
0.428983   0.684785   -0.165652  0.0156206 
0.463611   0.689866   -0.192174  0.0124967 
0.558032   0.591306   -0.253384  0.0102758 
0.655155   0.675835   -0.371964  0.0121102 
0.655155   0.675835   -0.371964  0.0135465 
0.563897   0.771387   -0.298775  0.0173959 
0.477471   0.852832   -0.266629  0.0154418 
0.381093   0.81483    -0.250299  0.0155956 
0.400166   0.785888   -0.237338  0.0142925 
0.467323   0.814858   -0.285127  0.01296   
0.555588   0.737567   -0.314378  0.0193689 
0.600358   0.796823   -0.31158   0.012903  
0.546641   0.786392   -0.292243  0.0131457 
0.561513   0.827096   -0.324461  0.0193185 
0.561513   0.827096   -0.324461  0.0214339 
0.521968   0.876633   -0.268086  0.0150584 
0.435256   0.895019   -0.288582  0.0219354 
0.374314   0.83528    -0.227427  0.0155533 
0.343098   0.923799   -0.24932   0.02287   
0.248764   1.00428    -0.229229  0.0267502 
0.281892   1.08528    -0.247016  0.0634083 
0.206237   1.18297    -0.0205218 0.0907374 
0.27482    1.23079    0.121583   0.0357246 
0.324      1.18373    -0.115769  0.0763178 
0.324      1.18373    -0.115769  0.130881  
0.324      1.18373    -0.115769  0.0462654 
0.255148   1.24055    -0.0923675 0.0387847 
0.21109    1.14857    -0.144582  0.0465919 
0.21109    1.14857    -0.144582  0.0348534 
0.145891   1.1377     -0.158041  0.0472575 
0.0555683  1.15378    -0.124807  0.0399471 
0.0321918  1.24606    -0.120291  0.0758956 
0.0321918  1.24606    -0.120291  0.0681582 
0.0321918  1.24606    -0.120291  0.0385274 
-0.0101169 1.16972    -0.179994  0.0410374 
-0.0101169 1.16972    -0.179994  0.0455154 
-0.0101169 1.16972    -0.179994  0.0365677 
-0.0640091 1.19572    -0.140578  0.0491279 
-0.0640091 1.19572    -0.140578  0.029997  
0.00310696 1.12393    -0.185509  0.0352793 
-0.00287221 1.02827    -0.176302  0.0505914 
-0.036512  1.1104     -0.171095  0.0402128 
-0.0923245 1.0256     -0.218323  0.0186331 
-0.147677  1.0295     -0.249509  0.034112  
-0.147677  1.0295     -0.249509  0.0247757 
-0.0737185 1.06864    -0.258723  0.0450341 
-0.0737185 1.06864    -0.258723  0.0308957 
-0.121202  1.03851    -0.236255  0.0613511 
-0.121202  1.03851    -0.236255  0.0611881 
-0.138151  1.03504    -0.172875  0.0443749 
-0.176781  1.12354    -0.158573  0.064634  
-0.176781  1.12354    -0.158573  0.0575936 
-0.0821027 1.16025    -0.13608   0.026092  
-0.0900861 1.06985    -0.24772   0.0276921 
-0.139576  1.03651    -0.223093  0.0248553 
-0.174408  1.02056    -0.239017  0.0289055 
-0.103608  1.07776    -0.22851   0.0202607 
-0.037275  1.0112     -0.274517  0.0205745 
-0.0692038 1.0358     -0.268863  0.0292318 
-0.0692038 1.0358     -0.268863  0.0314854 
-0.00185523 1.06867    -0.203564  0.0248919 
0.0550932  1.07522    -0.220108  0.0228417 
0.0303509  1.05953    -0.250563  0.041078  
-0.0263485 1.08168    -0.200048  0.0313993 
-0.00569722 1.07367    -0.221614  0.0258741 
-0.0681163 1.10112    -0.234555  0.0194647 
-0.037056  1.0962     -0.280659  0.032369  
-0.037056  1.0962     -0.280659  0.0211995 
-0.0426172 1.08165    -0.249755  0.0400302 
-0.0426172 1.08165    -0.249755  0.0379775 
-0.0426172 1.08165    -0.249755  0.054076  
0.0380874  1.1739     -0.0991294 0.0368491 
0.0470537  1.21564    -0.0843129 0.0384295 
0.121801   1.19558    -0.132665  0.0417328 
0.0546113  1.23851    -0.103611  0.101402  
0.0546113  1.23851    -0.103611  0.0599821 
0.0867749  1.29954    0.11205    0.069588  
0.0867749  1.29954    0.11205    0.0938612 
0.170924   1.26492    0.171739   0.0417205 
0.108136   1.16633    -0.115003  0.0499674 
0.108136   1.16633    -0.115003  0.0540131 
0.170766   1.19814    -0.150904  0.0630247 
0.170766   1.19814    -0.150904  0.0772923 
0.170766   1.19814    -0.150904  0.0685458 
0.170766   1.19814    -0.150904  0.042491  
0.170766   1.19814    -0.150904  0.0739514 
0.170766   1.19814    -0.150904  0.0786571 
0.244609   1.27749    0.188636   0.0785905 
0.223278   1.2356     -0.0364906 0.0463695 
0.191071   1.17852    -0.0673463 0.0658566 
0.191071   1.17852    -0.0673463 0.0304162 
0.162677   1.08723    -0.202472  0.033234  
0.169639   1.1421     -0.147965  0.0407441 
0.176443   1.17539    -0.0917256 0.0292992 
0.131236   1.16575    -0.210482  0.0427032 
0.131236   1.16575    -0.210482  0.0276002 
0.207727   1.09176    -0.230476  0.0248461 
0.29106    1.0487     -0.246013  0.0404877 
0.29106    1.0487     -0.246013  0.0255256 
0.283171   1.04323    -0.272625  0.0257537 
0.307013   1.06488    -0.241703  0.0201311 
0.308371   0.986394   -0.247235  0.0169035 
0.236933   0.965511   -0.270379  0.0296247 
0.236933   0.965511   -0.270379  0.0167446 
0.236933   0.965511   -0.270379  0.0174969 
0.325967   0.889973   -0.229918  0.0148662 
0.290581   0.877097   -0.24013   0.0220633 
0.239606   0.941643   -0.223005  0.0166858 
0.239606   0.941643   -0.223005  0.0164095 
0.27731    0.917429   -0.27257   0.0151502 
0.285984   0.866759   -0.236186  0.0202434 
0.268964   0.847935   -0.196985  0.0193844 
0.28497    0.903787   -0.228423  0.0223348 
0.28497    0.903787   -0.228423  0.0153706 
0.364102   0.837408   -0.236985  0.0196683 
0.364102   0.837408   -0.236985  0.0164252 
0.424488   0.807658   -0.246547  0.016407  
0.474678   0.850146   -0.275958  0.0273142 
0.508626   0.828554   -0.269742  0.023477  
0.539186   0.894752   -0.291813  0.0171715 
0.568291   0.837914   -0.290442  0.0192724 
0.568291   0.837914   -0.290442  0.0139707 
0.50299    0.755437   -0.278682  0.0237452 
0.582268   0.852785   -0.278752  0.0225805 
0.486357   0.935375   -0.257604  0.0302215 
0.441132   0.96068    -0.199788  0.0290116 
0.398562   0.958699   -0.239935  0.0280187 
0.328697   0.9773     -0.2486    0.0240248 
0.399036   0.942311   -0.244175  0.01511   
0.334564   0.945708   -0.320709  0.0156875 
0.334564   0.945708   -0.320709  0.0177945 
0.334564   0.945708   -0.320709  0.0158494 
0.334564   0.945708   -0.320709  0.0156317 
0.334564   0.945708   -0.320709  0.0174534 
0.334564   0.945708   -0.320709  0.018566  
0.334564   0.945708   -0.320709  0.0176765 
0.334564   0.945708   -0.320709  0.017738  
0.323444   0.941851   -0.271893  0.0193462 
0.410956   0.883973   -0.283237  0.0168557 
0.500314   0.823803   -0.267082  0.0172191 
0.500314   0.823803   -0.267082  0.0281032 
0.506191   0.8898     -0.262227  0.0257827 
0.599198   0.935865   -0.208199  0.0453491 
0.645255   0.933805   -0.162747  0.0550689 
0.596287   0.942111   -0.22862   0.0199222 
0.660491   0.882307   -0.332641  0.0476519 
0.660491   0.882307   -0.332641  0.020211  
0.679368   0.817918   -0.309164  0.0327045 
0.763533   0.822655   -0.248825  0.0385751 
0.763533   0.822655   -0.248825  0.0274513 
0.822951   0.82002    -0.268825  0.0168268 
0.842845   0.734198   -0.375058  0.0285816 
0.842845   0.734198   -0.375058  0.00892948
0.745319   0.69564    -0.419091  0.00704429
0.745319   0.69564    -0.419091  0.0184736 
0.745319   0.69564    -0.419091  0.0100084 
0.814465   0.612471   -0.440048  0.014952  
0.814465   0.612471   -0.440048  0.00819839
0.810876   0.58431    -0.439321  0.013415  
0.764432   0.533254   -0.388402  0.0185804 
0.764432   0.533254   -0.388402  0.0132244 
0.733      0.535229   -0.376391  0.0277826 
0.733      0.535229   -0.376391  0.00865319
0.637917   0.625079   -0.350694  0.00685225
0.716663   0.633261   -0.420677  0.00572233
0.802064   0.646329   -0.451093  0.00861643
0.858662   0.579756   -0.433216  0.0130935 
0.858662   0.579756   -0.433216  0.00776864
0.835968   0.645196   -0.440023  0.0112201 
0.882976   0.558068   -0.385818  0.0152235 
0.882976   0.558068   -0.385818  0.0104931 
0.944756   0.562457   -0.326131  0.0156594 
0.990056   0.610166   -0.304568  0.0151068 
0.990056   0.610166   -0.304568  0.0219299 
0.990056   0.610166   -0.304568  0.0249741 
0.990056   0.610166   -0.304568  0.0314912 
1.04371    0.677439   -0.116479  0.0406408 
1.04371    0.677439   -0.116479  0.0273412 
1.01328    0.651199   -0.186743  0.0177879 
0.932418   0.642319   -0.358339  0.00824001
0.902484   0.613032   -0.406212  0.0201693 
0.902484   0.613032   -0.406212  0.0143239 
0.902484   0.613032   -0.406212  0.0147368 
0.959164   0.600247   -0.327628  0.0141321 
0.959164   0.600247   -0.327628  0.0299849 
0.959164   0.600247   -0.327628  0.0144322 
0.959164   0.600247   -0.327628  0.019431  
0.880856   0.643607   -0.384678  0.0255288 
0.880856   0.643607   -0.384678  0.0126244 
0.880856   0.643607   -0.384678  0.0350122 
0.827436   0.69498    -0.343316  0.011145  
0.854773   0.664095   -0.424897  0.0125388 
0.809406   0.702834   -0.407641  0.00903838
0.856612   0.643849   -0.440308  0.0234782 
0.881692   0.680688   -0.373569  0.00652734
0.783848   0.610093   -0.453567  0.00694875
0.783848   0.610093   -0.453567  0.00789559
0.717275   0.580818   -0.393662  0.00894641
0.760542   0.661756   -0.428691  0.0111654 
0.679988   0.697079   -0.378674  0.00726736
0.696867   0.63627    -0.395336  0.0231029 
0.775259   0.71751    -0.374749  0.0312981 
0.767789   0.78321    -0.270294  0.037433  
0.767789   0.78321    -0.270294  0.0218799 
0.77164    0.781487   -0.333855  0.0213844 
0.688023   0.760239   -0.333537  0.015511  
0.597171   0.777783   -0.298898  0.0150906 
0.597171   0.777783   -0.298898  0.0161486 
0.597284   0.840584   -0.302118  0.0167644 
0.610772   0.790646   -0.303751  0.0140403 
0.576287   0.771867   -0.327303  0.0122542 
0.644643   0.738854   -0.347897  0.014917  
0.683582   0.759339   -0.359563  0.0094457 
0.642379   0.659865   -0.374702  0.0139743 
0.62642    0.711149   -0.337917  0.0127107 
0.640032   0.761563   -0.339958  0.0250026 
0.701548   0.843219   -0.287993  0.0178563 
0.64062    0.840762   -0.31242   0.0434626 
0.64062    0.840762   -0.31242   0.0179837 
0.57837    0.897693   -0.309105  0.0292705 
0.488527   0.961274   -0.239344  0.02337   
0.414035   0.961503   -0.24784   0.0185523 
0.408116   0.888542   -0.268447  0.0299857 
0.408116   0.888542   -0.268447  0.0153371 
0.417693   0.815207   -0.228574  0.0160114 
0.328967   0.866392   -0.250981  0.0156938 
0.272685   0.905111   -0.246009  0.0226662 
0.331625   0.935747   -0.246766  0.0161199 
0.340299   0.869616   -0.258034  0.0154591 
0.33383    0.816761   -0.182397  0.0179055 
0.33383    0.816761   -0.182397  0.0161465 
0.40412    0.767464   -0.210981  0.0198752 
0.31162    0.847654   -0.208095  0.0175328 
0.240114   0.787644   -0.115064  0.0192863 
0.240114   0.787644   -0.115064  0.0174209 
0.212563   0.838489   -0.205525  0.0168636 
0.296533   0.907102   -0.245758  0.0154159 
0.31537    0.846847   -0.231666  0.0204814 
0.217209   0.923691   -0.227121  0.0269895 
0.210261   0.968021   -0.217973  0.0201347 
0.130094   0.914046   -0.206494  0.014947  
0.0465474  0.94648    -0.249959  0.0178887 
0.113671   0.864997   -0.243923  0.0160082 
0.0445991  0.907562   -0.210772  0.0163123 
0.101287   0.899539   -0.176873  0.016048  
0.0203302  0.966812   -0.258631  0.0186525 
-0.0548213 0.96201    -0.250117  0.0151435 
-0.0794149 0.993579   -0.271753  0.0281208 
-0.0794149 0.993579   -0.271753  0.0173513 
-0.0794149 0.993579   -0.271753  0.0230988 
-0.0844265 1.04005    -0.240124  0.0243377 
-0.13666   1.02462    -0.235377  0.0155924 
-0.213351  0.936259   -0.252541  0.0182286 
-0.17756   0.932174   -0.233011  0.0186458 
-0.199323  0.949686   -0.217399  0.0332275 
-0.157869  0.960251   -0.237816  0.0176203 
-0.157869  0.960251   -0.237816  0.0267882 
-0.108389  0.997075   -0.242921  0.0248624 
-0.205995  0.964987   -0.266552  0.0180102 
-0.253565  0.941032   -0.250951  0.0163338 
-0.266222  0.918447   -0.256146  0.0168892 
-0.306574  0.936271   -0.265834  0.0256257 
-0.273212  0.9959     -0.258143  0.0321119 
-0.273212  0.9959     -0.258143  0.0207609 
-0.273212  0.9959     -0.258143  0.0205876 
-0.272634  0.991539   -0.239184  0.0172359 
-0.226769  0.893602   -0.229681  0.0181245 
-0.226769  0.893602   -0.229681  0.016852  
-0.289548  0.804714   -0.176139  0.018327  
-0.307472  0.74466    -0.115726  0.0179837 
-0.297606  0.767508   -0.134602  0.0194933 
-0.2484    0.726261   -0.078866  0.0220974 
-0.2484    0.726261   -0.078866  0.0212237 
-0.2484    0.726261   -0.078866  0.0178384 
-0.226678  0.786289   -0.116366  0.0177838 
-0.252156  0.807953   -0.176892  0.0163194 
-0.288009  0.875241   -0.240898  0.015031  
-0.304908  0.891011   -0.240171  0.0296292 
-0.350205  0.939015   -0.239117  0.0238599 
-0.430679  0.876372   -0.256325  0.0157859 
-0.430679  0.876372   -0.256325  0.0408463 
-0.419965  0.906914   -0.165715  0.0233399 
-0.493869  0.94684    -0.265907  0.0204797 
-0.430942  0.974154   -0.276328  0.0323362 
-0.430942  0.974154   -0.276328  0.0210729 
-0.460953  0.910902   -0.251237  0.0366233 
-0.435331  0.959597   -0.263488  0.0334816 
-0.527127  0.912242   -0.2191    0.022813  
-0.438631  0.94217    -0.283365  0.0482054 
-0.438631  0.94217    -0.283365  0.0290242 
-0.524371  0.945994   -0.246437  0.0199733 
-0.474371  0.896116   -0.25932   0.0343334 
-0.481392  0.9614     -0.18594   0.0250741 
-0.43003   0.962794   -0.231563  0.0321388 
-0.410911  1.01291    -0.210204  0.0982943 
-0.470646  1.04164    -0.0977979 0.0470258 
-0.468395  1.09109    -0.162548  0.0507773 
-0.468395  1.09109    -0.162548  0.0299843 
-0.370059  1.01676    -0.217751  0.0421773 
-0.370059  1.01676    -0.217751  0.0319898 
-0.459169  1.11647    -0.187678  0.0629827 
-0.459169  1.11647    -0.187678  0.0372086 
-0.406344  1.16758    -0.125496  0.0769415 
-0.406344  1.16758    -0.125496  0.0437295 
-0.422705  1.16107    -0.0723944 0.0537885 
-0.422705  1.16107    -0.0723944 0.0479243 
-0.336615  1.13277    -0.0856583 0.0494802 
-0.267252  1.19031    -0.081718  0.0636978 
-0.267252  1.19031    -0.081718  0.0437037 
-0.312864  1.16867    -0.072076  0.042819  
-0.343161  1.14908    -0.0939897 0.0706847 
-0.343161  1.14908    -0.0939897 0.051073  
-0.364323  1.15587    -0.118809  0.0869177 
-0.364323  1.15587    -0.118809  0.048655  
-0.449606  1.06548    -0.158105  0.0223084 
-0.447881  0.980785   -0.239649  0.0241423 
-0.475115  0.916669   -0.230897  0.0482658 
-0.568804  1.00189    -0.126204  0.0369866 
-0.492487  1.03615    -0.142256  0.0745724 
-0.492487  1.03615    -0.142256  0.0362466 
-0.398488  1.06872    -0.188955  0.024846  
-0.384812  1.07223    -0.210178  0.0224753 
-0.31263   1.01224    -0.271283  0.0209583 
-0.228323  0.991415   -0.269412  0.0177828 
-0.228323  0.991415   -0.269412  0.0371056 
-0.268551  0.995464   -0.170747  0.0290678 
-0.308623  1.0563     -0.173994  0.0528145 
-0.308623  1.0563     -0.173994  0.0262668 
-0.262109  1.05531    -0.223252  0.0271429 
-0.212099  0.977026   -0.222897  0.0161515 
-0.287258  0.880324   -0.222527  0.0172287 
-0.287258  0.880324   -0.222527  0.0166428 
-0.357456  0.793375   -0.18679   0.0180495 
-0.427863  0.795835   -0.220839  0.0229436 
-0.478845  0.894139   -0.244966  0.019349  
-0.537527  0.869926   -0.282451  0.0155291 
-0.449642  0.846554   -0.277656  0.0165688 
-0.365118  0.74823    -0.150381  0.0174534 
-0.381339  0.786059   -0.190852  0.0188372 
-0.29227   0.74362    -0.142678  0.0177476 
-0.29407   0.747052   -0.101362  0.0189712 
-0.383031  0.650658   -0.0625572 0.0192329 
-0.293705  0.727038   -0.0852494 0.0248081 
-0.293705  0.727038   -0.0852494 0.0203568 
-0.336052  0.682711   -0.10174   0.0157897 
-0.395408  0.782626   -0.196689  0.0173364 
-0.351993  0.73193    -0.154489  0.0158679 
-0.304557  0.808012   -0.167251  0.0175914 
-0.35858   0.7548     -0.191301  0.0153849 
-0.359538  0.82985    -0.221313  0.016614  
-0.457185  0.887555   -0.292304  0.01704   
-0.467622  0.839864   -0.278988  0.0206697 
-0.467622  0.839864   -0.278988  0.01604   
-0.395182  0.874083   -0.251598  0.0169049 
-0.480535  0.873335   -0.276651  0.0385743 
-0.480535  0.873335   -0.276651  0.0177722 
-0.566082  0.864471   -0.292377  0.031672  
-0.65867   0.945611   -0.21414   0.0352767 
-0.582904  0.969245   -0.197354  0.0412466 
-0.610648  0.951205   -0.155286  0.0479793 
-0.687018  0.883369   -0.166391  0.0313966 
-0.7715    0.838774   -0.248459  0.0180705 
-0.720534  0.768594   -0.365524  0.0199337 
-0.638191  0.864061   -0.2944    0.0238551 
-0.705354  0.770775   -0.348512  0.0214883 
-0.798111  0.735658   -0.368911  0.00891162
-0.793118  0.635734   -0.441092  0.0090291 
-0.838077  0.570042   -0.416082  0.0161474 
-0.773483  0.52355    -0.362959  0.0277038 
-0.773483  0.52355    -0.362959  0.0129687 
-0.743869  0.538054   -0.394832  0.00756577
-0.830809  0.605642   -0.443993  0.0139931 
-0.915247  0.628874   -0.373817  0.0144123 
-0.817389  0.530357   -0.366314  0.00674521
-0.854614  0.602971   -0.433118  0.00664116
-0.803975  0.62699    -0.444112  0.0111842 
-0.724939  0.701712   -0.419439  0.00767008
-0.681873  0.618428   -0.40542   0.00850523
-0.680791  0.577635   -0.383764  0.0166213 
-0.623618  0.510307   -0.248143  0.00813104
-0.652043  0.606574   -0.34802   0.00821553
-0.671783  0.635983   -0.383538  0.0107385 
-0.653433  0.692049   -0.369514  0.00796818
-0.721584  0.627962   -0.407869  0.0119733 
-0.725113  0.704408   -0.397217  0.0227307 
-0.783206  0.802086   -0.33187   0.0171813 
-0.724344  0.777358   -0.335836  0.0219524 
-0.742891  0.690739   -0.36618   0.0172394 
-0.81389   0.721128   -0.361489  0.0173125 
-0.791653  0.737115   -0.375579  0.0443522 
-0.791653  0.737115   -0.375579  0.0258521 
-0.730331  0.821804   -0.262791  0.0145676 
-0.723803  0.737968   -0.370314  0.0276697 
-0.723803  0.737968   -0.370314  0.00741548
-0.716208  0.643845   -0.419254  0.00639648
-0.729531  0.618529   -0.431009  0.0155214 
-0.665401  0.693038   -0.35334   0.00824817
-0.679533  0.64627    -0.392334  0.0100547 
-0.682267  0.596767   -0.39287   0.00784085
-0.729727  0.651445   -0.415083  0.00832321
-0.648578  0.648191   -0.378692  0.0102533 
-0.668386  0.658015   -0.379112  0.00915905
-0.668386  0.658015   -0.379112  0.00945104
-0.637862  0.594023   -0.355415  0.0120878 
-0.637862  0.594023   -0.355415  0.0170559 
-0.605521  0.499792   -0.241875  0.0117771 
-0.588021  0.549456   -0.245816  0.0144883 
-0.521523  0.551757   -0.164572  0.014259  
-0.513305  0.636861   -0.222162  0.0167841 
-0.497259  0.582396   -0.184426  0.0155668 
-0.512083  0.571204   -0.177202  0.0165828 
-0.58959   0.502473   -0.215708  0.031698  
-0.58959   0.502473   -0.215708  0.0128074 
-0.563967  0.548846   -0.221652  0.01595   
-0.563967  0.548846   -0.221652  0.0144028 
-0.505671  0.625852   -0.20187   0.0170777 
-0.420923  0.70295    -0.20429   0.0166027 
-0.420923  0.70295    -0.20429   0.0150226 
-0.519897  0.603853   -0.243637  0.0165805 
-0.486472  0.558216   -0.118027  0.0167688 
-0.471294  0.55433    -0.091572  0.0171234 
-0.445617  0.570182   -0.0576665 0.0207263 
-0.420019  0.504215   0.0460212  0.0225563 
-0.359902  0.481191   0.293641   0.0192488 
-0.450327  0.492682   0.0310647  0.0255647 
-0.450327  0.492682   0.0310647  0.0184268 
-0.433586  0.586697   -0.0834744 0.0137802 
-0.517919  0.618682   -0.198459  0.0157745 
-0.498964  0.617506   -0.206845  0.0203415 
-0.498964  0.617506   -0.206845  0.0165808 
-0.498964  0.617506   -0.206845  0.0114059 
-0.577101  0.621444   -0.286728  0.017723  
-0.577101  0.621444   -0.286728  0.00973586
-0.644504  0.585526   -0.363627  0.0130589 
-0.644504  0.585526   -0.363627  0.0117508 
-0.698558  0.543004   -0.387007  0.00703945
-0.729296  0.59129    -0.422434  0.0118682 
-0.704542  0.54492    -0.378826  0.00861583
-0.654642  0.619471   -0.373249  0.0118639 
-0.654642  0.619471   -0.373249  0.013396  
-0.654642  0.619471   -0.373249  0.00983677
-0.629245  0.574521   -0.32659   0.0134284 
-0.708101  0.530783   -0.373624  0.00986035
-0.626544  0.629453   -0.345742  0.00847897
-0.653577  0.611268   -0.392021  0.0117795 
-0.56936   0.662813   -0.27805   0.0125944 
-0.568641  0.568813   -0.274428  0.0192407 
-0.568641  0.568813   -0.274428  0.0139704 
-0.566074  0.572541   -0.279926  0.00793045
-0.66267   0.620079   -0.368939  0.0107569 
-0.678864  0.662984   -0.392209  0.00972171
-0.617405  0.622455   -0.35436   0.0122305 
-0.617405  0.622455   -0.35436   0.0119987 
-0.617405  0.622455   -0.35436   0.0151318 
-0.617405  0.622455   -0.35436   0.00996353
-0.651533  0.656789   -0.369699  0.012027  
-0.583283  0.689753   -0.306345  0.0148302 
-0.494991  0.629505   -0.172899  0.0171686 
-0.494991  0.629505   -0.172899  0.0209228 
-0.494991  0.629505   -0.172899  0.0128659 
-0.550694  0.619553   -0.279565  0.0108242 
-0.617487  0.716803   -0.328253  0.0132566 
-0.617487  0.716803   -0.328253  0.0129149 
-0.57684   0.750803   -0.325376  0.0161662 
-0.57684   0.750803   -0.325376  0.0186688 
-0.582782  0.808521   -0.297154  0.0138196 
-0.613756  0.718102   -0.348617  0.0109593 
-0.627553  0.714456   -0.334746  0.0217235 
-0.714175  0.780873   -0.328591  0.0378487 
-0.714175  0.780873   -0.328591  0.0194374 
-0.755946  0.775844   -0.371437  0.0202442 
-0.704276  0.826559   -0.276887  0.0451735 
-0.704276  0.826559   -0.276887  0.01711   
-0.642399  0.774461   -0.324344  0.0112181 
-0.643376  0.718816   -0.362212  0.011759  
-0.643376  0.718816   -0.362212  0.00838648
-0.6587    0.623972   -0.381264  0.0112638 
-0.586243  0.641838   -0.316977  0.0155484 
-0.586243  0.641838   -0.316977  0.00935635
-0.635803  0.59061    -0.354748  0.0086606 
-0.639323  0.618547   -0.350427  0.01078   
-0.646601  0.560513   -0.326228  0.0100718 
-0.615613  0.583825   -0.304965  0.0130683 
-0.710401  0.534481   -0.366553  0.0237864 
-0.658007  0.469184   -0.21234   0.0282811 
-0.658007  0.469184   -0.21234   0.0280296 
-0.656987  0.456773   -0.199839  0.013229  
-0.591252  0.531233   -0.247066  0.0166954 
-0.591252  0.531233   -0.247066  0.0201582 
-0.591252  0.531233   -0.247066  0.0227475 
-0.619704  0.470107   -0.19537   0.0177073 
-0.625696  0.496146   -0.251641  0.0174248 
-0.625696  0.496146   -0.251641  0.0135865 
-0.542073  0.594818   -0.221142  0.0184794 
-0.637951  0.497365   -0.261304  0.0104276 
-0.670573  0.5581     -0.346196  0.0112015 
-0.58972   0.612168   -0.319678  0.0147792 
-0.58972   0.612168   -0.319678  0.00829849
-0.688647  0.592273   -0.407603  0.00780754
-0.779433  0.582068   -0.437253  0.0087493 
-0.854913  0.603986   -0.428395  0.00987103
-0.847708  0.647408   -0.4378    0.00770303
-0.830027  0.632469   -0.442081  0.0121223 
-0.774131  0.54218    -0.376685  0.00553742
-0.76275   0.640117   -0.447129  0.0115829 
-0.826289  0.552841   -0.423936  0.0142274 
-0.826289  0.552841   -0.423936  0.0105212 
-0.825679  0.555123   -0.407786  0.00659145
-0.84456   0.603696   -0.43746   0.0110252 
-0.912492  0.556307   -0.350856  0.0104522 
-0.908593  0.583962   -0.3788    0.0193632 
-0.908593  0.583962   -0.3788    0.0209249 
-0.908593  0.583962   -0.3788    0.0107073 
-0.837754  0.664652   -0.419443  0.012467  
-0.78843   0.731987   -0.398969  0.00606916
-0.735633  0.636105   -0.443629  0.0067335 
-0.821324  0.595172   -0.458262  0.0143745 
-0.894478  0.529459   -0.332846  0.0220927 
-0.894478  0.529459   -0.332846  0.016293  
-0.952751  0.588055   -0.325782  0.0181398 
-0.952751  0.588055   -0.325782  0.0168939 
-0.860599  0.68152    -0.383689  0.0127946 
-0.830658  0.688639   -0.422653  0.0254644 
-0.912907  0.774093   -0.247176  0.0340444 
-0.873603  0.788799   -0.219532  0.0220071 
-0.809239  0.730329   -0.351775  0.00866903
-0.780137  0.654737   -0.444225  0.00654693
-0.770904  0.602489   -0.434425  0.0071594 
-0.815483  0.594975   -0.449626  0.00656554
-0.717183  0.638511   -0.419675  0.00948131
-0.717183  0.638511   -0.419675  0.0093189 
-0.803019  0.569086   -0.42716   0.0153476 
-0.822233  0.614936   -0.409668  0.00626231
-0.763007  0.648358   -0.447803  0.00962989
-0.763007  0.648358   -0.447803  0.00650706
-0.709338  0.625742   -0.419903  0.0100698 
-0.663082  0.682929   -0.379121  0.00833102
-0.648395  0.651309   -0.357694  0.0112355 
-0.74477   0.699768   -0.407421  0.0121775 
-0.843373  0.627128   -0.422975  0.0131585 
-0.941847  0.581187   -0.343319  0.0216915 
-0.989735  0.632771   -0.278643  0.0241424 
-0.950435  0.714065   -0.295292  0.0341504 
-1.02553   0.722478   -0.0874497 0.0321634 
-1.01488   0.700071   -0.151694  0.00999243
-0.932632  0.602149   -0.375819  0.00791581
-0.835076  0.58       -0.418734  0.0136792 
-0.835076  0.58       -0.418734  0.00977758
-0.835076  0.58       -0.418734  0.00777264
-0.797366  0.647712   -0.443294  0.00693834
-0.779475  0.604586   -0.441155  0.0120276 
-0.877243  0.652149   -0.414663  0.0216058 
-0.877243  0.652149   -0.414663  0.00875625
-0.841097  0.633727   -0.442602  0.012715  
-0.782808  0.692395   -0.4075    0.0149736 
-0.782808  0.692395   -0.4075    0.0127925 
-0.750512  0.702927   -0.41019   0.00755878
-0.785633  0.649194   -0.44058   0.00856424
-0.849559  0.580384   -0.427964  0.0109065 
-0.883087  0.575244   -0.393624  0.0106751 
-0.916739  0.60287    -0.380188  0.0131446 
-0.961202  0.531755   -0.268849  0.0295599 
-0.961202  0.531755   -0.268849  0.0109053 
-0.907927  0.561314   -0.356938  0.0166718 
-0.992953  0.659594   -0.314224  0.0237354 
-0.961209  0.702192   -0.265717  0.0464107 
-0.93997   0.740707   -0.165291  0.0194634 
-0.967352  0.663473   -0.298254  0.0220422 
-0.996873  0.649743   -0.265878  0.0111824 
-0.906825  0.550113   -0.340012  0.0195458 
-0.906825  0.550113   -0.340012  0.0102942 
-0.944016  0.571713   -0.340395  0.0160275 
-0.944016  0.571713   -0.340395  0.0160525 
-0.988932  0.592196   -0.300257  0.0141797 
-0.931254  0.529329   -0.297616  0.0157369 
-0.931254  0.529329   -0.297616  0.0197277 
-0.931254  0.529329   -0.297616  0.0089544 
-0.874597  0.581163   -0.407113  0.0159458 
-0.951953  0.617594   -0.324643  0.0124809 
-0.880185  0.657046   -0.390923  0.0128765 
-0.917477  0.618611   -0.367105  0.0171682 
-0.904958  0.642831   -0.37755   0.00763206
-0.857785  0.605605   -0.439211  0.00974381
-0.817707  0.618101   -0.43372   0.00926046
-0.817707  0.618101   -0.43372   0.00794591
-0.766769  0.630953   -0.42717   0.0132592 
-0.743553  0.717956   -0.396448  0.0126585 
-0.689871  0.731249   -0.380861  0.0119932 
-0.763452  0.731572   -0.402056  0.0144964 
-0.725825  0.710678   -0.399466  0.019327  
-0.825696  0.713812   -0.381725  0.0176021 
-0.772292  0.745034   -0.3537    0.0184415 
-0.708387  0.714466   -0.366719  0.018805  
-0.778811  0.710833   -0.366083  0.00840799
-0.868246  0.641975   -0.436766  0.0146536 
-0.823088  0.699863   -0.399905  0.0137402 
-0.83176   0.717323   -0.395889  0.018453  
-0.739487  0.737579   -0.364871  0.00851805
-0.672673  0.653683   -0.389759  0.00782009
-0.671371  0.617258   -0.384871  0.00770702
-0.682671  0.646441   -0.388348  0.0128194 
-0.686213  0.735874   -0.368438  0.0106302 
-0.601057  0.661805   -0.315951  0.0124809 
-0.601057  0.661805   -0.315951  0.00909677
-0.636317  0.582824   -0.325108  0.0112182 
-0.689238  0.546292   -0.37436   0.0141939 
-0.676046  0.526608   -0.337781  0.0141058 
-0.641891  0.522965   -0.288204  0.0150875 
-0.591099  0.517907   -0.250776  0.0170094 
-0.528611  0.496301   -0.130202  0.0164549 
-0.528611  0.496301   -0.130202  0.0274266 
-0.528611  0.496301   -0.130202  0.0159055 
-0.552448  0.518937   -0.196992  0.0234337 
-0.552448  0.518937   -0.196992  0.00898419
-0.624191  0.614145   -0.336242  0.0168093 
-0.707027  0.514407   -0.334483  0.0377653 
-0.707027  0.514407   -0.334483  0.0238752 
-0.707027  0.514407   -0.334483  0.0087717 
-0.648649  0.606427   -0.376122  0.0072278 
-0.701078  0.610089   -0.412241  0.00837178
-0.701078  0.610089   -0.412241  0.0108727 
-0.645817  0.559295   -0.346931  0.0167146 
-0.626156  0.498      -0.239503  0.0326911 
-0.626156  0.498      -0.239503  0.0109925 
-0.632568  0.562899   -0.328605  0.015126  
-0.632568  0.562899   -0.328605  0.00794395
-0.707541  0.637745   -0.41633   0.0130459 
-0.617831  0.706581   -0.353545  0.010789  
-0.630859  0.714648   -0.345653  0.0151925 
-0.630859  0.714648   -0.345653  0.0134933 
-0.618924  0.758923   -0.340896  0.0156976 
-0.556793  0.8429     -0.279754  0.0190071 
-0.617491  0.845802   -0.322433  0.022919  
-0.657707  0.878141   -0.283049  0.0276004 
-0.745424  0.863289   -0.255489  0.0496753 
-0.745424  0.863289   -0.255489  0.0326229 
-0.646136  0.916237   -0.253833  0.0399408 
-0.614137  0.955147   -0.230775  0.025319  
-0.607734  0.930132   -0.259913  0.0211899 
-0.625138  0.832744   -0.321587  0.0239213 
-0.625138  0.832744   -0.321587  0.0551682 
-0.625138  0.832744   -0.321587  0.0175943 
-0.605234  0.842453   -0.310329  0.0145836 
-0.605777  0.805129   -0.326961  0.0307556 
-0.568934  0.774991   -0.269318  0.0170474 
-0.536191  0.874965   -0.297313  0.0224605 
-0.441739  0.925794   -0.247261  0.0173479 
-0.366085  0.879357   -0.232907  0.0210397 
-0.436934  0.959141   -0.257516  0.0284091 
-0.358881  1.02784    -0.209957  0.0342354 
-0.288277  1.09991    -0.202495  0.0486439 
-0.288277  1.09991    -0.202495  0.0336215 
-0.253737  1.03178    -0.169358  0.0240645 
-0.221852  1.00479    -0.218464  0.0250371 
-0.186256  1.03131    -0.252934  0.0313726 
-0.180767  1.05815    -0.226771  0.019858  
-0.263193  0.973968   -0.266484  0.0199533 
-0.21284   1.05292    -0.285226  0.0185861 
-0.184381  0.972061   -0.240848  0.0194492 
-0.0997956 1.07142    -0.247222  0.0214609 
-0.121764  1.03994    -0.275377  0.0241349 
-0.112997  1.02701    -0.249356  0.0168565 
-0.193669  0.947524   -0.233681  0.0184508 
-0.182831  0.954556   -0.257129  0.0162081 
-0.215777  0.904444   -0.255456  0.0189754 
-0.127353  0.959302   -0.245207  0.0223603 
-0.133564  0.998885   -0.250821  0.0254508 
-0.0527432 0.925523   -0.218281  0.0168904 
-0.104066  1.01096    -0.264204  0.0471156 
-0.114214  1.09329    -0.173369  0.0461777 
-0.0896337 1.15528    -0.109332  0.0262089 
-0.0946928 1.0888     -0.232626  0.0252871 
-0.0869493 1.08546    -0.259768  0.0205052 
-0.00703351 1.02248    -0.278038  0.0207544 
-0.00703351 1.02248    -0.278038  0.0209944 
-0.0156781 1.08922    -0.255155  0.0342126 
-0.0599842 1.08364    -0.13926   0.02529   
-0.132977  1.12579    -0.235321  0.0390425 
-0.0598954 1.07691    -0.204136  0.0573544 
-0.0598954 1.07691    -0.204136  0.018038  
-0.0684623 1.06717    -0.249873  0.0170235 
-0.119497  0.991395   -0.271843  0.0178985 
-0.15628   0.983996   -0.261699  0.0494623 
-0.121349  1.07319    -0.148839  0.0389695 
-0.122206  1.13173    -0.149749  0.0331375 
-0.213838  1.1375     -0.174069  0.0364426 
-0.271039  1.05636    -0.167528  0.0720518 
-0.341046  1.05154    -0.0939992 0.0314407 
-0.37515   0.962085   -0.24336   0.0353432 
-0.438494  1.03243    -0.173788  0.0300614 
-0.361379  1.04983    -0.211867  0.0401095 
-0.318154  1.10117    -0.148356  0.0469642 
-0.287717  1.15851    -0.17521   0.0879053 
-0.287717  1.15851    -0.17521   0.0589924 
-0.287717  1.15851    -0.17521   0.0335663 
-0.325203  1.08034    -0.207058  0.0363898 
-0.325203  1.08034    -0.207058  0.0467766 
-0.325203  1.08034    -0.207058  0.0285354 
-0.325203  1.08034    -0.207058  0.0258356 
-0.314213  1.01824    -0.214625  0.019971  
-0.326599  0.957932   -0.247899  0.0238342 
-0.407514  0.954443   -0.224011  0.0192397 
-0.4333    0.91261    -0.256465  0.0164635 
-0.342281  0.867647   -0.245615  0.0233988 
-0.342281  0.867647   -0.245615  0.0161259 
-0.292229  0.896473   -0.234691  0.019485  
-0.202099  0.923004   -0.234063  0.0202257 
-0.243412  0.998675   -0.247066  0.0185185 
-0.162779  1.05657    -0.262431  0.0370624 
-0.0646994 1.09401    -0.210809  0.0550559 
-0.0646994 1.09401    -0.210809  0.0189378 
-0.104776  1.0042     -0.256158  0.0169411 
-0.0936773 0.977802   -0.26337   0.0173506 
-0.176523  0.922969   -0.214011  0.016452  
-0.0999659 0.854264   -0.201349  0.0174332 
-0.0447389 0.94947    -0.241448  0.0281478 
0.0428107  1.01325    -0.26112   0.0177642 
0.0445294  0.953506   -0.262998  0.0164239 
0.0382136  0.960222   -0.250877  0.0185082 
0.118958   0.95027    -0.219837  0.0229153 
0.0362364  0.92019    -0.2172    0.0180948 
0.0362364  0.92019    -0.2172    0.0176199 
0.0362364  0.92019    -0.2172    0.0163248 
-0.0493177 0.872698   -0.192249  0.0160885 
-0.0538917 0.971281   -0.225522  0.0205242 
-0.101978  1.05366    -0.280697  0.0417695 
-0.101978  1.05366    -0.280697  0.0173047 
-0.157764  1.01899    -0.232064  0.0164644 
-0.199075  0.94335    -0.246985  0.0163719 
-0.194175  0.953365   -0.251707  0.018128  
-0.254003  0.9893     -0.270151  0.0202833 
-0.246516  1.04299    -0.290703  0.0162993 
-0.166116  0.963868   -0.243529  0.0158595 
-0.223112  0.8727     -0.23326   0.0169185 
-0.223112  0.8727     -0.23326   0.0167857 
-0.264131  0.874864   -0.230793  0.0174393 
-0.237338  0.789681   -0.113065  0.0184103 
-0.238249  0.792691   -0.157215  0.0181873 
-0.238249  0.792691   -0.157215  0.0167688 
-0.214015  0.83461    -0.198227  0.0176703 
-0.214015  0.83461    -0.198227  0.0158929 
-0.214015  0.83461    -0.198227  0.0180741 
-0.179028  0.91739    -0.250003  0.0178748 
-0.135052  0.942055   -0.238353  0.0220202 
-0.187595  0.995321   -0.228059  0.0252974 
-0.195376  1.01343    -0.259719  0.0198746 
-0.149695  1.01327    -0.269286  0.0211427 
-0.179204  0.92368    -0.182846  0.0223355 
-0.217783  1.00269    -0.237464  0.0180075 
-0.199257  0.97539    -0.244368  0.0287952 
-0.105261  1.07181    -0.213595  0.0321088 
-0.0689076 1.12052    -0.224196  0.0505515 
-0.0592255 1.12765    -0.165556  0.0339964 
-0.0285888 1.09075    -0.191897  0.0180177 
-0.0870276 1.0125     -0.277681  0.0229229 
-0.0870276 1.0125     -0.277681  0.0283456 
-0.0773072 1.03885    -0.251417  0.027183  
-0.0688323 1.10052    -0.213961  0.0225189 
-0.0610124 1.06234    -0.202274  0.0364058 
-0.0610124 1.06234    -0.202274  0.0373898 
-0.147563  1.09592    -0.171067  0.0284665 
-0.163175  1.14255    -0.230614  0.0365806 
-0.163175  1.14255    -0.230614  0.153041  
-0.163175  1.14255    -0.230614  0.0464922 
-0.163175  1.14255    -0.230614  0.0517242 
-0.163175  1.14255    -0.230614  0.035499  
-0.232905  1.07454    -0.2173    0.0184348 
-0.260547  0.99742    -0.27402   0.0176585 
-0.261699  0.937532   -0.275334  0.0182791 
-0.353365  0.966733   -0.286691  0.0168842 
-0.353365  0.966733   -0.286691  0.0217356 
-0.353365  0.966733   -0.286691  0.0179937 
-0.286351  0.90587    -0.231442  0.0207699 
-0.355101  0.935689   -0.283746  0.0527426 
