#MU        SIGMA      ENERGY     ERROR     
-0.857961  0.607235   -0.446802  0.0135292 
-0.857961  0.607235   -0.446802  0.0179234 
-0.857961  0.607235   -0.446802  0.0150754 
-0.857961  0.607235   -0.446802  0.0131232 
-0.857961  0.607235   -0.446802  0.00820829
-0.807876  0.612364   -0.432997  0.0130671 
-0.807876  0.612364   -0.432997  0.0112844 
-0.807876  0.612364   -0.432997  0.011769  
-0.784741  0.54756    -0.423526  0.0124503 
-0.792158  0.544161   -0.403566  0.00662077
-0.758885  0.628518   -0.445146  0.0075013 
-0.791167  0.592184   -0.449733  0.0108618 
-0.791167  0.592184   -0.449733  0.0088736 
-0.791167  0.592184   -0.449733  0.0104025 
-0.791167  0.592184   -0.449733  0.00766781
-0.791167  0.592184   -0.449733  0.00882092
-0.791167  0.592184   -0.449733  0.0068144 
-0.791167  0.592184   -0.449733  0.00893113
-0.778885  0.658704   -0.434736  0.00706089
-0.778885  0.658704   -0.434736  0.00713067
-0.768456  0.656541   -0.437651  0.0134319 
-0.768456  0.656541   -0.437651  0.00795487
-0.768456  0.656541   -0.437651  0.0263206 
-0.768456  0.656541   -0.437651  0.0143268 
-0.768456  0.656541   -0.437651  0.0137595 
-0.768456  0.656541   -0.437651  0.0130131 
-0.768456  0.656541   -0.437651  0.00731981
-0.809666  0.6731     -0.444265  0.00685792
-0.809666  0.6731     -0.444265  0.01325   
-0.809666  0.6731     -0.444265  0.00759268
-0.809666  0.6731     -0.444265  0.0160484 
-0.809666  0.6731     -0.444265  0.0100241 
-0.809666  0.6731     -0.444265  0.0174849 
-0.809666  0.6731     -0.444265  0.0179474 
-0.809666  0.6731     -0.444265  0.00840107
-0.809666  0.6731     -0.444265  0.00603139
-0.809666  0.6731     -0.444265  0.00851485
-0.809666  0.6731     -0.444265  0.0106339 
-0.809666  0.6731     -0.444265  0.0239598 
-0.809666  0.6731     -0.444265  0.0179738 
-0.809666  0.6731     -0.444265  0.0297535 
-0.809666  0.6731     -0.444265  0.00961929
-0.809666  0.6731     -0.444265  0.01138   
-0.809666  0.6731     -0.444265  0.00900649
-0.809666  0.6731     -0.444265  0.00911151
-0.809666  0.6731     -0.444265  0.008857  
-0.809666  0.6731     -0.444265  0.0104015 
-0.809666  0.6731     -0.444265  0.0238478 
-0.809666  0.6731     -0.444265  0.0112219 
-0.809666  0.6731     -0.444265  0.00663603
-0.773617  0.597296   -0.445673  0.0113454 
-0.773617  0.597296   -0.445673  0.0136435 
-0.773617  0.597296   -0.445673  0.00678261
-0.831674  0.608286   -0.451421  0.0109652 
-0.831674  0.608286   -0.451421  0.00984918
-0.831674  0.608286   -0.451421  0.0129032 
-0.831674  0.608286   -0.451421  0.016048  
-0.831674  0.608286   -0.451421  0.00962035
-0.77057   0.563677   -0.428627  0.00946399
-0.852023  0.570723   -0.423682  0.0150014 
-0.852023  0.570723   -0.423682  0.00827605
-0.817457  0.628137   -0.429987  0.0192648 
-0.817457  0.628137   -0.429987  0.0126877 
-0.817457  0.628137   -0.429987  0.00957945
-0.811345  0.674977   -0.437462  0.0120419 
-0.811345  0.674977   -0.437462  0.0104402 
-0.811345  0.674977   -0.437462  0.00817549
-0.811345  0.674977   -0.437462  0.00997461
-0.811345  0.674977   -0.437462  0.0101314 
-0.884628  0.624154   -0.422652  0.0138949 
-0.884628  0.624154   -0.422652  0.013305  
-0.884628  0.624154   -0.422652  0.0405328 
-0.884628  0.624154   -0.422652  0.00745929
-0.819296  0.631952   -0.438142  0.0162857 
-0.819296  0.631952   -0.438142  0.00867497
-0.819296  0.631952   -0.438142  0.0127116 
-0.819296  0.631952   -0.438142  0.00832748
-0.819296  0.631952   -0.438142  0.0134565 
-0.819296  0.631952   -0.438142  0.00752154
-0.844152  0.603971   -0.449875  0.00818304
-0.802937  0.629494   -0.448816  0.0119789 
-0.802937  0.629494   -0.448816  0.0107459 
-0.802937  0.629494   -0.448816  0.00869612
-0.876045  0.596205   -0.426007  0.0188191 
-0.876045  0.596205   -0.426007  0.0196513 
-0.876045  0.596205   -0.426007  0.0112362 
-0.876045  0.596205   -0.426007  0.00889591
-0.876045  0.596205   -0.426007  0.0108122 
-0.876045  0.596205   -0.426007  0.0233939 
-0.876045  0.596205   -0.426007  0.0143302 
-0.874808  0.652945   -0.403012  0.00901683
-0.874808  0.652945   -0.403012  0.00662622
-0.83429   0.60808    -0.446044  0.0138799 
-0.83429   0.60808    -0.446044  0.0246493 
-0.83429   0.60808    -0.446044  0.0118286 
-0.83429   0.60808    -0.446044  0.0166932 
-0.83429   0.60808    -0.446044  0.0119933 
-0.83429   0.60808    -0.446044  0.0128272 
-0.83429   0.60808    -0.446044  0.010642  
-0.83429   0.60808    -0.446044  0.0173311 
-0.83429   0.60808    -0.446044  0.0125017 
-0.83429   0.60808    -0.446044  0.0152837 
-0.83429   0.60808    -0.446044  0.0198184 
-0.83429   0.60808    -0.446044  0.0126753 
-0.87801   0.640574   -0.416786  0.0115984 
-0.87801   0.640574   -0.416786  0.00828992
-0.857123  0.633193   -0.433932  0.00667811
-0.816461  0.611648   -0.438448  0.00720567
-0.794852  0.637402   -0.441825  0.0111757 
-0.794852  0.637402   -0.441825  0.00972648
-0.794852  0.637402   -0.441825  0.00767875
-0.794852  0.637402   -0.441825  0.010272  
-0.794852  0.637402   -0.441825  0.00798896
-0.770221  0.62165    -0.440316  0.0132645 
-0.770221  0.62165    -0.440316  0.0108964 
-0.770221  0.62165    -0.440316  0.0073251 
-0.770221  0.62165    -0.440316  0.0100762 
-0.770221  0.62165    -0.440316  0.0119801 
-0.770221  0.62165    -0.440316  0.0093384 
-0.770221  0.62165    -0.440316  0.0109732 
-0.770221  0.62165    -0.440316  0.00893941
-0.783648  0.57172    -0.435167  0.0168422 
-0.783648  0.57172    -0.435167  0.0118613 
-0.783648  0.57172    -0.435167  0.0195006 
-0.783648  0.57172    -0.435167  0.00641159
-0.745145  0.611899   -0.434215  0.00629994
-0.741647  0.632226   -0.426892  0.00915009
-0.741647  0.632226   -0.426892  0.00637601
-0.815432  0.62523    -0.450554  0.0131118 
-0.815432  0.62523    -0.450554  0.0173917 
-0.815432  0.62523    -0.450554  0.00829225
-0.815432  0.62523    -0.450554  0.0103071 
-0.815432  0.62523    -0.450554  0.00683466
-0.844834  0.609794   -0.439028  0.00641871
-0.769075  0.59672    -0.44666   0.00734184
-0.808558  0.594881   -0.448107  0.0129618 
-0.853104  0.658344   -0.421346  0.01303   
-0.853104  0.658344   -0.421346  0.00774827
-0.753184  0.655113   -0.426476  0.0180208 
-0.753184  0.655113   -0.426476  0.00703056
-0.754451  0.592836   -0.443184  0.00702331
-0.835461  0.610297   -0.444767  0.00897136
-0.835461  0.610297   -0.444767  0.00766141
-0.835519  0.624324   -0.446126  0.0137955 
-0.835519  0.624324   -0.446126  0.00618151
-0.761579  0.628212   -0.452322  0.00794125
-0.761579  0.628212   -0.452322  0.0087022 
-0.761579  0.628212   -0.452322  0.0113306 
-0.761579  0.628212   -0.452322  0.00726187
-0.761579  0.628212   -0.452322  0.0080357 
-0.761579  0.628212   -0.452322  0.0138131 
-0.761579  0.628212   -0.452322  0.00809886
-0.761579  0.628212   -0.452322  0.0101665 
-0.761579  0.628212   -0.452322  0.010946  
-0.761579  0.628212   -0.452322  0.0112753 
-0.761579  0.628212   -0.452322  0.00732745
-0.861441  0.619797   -0.433734  0.00613925
-0.861441  0.619797   -0.433734  0.0074487 
-0.81678   0.596266   -0.43705   0.0176401 
-0.81678   0.596266   -0.43705   0.00838185
-0.74589   0.649199   -0.420352  0.00933463
-0.74589   0.649199   -0.420352  0.00785584
-0.742251  0.664542   -0.415712  0.017257  
-0.742251  0.664542   -0.415712  0.0168883 
-0.835633  0.679832   -0.415206  0.0174443 
-0.835633  0.679832   -0.415206  0.00920047
-0.822978  0.582743   -0.424801  0.0129959 
-0.822978  0.582743   -0.424801  0.017887  
-0.822978  0.582743   -0.424801  0.0186371 
-0.822978  0.582743   -0.424801  0.016353  
-0.822978  0.582743   -0.424801  0.00934949
-0.822978  0.582743   -0.424801  0.00849498
-0.773776  0.572688   -0.420774  0.0100534 
-0.773776  0.572688   -0.420774  0.0129487 
-0.824787  0.657921   -0.43396   0.00877166
-0.853086  0.602802   -0.433531  0.0131459 
-0.853086  0.602802   -0.433531  0.00554568
-0.781541  0.643756   -0.453037  0.0112079 
-0.781541  0.643756   -0.453037  0.0131842 
-0.781541  0.643756   -0.453037  0.00852352
-0.781541  0.643756   -0.453037  0.00702622
-0.781541  0.643756   -0.453037  0.00758174
-0.781541  0.643756   -0.453037  0.0260401 
-0.781541  0.643756   -0.453037  0.0143831 
-0.781541  0.643756   -0.453037  0.0125411 
-0.781541  0.643756   -0.453037  0.00828447
-0.781541  0.643756   -0.453037  0.010555  
-0.781541  0.643756   -0.453037  0.0130327 
-0.781541  0.643756   -0.453037  0.0115688 
-0.781541  0.643756   -0.453037  0.0111991 
-0.781541  0.643756   -0.453037  0.0119008 
-0.781541  0.643756   -0.453037  0.0109547 
-0.781541  0.643756   -0.453037  0.0283598 
-0.781541  0.643756   -0.453037  0.0116477 
-0.781541  0.643756   -0.453037  0.00919483
-0.781541  0.643756   -0.453037  0.00888878
-0.781541  0.643756   -0.453037  0.0120599 
-0.781541  0.643756   -0.453037  0.00816179
-0.781541  0.643756   -0.453037  0.00858714
-0.781541  0.643756   -0.453037  0.0302996 
-0.781541  0.643756   -0.453037  0.00900595
-0.781541  0.643756   -0.453037  0.00935628
-0.781541  0.643756   -0.453037  0.0063718 
-0.758361  0.602318   -0.443471  0.0077881 
-0.772457  0.583481   -0.447999  0.0106766 
-0.772457  0.583481   -0.447999  0.0124464 
-0.772457  0.583481   -0.447999  0.0122334 
-0.772457  0.583481   -0.447999  0.0118526 
-0.772457  0.583481   -0.447999  0.010918  
-0.772457  0.583481   -0.447999  0.00897211
-0.772457  0.583481   -0.447999  0.00687613
-0.772457  0.583481   -0.447999  0.00749962
-0.772457  0.583481   -0.447999  0.0071476 
-0.772457  0.583481   -0.447999  0.00754229
-0.772457  0.583481   -0.447999  0.0154088 
-0.772457  0.583481   -0.447999  0.0211445 
-0.772457  0.583481   -0.447999  0.0125449 
-0.772457  0.583481   -0.447999  0.0186768 
-0.772457  0.583481   -0.447999  0.00690979
-0.772457  0.583481   -0.447999  0.0113394 
-0.772457  0.583481   -0.447999  0.0150757 
-0.772457  0.583481   -0.447999  0.00898565
-0.772457  0.583481   -0.447999  0.00729766
-0.782756  0.588739   -0.442481  0.0164436 
-0.782756  0.588739   -0.442481  0.0175185 
-0.782756  0.588739   -0.442481  0.0131316 
-0.782756  0.588739   -0.442481  0.00622515
-0.782756  0.588739   -0.442481  0.0102621 
-0.782756  0.588739   -0.442481  0.0157193 
-0.782756  0.588739   -0.442481  0.0120473 
-0.849619  0.656299   -0.430973  0.00977596
-0.849619  0.656299   -0.430973  0.0117662 
-0.849619  0.656299   -0.430973  0.00951416
-0.849619  0.656299   -0.430973  0.0330058 
-0.849619  0.656299   -0.430973  0.0208913 
-0.849619  0.656299   -0.430973  0.0101316 
-0.840928  0.665328   -0.435705  0.0323908 
-0.840928  0.665328   -0.435705  0.00752621
-0.773054  0.583474   -0.446825  0.0191273 
-0.773054  0.583474   -0.446825  0.011253  
-0.773054  0.583474   -0.446825  0.0106829 
-0.773054  0.583474   -0.446825  0.0140512 
-0.773054  0.583474   -0.446825  0.00783829
-0.867123  0.59477    -0.433244  0.0128531 
-0.867123  0.59477    -0.433244  0.018418  
-0.867123  0.59477    -0.433244  0.0106358 
-0.790394  0.645059   -0.444843  0.00630278
-0.748774  0.640025   -0.449913  0.0121114 
-0.748774  0.640025   -0.449913  0.0129178 
-0.748774  0.640025   -0.449913  0.00823699
-0.748774  0.640025   -0.449913  0.00677992
-0.748774  0.640025   -0.449913  0.0150184 
-0.748774  0.640025   -0.449913  0.0108112 
-0.748774  0.640025   -0.449913  0.0183385 
-0.748774  0.640025   -0.449913  0.0189667 
-0.748774  0.640025   -0.449913  0.00835084
-0.748774  0.640025   -0.449913  0.00718291
-0.748774  0.640025   -0.449913  0.0110888 
-0.748774  0.640025   -0.449913  0.00898333
-0.748774  0.640025   -0.449913  0.00806499
-0.748774  0.640025   -0.449913  0.00733986
-0.748774  0.640025   -0.449913  0.00633691
-0.771988  0.610644   -0.451724  0.0104817 
-0.771988  0.610644   -0.451724  0.0158821 
-0.771988  0.610644   -0.451724  0.0116051 
-0.771988  0.610644   -0.451724  0.00951684
-0.771988  0.610644   -0.451724  0.00770267
-0.771988  0.610644   -0.451724  0.0140576 
-0.771988  0.610644   -0.451724  0.0131015 
-0.771988  0.610644   -0.451724  0.0149078 
-0.771988  0.610644   -0.451724  0.0107961 
-0.771988  0.610644   -0.451724  0.00702986
-0.771988  0.610644   -0.451724  0.00837976
-0.771988  0.610644   -0.451724  0.0148319 
-0.771988  0.610644   -0.451724  0.0113203 
-0.771988  0.610644   -0.451724  0.00648164
-0.771988  0.610644   -0.451724  0.00759165
-0.771988  0.610644   -0.451724  0.00777804
-0.771988  0.610644   -0.451724  0.0124819 
-0.813673  0.650021   -0.436381  0.00820454
-0.802563  0.634952   -0.435587  0.00810248
-0.802563  0.634952   -0.435587  0.00993445
-0.802563  0.634952   -0.435587  0.00762471
-0.85371   0.632381   -0.434356  0.0154121 
-0.85371   0.632381   -0.434356  0.0127683 
-0.85371   0.632381   -0.434356  0.0102998 
-0.845953  0.652178   -0.430642  0.00693234
-0.845953  0.652178   -0.430642  0.0263983 
-0.845953  0.652178   -0.430642  0.00852601
-0.840751  0.597176   -0.443126  0.0157234 
-0.840751  0.597176   -0.443126  0.00929737
-0.840751  0.597176   -0.443126  0.00707984
-0.779512  0.663643   -0.449331  0.00979119
-0.779512  0.663643   -0.449331  0.00714312
-0.779512  0.663643   -0.449331  0.0213512 
-0.779512  0.663643   -0.449331  0.00991971
-0.779512  0.663643   -0.449331  0.0264866 
-0.779512  0.663643   -0.449331  0.00864475
-0.779512  0.663643   -0.449331  0.0194983 
-0.779512  0.663643   -0.449331  0.0104707 
-0.779512  0.663643   -0.449331  0.00948193
-0.779512  0.663643   -0.449331  0.00745152
-0.779512  0.663643   -0.449331  0.00767199
-0.779512  0.663643   -0.449331  0.00870086
-0.842909  0.627477   -0.446017  0.0100881 
-0.871019  0.637995   -0.435561  0.012348  
-0.871019  0.637995   -0.435561  0.0106467 
-0.871019  0.637995   -0.435561  0.0123719 
-0.871019  0.637995   -0.435561  0.0127806 
-0.871019  0.637995   -0.435561  0.0132524 
-0.871019  0.637995   -0.435561  0.00654589
-0.771871  0.648805   -0.443629  0.0108599 
-0.771871  0.648805   -0.443629  0.00711878
-0.771871  0.648805   -0.443629  0.0110975 
-0.771871  0.648805   -0.443629  0.0172076 
-0.771871  0.648805   -0.443629  0.00858836
-0.771871  0.648805   -0.443629  0.00781688
-0.771871  0.648805   -0.443629  0.021002  
-0.771871  0.648805   -0.443629  0.0137539 
-0.771871  0.648805   -0.443629  0.0100801 
-0.771871  0.648805   -0.443629  0.0109624 
-0.771871  0.648805   -0.443629  0.00601704
-0.747951  0.607268   -0.44375   0.00894766
-0.747951  0.607268   -0.44375   0.00753447
-0.747951  0.607268   -0.44375   0.0146932 
-0.747951  0.607268   -0.44375   0.00834555
-0.83236   0.578975   -0.437116  0.0108099 
-0.83236   0.578975   -0.437116  0.0168641 
-0.83236   0.578975   -0.437116  0.00981161
-0.83236   0.578975   -0.437116  0.00871019
-0.853806  0.624738   -0.440366  0.011478  
-0.853806  0.624738   -0.440366  0.0122452 
-0.853806  0.624738   -0.440366  0.0186233 
-0.853806  0.624738   -0.440366  0.0108477 
-0.853806  0.624738   -0.440366  0.0158339 
-0.853806  0.624738   -0.440366  0.0171962 
-0.779359  0.701359   -0.38513   0.00678433
-0.756867  0.612031   -0.438195  0.0113463 
-0.756867  0.612031   -0.438195  0.0096122 
-0.756867  0.612031   -0.438195  0.0094286 
-0.756867  0.612031   -0.438195  0.0104583 
-0.756867  0.612031   -0.438195  0.0083139 
-0.756867  0.612031   -0.438195  0.0133415 
-0.756867  0.612031   -0.438195  0.0109173 
-0.756867  0.612031   -0.438195  0.00813501
-0.778944  0.676244   -0.434088  0.0114443 
-0.778944  0.676244   -0.434088  0.00886452
-0.78862   0.623048   -0.432846  0.0107782 
-0.78862   0.623048   -0.432846  0.0257718 
-0.78862   0.623048   -0.432846  0.00902523
-0.78862   0.623048   -0.432846  0.026261  
-0.78862   0.623048   -0.432846  0.00871282
-0.784061  0.572544   -0.445192  0.0089589 
-0.784061  0.572544   -0.445192  0.00825491
-0.784061  0.572544   -0.445192  0.00826684
-0.784061  0.572544   -0.445192  0.0115145 
-0.784061  0.572544   -0.445192  0.00569326
-0.784061  0.572544   -0.445192  0.00733373
-0.790478  0.650684   -0.438014  0.0220566 
-0.790478  0.650684   -0.438014  0.0154334 
-0.790478  0.650684   -0.438014  0.00924958
-0.839307  0.667449   -0.434639  0.0140151 
-0.839307  0.667449   -0.434639  0.00985926
-0.839307  0.667449   -0.434639  0.0082363 
-0.744252  0.674213   -0.424656  0.00790007
-0.832973  0.628581   -0.438843  0.010525  
-0.832973  0.628581   -0.438843  0.00656206
-0.809561  0.606406   -0.433462  0.0128389 
-0.809561  0.606406   -0.433462  0.00989888
-0.809561  0.606406   -0.433462  0.0174271 
-0.809561  0.606406   -0.433462  0.0157034 
-0.809561  0.606406   -0.433462  0.0103524 
-0.809561  0.606406   -0.433462  0.0060559 
-0.809561  0.606406   -0.433462  0.0136323 
-0.809561  0.606406   -0.433462  0.0258822 
-0.809561  0.606406   -0.433462  0.0133769 
-0.809561  0.606406   -0.433462  0.00980288
-0.818902  0.594983   -0.423479  0.0128655 
-0.818902  0.594983   -0.423479  0.0142475 
-0.818902  0.594983   -0.423479  0.0161633 
-0.818902  0.594983   -0.423479  0.0142251 
-0.818902  0.594983   -0.423479  0.0130956 
-0.854549  0.608397   -0.402029  0.0132381 
-0.854549  0.608397   -0.402029  0.00898837
-0.879299  0.627193   -0.423172  0.0130783 
-0.879299  0.627193   -0.423172  0.0228403 
-0.879299  0.627193   -0.423172  0.013122  
-0.879299  0.627193   -0.423172  0.0182751 
-0.879299  0.627193   -0.423172  0.00756895
-0.847599  0.590754   -0.415658  0.013221  
-0.847599  0.590754   -0.415658  0.0145971 
-0.847599  0.590754   -0.415658  0.0181672 
-0.847599  0.590754   -0.415658  0.0141174 
-0.847599  0.590754   -0.415658  0.00964063
-0.780229  0.651758   -0.431528  0.00847232
-0.780229  0.651758   -0.431528  0.00853864
-0.780229  0.651758   -0.431528  0.0183488 
-0.780229  0.651758   -0.431528  0.00777849
-0.716358  0.584073   -0.399604  0.00822295
-0.716358  0.584073   -0.399604  0.0165426 
-0.716358  0.584073   -0.399604  0.00703197
-0.703361  0.61685    -0.403386  0.0100084 
-0.703361  0.61685    -0.403386  0.0111865 
-0.703361  0.61685    -0.403386  0.0120265 
-0.703361  0.61685    -0.403386  0.0104557 
-0.703361  0.61685    -0.403386  0.00942797
-0.733197  0.566901   -0.408825  0.0114821 
-0.733197  0.566901   -0.408825  0.0180387 
-0.733197  0.566901   -0.408825  0.00866732
-0.776108  0.616446   -0.430672  0.00806469
-0.776108  0.616446   -0.430672  0.00944623
-0.776108  0.616446   -0.430672  0.0174151 
-0.776108  0.616446   -0.430672  0.0114262 
-0.79949   0.548363   -0.395845  0.0120115 
-0.742207  0.542171   -0.406327  0.0196233 
-0.742207  0.542171   -0.406327  0.0266316 
-0.742207  0.542171   -0.406327  0.0272346 
-0.742207  0.542171   -0.406327  0.0282689 
-0.742207  0.542171   -0.406327  0.00756312
-0.751303  0.584524   -0.434166  0.0172135 
-0.751303  0.584524   -0.434166  0.00826333
-0.717742  0.62998    -0.428353  0.0102254 
-0.717742  0.62998    -0.428353  0.0148786 
-0.810657  0.689051   -0.400866  0.0191093 
-0.810657  0.689051   -0.400866  0.009731  
-0.754736  0.690855   -0.429783  0.0296877 
-0.754736  0.690855   -0.429783  0.010957  
-0.754736  0.690855   -0.429783  0.0168566 
-0.754736  0.690855   -0.429783  0.00646449
-0.781363  0.597462   -0.452678  0.015241  
-0.781363  0.597462   -0.452678  0.00713867
-0.781363  0.597462   -0.452678  0.00940831
-0.781363  0.597462   -0.452678  0.0145629 
-0.781363  0.597462   -0.452678  0.0100625 
-0.781363  0.597462   -0.452678  0.010754  
-0.781363  0.597462   -0.452678  0.00901464
-0.781363  0.597462   -0.452678  0.0137196 
-0.781363  0.597462   -0.452678  0.00670015
-0.781363  0.597462   -0.452678  0.00764843
-0.781363  0.597462   -0.452678  0.0169877 
-0.781363  0.597462   -0.452678  0.00704174
-0.781363  0.597462   -0.452678  0.0119142 
-0.781363  0.597462   -0.452678  0.00863193
-0.781363  0.597462   -0.452678  0.0236129 
-0.781363  0.597462   -0.452678  0.01806   
-0.781363  0.597462   -0.452678  0.00855388
-0.781363  0.597462   -0.452678  0.0132998 
-0.781363  0.597462   -0.452678  0.00936111
-0.781363  0.597462   -0.452678  0.014457  
-0.781363  0.597462   -0.452678  0.00623344
-0.781363  0.597462   -0.452678  0.0160584 
-0.781363  0.597462   -0.452678  0.0140566 
-0.781363  0.597462   -0.452678  0.0162323 
-0.781363  0.597462   -0.452678  0.00675323
-0.808118  0.618872   -0.447853  0.0115508 
-0.808118  0.618872   -0.447853  0.0227932 
-0.808118  0.618872   -0.447853  0.00913406
-0.808118  0.618872   -0.447853  0.00620183
-0.762476  0.637516   -0.44237   0.0100101 
-0.762476  0.637516   -0.44237   0.00764961
-0.765745  0.643209   -0.443809  0.0116645 
-0.765745  0.643209   -0.443809  0.00682204
-0.765745  0.643209   -0.443809  0.00822952
-0.765745  0.643209   -0.443809  0.00656356
-0.765745  0.643209   -0.443809  0.0239832 
-0.765745  0.643209   -0.443809  0.0133265 
-0.765745  0.643209   -0.443809  0.00739017
-0.804501  0.584907   -0.440182  0.0148235 
-0.804501  0.584907   -0.440182  0.00950322
-0.833501  0.569666   -0.438594  0.00890755
-0.833501  0.569666   -0.438594  0.0226724 
-0.833501  0.569666   -0.438594  0.00789417
-0.812428  0.632759   -0.448709  0.00732314
-0.812428  0.632759   -0.448709  0.0114505 
-0.812428  0.632759   -0.448709  0.0159342 
-0.812428  0.632759   -0.448709  0.00739758
-0.812428  0.632759   -0.448709  0.0124558 
-0.812428  0.632759   -0.448709  0.0135479 
-0.812428  0.632759   -0.448709  0.0119701 
-0.812428  0.632759   -0.448709  0.00879348
-0.812428  0.632759   -0.448709  0.0131694 
-0.812428  0.632759   -0.448709  0.0129195 
-0.812428  0.632759   -0.448709  0.00741012
-0.812428  0.632759   -0.448709  0.0176046 
-0.812428  0.632759   -0.448709  0.0130102 
-0.812428  0.632759   -0.448709  0.0105105 
-0.812428  0.632759   -0.448709  0.00893248
-0.812428  0.632759   -0.448709  0.0128567 
-0.812428  0.632759   -0.448709  0.00867563
-0.812428  0.632759   -0.448709  0.0115674 
-0.812428  0.632759   -0.448709  0.00971019
-0.84474   0.650389   -0.431077  0.011244  
-0.84474   0.650389   -0.431077  0.0104757 
-0.855661  0.63864    -0.438449  0.0161848 
-0.855661  0.63864    -0.438449  0.0116539 
-0.855661  0.63864    -0.438449  0.0205518 
-0.855661  0.63864    -0.438449  0.0186892 
-0.855661  0.63864    -0.438449  0.0198215 
-0.855661  0.63864    -0.438449  0.0122828 
-0.855661  0.63864    -0.438449  0.0104214 
-0.855661  0.63864    -0.438449  0.0055946 
-0.801223  0.616001   -0.452999  0.0127156 
-0.801223  0.616001   -0.452999  0.0122646 
-0.801223  0.616001   -0.452999  0.00852482
-0.801223  0.616001   -0.452999  0.00839697
-0.801223  0.616001   -0.452999  0.0113857 
-0.801223  0.616001   -0.452999  0.0182336 
-0.801223  0.616001   -0.452999  0.0113596 
-0.793436  0.659206   -0.438783  0.00811186
-0.851243  0.635924   -0.432136  0.0188059 
-0.851243  0.635924   -0.432136  0.0198083 
-0.851243  0.635924   -0.432136  0.0132827 
-0.851243  0.635924   -0.432136  0.0107537 
-0.847129  0.649824   -0.420557  0.0178027 
-0.847129  0.649824   -0.420557  0.0148119 
-0.847129  0.649824   -0.420557  0.023404  
-0.847129  0.649824   -0.420557  0.00813807
-0.848144  0.644727   -0.436028  0.00958491
-0.848144  0.644727   -0.436028  0.0123172 
-0.848144  0.644727   -0.436028  0.00854574
-0.881782  0.584755   -0.410524  0.00843307
-0.841937  0.610057   -0.432909  0.00736692
-0.805053  0.590749   -0.437258  0.00766353
-0.83747   0.619199   -0.43767   0.0127465 
-0.83747   0.619199   -0.43767   0.0105952 
-0.83747   0.619199   -0.43767   0.00898896
-0.83747   0.619199   -0.43767   0.0121007 
-0.83747   0.619199   -0.43767   0.0272535 
-0.83747   0.619199   -0.43767   0.00898323
-0.785288  0.67768    -0.43598   0.00747988
-0.712687  0.655037   -0.422143  0.00949918
-0.704261  0.571627   -0.414636  0.0110106 
-0.704261  0.571627   -0.414636  0.0233832 
-0.704261  0.571627   -0.414636  0.0102162 
-0.704261  0.571627   -0.414636  0.0201295 
-0.704261  0.571627   -0.414636  0.00836145
-0.704261  0.571627   -0.414636  0.0194246 
-0.704261  0.571627   -0.414636  0.00814275
-0.717623  0.668806   -0.41405   0.0136672 
-0.717623  0.668806   -0.41405   0.00960333
-0.717623  0.668806   -0.41405   0.0106791 
-0.717623  0.668806   -0.41405   0.00777883
-0.76399   0.596941   -0.43011   0.00900458
-0.76399   0.596941   -0.43011   0.00964903
-0.76399   0.596941   -0.43011   0.00945001
-0.76399   0.596941   -0.43011   0.0118397 
-0.76399   0.596941   -0.43011   0.00858943
-0.76399   0.596941   -0.43011   0.00679059
-0.838163  0.61756    -0.449809  0.00686115
-0.838163  0.61756    -0.449809  0.00999727
-0.838163  0.61756    -0.449809  0.0182582 
-0.838163  0.61756    -0.449809  0.0198789 
-0.838163  0.61756    -0.449809  0.0205222 
-0.838163  0.61756    -0.449809  0.0132297 
-0.838163  0.61756    -0.449809  0.010936  
-0.838163  0.61756    -0.449809  0.0144688 
-0.838163  0.61756    -0.449809  0.0119498 
-0.838163  0.61756    -0.449809  0.012904  
-0.838163  0.61756    -0.449809  0.0109612 
-0.838163  0.61756    -0.449809  0.0107389 
-0.838163  0.61756    -0.449809  0.00659233
-0.839978  0.623363   -0.452309  0.0117408 
-0.839978  0.623363   -0.452309  0.0090155 
-0.812825  0.589378   -0.427713  0.0167514 
-0.812825  0.589378   -0.427713  0.0117304 
-0.866737  0.672798   -0.416046  0.0127611 
-0.866737  0.672798   -0.416046  0.0161469 
-0.866737  0.672798   -0.416046  0.0296353 
-0.866737  0.672798   -0.416046  0.0163681 
-0.866737  0.672798   -0.416046  0.0258869 
-0.866737  0.672798   -0.416046  0.0183767 
-0.866737  0.672798   -0.416046  0.0155806 
-0.866737  0.672798   -0.416046  0.0159305 
-0.866737  0.672798   -0.416046  0.00958294
-0.866737  0.672798   -0.416046  0.0212375 
-0.866737  0.672798   -0.416046  0.0324194 
-0.866737  0.672798   -0.416046  0.0139351 
-0.866737  0.672798   -0.416046  0.028616  
-0.866737  0.672798   -0.416046  0.00897572
-0.868561  0.573344   -0.409725  0.0140685 
-0.868561  0.573344   -0.409725  0.0121368 
-0.868561  0.573344   -0.409725  0.0126229 
-0.853673  0.656308   -0.410919  0.0130922 
-0.754497  0.711293   -0.397746  0.00880936
-0.754497  0.711293   -0.397746  0.02115   
-0.754497  0.711293   -0.397746  0.0182619 
-0.754497  0.711293   -0.397746  0.0143724 
-0.783823  0.690284   -0.411734  0.00843008
-0.729049  0.651336   -0.426554  0.00831514
-0.729049  0.651336   -0.426554  0.0075789 
-0.772807  0.582881   -0.441825  0.0150245 
-0.772807  0.582881   -0.441825  0.0117959 
-0.772807  0.582881   -0.441825  0.0181587 
-0.772807  0.582881   -0.441825  0.0124619 
-0.772807  0.582881   -0.441825  0.00837438
-0.680868  0.587339   -0.413304  0.00940896
-0.680868  0.587339   -0.413304  0.00710554
-0.720389  0.601425   -0.414112  0.00718859
-0.785266  0.589727   -0.445905  0.0167949 
-0.785266  0.589727   -0.445905  0.00923192
-0.785266  0.589727   -0.445905  0.0127408 
-0.785266  0.589727   -0.445905  0.00807816
-0.785266  0.589727   -0.445905  0.00767437
-0.785266  0.589727   -0.445905  0.00817386
-0.78412   0.606736   -0.436913  0.00741864
-0.800254  0.636629   -0.446012  0.00637212
-0.800254  0.636629   -0.446012  0.0178412 
-0.800254  0.636629   -0.446012  0.00903892
-0.800254  0.636629   -0.446012  0.00905089
-0.800254  0.636629   -0.446012  0.0111824 
-0.800254  0.636629   -0.446012  0.00712438
-0.800254  0.636629   -0.446012  0.00874509
-0.800254  0.636629   -0.446012  0.010002  
-0.800254  0.636629   -0.446012  0.0121974 
-0.800254  0.636629   -0.446012  0.0154377 
-0.800254  0.636629   -0.446012  0.0176723 
-0.800254  0.636629   -0.446012  0.0227257 
-0.800254  0.636629   -0.446012  0.00966214
-0.800254  0.636629   -0.446012  0.00827747
-0.800254  0.636629   -0.446012  0.0245198 
-0.800254  0.636629   -0.446012  0.0220955 
-0.800254  0.636629   -0.446012  0.00657358
-0.800254  0.636629   -0.446012  0.00711894
-0.800254  0.636629   -0.446012  0.0125847 
-0.800254  0.636629   -0.446012  0.00742989
-0.798754  0.631856   -0.440512  0.00752876
-0.814954  0.636322   -0.43814   0.0145715 
-0.814954  0.636322   -0.43814   0.00924099
-0.814954  0.636322   -0.43814   0.0147531 
-0.814954  0.636322   -0.43814   0.00927387
-0.814954  0.636322   -0.43814   0.0111769 
-0.814954  0.636322   -0.43814   0.00829344
-0.814954  0.636322   -0.43814   0.0213385 
-0.814954  0.636322   -0.43814   0.00617573
-0.823169  0.608409   -0.439574  0.00956219
-0.823169  0.608409   -0.439574  0.0163048 
-0.823169  0.608409   -0.439574  0.0118712 
-0.823169  0.608409   -0.439574  0.014996  
-0.823169  0.608409   -0.439574  0.0102271 
-0.771463  0.652268   -0.428776  0.00576235
-0.828463  0.610859   -0.450952  0.0139612 
-0.828463  0.610859   -0.450952  0.013948  
-0.828463  0.610859   -0.450952  0.00991222
-0.828463  0.610859   -0.450952  0.00918525
-0.84538   0.660035   -0.438843  0.0149991 
-0.84538   0.660035   -0.438843  0.00777005
-0.84538   0.660035   -0.438843  0.00721205
-0.864051  0.616959   -0.44039   0.0132293 
-0.864051  0.616959   -0.44039   0.0247104 
-0.864051  0.616959   -0.44039   0.0124202 
-0.864051  0.616959   -0.44039   0.00763559
-0.864051  0.616959   -0.44039   0.0155549 
-0.864051  0.616959   -0.44039   0.011409  
-0.864051  0.616959   -0.44039   0.00999313
-0.826235  0.563398   -0.421464  0.017719  
-0.826235  0.563398   -0.421464  0.0258961 
-0.826235  0.563398   -0.421464  0.0218744 
-0.826235  0.563398   -0.421464  0.0161625 
-0.826235  0.563398   -0.421464  0.0184196 
-0.826235  0.563398   -0.421464  0.0268892 
-0.826235  0.563398   -0.421464  0.00843201
-0.862054  0.606409   -0.428443  0.00618828
-0.767271  0.606673   -0.441845  0.0109579 
-0.767271  0.606673   -0.441845  0.0178206 
-0.767271  0.606673   -0.441845  0.00626583
-0.711481  0.636604   -0.431897  0.00711392
-0.748935  0.588947   -0.436747  0.0112925 
-0.748935  0.588947   -0.436747  0.015249  
-0.748935  0.588947   -0.436747  0.0162896 
-0.748935  0.588947   -0.436747  0.0173702 
-0.748935  0.588947   -0.436747  0.00659385
-0.809117  0.620413   -0.441868  0.00650135
-0.737332  0.598873   -0.414069  0.0148787 
-0.737332  0.598873   -0.414069  0.0123513 
-0.737332  0.598873   -0.414069  0.015749  
-0.737332  0.598873   -0.414069  0.00852767
-0.737332  0.598873   -0.414069  0.00644548
-0.744872  0.649501   -0.432608  0.0101012 
-0.772932  0.70938    -0.430038  0.00817547
-0.793281  0.666945   -0.450178  0.0130592 
-0.793281  0.666945   -0.450178  0.0106249 
-0.793281  0.666945   -0.450178  0.00698358
-0.793281  0.666945   -0.450178  0.0083965 
-0.793281  0.666945   -0.450178  0.00889101
-0.793281  0.666945   -0.450178  0.0270869 
-0.793281  0.666945   -0.450178  0.00837114
-0.797358  0.64225    -0.437993  0.0110942 
-0.797358  0.64225    -0.437993  0.0130651 
-0.797358  0.64225    -0.437993  0.00806732
-0.797358  0.64225    -0.437993  0.00710369
-0.857319  0.61238    -0.445145  0.00701758
-0.857319  0.61238    -0.445145  0.0143809 
-0.857319  0.61238    -0.445145  0.01448   
-0.857319  0.61238    -0.445145  0.0133373 
-0.857319  0.61238    -0.445145  0.00941132
-0.830501  0.610248   -0.437941  0.0132011 
-0.830501  0.610248   -0.437941  0.0126362 
-0.830501  0.610248   -0.437941  0.008539  
-0.830501  0.610248   -0.437941  0.0115256 
-0.830501  0.610248   -0.437941  0.0105512 
-0.830501  0.610248   -0.437941  0.0086223 
-0.860503  0.618088   -0.431214  0.00891324
-0.789193  0.675733   -0.438336  0.0140379 
-0.789193  0.675733   -0.438336  0.0234942 
-0.789193  0.675733   -0.438336  0.0127212 
-0.80094   0.674382   -0.405373  0.0108799 
-0.80094   0.674382   -0.405373  0.0216887 
-0.80094   0.674382   -0.405373  0.0129323 
-0.841514  0.685213   -0.412009  0.0329831 
-0.841514  0.685213   -0.412009  0.0281214 
-0.841514  0.685213   -0.412009  0.0354544 
-0.841514  0.685213   -0.412009  0.0120627 
-0.778171  0.71015    -0.415447  0.013914  
-0.778171  0.71015    -0.415447  0.0116764 
-0.778171  0.71015    -0.415447  0.00651873
-0.709891  0.615348   -0.414878  0.0136519 
-0.709891  0.615348   -0.414878  0.0108915 
-0.720299  0.695077   -0.411597  0.0150837 
-0.720299  0.695077   -0.411597  0.0102389 
-0.809281  0.653649   -0.413263  0.0138815 
-0.809281  0.653649   -0.413263  0.0176508 
-0.809281  0.653649   -0.413263  0.014248  
-0.809281  0.653649   -0.413263  0.0222062 
-0.809281  0.653649   -0.413263  0.0196759 
-0.809281  0.653649   -0.413263  0.0103268 
-0.809281  0.653649   -0.413263  0.00679631
-0.799006  0.595395   -0.436478  0.0153419 
-0.799006  0.595395   -0.436478  0.0111381 
-0.799006  0.595395   -0.436478  0.0100423 
-0.748545  0.616804   -0.435663  0.0102872 
-0.695367  0.57218    -0.399494  0.00973301
-0.700177  0.661967   -0.410694  0.00835523
-0.714573  0.671492   -0.420258  0.0125752 
-0.743078  0.711302   -0.398787  0.0155287 
-0.743078  0.711302   -0.398787  0.0160384 
-0.743078  0.711302   -0.398787  0.0238153 
-0.743078  0.711302   -0.398787  0.0220347 
-0.743078  0.711302   -0.398787  0.00946464
-0.76389   0.684708   -0.416898  0.00860329
-0.853245  0.587459   -0.430286  0.00624123
-0.773909  0.617929   -0.437795  0.0103918 
-0.773909  0.617929   -0.437795  0.014544  
-0.773909  0.617929   -0.437795  0.0156839 
-0.773909  0.617929   -0.437795  0.0100424 
-0.773909  0.617929   -0.437795  0.00716368
-0.814426  0.589028   -0.442505  0.00736103
-0.845144  0.604196   -0.431727  0.00921596
-0.834973  0.637648   -0.43009   0.00966519
-0.779175  0.671775   -0.421141  0.00663946
-0.724212  0.625001   -0.426744  0.0154239 
-0.724212  0.625001   -0.426744  0.00832153
-0.724212  0.625001   -0.426744  0.011973  
-0.724212  0.625001   -0.426744  0.00741359
-0.724212  0.625001   -0.426744  0.00761148
-0.724212  0.625001   -0.426744  0.00715003
-0.747067  0.662645   -0.42713   0.00960409
-0.758441  0.679803   -0.420633  0.00826049
-0.823547  0.615847   -0.445872  0.0118062 
-0.823547  0.615847   -0.445872  0.0101557 
-0.823547  0.615847   -0.445872  0.0210577 
-0.823547  0.615847   -0.445872  0.0128635 
-0.823547  0.615847   -0.445872  0.0107441 
-0.823547  0.615847   -0.445872  0.00988817
-0.823547  0.615847   -0.445872  0.0136427 
-0.823547  0.615847   -0.445872  0.0105272 
-0.823547  0.615847   -0.445872  0.0242761 
-0.823547  0.615847   -0.445872  0.0078476 
-0.823547  0.615847   -0.445872  0.016443  
-0.823547  0.615847   -0.445872  0.0112075 
-0.823547  0.615847   -0.445872  0.00847025
-0.823547  0.615847   -0.445872  0.0087642 
-0.808296  0.669651   -0.440009  0.0182346 
-0.808296  0.669651   -0.440009  0.0140435 
-0.808296  0.669651   -0.440009  0.00982596
-0.808296  0.669651   -0.440009  0.0260135 
-0.808296  0.669651   -0.440009  0.00900324
-0.888704  0.608822   -0.417072  0.020372  
-0.888704  0.608822   -0.417072  0.00809776
-0.879725  0.623095   -0.431262  0.00945842
-0.879725  0.623095   -0.431262  0.0154256 
-0.879725  0.623095   -0.431262  0.00831945
-0.81417   0.665415   -0.433658  0.00976452
-0.81417   0.665415   -0.433658  0.00884845
-0.784088  0.673557   -0.439596  0.00957334
-0.784088  0.673557   -0.439596  0.0157726 
-0.794953  0.668004   -0.413408  0.0122547 
-0.870903  0.615518   -0.424209  0.0113126 
-0.870903  0.615518   -0.424209  0.0191318 
-0.870903  0.615518   -0.424209  0.012543  
-0.870903  0.615518   -0.424209  0.0108423 
-0.870903  0.615518   -0.424209  0.00815609
-0.876678  0.602184   -0.42801   0.00824533
-0.876678  0.602184   -0.42801   0.0166865 
-0.876678  0.602184   -0.42801   0.011603  
-0.876678  0.602184   -0.42801   0.0194386 
-0.876678  0.602184   -0.42801   0.0138618 
-0.876678  0.602184   -0.42801   0.00781883
-0.806279  0.597262   -0.454797  0.0134581 
-0.806279  0.597262   -0.454797  0.015755  
-0.806279  0.597262   -0.454797  0.0139204 
-0.806279  0.597262   -0.454797  0.0141461 
-0.806279  0.597262   -0.454797  0.00714623
-0.806279  0.597262   -0.454797  0.00976692
-0.806279  0.597262   -0.454797  0.00777942
-0.806279  0.597262   -0.454797  0.0137475 
-0.806279  0.597262   -0.454797  0.00693377
-0.806279  0.597262   -0.454797  0.00960825
-0.806279  0.597262   -0.454797  0.00803558
-0.806279  0.597262   -0.454797  0.00892125
-0.830632  0.576172   -0.437571  0.00905085
-0.830632  0.576172   -0.437571  0.0161868 
-0.830632  0.576172   -0.437571  0.0156404 
-0.830632  0.576172   -0.437571  0.0175209 
-0.830632  0.576172   -0.437571  0.00834258
-0.830632  0.576172   -0.437571  0.00662385
-0.784135  0.594779   -0.439878  0.0128749 
-0.784135  0.594779   -0.439878  0.00783347
-0.839928  0.64148    -0.445076  0.0122797 
-0.839928  0.64148    -0.445076  0.0151466 
-0.839928  0.64148    -0.445076  0.0125039 
-0.839928  0.64148    -0.445076  0.0106917 
-0.839928  0.64148    -0.445076  0.0061615 
-0.776258  0.603647   -0.453006  0.00790445
-0.776258  0.603647   -0.453006  0.00766051
-0.776258  0.603647   -0.453006  0.0112616 
-0.776258  0.603647   -0.453006  0.00805073
-0.776258  0.603647   -0.453006  0.0100681 
-0.776258  0.603647   -0.453006  0.0229102 
-0.776258  0.603647   -0.453006  0.00933254
-0.776258  0.603647   -0.453006  0.0100807 
-0.776258  0.603647   -0.453006  0.0103218 
-0.776258  0.603647   -0.453006  0.00984565
-0.776258  0.603647   -0.453006  0.00765629
-0.776258  0.603647   -0.453006  0.010115  
-0.776258  0.603647   -0.453006  0.0135957 
-0.776258  0.603647   -0.453006  0.0138791 
-0.776258  0.603647   -0.453006  0.00657759
-0.776258  0.603647   -0.453006  0.0169526 
-0.776258  0.603647   -0.453006  0.00935055
-0.776258  0.603647   -0.453006  0.00681108
-0.758351  0.594064   -0.433176  0.00664302
-0.749848  0.658216   -0.436567  0.0102733 
-0.749848  0.658216   -0.436567  0.00776756
-0.749848  0.658216   -0.436567  0.0155708 
-0.749848  0.658216   -0.436567  0.00625578
-0.749848  0.658216   -0.436567  0.0145753 
-0.749848  0.658216   -0.436567  0.00989735
-0.749848  0.658216   -0.436567  0.0137931 
-0.749848  0.658216   -0.436567  0.0187866 
-0.749848  0.658216   -0.436567  0.00753711
-0.749848  0.658216   -0.436567  0.0192255 
-0.749848  0.658216   -0.436567  0.00814302
-0.749502  0.583904   -0.420998  0.0193192 
-0.749502  0.583904   -0.420998  0.0119896 
-0.749502  0.583904   -0.420998  0.0154611 
-0.749502  0.583904   -0.420998  0.0181093 
-0.749502  0.583904   -0.420998  0.0172853 
-0.749502  0.583904   -0.420998  0.00676734
-0.71555   0.650449   -0.425971  0.0160923 
-0.71555   0.650449   -0.425971  0.00814741
-0.742998  0.672216   -0.432705  0.0146215 
-0.742998  0.672216   -0.432705  0.0131579 
-0.742998  0.672216   -0.432705  0.00829883
-0.742998  0.672216   -0.432705  0.0213309 
-0.742998  0.672216   -0.432705  0.0119613 
-0.777381  0.642121   -0.432243  0.0116484 
-0.777381  0.642121   -0.432243  0.0236902 
-0.777381  0.642121   -0.432243  0.0112075 
-0.777381  0.642121   -0.432243  0.01845   
-0.777381  0.642121   -0.432243  0.00740038
-0.851626  0.613513   -0.439883  0.0126485 
-0.851626  0.613513   -0.439883  0.010677  
-0.851626  0.613513   -0.439883  0.0217224 
-0.851626  0.613513   -0.439883  0.00944913
-0.794472  0.65357    -0.427914  0.0109525 
-0.794472  0.65357    -0.427914  0.0209859 
-0.794472  0.65357    -0.427914  0.0124533 
-0.794472  0.65357    -0.427914  0.00728451
-0.813456  0.587516   -0.430127  0.00835038
-0.732066  0.580613   -0.431429  0.00695282
-0.810961  0.644965   -0.453793  0.00922488
-0.810961  0.644965   -0.453793  0.0129757 
-0.810961  0.644965   -0.453793  0.0180824 
-0.810961  0.644965   -0.453793  0.0107167 
-0.810961  0.644965   -0.453793  0.0273892 
-0.810961  0.644965   -0.453793  0.00967863
-0.810961  0.644965   -0.453793  0.0219606 
-0.810961  0.644965   -0.453793  0.00891579
-0.810961  0.644965   -0.453793  0.0112933 
-0.810961  0.644965   -0.453793  0.0125337 
-0.810961  0.644965   -0.453793  0.00930748
-0.810961  0.644965   -0.453793  0.0086295 
-0.812611  0.575367   -0.452615  0.0076448 
-0.812611  0.575367   -0.452615  0.011464  
-0.812611  0.575367   -0.452615  0.00943011
-0.812611  0.575367   -0.452615  0.0108654 
-0.812611  0.575367   -0.452615  0.0127522 
-0.812611  0.575367   -0.452615  0.0117229 
-0.812611  0.575367   -0.452615  0.0175    
-0.812611  0.575367   -0.452615  0.0105853 
-0.812611  0.575367   -0.452615  0.0130211 
-0.812611  0.575367   -0.452615  0.00851296
-0.812611  0.575367   -0.452615  0.00797182
-0.797517  0.642335   -0.457251  0.0129546 
-0.797517  0.642335   -0.457251  0.00853757
-0.797517  0.642335   -0.457251  0.0120611 
-0.797517  0.642335   -0.457251  0.0115486 
-0.797517  0.642335   -0.457251  0.01986   
-0.797517  0.642335   -0.457251  0.00816702
-0.797517  0.642335   -0.457251  0.0114759 
-0.797517  0.642335   -0.457251  0.0109461 
-0.797517  0.642335   -0.457251  0.0121331 
-0.797517  0.642335   -0.457251  0.00773079
-0.797517  0.642335   -0.457251  0.00805969
-0.797517  0.642335   -0.457251  0.0117288 
-0.797517  0.642335   -0.457251  0.0084148 
-0.797517  0.642335   -0.457251  0.00685701
-0.797517  0.642335   -0.457251  0.00807951
-0.797517  0.642335   -0.457251  0.0229508 
-0.797517  0.642335   -0.457251  0.00805896
-0.797517  0.642335   -0.457251  0.00868183
-0.797517  0.642335   -0.457251  0.00743224
-0.797517  0.642335   -0.457251  0.0118991 
-0.797517  0.642335   -0.457251  0.0178058 
-0.797517  0.642335   -0.457251  0.00674231
-0.797517  0.642335   -0.457251  0.0117267 
-0.797517  0.642335   -0.457251  0.00752459
-0.797517  0.642335   -0.457251  0.00968769
-0.854144  0.62512    -0.446214  0.0228746 
-0.854144  0.62512    -0.446214  0.00902706
-0.854144  0.62512    -0.446214  0.0116036 
-0.854144  0.62512    -0.446214  0.0130995 
-0.854144  0.62512    -0.446214  0.0121422 
-0.854144  0.62512    -0.446214  0.00999391
-0.854144  0.62512    -0.446214  0.0102847 
-0.854144  0.62512    -0.446214  0.0083421 
-0.807479  0.608651   -0.432569  0.0183183 
-0.807479  0.608651   -0.432569  0.0130301 
-0.807479  0.608651   -0.432569  0.0069244 
-0.807479  0.608651   -0.432569  0.00907203
-0.807479  0.608651   -0.432569  0.00983397
-0.807479  0.608651   -0.432569  0.0121546 
-0.807479  0.608651   -0.432569  0.00956182
-0.820136  0.641404   -0.440006  0.00711472
-0.808512  0.601834   -0.446786  0.00807451
-0.833009  0.579246   -0.450948  0.013698  
-0.833009  0.579246   -0.450948  0.00857524
-0.833009  0.579246   -0.450948  0.00966695
-0.833009  0.579246   -0.450948  0.00571478
-0.788447  0.625071   -0.456529  0.00675453
-0.788447  0.625071   -0.456529  0.0138665 
-0.788447  0.625071   -0.456529  0.0113164 
-0.788447  0.625071   -0.456529  0.00833726
-0.788447  0.625071   -0.456529  0.0109561 
-0.788447  0.625071   -0.456529  0.0126296 
-0.788447  0.625071   -0.456529  0.0114138 
-0.788447  0.625071   -0.456529  0.0206084 
-0.788447  0.625071   -0.456529  0.0131261 
-0.788447  0.625071   -0.456529  0.0124325 
-0.788447  0.625071   -0.456529  0.0139388 
-0.788447  0.625071   -0.456529  0.0104178 
-0.788447  0.625071   -0.456529  0.0124309 
-0.788447  0.625071   -0.456529  0.00833364
-0.788447  0.625071   -0.456529  0.0113638 
-0.788447  0.625071   -0.456529  0.0084019 
-0.788447  0.625071   -0.456529  0.00795536
-0.795799  0.659314   -0.447774  0.00930685
-0.795799  0.659314   -0.447774  0.016349  
-0.795799  0.659314   -0.447774  0.0211392 
-0.795799  0.659314   -0.447774  0.0311    
-0.795799  0.659314   -0.447774  0.0117813 
-0.795799  0.659314   -0.447774  0.00880718
-0.795799  0.659314   -0.447774  0.00832548
-0.845245  0.63102    -0.450411  0.00662582
-0.769902  0.604527   -0.436252  0.0180871 
-0.769902  0.604527   -0.436252  0.0172261 
-0.769902  0.604527   -0.436252  0.0129871 
-0.769902  0.604527   -0.436252  0.0152917 
-0.769902  0.604527   -0.436252  0.0147821 
-0.769902  0.604527   -0.436252  0.0066101 
-0.731492  0.650029   -0.433483  0.0168946 
-0.731492  0.650029   -0.433483  0.00938411
-0.781574  0.66133    -0.444525  0.0198618 
-0.781574  0.66133    -0.444525  0.00621739
-0.781574  0.66133    -0.444525  0.0124909 
-0.781574  0.66133    -0.444525  0.0140184 
-0.781574  0.66133    -0.444525  0.00712212
-0.781574  0.66133    -0.444525  0.00965538
-0.781574  0.66133    -0.444525  0.0166775 
-0.781574  0.66133    -0.444525  0.00959523
-0.729785  0.567944   -0.42527   0.0106627 
-0.729785  0.567944   -0.42527   0.0176633 
-0.729785  0.567944   -0.42527   0.0154184 
-0.729785  0.567944   -0.42527   0.00851902
-0.824576  0.655513   -0.436901  0.0109031 
-0.765338  0.680985   -0.43327   0.00875689
-0.711649  0.659      -0.413409  0.0137562 
-0.711649  0.659      -0.413409  0.0104865 
-0.711649  0.659      -0.413409  0.0091509 
-0.711649  0.659      -0.413409  0.0131831 
-0.711649  0.659      -0.413409  0.0104697 
-0.711649  0.659      -0.413409  0.00695044
-0.706191  0.641611   -0.409579  0.0121604 
-0.706191  0.641611   -0.409579  0.00954759
-0.76658   0.563538   -0.428691  0.0159004 
-0.76658   0.563538   -0.428691  0.00619928
-0.794779  0.608162   -0.447758  0.0102275 
-0.794779  0.608162   -0.447758  0.00782146
-0.794779  0.608162   -0.447758  0.0170485 
-0.794779  0.608162   -0.447758  0.0137413 
-0.794779  0.608162   -0.447758  0.00588486
-0.754966  0.628512   -0.446531  0.0113558 
-0.754966  0.628512   -0.446531  0.00868557
-0.853517  0.628859   -0.439761  0.0120471 
-0.853517  0.628859   -0.439761  0.0110685 
-0.853517  0.628859   -0.439761  0.0133548 
-0.853517  0.628859   -0.439761  0.0131348 
-0.853517  0.628859   -0.439761  0.00890887
-0.823807  0.643764   -0.436231  0.0114824 
-0.823807  0.643764   -0.436231  0.0160111 
-0.823807  0.643764   -0.436231  0.0090154 
-0.804476  0.676026   -0.43741   0.00857143
-0.804476  0.676026   -0.43741   0.00846437
-0.78049   0.687623   -0.446047  0.0181617 
-0.78049   0.687623   -0.446047  0.00674638
-0.78049   0.687623   -0.446047  0.0172136 
-0.78049   0.687623   -0.446047  0.00703241
-0.837161  0.597632   -0.446435  0.0140428 
-0.837161  0.597632   -0.446435  0.0110765 
-0.837161  0.597632   -0.446435  0.0158432 
-0.837161  0.597632   -0.446435  0.006389  
-0.771458  0.604833   -0.436673  0.00731481
-0.80693   0.616401   -0.436841  0.0132999 
-0.791675  0.67066    -0.420015  0.00657757
-0.80054   0.613058   -0.442312  0.0102113 
-0.80054   0.613058   -0.442312  0.016948  
-0.80054   0.613058   -0.442312  0.00706337
-0.771496  0.647666   -0.436027  0.00828314
-0.771496  0.647666   -0.436027  0.00809098
-0.806071  0.578788   -0.449396  0.00734363
-0.844239  0.626056   -0.446872  0.00655681
-0.757625  0.60402    -0.455498  0.0112718 
-0.757625  0.60402    -0.455498  0.0101418 
-0.757625  0.60402    -0.455498  0.010882  
-0.757625  0.60402    -0.455498  0.00649799
-0.827526  0.614962   -0.453247  0.00685771
-0.827526  0.614962   -0.453247  0.0127059 
-0.827526  0.614962   -0.453247  0.0125602 
-0.827526  0.614962   -0.453247  0.00848005
-0.827526  0.614962   -0.453247  0.0153968 
-0.827526  0.614962   -0.453247  0.0150673 
-0.827526  0.614962   -0.453247  0.0116634 
-0.827526  0.614962   -0.453247  0.0105594 
-0.827526  0.614962   -0.453247  0.0110884 
-0.827526  0.614962   -0.453247  0.0279649 
-0.827526  0.614962   -0.453247  0.010346  
-0.827526  0.614962   -0.453247  0.0159531 
-0.827526  0.614962   -0.453247  0.00889436
-0.827526  0.614962   -0.453247  0.0267533 
-0.827526  0.614962   -0.453247  0.00838077
-0.853222  0.651326   -0.44445   0.0170178 
-0.853222  0.651326   -0.44445   0.0350636 
-0.853222  0.651326   -0.44445   0.0179057 
-0.853222  0.651326   -0.44445   0.017918  
-0.853222  0.651326   -0.44445   0.010232  
-0.853222  0.651326   -0.44445   0.0105105 
-0.853222  0.651326   -0.44445   0.0213329 
-0.853222  0.651326   -0.44445   0.00843296
-0.836381  0.614674   -0.442607  0.0118757 
-0.836381  0.614674   -0.442607  0.0164993 
-0.836381  0.614674   -0.442607  0.0127252 
-0.786811  0.690092   -0.426115  0.0108136 
-0.752487  0.676513   -0.41591   0.0080064 
-0.668004  0.648367   -0.394672  0.00774579
-0.714435  0.605352   -0.414386  0.0161672 
-0.714435  0.605352   -0.414386  0.014128  
-0.714435  0.605352   -0.414386  0.0122883 
-0.714435  0.605352   -0.414386  0.00724053
-0.728781  0.598795   -0.42913   0.0117151 
-0.728781  0.598795   -0.42913   0.00700524
-0.728781  0.598795   -0.42913   0.0121679 
-0.728781  0.598795   -0.42913   0.0109181 
-0.728781  0.598795   -0.42913   0.00657116
-0.759863  0.646601   -0.446543  0.00653857
-0.759863  0.646601   -0.446543  0.0209188 
-0.759863  0.646601   -0.446543  0.00950633
-0.759863  0.646601   -0.446543  0.00615213
-0.774999  0.612687   -0.442918  0.0162557 
-0.774999  0.612687   -0.442918  0.0110393 
-0.774999  0.612687   -0.442918  0.00614905
-0.774999  0.612687   -0.442918  0.00865882
-0.774999  0.612687   -0.442918  0.0150201 
-0.774999  0.612687   -0.442918  0.0134879 
-0.774999  0.612687   -0.442918  0.00709244
-0.720144  0.630818   -0.424722  0.0103203 
-0.720144  0.630818   -0.424722  0.0100909 
-0.720144  0.630818   -0.424722  0.00889287
-0.720144  0.630818   -0.424722  0.0116731 
-0.720144  0.630818   -0.424722  0.0093793 
-0.720144  0.630818   -0.424722  0.00818802
-0.720144  0.630818   -0.424722  0.00746733
-0.693497  0.632936   -0.407849  0.00837782
-0.693497  0.632936   -0.407849  0.0112669 
-0.693497  0.632936   -0.407849  0.0111737 
-0.693497  0.632936   -0.407849  0.0140159 
-0.693497  0.632936   -0.407849  0.00935485
-0.693497  0.632936   -0.407849  0.0100594 
-0.791855  0.665195   -0.421371  0.0191943 
-0.791855  0.665195   -0.421371  0.0191866 
-0.791855  0.665195   -0.421371  0.00880178
-0.890631  0.622377   -0.425788  0.0249433 
-0.890631  0.622377   -0.425788  0.0110203 
-0.878032  0.587222   -0.414318  0.0127713 
-0.878032  0.587222   -0.414318  0.00924524
-0.785755  0.565137   -0.422899  0.0112281 
-0.855851  0.661866   -0.40601   0.013773  
-0.855851  0.661866   -0.40601   0.0220771 
-0.855851  0.661866   -0.40601   0.00832267
-0.757736  0.576882   -0.430052  0.00813722
-0.757736  0.576882   -0.430052  0.0206119 
-0.757736  0.576882   -0.430052  0.0169598 
-0.757736  0.576882   -0.430052  0.0176887 
-0.757736  0.576882   -0.430052  0.00753931
-0.805817  0.618601   -0.444809  0.0102651 
-0.805817  0.618601   -0.444809  0.00838425
-0.805817  0.618601   -0.444809  0.020143  
-0.805817  0.618601   -0.444809  0.012824  
-0.805817  0.618601   -0.444809  0.0127926 
-0.805817  0.618601   -0.444809  0.0187384 
-0.805817  0.618601   -0.444809  0.00713081
-0.792675  0.591587   -0.440274  0.00705329
-0.792675  0.591587   -0.440274  0.00842761
-0.792675  0.591587   -0.440274  0.0183278 
-0.792675  0.591587   -0.440274  0.0170095 
-0.792675  0.591587   -0.440274  0.0103587 
-0.792675  0.591587   -0.440274  0.00927545
-0.792675  0.591587   -0.440274  0.0392478 
-0.792675  0.591587   -0.440274  0.0196895 
-0.792675  0.591587   -0.440274  0.0195961 
-0.792675  0.591587   -0.440274  0.0159299 
-0.792675  0.591587   -0.440274  0.0151689 
-0.792675  0.591587   -0.440274  0.0080241 
-0.792675  0.591587   -0.440274  0.0113234 
-0.792675  0.591587   -0.440274  0.00902606
-0.792675  0.591587   -0.440274  0.0119772 
-0.792675  0.591587   -0.440274  0.0202863 
-0.792675  0.591587   -0.440274  0.00991225
-0.792675  0.591587   -0.440274  0.00988024
-0.792675  0.591587   -0.440274  0.0100129 
-0.792675  0.591587   -0.440274  0.0138288 
-0.792675  0.591587   -0.440274  0.00982251
-0.792675  0.591587   -0.440274  0.0160363 
-0.792675  0.591587   -0.440274  0.0121816 
-0.792675  0.591587   -0.440274  0.0137288 
-0.792675  0.591587   -0.440274  0.0124265 
-0.792675  0.591587   -0.440274  0.00844471
-0.792675  0.591587   -0.440274  0.00649534
-0.792675  0.591587   -0.440274  0.00972348
-0.792675  0.591587   -0.440274  0.0105264 
-0.792675  0.591587   -0.440274  0.0101754 
-0.792675  0.591587   -0.440274  0.0178616 
-0.792675  0.591587   -0.440274  0.00989314
-0.792675  0.591587   -0.440274  0.0186042 
-0.792675  0.591587   -0.440274  0.0110832 
-0.792675  0.591587   -0.440274  0.00812982
-0.740458  0.578146   -0.441155  0.0158766 
-0.740458  0.578146   -0.441155  0.0120294 
-0.740458  0.578146   -0.441155  0.00806205
-0.740458  0.578146   -0.441155  0.0111226 
-0.740458  0.578146   -0.441155  0.00791064
-0.828074  0.588237   -0.442459  0.00912694
-0.893188  0.635938   -0.433317  0.0160994 
-0.893188  0.635938   -0.433317  0.010614  
-0.893188  0.635938   -0.433317  0.0278829 
-0.893188  0.635938   -0.433317  0.0080076 
-0.80812   0.653191   -0.443697  0.0168783 
-0.80812   0.653191   -0.443697  0.0258448 
-0.80812   0.653191   -0.443697  0.00880286
-0.80812   0.653191   -0.443697  0.0108054 
-0.80812   0.653191   -0.443697  0.00776822
-0.78821   0.64641    -0.451011  0.00976554
-0.78821   0.64641    -0.451011  0.0161462 
-0.78821   0.64641    -0.451011  0.00995665
-0.78821   0.64641    -0.451011  0.0167327 
-0.78821   0.64641    -0.451011  0.00726263
-0.78821   0.64641    -0.451011  0.00637275
-0.765822  0.601262   -0.44106   0.00788281
-0.765822  0.601262   -0.44106   0.00923838
-0.765822  0.601262   -0.44106   0.00834392
-0.765822  0.601262   -0.44106   0.00788696
-0.70757   0.587552   -0.433117  0.00915026
-0.70757   0.587552   -0.433117  0.0104594 
-0.798953  0.558513   -0.427706  0.0207356 
-0.798953  0.558513   -0.427706  0.00857401
-0.811357  0.658064   -0.449526  0.00668225
-0.811357  0.658064   -0.449526  0.0122067 
-0.787417  0.70916    -0.406531  0.0162301 
-0.787417  0.70916    -0.406531  0.0139904 
-0.82212   0.665388   -0.434646  0.0146879 
-0.82212   0.665388   -0.434646  0.0106884 
-0.82212   0.665388   -0.434646  0.00832624
-0.82212   0.665388   -0.434646  0.0259569 
-0.82212   0.665388   -0.434646  0.00783576
-0.843142  0.603983   -0.436535  0.00823718
-0.764402  0.575592   -0.439927  0.0110313 
-0.764402  0.575592   -0.439927  0.00719365
-0.764402  0.575592   -0.439927  0.00623976
-0.764402  0.575592   -0.439927  0.0119593 
-0.764402  0.575592   -0.439927  0.0228662 
-0.764402  0.575592   -0.439927  0.00736953
-0.764402  0.575592   -0.439927  0.0193971 
-0.764402  0.575592   -0.439927  0.0138096 
-0.764402  0.575592   -0.439927  0.0184757 
-0.764402  0.575592   -0.439927  0.00821184
-0.778772  0.671088   -0.433317  0.0129091 
-0.778772  0.671088   -0.433317  0.00831353
-0.778772  0.671088   -0.433317  0.0110771 
-0.778772  0.671088   -0.433317  0.021765  
-0.778772  0.671088   -0.433317  0.0111534 
-0.778772  0.671088   -0.433317  0.01564   
-0.778772  0.671088   -0.433317  0.00868302
-0.824329  0.578497   -0.431882  0.00807942
-0.824329  0.578497   -0.431882  0.0190262 
-0.824329  0.578497   -0.431882  0.00875745
-0.824329  0.578497   -0.431882  0.00885575
-0.824329  0.578497   -0.431882  0.0114012 
-0.845666  0.555981   -0.397329  0.0110582 
-0.887815  0.646119   -0.405522  0.0168894 
-0.887815  0.646119   -0.405522  0.0111035 
-0.874683  0.650322   -0.416613  0.018973  
-0.874683  0.650322   -0.416613  0.0326459 
-0.874683  0.650322   -0.416613  0.00935805
-0.84476   0.634923   -0.429599  0.0156064 
-0.84476   0.634923   -0.429599  0.0132359 
-0.84476   0.634923   -0.429599  0.018573  
-0.84476   0.634923   -0.429599  0.0173564 
-0.84476   0.634923   -0.429599  0.01853   
-0.84476   0.634923   -0.429599  0.0238462 
-0.84476   0.634923   -0.429599  0.0115443 
-0.84476   0.634923   -0.429599  0.0129249 
-0.84476   0.634923   -0.429599  0.0077141 
-0.826588  0.588159   -0.439     0.0138461 
-0.826588  0.588159   -0.439     0.0150026 
-0.826588  0.588159   -0.439     0.0140526 
-0.826588  0.588159   -0.439     0.0211799 
-0.826588  0.588159   -0.439     0.00902567
-0.826588  0.588159   -0.439     0.00873663
-0.826588  0.588159   -0.439     0.0122366 
-0.826588  0.588159   -0.439     0.00963895
-0.826588  0.588159   -0.439     0.00741204
-0.822628  0.663636   -0.449069  0.00914618
-0.822628  0.663636   -0.449069  0.0148918 
-0.822628  0.663636   -0.449069  0.016438  
-0.822628  0.663636   -0.449069  0.00653004
-0.822628  0.663636   -0.449069  0.0270852 
-0.822628  0.663636   -0.449069  0.00708077
-0.836044  0.593965   -0.455603  0.0106805 
-0.836044  0.593965   -0.455603  0.00713141
-0.860135  0.646262   -0.447969  0.00885641
-0.814228  0.595396   -0.445713  0.0136586 
-0.814228  0.595396   -0.445713  0.0182361 
-0.814228  0.595396   -0.445713  0.00646835
-0.814228  0.595396   -0.445713  0.0171563 
-0.814228  0.595396   -0.445713  0.00766348
-0.747734  0.646591   -0.426515  0.00833286
-0.824055  0.577894   -0.446831  0.0111175 
-0.824055  0.577894   -0.446831  0.00595179
-0.824055  0.577894   -0.446831  0.0125599 
-0.824055  0.577894   -0.446831  0.0173466 
-0.824055  0.577894   -0.446831  0.00787224
-0.824055  0.577894   -0.446831  0.0123511 
-0.824055  0.577894   -0.446831  0.0209101 
-0.824055  0.577894   -0.446831  0.0110132 
-0.824055  0.577894   -0.446831  0.0152437 
-0.824055  0.577894   -0.446831  0.0138332 
-0.824055  0.577894   -0.446831  0.0100389 
-0.824055  0.577894   -0.446831  0.00762528
-0.824055  0.577894   -0.446831  0.0093397 
-0.824055  0.577894   -0.446831  0.0159235 
-0.824055  0.577894   -0.446831  0.0114889 
-0.824055  0.577894   -0.446831  0.0194558 
-0.824055  0.577894   -0.446831  0.0115806 
-0.824055  0.577894   -0.446831  0.0155873 
-0.824055  0.577894   -0.446831  0.00834157
-0.824055  0.577894   -0.446831  0.0137587 
-0.824055  0.577894   -0.446831  0.00722202
-0.824055  0.577894   -0.446831  0.00822705
-0.824055  0.577894   -0.446831  0.00800981
-0.796571  0.638276   -0.437917  0.0141114 
-0.796571  0.638276   -0.437917  0.0232594 
-0.796571  0.638276   -0.437917  0.0081002 
-0.749113  0.591059   -0.430004  0.0100683 
-0.749113  0.591059   -0.430004  0.0144658 
-0.749113  0.591059   -0.430004  0.00882651
-0.749113  0.591059   -0.430004  0.0070483 
-0.749113  0.591059   -0.430004  0.00894145
-0.741068  0.659235   -0.425909  0.00756051
-0.734466  0.657545   -0.430485  0.00927693
-0.734466  0.657545   -0.430485  0.0182689 
-0.734466  0.657545   -0.430485  0.00983058
-0.761341  0.671561   -0.433043  0.00937778
-0.761341  0.671561   -0.433043  0.00581938
-0.761341  0.671561   -0.433043  0.0208556 
-0.761341  0.671561   -0.433043  0.00994247
-0.761341  0.671561   -0.433043  0.00796608
-0.761341  0.671561   -0.433043  0.00944472
-0.764019  0.579182   -0.427573  0.007154  
-0.764019  0.579182   -0.427573  0.0222238 
-0.764019  0.579182   -0.427573  0.0160304 
-0.764019  0.579182   -0.427573  0.0136311 
-0.764019  0.579182   -0.427573  0.010556  
-0.764019  0.579182   -0.427573  0.00885285
-0.826734  0.583588   -0.431655  0.00795835
-0.826734  0.583588   -0.431655  0.017608  
-0.826734  0.583588   -0.431655  0.0220149 
-0.826734  0.583588   -0.431655  0.00768189
-0.770446  0.637365   -0.424953  0.0149258 
-0.770446  0.637365   -0.424953  0.00822271
-0.841214  0.639473   -0.44221   0.00826697
-0.841214  0.639473   -0.44221   0.00812813
-0.841214  0.639473   -0.44221   0.0170297 
-0.841214  0.639473   -0.44221   0.0139496 
-0.775603  0.632331   -0.43624   0.0100143 
-0.775603  0.632331   -0.43624   0.0118133 
-0.775603  0.632331   -0.43624   0.00728635
-0.817546  0.638791   -0.441069  0.0225729 
-0.817546  0.638791   -0.441069  0.0192958 
-0.817546  0.638791   -0.441069  0.0157594 
-0.817546  0.638791   -0.441069  0.0126504 
-0.817546  0.638791   -0.441069  0.00920169
-0.817546  0.638791   -0.441069  0.0122549 
-0.817546  0.638791   -0.441069  0.0098112 
-0.900228  0.578583   -0.394527  0.00828547
-0.833934  0.614426   -0.42536   0.0219514 
-0.833934  0.614426   -0.42536   0.0133911 
-0.833934  0.614426   -0.42536   0.00857703
-0.735852  0.685253   -0.416775  0.00777052
-0.708202  0.586938   -0.403469  0.0185172 
-0.708202  0.586938   -0.403469  0.00799338
-0.766591  0.648909   -0.421474  0.00984903
-0.746331  0.684581   -0.415902  0.00983841
-0.746331  0.684581   -0.415902  0.00774873
-0.722525  0.586487   -0.4223    0.0163422 
-0.722525  0.586487   -0.4223    0.00733427
-0.722525  0.586487   -0.4223    0.00716744
-0.722525  0.586487   -0.4223    0.00643454
-0.781793  0.61384    -0.447562  0.0105975 
-0.781793  0.61384    -0.447562  0.0164377 
-0.781793  0.61384    -0.447562  0.0110126 
-0.781793  0.61384    -0.447562  0.0113383 
-0.781793  0.61384    -0.447562  0.00966114
-0.781793  0.61384    -0.447562  0.0124763 
-0.815366  0.685146   -0.419814  0.0308807 
-0.815366  0.685146   -0.419814  0.0137272 
-0.82101   0.682302   -0.425434  0.0303455 
-0.82101   0.682302   -0.425434  0.00646765
-0.76332   0.616568   -0.45447   0.0072181 
-0.76332   0.616568   -0.45447   0.0101475 
-0.76332   0.616568   -0.45447   0.00601261
-0.76332   0.616568   -0.45447   0.00578381
-0.77134   0.620844   -0.443219  0.0123227 
-0.77134   0.620844   -0.443219  0.0142666 
-0.77134   0.620844   -0.443219  0.00796218
-0.77134   0.620844   -0.443219  0.0135448 
-0.77134   0.620844   -0.443219  0.0109335 
-0.77134   0.620844   -0.443219  0.00977471
-0.77134   0.620844   -0.443219  0.0180596 
-0.77134   0.620844   -0.443219  0.00617992
-0.781164  0.622007   -0.441721  0.0135215 
-0.781164  0.622007   -0.441721  0.0114423 
-0.781164  0.622007   -0.441721  0.0106158 
-0.781164  0.622007   -0.441721  0.00754672
-0.827524  0.627532   -0.442256  0.0108859 
-0.827524  0.627532   -0.442256  0.0135271 
-0.827524  0.627532   -0.442256  0.0102253 
-0.827524  0.627532   -0.442256  0.0160222 
-0.827524  0.627532   -0.442256  0.0125876 
-0.827524  0.627532   -0.442256  0.0116582 
-0.827524  0.627532   -0.442256  0.0103896 
-0.827524  0.627532   -0.442256  0.0230541 
-0.827524  0.627532   -0.442256  0.00761675
-0.830438  0.596929   -0.436136  0.00575961
-0.761632  0.61018    -0.441591  0.00720752
-0.761632  0.61018    -0.441591  0.0104246 
-0.761632  0.61018    -0.441591  0.00725625
-0.761632  0.61018    -0.441591  0.0118608 
-0.761632  0.61018    -0.441591  0.0061367 
-0.761632  0.61018    -0.441591  0.0106845 
-0.761632  0.61018    -0.441591  0.00722838
-0.837995  0.601774   -0.434269  0.0118771 
-0.842085  0.612653   -0.428938  0.0242931 
-0.842085  0.612653   -0.428938  0.00512353
-0.767641  0.629039   -0.45179   0.0144321 
-0.767641  0.629039   -0.45179   0.00994674
-0.767641  0.629039   -0.45179   0.011768  
-0.767641  0.629039   -0.45179   0.0148561 
-0.767641  0.629039   -0.45179   0.00667652
-0.767641  0.629039   -0.45179   0.00956729
-0.767641  0.629039   -0.45179   0.0101841 
-0.767641  0.629039   -0.45179   0.0118722 
-0.767641  0.629039   -0.45179   0.0112433 
-0.767641  0.629039   -0.45179   0.0109312 
-0.767641  0.629039   -0.45179   0.0135323 
-0.767641  0.629039   -0.45179   0.0131424 
-0.767641  0.629039   -0.45179   0.0107544 
-0.767641  0.629039   -0.45179   0.00780769
-0.767641  0.629039   -0.45179   0.00810299
-0.767641  0.629039   -0.45179   0.00736514
-0.767641  0.629039   -0.45179   0.0103315 
-0.767641  0.629039   -0.45179   0.0100942 
-0.767641  0.629039   -0.45179   0.0128191 
-0.767641  0.629039   -0.45179   0.0114685 
-0.767641  0.629039   -0.45179   0.00960177
-0.767641  0.629039   -0.45179   0.00836079
-0.767641  0.629039   -0.45179   0.0161876 
-0.767641  0.629039   -0.45179   0.0132862 
-0.767641  0.629039   -0.45179   0.00910421
-0.767641  0.629039   -0.45179   0.0117793 
-0.767641  0.629039   -0.45179   0.00805937
-0.767641  0.629039   -0.45179   0.00929431
-0.78252   0.65076    -0.435673  0.0283689 
-0.78252   0.65076    -0.435673  0.00634264
-0.723327  0.646246   -0.429961  0.0234557 
-0.723327  0.646246   -0.429961  0.00973432
-0.723327  0.646246   -0.429961  0.0126368 
-0.723327  0.646246   -0.429961  0.0107586 
-0.723327  0.646246   -0.429961  0.0114077 
-0.723327  0.646246   -0.429961  0.0116819 
-0.723327  0.646246   -0.429961  0.0103974 
-0.723327  0.646246   -0.429961  0.0171559 
-0.823299  0.650763   -0.413494  0.0114208 
-0.829522  0.635416   -0.416291  0.00866777
-0.769246  0.651271   -0.426303  0.00752139
-0.769246  0.651271   -0.426303  0.0108569 
-0.810796  0.658644   -0.444453  0.00978878
-0.810796  0.658644   -0.444453  0.0180784 
-0.810796  0.658644   -0.444453  0.00935982
-0.810796  0.658644   -0.444453  0.0110385 
-0.810796  0.658644   -0.444453  0.00950414
-0.810796  0.658644   -0.444453  0.0114574 
-0.810796  0.658644   -0.444453  0.00827028
-0.797089  0.577959   -0.449113  0.0142826 
-0.797089  0.577959   -0.449113  0.00798959
-0.819396  0.585808   -0.452609  0.0215625 
-0.819396  0.585808   -0.452609  0.0163052 
-0.819396  0.585808   -0.452609  0.0132182 
-0.819396  0.585808   -0.452609  0.00730705
-0.819396  0.585808   -0.452609  0.0188965 
-0.819396  0.585808   -0.452609  0.0170007 
-0.819396  0.585808   -0.452609  0.0214508 
-0.819396  0.585808   -0.452609  0.0151693 
-0.819396  0.585808   -0.452609  0.0179377 
-0.819396  0.585808   -0.452609  0.012452  
-0.819396  0.585808   -0.452609  0.0130855 
-0.819396  0.585808   -0.452609  0.0175198 
-0.819396  0.585808   -0.452609  0.00888913
-0.768444  0.622434   -0.431282  0.0203665 
-0.768444  0.622434   -0.431282  0.0149872 
-0.768444  0.622434   -0.431282  0.0122689 
-0.768444  0.622434   -0.431282  0.0130715 
-0.768444  0.622434   -0.431282  0.0182217 
-0.768444  0.622434   -0.431282  0.0121649 
-0.824317  0.647873   -0.43284   0.011028  
-0.835158  0.648549   -0.442404  0.00999807
-0.835158  0.648549   -0.442404  0.00956622
-0.835158  0.648549   -0.442404  0.0205013 
-0.835158  0.648549   -0.442404  0.014402  
-0.835158  0.648549   -0.442404  0.00796444
-0.835158  0.648549   -0.442404  0.0253906 
-0.835158  0.648549   -0.442404  0.00912121
-0.831626  0.648589   -0.441958  0.0184833 
-0.831626  0.648589   -0.441958  0.0227368 
-0.831626  0.648589   -0.441958  0.0155246 
-0.831626  0.648589   -0.441958  0.0112532 
-0.831626  0.648589   -0.441958  0.0110091 
-0.831626  0.648589   -0.441958  0.00945126
-0.817457  0.626278   -0.447605  0.0156663 
-0.817457  0.626278   -0.447605  0.011179  
-0.817457  0.626278   -0.447605  0.013411  
-0.817457  0.626278   -0.447605  0.00780091
-0.876449  0.590429   -0.428804  0.0110111 
-0.876449  0.590429   -0.428804  0.0208245 
-0.876449  0.590429   -0.428804  0.00976589
-0.876449  0.590429   -0.428804  0.0137662 
-0.876449  0.590429   -0.428804  0.0205714 
-0.876449  0.590429   -0.428804  0.010882  
-0.876449  0.590429   -0.428804  0.0113829 
-0.876449  0.590429   -0.428804  0.0184755 
-0.876449  0.590429   -0.428804  0.0195086 
-0.83114   0.677388   -0.401736  0.027787  
-0.83114   0.677388   -0.401736  0.00936144
-0.749045  0.683284   -0.403796  0.00735885
-0.694369  0.605023   -0.418161  0.0070231 
-0.749569  0.662022   -0.438758  0.0096793 
-0.749569  0.662022   -0.438758  0.0154001 
-0.749569  0.662022   -0.438758  0.00849663
-0.754777  0.573274   -0.431658  0.0195768 
-0.754777  0.573274   -0.431658  0.00698374
-0.712447  0.609968   -0.423956  0.0143943 
-0.712447  0.609968   -0.423956  0.0147276 
