#MU        SIGMA      ENERGY     ERROR     
1.41906    0.890548   3.19351    0.186502  
1.46627    0.871764   3.60334    0.158006  
1.46627    0.871764   3.60334    0.116548  
1.39546    0.799929   2.27069    0.114269  
1.37618    0.780842   2.12768    0.10271   
1.37618    0.780842   2.12768    0.10995   
1.34518    0.780527   1.95198    0.0726301 
1.27825    0.732504   1.06537    0.0889337 
1.26959    0.801966   1.26365    0.114337  
1.27703    0.829244   1.58568    0.107299  
1.27642    0.835192   1.49789    0.0683242 
1.25098    0.744114   0.883641   0.0984258 
1.25098    0.744114   0.883641   0.0722346 
1.20379    0.759828   0.629303   0.0725459 
1.24695    0.762351   0.932408   0.0576152 
1.27128    0.681699   0.733955   0.0536086 
1.18057    0.736171   0.486472   0.0940207 
1.18057    0.736171   0.486472   0.0709293 
1.20951    0.679153   0.580331   0.0516668 
1.24122    0.677626   0.526747   0.0372745 
1.28778    0.577981   0.603504   0.0212723 
1.27058    0.499386   0.474139   0.0322853 
1.26999    0.580657   0.433333   0.0430342 
1.26999    0.580657   0.433333   0.0563214 
1.26999    0.580657   0.433333   0.0404939 
1.31983    0.564618   0.811126   0.0303195 
1.325      0.479017   0.69325    0.0186384 
1.23162    0.461817   0.417822   0.0365434 
1.23162    0.461817   0.417822   0.0177617 
1.1914     0.463764   0.277573   0.036495  
1.1914     0.463764   0.277573   0.0245866 
1.21474    0.549971   0.330791   0.0195105 
1.13238    0.576832   0.0276153  0.0242849 
1.13238    0.576832   0.0276153  0.0292068 
1.11823    0.647096   0.053769   0.0459407 
1.04567    0.719066   -0.00806686 0.0436908 
1.03522    0.813569   0.0842557  0.101595  
1.03522    0.813569   0.0842557  0.0464922 
1.0427     0.78672    0.119347   0.0777444 
0.962031   0.85973    0.129496   0.0443786 
1.03711    0.763319   0.0661108  0.0592796 
1.02474    0.794476   0.135137   0.0545501 
0.998993   0.828714   0.144594   0.0463929 
0.940683   0.786012   -0.176939  0.04407   
0.940683   0.786012   -0.176939  0.018629  
0.908568   0.703645   -0.351921  0.0119419 
0.927146   0.606613   -0.375365  0.0117774 
0.888168   0.5524     -0.39139   0.0193095 
0.888168   0.5524     -0.39139   0.0261467 
0.888168   0.5524     -0.39139   0.0126971 
0.905615   0.542243   -0.341458  0.0197825 
0.840342   0.495992   -0.266761  0.0168429 
0.90967    0.513801   -0.286732  0.0108692 
0.984574   0.562317   -0.296004  0.0166155 
0.984574   0.562317   -0.296004  0.0294246 
1.07222    0.639564   -0.0812102 0.0370509 
1.11583    0.716978   0.108133   0.0230678 
1.03009    0.646591   -0.212588  0.0233431 
0.987285   0.653931   -0.256605  0.0107309 
0.889023   0.627424   -0.416476  0.00914079
0.813352   0.678719   -0.429931  0.00679446
0.82239    0.613976   -0.440055  0.00722924
0.833429   0.596326   -0.445311  0.00683165
0.792479   0.600356   -0.439731  0.0109386 
0.731368   0.550574   -0.373627  0.0191886 
0.825139   0.501602   -0.276317  0.0156102 
0.859669   0.51838    -0.318095  0.0185485 
0.803189   0.50228    -0.324289  0.0385186 
0.803189   0.50228    -0.324289  0.0279992 
0.71981    0.451122   -0.0312412 0.0292715 
0.753681   0.458617   -0.149669  0.023733  
0.708986   0.470838   -0.166725  0.0350926 
0.729137   0.43321    -0.0325192 0.0146623 
0.650112   0.51401    -0.281693  0.0284583 
0.691423   0.453381   -0.156606  0.0305733 
0.747964   0.45159    -0.148148  0.0183021 
0.680015   0.503035   -0.326795  0.0183575 
0.760061   0.504476   -0.277704  0.0111317 
0.827287   0.554502   -0.431647  0.0228315 
0.79347    0.487721   -0.290224  0.0434475 
0.755235   0.404756   0.149584   0.0299609 
0.678778   0.447142   -0.109927  0.0411374 
0.678778   0.447142   -0.109927  0.0511527 
0.678778   0.447142   -0.109927  0.0497732 
0.723208   0.370596   0.713976   0.0414693 
0.789956   0.411233   0.168904   0.066006  
0.789956   0.411233   0.168904   0.0657578 
0.786349   0.340877   0.854201   0.0703779 
0.803487   0.318222   1.37419    0.0556937 
0.899667   0.354849   0.657069   0.079757  
0.846942   0.298189   1.51082    0.0804678 
0.901111   0.306929   1.3308     0.0736584 
0.865591   0.303914   1.49181    0.051817  
0.835911   0.372035   0.535971   0.0920344 
0.835911   0.372035   0.535971   0.0863001 
0.835911   0.372035   0.535971   0.0324576 
0.897357   0.435962   0.0591647  0.0453789 
0.897357   0.435962   0.0591647  0.0258342 
0.803197   0.468077   -0.185355  0.0393873 
0.853634   0.392367   0.418146   0.0364048 
0.788604   0.415844   0.163017   0.0330121 
0.798311   0.431626   0.0943232  0.0139095 
0.712542   0.529943   -0.350236  0.0145658 
0.741425   0.52888    -0.37851   0.0228902 
0.779125   0.484528   -0.236141  0.0243848 
0.805999   0.474238   -0.197379  0.0357008 
0.867394   0.413074   0.183691   0.0404622 
0.914778   0.399888   0.325459   0.0307814 
0.949348   0.43531    0.121248   0.0180884 
0.905341   0.50168    -0.225492  0.0151982 
0.953311   0.51234    -0.217107  0.0173251 
0.882129   0.511694   -0.265843  0.00850848
0.799775   0.602544   -0.429014  0.0115356 
0.763317   0.544682   -0.384552  0.00639571
0.790925   0.610953   -0.455828  0.0086336 
0.77664    0.664852   -0.434207  0.0100763 
0.780699   0.696246   -0.432964  0.0140046 
0.702996   0.743961   -0.355544  0.00944083
0.683242   0.703721   -0.385687  0.0101266 
0.609957   0.671002   -0.357721  0.0120306 
0.706369   0.740807   -0.381273  0.00690744
0.703676   0.645922   -0.406815  0.00794442
0.693107   0.635682   -0.407351  0.0109161 
0.666885   0.70595    -0.377679  0.0103846 
0.665909   0.748837   -0.379828  0.0139978 
0.646684   0.707656   -0.380874  0.0130248 
0.568749   0.775449   -0.324407  0.0108238 
0.595692   0.686447   -0.301066  0.00835582
0.630477   0.611597   -0.327419  0.0118868 
0.595636   0.568597   -0.290749  0.018425  
0.569703   0.489062   -0.177429  0.00997285
0.641242   0.575125   -0.348688  0.017483  
0.729405   0.506314   -0.302964  0.0412236 
0.791208   0.409185   0.231191   0.0203507 
0.887141   0.497434   -0.264403  0.021995  
0.856717   0.482985   -0.172511  0.0339156 
0.802099   0.438563   -0.0520206 0.0206187 
0.782358   0.49308    -0.288618  0.0298266 
0.800269   0.456462   -0.189573  0.0511624 
0.847734   0.367292   0.612535   0.0618221 
0.840237   0.339533   1.00542    0.130877  
0.884111   0.246134   2.71536    0.159092  
0.884111   0.246134   2.71536    0.120885  
0.786307   0.259347   2.28895    0.366     
0.786307   0.259347   2.28895    0.313519  
0.786307   0.259347   2.28895    0.186658  
0.786307   0.259347   2.28895    0.205159  
0.786307   0.259347   2.28895    0.0742216 
0.710794   0.319083   1.35696    0.0392397 
0.769593   0.416201   0.121149   0.0171023 
0.704247   0.509571   -0.3221    0.00877342
0.667466   0.58315    -0.371141  0.0126414 
0.671593   0.538699   -0.335702  0.0112488 
0.68783    0.552418   -0.36794   0.0115276 
0.656712   0.545928   -0.330195  0.0129848 
0.676832   0.532405   -0.350649  0.0138181 
0.713943   0.523846   -0.345292  0.00736559
0.729224   0.610598   -0.419375  0.00708289
0.795785   0.599609   -0.455504  0.0144033 
0.795785   0.599609   -0.455504  0.00692652
0.835892   0.604146   -0.441451  0.0147472 
0.879282   0.657922   -0.387899  0.0306543 
0.809835   0.739198   -0.329128  0.0159082 
0.71103    0.755892   -0.34661   0.0162593 
0.642903   0.756925   -0.349052  0.0120331 
0.627893   0.740044   -0.332398  0.0131636 
0.603712   0.767909   -0.332337  0.014044  
0.566836   0.766106   -0.300393  0.00883731
0.658499   0.668671   -0.357584  0.0167076 
0.7344     0.753127   -0.345733  0.0137922 
0.768427   0.683739   -0.392993  0.00772446
0.837625   0.600533   -0.425107  0.006837  
0.738206   0.657999   -0.429101  0.00833903
0.73694    0.654027   -0.425891  0.0132032 
0.813613   0.722286   -0.400123  0.0225657 
0.766841   0.816133   -0.284568  0.0461748 
0.825755   0.901417   -0.100498  0.0506465 
0.780202   0.933575   0.0395215  0.0517672 
0.766721   0.968259   -0.00833562 0.0504932 
0.840312   0.888537   -0.099956  0.0632419 
0.929942   0.964704   0.288488   0.0535882 
0.896324   0.91927    0.0428664  0.0537294 
0.844216   0.967973   0.0452757  0.0565087 
0.778534   1.00545    0.0459916  0.058021  
0.778534   1.00545    0.0459916  0.0682602 
0.779556   1.00689    0.117477   0.145817  
0.779556   1.00689    0.117477   0.0471928 
0.850701   0.936665   0.0261736  0.0690644 
0.850701   0.936665   0.0261736  0.0531449 
0.850701   0.936665   0.0261736  0.0891518 
0.883851   0.988399   0.308184   0.0854878 
0.951161   0.977878   0.494408   0.100451  
0.966186   1.06495    0.792054   0.102551  
0.972255   1.13775    0.91674    0.160552  
0.972255   1.13775    0.91674    0.117557  
0.986776   1.1201     1.05581    0.16823   
1.0245     1.14441    1.68949    0.251363  
1.0245     1.14441    1.68949    0.272653  
1.0245     1.14441    1.68949    0.164723  
1.00467    1.14902    1.40699    0.114964  
0.926988   1.11176    0.946996   0.123678  
0.946284   1.1973     1.17281    0.216531  
0.915824   1.27994    2.1011     0.13288   
0.833219   1.20845    0.868303   0.230562  
0.833219   1.20845    0.868303   0.175963  
0.892744   1.21114    1.33716    0.204845  
0.939483   1.28284    1.90169    0.22138   
0.915391   1.25908    1.66246    0.266834  
0.915391   1.25908    1.66246    0.20909   
0.821429   1.30097    1.46266    0.177298  
0.841567   1.24887    1.14784    0.186495  
0.877397   1.32321    1.46174    0.185672  
0.899187   1.29329    1.61941    0.223898  
0.899187   1.29329    1.61941    0.133078  
0.823546   1.19836    0.995337   0.145186  
0.896489   1.20324    1.07524    0.101269  
0.886175   1.11161    0.623136   0.109882  
0.914507   1.01575    0.573167   0.0623728 
0.822952   1.02195    0.0969927  0.0503967 
0.853936   0.928097   0.0128425  0.0334914 
0.849333   0.849667   -0.182691  0.0371115 
0.802883   0.904473   -0.12011   0.0432784 
0.844521   0.864619   -0.130582  0.036017  
0.911024   0.817565   -0.166099  0.0617119 
0.911024   0.817565   -0.166099  0.0588289 
0.911024   0.817565   -0.166099  0.0462796 
0.823837   0.893371   -0.0711712 0.0441494 
0.79       0.967627   -0.0457237 0.0693466 
0.79       0.967627   -0.0457237 0.085837  
0.79       0.967627   -0.0457237 0.0521935 
0.796589   0.904604   -0.0139221 0.040021  
0.71558    1.00376    -0.0667105 0.0454009 
0.704678   0.940748   -0.0931132 0.0291234 
0.64878    0.940169   -0.217747  0.034199  
0.646203   0.927975   -0.215291  0.0199949 
0.587789   0.885654   -0.264796  0.0443738 
0.644875   0.896826   -0.168861  0.013831  
0.622565   0.829742   -0.365297  0.01566   
0.555891   0.802446   -0.291731  0.0287438 
0.624701   0.846852   -0.282855  0.0120725 
0.570492   0.75504    -0.33704   0.015848  
0.487639   0.84726    -0.26334   0.0125758 
0.57822    0.78654    -0.321529  0.0127641 
0.661358   0.750314   -0.361409  0.0105981 
0.640956   0.701588   -0.352091  0.013874  
0.589137   0.773152   -0.323056  0.0167283 
0.660447   0.74601    -0.331269  0.00785234
0.751751   0.693323   -0.422704  0.015912  
0.838638   0.695097   -0.393293  0.00656132
0.747829   0.64085    -0.43319   0.00737799
0.829516   0.5935     -0.441552  0.00956884
0.906299   0.630345   -0.424379  0.0261678 
0.966151   0.685303   -0.263149  0.0337723 
1.00576    0.714448   -0.139257  0.0236649 
0.964582   0.664402   -0.304335  0.0133192 
0.916683   0.645537   -0.376989  0.0177956 
0.916332   0.63471    -0.377469  0.0115393 
0.983201   0.549009   -0.290633  0.0206914 
1.07444    0.605088   -0.112065  0.0348128 
1.07444    0.605088   -0.112065  0.0336598 
1.04816    0.689604   -0.0852866 0.0410209 
1.04463    0.77034    0.0413313  0.113833  
1.04463    0.77034    0.0413313  0.05258   
1.10694    0.775431   0.257784   0.0352823 
1.10756    0.697035   0.0546321  0.0822621 
1.10756    0.697035   0.0546321  0.0359273 
1.06763    0.703514   -0.00115534 0.022094  
1.09501    0.610231   -0.0659353 0.0443483 
1.14281    0.708275   0.263828   0.0374475 
1.24011    0.613385   0.503255   0.0262627 
1.26042    0.53722    0.450322   0.0404343 
1.33708    0.568889   0.745544   0.0268655 
1.23973    0.529393   0.352049   0.0282881 
1.20736    0.585609   0.271931   0.029585  
1.20736    0.585609   0.271931   0.0181035 
1.16908    0.54617    0.125044   0.0394135 
1.19222    0.62137    0.274821   0.0305054 
1.15747    0.639613   0.154197   0.020896  
1.16588    0.555796   0.151951   0.0204542 
1.23561    0.503536   0.37438    0.0270967 
1.13858    0.415864   0.412674   0.0161282 
1.15984    0.500026   0.146269   0.0250063 
1.2408     0.413052   0.594752   0.0220708 
1.2854     0.445371   0.620436   0.0212615 
1.23592    0.43973    0.475438   0.0198357 
1.1605     0.446518   0.275478   0.0146337 
1.16349    0.523536   0.0882253  0.0233334 
1.14568    0.434474   0.291181   0.0252547 
1.14568    0.434474   0.291181   0.0148912 
1.16313    0.478156   0.219804   0.0136691 
1.11618    0.506176   0.0379186  0.020582  
1.03305    0.46627    0.00630646 0.02223   
1.01827    0.445952   0.114976   0.0417864 
0.921701   0.393507   0.31563    0.0234204 
0.977465   0.457703   -0.00815555 0.0125161 
1.02563    0.55167    -0.222433  0.0100912 
0.941019   0.572078   -0.367386  0.00726983
0.845027   0.598292   -0.443073  0.00684279
0.845027   0.598292   -0.443073  0.0151988 
0.871936   0.662055   -0.395811  0.0306372 
0.946545   0.758449   -0.188288  0.0211372 
0.933288   0.711735   -0.308393  0.0265687 
0.861558   0.77478    -0.258955  0.0540819 
0.957524   0.762907   -0.126515  0.0522871 
1.04829    0.80598    0.167274   0.0508763 
0.96111    0.868735   0.0838715  0.0572878 
0.926059   0.867259   0.05661    0.0593966 
0.93499    0.904388   0.136472   0.0522676 
0.981237   0.899179   0.12753    0.0733432 
0.981237   0.899179   0.12753    0.0459949 
0.963254   0.813723   0.00997842 0.0243216 
0.922785   0.717298   -0.282683  0.0301953 
1.0126     0.696546   -0.190152  0.0340222 
1.0126     0.696546   -0.190152  0.0152596 
1.03421    0.619178   -0.257165  0.0215327 
0.988586   0.677501   -0.263272  0.0460912 
0.993556   0.765841   -0.0449334 0.0343373 
1.04027    0.701289   -0.0972106 0.0321073 
0.94331    0.696342   -0.252855  0.0196796 
0.886811   0.713796   -0.341308  0.0101487 
0.850887   0.642238   -0.426388  0.011267  
0.92519    0.562668   -0.352492  0.0121203 
0.954194   0.579696   -0.336114  0.0113759 
0.913116   0.588954   -0.371867  0.0252787 
0.949341   0.68735    -0.280007  0.00898517
0.86478    0.619773   -0.426898  0.00786155
0.836697   0.593409   -0.431025  0.0163941 
0.79148    0.515651   -0.32403   0.0353016 
0.868559   0.424161   0.126732   0.0583722 
0.944682   0.34005    0.962505   0.0454192 
0.94618    0.369068   0.60628    0.0241029 
0.97448    0.458948   -0.0275242 0.0234723 
0.963564   0.466875   -0.0648863 0.0134262 
0.985578   0.527117   -0.23945   0.0282626 
0.911631   0.437998   0.103839   0.0576986 
0.85632    0.353313   0.708823   0.0466545 
0.880617   0.384449   0.336704   0.0340003 
0.974154   0.416318   0.180061   0.0613695 
0.887467   0.354932   0.590884   0.0583406 
0.887467   0.354932   0.590884   0.0853689 
0.887467   0.354932   0.590884   0.0439276 
0.810663   0.412809   0.124756   0.0238976 
0.794694   0.476382   -0.203558  0.0150157 
0.694709   0.523275   -0.332662  0.0176288 
0.675048   0.500012   -0.29116   0.0365616 
0.637515   0.410807   0.168817   0.0572465 
0.637515   0.410807   0.168817   0.0419156 
0.637515   0.410807   0.168817   0.0371212 
0.615364   0.413068   0.0907572  0.0394807 
0.528189   0.389922   0.255642   0.0262341 
0.44059    0.41231    0.185509   0.0249466 
0.418641   0.419544   0.236103   0.0196691 
0.488586   0.47852    -0.048287  0.0164255 
0.535718   0.523708   -0.188855  0.0294472 
0.57211    0.445767   -0.101301  0.0601052 
0.57211    0.445767   -0.101301  0.031075  
0.552452   0.414273   0.108264   0.0187771 
0.606884   0.490384   -0.222274  0.0148314 
0.520193   0.525629   -0.140712  0.00959188
0.619828   0.610708   -0.329368  0.00993674
0.611747   0.658305   -0.335111  0.0134682 
0.536252   0.590698   -0.22776   0.0118557 
0.570154   0.59332    -0.274978  0.0097704 
0.634414   0.691747   -0.36151   0.0133544 
0.630778   0.754739   -0.334552  0.0182699 
0.552294   0.775181   -0.295743  0.0132987 
0.549211   0.731963   -0.282797  0.0148014 
0.545227   0.800005   -0.305822  0.0211596 
0.545227   0.800005   -0.305822  0.0146455 
0.567906   0.814783   -0.311627  0.0310847 
0.543545   0.862512   -0.257879  0.0175386 
0.560209   0.800182   -0.291844  0.0143614 
0.499786   0.717109   -0.263855  0.0124144 
0.593286   0.666078   -0.324695  0.0130909 
0.568891   0.680928   -0.294954  0.0137829 
0.518335   0.762745   -0.283531  0.0155083 
0.430455   0.792802   -0.244756  0.0153465 
0.47303    0.855946   -0.309043  0.0153055 
0.47303    0.855946   -0.309043  0.0238902 
0.395208   0.939285   -0.254638  0.0285964 
0.413316   1.02539    -0.224506  0.0200866 
0.3972     1.03487    -0.269696  0.0427583 
0.3972     1.03487    -0.269696  0.0292527 
0.47121    1.01359    -0.221561  0.0296207 
0.525545   0.961199   -0.232815  0.016698  
0.427748   0.895252   -0.293741  0.0178654 
0.355583   0.973146   -0.278507  0.0329247 
0.385899   1.00273    -0.209038  0.0286663 
0.29057    1.00133    -0.2246    0.0196985 
0.258722   0.972461   -0.260662  0.0202326 
0.283798   0.914108   -0.186249  0.0202697 
0.236238   0.901435   -0.206756  0.0165663 
0.184583   0.854229   -0.201024  0.0152866 
0.0995652  0.946637   -0.234404  0.021964  
0.178154   0.955847   -0.235064  0.0166924 
0.237827   0.982485   -0.263491  0.0249951 
0.253778   0.884174   -0.222438  0.0165897 
0.286244   0.816759   -0.161225  0.0178206 
0.345684   0.851193   -0.209239  0.0170722 
0.321853   0.774615   -0.194982  0.0174278 
0.392999   0.782291   -0.181646  0.0180671 
0.341372   0.72089    -0.0870571 0.0171295 
0.398982   0.713136   -0.194335  0.0149906 
0.471617   0.69371    -0.201768  0.0160912 
0.469352   0.644673   -0.180453  0.0125722 
0.549599   0.578641   -0.214523  0.0117183 
0.565002   0.633407   -0.286327  0.0110892 
0.595149   0.5725     -0.270559  0.0077535 
0.688182   0.655672   -0.401818  0.00961807
0.694499   0.6708     -0.397548  0.00866345
0.759828   0.68852    -0.429682  0.00846433
0.770851   0.6644     -0.430452  0.0105209 
0.73428    0.683294   -0.400279  0.0183683 
0.74649    0.744213   -0.378024  0.0172402 
0.707631   0.769547   -0.340747  0.0129488 
0.72813    0.719448   -0.402379  0.00699348
0.713101   0.653928   -0.410027  0.00825258
0.751895   0.644564   -0.426882  0.0129515 
0.721691   0.676032   -0.422578  0.0114328 
0.726736   0.701706   -0.381112  0.0249635 
0.699004   0.799486   -0.325171  0.016358  
0.635476   0.794809   -0.320723  0.0160149 
0.551262   0.881671   -0.300563  0.0150874 
0.513555   0.813369   -0.281762  0.0124737 
0.592341   0.724447   -0.310362  0.010605  
0.596371   0.654262   -0.313872  0.0121938 
0.554017   0.652435   -0.268661  0.0135203 
0.572314   0.751809   -0.320601  0.0112035 
0.632046   0.683359   -0.365443  0.0104544 
0.600883   0.605211   -0.31519   0.0129391 
0.543982   0.691396   -0.285459  0.0149439 
0.470259   0.708496   -0.211535  0.0153702 
0.408843   0.797664   -0.241381  0.0147139 
0.502517   0.753412   -0.234863  0.0184089 
0.544154   0.835046   -0.265657  0.016653  
0.548632   0.845088   -0.285133  0.0147111 
0.594918   0.778312   -0.308644  0.0317099 
0.64433    0.819495   -0.250071  0.0359201 
0.736941   0.841952   -0.189965  0.0257913 
0.824593   0.789812   -0.28294   0.013333  
0.833772   0.70776    -0.405078  0.011635  
0.812303   0.704507   -0.405216  0.0175964 
0.84025    0.726221   -0.358974  0.00899635
0.767084   0.689746   -0.428129  0.00814916
0.718913   0.619351   -0.416135  0.0171383 
0.7491     0.689407   -0.402856  0.0107358 
0.769258   0.697792   -0.407376  0.0101013 
0.795777   0.650839   -0.426861  0.00862744
0.798074   0.587917   -0.433325  0.00859902
0.740259   0.670724   -0.409188  0.00655359
0.791023   0.602991   -0.45379   0.0109453 
0.7203     0.68194    -0.391989  0.00901254
0.652105   0.703973   -0.375809  0.0108615 
0.631364   0.729096   -0.345337  0.0147797 
0.699148   0.707862   -0.383475  0.00649316
0.797986   0.631981   -0.450116  0.00837746
0.861644   0.58325    -0.423322  0.0102887 
0.903787   0.600608   -0.406767  0.0182538 
0.903787   0.600608   -0.406767  0.00988787
0.952288   0.585675   -0.33971   0.0204978 
0.979468   0.647458   -0.292061  0.0326585 
0.980345   0.73931    -0.169858  0.0155361 
0.898866   0.655834   -0.387565  0.0111563 
0.82719    0.702482   -0.413999  0.00628655
0.761259   0.641349   -0.444979  0.00570628
0.734105   0.639381   -0.419403  0.0116696 
0.768993   0.680261   -0.400019  0.0148347 
0.688274   0.759603   -0.354712  0.00999748
0.772407   0.6706     -0.420368  0.0449711 
0.772407   0.6706     -0.420368  0.0187498 
0.83702    0.737402   -0.362523  0.024853  
0.900919   0.762      -0.277553  0.0171858 
0.875886   0.686915   -0.384258  0.0238237 
0.778114   0.78262    -0.329684  0.0325505 
0.764554   0.858819   -0.221758  0.0285952 
0.715136   0.865413   -0.206232  0.0276614 
0.665597   0.860156   -0.279471  0.0227917 
0.656166   0.838926   -0.292874  0.0302059 
0.694449   0.911502   -0.230639  0.0489259 
0.698358   1.00829    0.0078756  0.113826  
0.772227   1.07339    0.308549   0.0715743 
0.785435   1.09752    0.309716   0.0665973 
0.804575   1.0343     0.148219   0.0575913 
0.842523   1.00576    0.15775    0.0806459 
0.936926   1.05288    0.529872   0.111611  
1.00275    1.0814     0.867526   0.138114  
1.05496    1.07203    1.28335    0.11121   
0.962461   1.06831    0.954842   0.158846  
0.962461   1.06831    0.954842   0.0881185 
0.966244   1.01131    0.687904   0.108548  
0.988937   1.10647    0.944521   0.171131  
0.988937   1.10647    0.944521   0.120521  
0.906685   1.12054    0.893182   0.0810198 
0.902868   1.0268     0.492184   0.0779501 
0.885305   0.961418   0.240135   0.0908165 
0.880448   1.00358    0.360663   0.0727047 
0.801173   1.00818    0.205727   0.0560993 
0.785365   0.943607   -0.0735492 0.0809118 
0.732375   1.04059    0.15915    0.0726647 
0.796668   1.08953    0.284557   0.0848606 
0.845424   1.0873     0.344353   0.153497  
0.845424   1.0873     0.344353   0.165071  
0.94479    1.12977    1.28855    0.203825  
1.02929    1.20904    2.10349    0.188102  
1.05467    1.23464    2.18152    0.256953  
1.11149    1.32076    3.27339    0.321141  
1.1654     1.33902    4.15462    0.325386  
1.18261    1.29227    4.27706    0.2541    
1.18421    1.20466    3.18072    0.257358  
1.24254    1.15812    3.237      0.257838  
1.25585    1.13601    3.46226    0.231989  
1.17024    1.13128    2.60885    0.254901  
1.21115    1.16821    3.18071    0.2284    
1.18551    1.12819    2.6606     0.217142  
1.23631    1.1552     3.03239    0.273866  
1.23631    1.1552     3.03239    0.240717  
1.21399    1.12328    3.17444    0.179416  
1.23988    1.06097    2.59609    0.197505  
1.18862    1.11264    2.38235    0.284121  
1.18862    1.11264    2.38235    0.222542  
1.16621    1.19531    2.53576    0.177046  
1.21009    1.13629    2.59178    0.312284  
1.20024    1.21935    3.59925    0.264263  
1.10833    1.28727    3.40623    0.418216  
1.16877    1.2972     4.19371    0.289318  
1.08112    1.29729    3.1307     0.454457  
1.08112    1.29729    3.1307     0.221375  
1.00561    1.30134    2.37196    0.269959  
1.06131    1.34055    2.58116    0.195219  
1.14076    1.28008    2.59078    0.264789  
1.1383     1.25955    3.05694    0.445734  
1.1383     1.25955    3.05694    0.176792  
1.15713    1.17054    2.36491    0.317995  
1.074      1.26547    3.03193    0.20349   
1.09646    1.21053    2.00805    0.233131  
1.15655    1.24919    3.04335    0.217877  
1.10698    1.19559    2.44955    0.180084  
1.0099     1.20747    1.78317    0.443006  
1.06816    1.26767    3.11504    0.21851   
1.08221    1.21858    2.26185    0.225682  
1.08221    1.21858    2.26185    0.164716  
1.03632    1.15475    1.47956    0.26221   
1.03632    1.15475    1.47956    0.215375  
1.01698    1.11928    1.46772    0.125653  
0.974069   1.11698    1.11863    0.180936  
1.02656    1.17532    1.68851    0.197407  
1.0729     1.2184     2.35415    0.359425  
0.993036   1.2515     2.15279    0.202039  
1.00997    1.27672    2.10818    0.202156  
0.97219    1.27808    1.83038    0.434482  
0.97219    1.27808    1.83038    0.279269  
0.903853   1.26912    2.09178    0.145616  
0.837827   1.26155    1.21672    0.125097  
0.818748   1.23905    1.01171    0.10859   
0.740825   1.2728     0.850462   0.107686  
0.796675   1.18673    0.579551   0.0995774 
0.757261   1.2214     0.666108   0.147472  
0.798405   1.24217    1.04505    0.154178  
0.784096   1.21506    0.847415   0.102388  
0.701258   1.22304    0.667958   0.181701  
0.701258   1.22304    0.667958   0.104694  
0.611022   1.27476    0.576001   0.162539  
0.564036   1.30985    0.909199   0.105527  
0.607165   1.21171    0.522185   0.0694733 
0.591202   1.1481     0.192269   0.096209  
0.594739   1.11961    0.218266   0.069788  
0.563597   1.10485    0.130428   0.0946576 
0.465266   1.19171    0.0678705  0.142547  
0.537118   1.23579    0.422078   0.150331  
0.590753   1.16055    0.458694   0.0695167 
0.521265   1.19942    0.181581   0.100501  
0.539506   1.24929    0.329277   0.0819757 
0.441757   1.33523    0.33522    0.099937  
0.390898   1.2607     0.394833   0.0591168 
0.393093   1.18018    0.046504   0.0624644 
0.354631   1.16621    -0.0131509 0.090119  
0.27408    1.10504    -0.108848  0.0245662 
0.212107   1.01038    -0.224658  0.0180039 
0.27015    0.940225   -0.275358  0.0172083 
0.362765   0.864038   -0.232499  0.0164581 
0.306386   0.820808   -0.208505  0.0173329 
0.271016   0.837583   -0.199167  0.0172209 
0.361399   0.772716   -0.198718  0.0151359 
0.372346   0.822097   -0.231834  0.0193561 
0.275102   0.744205   -0.117968  0.0158737 
0.281646   0.835413   -0.190887  0.0164014 
0.360988   0.774986   -0.187229  0.0206971 
0.397861   0.80282    -0.216515  0.0165519 
0.361644   0.880663   -0.241874  0.0245889 
0.365954   0.979425   -0.240942  0.0219567 
0.445123   0.943996   -0.25822   0.0236119 
0.404318   0.921058   -0.269743  0.016521  
0.324986   0.936988   -0.243672  0.023652  
0.373169   0.893019   -0.236356  0.0210109 
0.466891   0.949385   -0.244984  0.0349681 
0.466891   0.949385   -0.244984  0.0171766 
0.448966   0.868228   -0.274222  0.0350985 
0.472074   0.820606   -0.223246  0.0160682 
0.411409   0.72268    -0.123976  0.0200533 
0.361538   0.645677   -0.0472251 0.0187895 
0.323394   0.728384   -0.102751  0.0190317 
0.295967   0.705539   -0.0376349 0.0182227 
0.268677   0.734722   -0.079055  0.0186911 
0.341984   0.733733   -0.159223  0.0151453 
0.408368   0.818335   -0.273765  0.0168626 
0.320222   0.805308   -0.169397  0.0157001 
0.353549   0.808318   -0.206483  0.0156042 
0.444758   0.845795   -0.237833  0.015141  
0.436287   0.765034   -0.195095  0.0165221 
0.357087   0.770408   -0.195184  0.0175996 
0.303555   0.768022   -0.161562  0.0178259 
0.297038   0.747948   -0.151291  0.0187053 
0.327892   0.725965   -0.115318  0.0180828 
0.253686   0.76742    -0.102301  0.0180806 
0.334143   0.725481   -0.145925  0.0212636 
0.332966   0.649859   -0.0102044 0.0229148 
0.273702   0.613999   0.126367   0.0234609 
0.295469   0.602239   0.131225   0.0262151 
0.295469   0.602239   0.131225   0.0189585 
0.331417   0.663899   -0.0170296 0.0229754 
0.26846    0.614213   0.157712   0.0297366 
0.169323   0.562211   0.380695   0.023854  
0.19145    0.657758   0.0974212  0.0269117 
0.159562   0.578931   0.321198   0.0257856 
0.144278   0.61983    0.234172   0.0282175 
0.233045   0.576427   0.201238   0.0280551 
0.143252   0.60087    0.235724   0.0286822 
0.147691   0.572674   0.430331   0.0230024 
0.150522   0.652521   0.189538   0.0256901 
0.168722   0.614802   0.24366    0.0291543 
0.230316   0.53002    0.422752   0.0277195 
0.250032   0.566148   0.26399    0.0316776 
0.154258   0.528449   0.532765   0.027853  
0.152495   0.597986   0.251513   0.0335806 
0.158087   0.519515   0.573376   0.032399  
0.0628014  0.553422   0.461102   0.0421094 
0.0873171  0.458801   0.914735   0.0420834 
0.0932733  0.452342   1.00583    0.0336168 
0.106552   0.522122   0.607202   0.0348349 
0.189046   0.512814   0.501804   0.0239578 
0.20776    0.600819   0.318098   0.0280473 
0.210147   0.586855   0.257007   0.0234242 
0.276945   0.583768   0.200954   0.0231984 
0.301775   0.573697   0.166839   0.019373  
0.30803    0.660726   0.0225161  0.0190878 
0.366443   0.645282   -0.0276285 0.0225088 
0.311212   0.631108   0.00604103 0.0293263 
0.251594   0.547415   0.273239   0.0269162 
0.214186   0.602936   0.19956    0.0218778 
0.213915   0.694989   0.00140152 0.0224645 
0.276775   0.634557   0.0857985  0.0260276 
0.194031   0.617179   0.165129   0.0229176 
0.161152   0.695066   0.0245007  0.0221607 
0.16714    0.690967   0.0645267  0.025024  
0.16714    0.690967   0.0645267  0.0210544 
0.0703793  0.734461   0.00994998 0.0189882 
0.116212   0.830363   -0.142411  0.01815   
0.138439   0.790308   -0.0974891 0.0198034 
0.0678552  0.756137   -0.0497162 0.0231534 
0.0622585  0.669      0.175014   0.0203834 
0.122025   0.730499   0.0115368  0.0235956 
0.107712   0.671182   0.137886   0.0292195 
0.0637878  0.587566   0.364761   0.0292487 
0.119424   0.584861   0.34403    0.0266387 
0.216919   0.583799   0.243224   0.0217444 
0.312016   0.636386   0.0343973  0.0230092 
0.307934   0.599799   0.139431   0.021178  
0.282466   0.656673   0.0628104  0.0205718 
0.268293   0.701933   -0.0496668 0.0170028 
0.308397   0.797159   -0.165916  0.017418  
0.342113   0.746971   -0.133794  0.0162837 
0.336306   0.823736   -0.185155  0.0181159 
0.272028   0.732429   -0.0594099 0.0239527 
0.272028   0.732429   -0.0594099 0.0196277 
0.256863   0.739751   -0.0978164 0.0206257 
0.159787   0.725474   -0.0231861 0.017724  
0.19168    0.822423   -0.141542  0.0166057 
0.105738   0.900392   -0.203392  0.0175226 
0.0710747  0.853939   -0.140599  0.0183811 
0.0710747  0.853939   -0.140599  0.0200872 
0.0112599  0.762654   -0.0298762 0.0178613 
-0.01373   0.81054    -0.114831  0.020069  
0.0637785  0.750048   -0.052805  0.0175898 
-0.0126641 0.824423   -0.109821  0.0186498 
0.06336    0.895893   -0.220862  0.0175165 
0.0848573  0.839056   -0.156176  0.0212468 
0.0848573  0.839056   -0.156176  0.0199456 
0.0848573  0.839056   -0.156176  0.0169449 
0.107701   0.836323   -0.126867  0.0172928 
0.195829   0.898181   -0.232379  0.0179977 
0.266378   0.821449   -0.183231  0.0176605 
0.255819   0.841484   -0.220473  0.0161106 
0.284293   0.838557   -0.166918  0.0162149 
0.205595   0.816268   -0.109188  0.0165527 
0.212051   0.915992   -0.257763  0.0173027 
0.21774    0.884798   -0.206466  0.0171739 
0.218088   0.84126    -0.152785  0.0164684 
0.149278   0.92528    -0.227894  0.0187038 
0.112763   0.990322   -0.280232  0.0282042 
0.187906   0.999701   -0.222813  0.0155052 
0.159362   0.974838   -0.27148   0.0184978 
0.228503   0.893687   -0.206779  0.0170927 
0.301082   0.84392    -0.196572  0.0186893 
0.263584   0.762281   -0.103814  0.0186883 
0.229888   0.747454   -0.0917436 0.0171043 
0.167123   0.824895   -0.198122  0.0184053 
0.189803   0.765258   -0.0908805 0.016368  
0.182748   0.847035   -0.161346  0.0174131 
0.134194   0.841879   -0.154531  0.0171251 
0.037731   0.868959   -0.210931  0.0175859 
-0.0128558 0.885123   -0.187395  0.0195471 
0.018303   0.789945   -0.0879425 0.0198324 
-0.0376485 0.784079   -0.113837  0.0175005 
0.0218655  0.866015   -0.201448  0.0167136 
0.0801916  0.833421   -0.151926  0.0163558 
0.0946197  0.863873   -0.180991  0.0163869 
0.048339   0.937695   -0.245355  0.0155597 
0.126178   0.890874   -0.209395  0.0152252 
0.218377   0.911315   -0.242445  0.0167481 
0.227148   0.822816   -0.130837  0.0165292 
0.297668   0.77545    -0.118339  0.0213139 
0.201339   0.714426   -0.0575651 0.018935  
0.131927   0.755098   -0.0305086 0.0179867 
0.0941554  0.821093   -0.170768  0.0166242 
0.146585   0.829247   -0.136417  0.0156259 
0.212372   0.859002   -0.213837  0.0168277 
0.147197   0.890343   -0.227504  0.0165404 
0.0531776  0.921022   -0.247884  0.0232183 
0.0723881  0.950767   -0.208575  0.0161091 
0.154661   0.890868   -0.211911  0.0212214 
0.122497   0.9599     -0.227069  0.0193325 
0.184519   0.996458   -0.241304  0.0170437 
0.265314   0.946293   -0.296178  0.0208261 
0.312202   1.04358    -0.250832  0.041441  
0.376395   1.03436    -0.133064  0.0310017 
0.372877   0.963585   -0.240016  0.0239561 
0.288      1.05261    -0.25586   0.0183906 
0.323603   1.02127    -0.28768   0.0321909 
0.357733   1.07772    -0.196954  0.0795246 
0.390503   1.13419    -0.0319612 0.105647  
0.390503   1.13419    -0.0319612 0.0709926 
0.309331   1.17542    0.0435156  0.057662  
0.391351   1.18787    0.0506826  0.0354471 
0.303254   1.08836    -0.187007  0.0260165 
0.330321   1.06255    -0.229198  0.0408517 
0.330321   1.06255    -0.229198  0.0243533 
0.35528    0.982966   -0.251852  0.0186971 
0.398853   0.922867   -0.259453  0.0317365 
0.306875   1.00572    -0.179153  0.0574155 
0.394549   1.0769     -0.0703464 0.0426059 
0.418832   1.08589    -0.119088  0.0358135 
0.415386   1.01535    -0.192517  0.0224095 
0.457947   0.979499   -0.25136   0.0387349 
0.52697    1.02457    -0.235747  0.0262855 
0.526494   0.986667   -0.244458  0.0393414 
0.60493    1.05548    -0.111695  0.0299753 
0.520856   0.983812   -0.205846  0.0289094 
0.473466   0.998578   -0.235219  0.0461827 
0.555028   0.956418   -0.226707  0.0179954 
0.535713   0.880711   -0.266093  0.0205594 
0.473732   0.860225   -0.279574  0.0178512 
0.436288   0.942064   -0.270541  0.0199235 
0.410942   0.926215   -0.232344  0.0302839 
0.336513   0.970165   -0.223855  0.0257314 
0.41149    1.06486    -0.210116  0.0197918 
0.341996   0.993304   -0.242642  0.0298468 
0.366053   1.02169    -0.210168  0.0508955 
0.403642   1.10254    -0.111171  0.0281346 
0.355469   1.09107    -0.225511  0.0333608 
0.339141   1.13506    -0.160213  0.0555993 
0.348866   1.23099    0.0230739  0.0719158 
0.394699   1.30657    0.252355   0.0895017 
0.403007   1.21804    0.0816841  0.19615   
0.459592   1.16191    0.262506   0.0908231 
0.442749   1.23004    0.238095   0.109431  
0.501667   1.27855    0.418305   0.0799037 
0.45201    1.26745    0.295015   0.0639058 
0.523656   1.19952    0.0663246  0.0845632 
0.527427   1.25227    0.380689   0.108943  
0.502621   1.21737    0.364891   0.0970301 
0.534296   1.26887    0.449426   0.161217  
0.585312   1.3419     1.00796    0.139578  
0.662228   1.32577    0.821331   0.0807556 
0.576595   1.27934    0.415946   0.063669  
0.52335    1.21255    0.212486   0.0964889 
0.572561   1.22455    0.231167   0.0680005 
0.577828   1.16936    0.182761   0.0768503 
0.656943   1.08091    0.128436   0.104842  
0.641145   1.13437    0.306752   0.10146   
0.698391   1.22163    0.574136   0.0961239 
0.688281   1.17558    0.350527   0.121267  
0.644161   1.18878    0.420787   0.13643   
0.734344   1.20752    0.732342   0.179575  
0.816327   1.2834     1.28366    0.17178   
0.818171   1.26654    1.26116    0.25144   
0.820195   1.31295    1.74758    0.157773  
0.89774    1.28166    1.49221    0.138758  
0.934154   1.24558    1.40266    0.187491  
0.962478   1.21636    1.68188    0.170568  
0.962478   1.21636    1.68188    0.287151  
0.962478   1.21636    1.68188    0.188794  
0.962478   1.21636    1.68188    0.229896  
0.873992   1.2405     1.38394    0.128843  
0.917034   1.19853    1.17851    0.128032  
0.923077   1.17403    1.1279     0.135698  
0.966267   1.13637    1.21234    0.0951348 
0.935976   1.07435    0.739876   0.0870517 
0.843223   1.03391    0.43828    0.102094  
0.794479   1.02697    0.260023   0.0453118 
0.718982   0.930407   -0.106711  0.0338821 
0.757755   0.860938   -0.235481  0.0163353 
0.697178   0.772723   -0.350439  0.0119062 
0.683788   0.736839   -0.376329  0.0106385 
0.595721   0.680617   -0.32309   0.0136121 
0.607005   0.715232   -0.330274  0.0126672 
0.607005   0.715232   -0.330274  0.0157576 
0.599336   0.781991   -0.337753  0.0176341 
0.531923   0.837384   -0.274624  0.024024  
0.520163   0.923748   -0.241629  0.0161564 
0.472306   0.927863   -0.315426  0.0144047 
0.383057   0.846317   -0.264995  0.0158905 
0.431077   0.939278   -0.283943  0.0272382 
0.5262     0.848483   -0.252591  0.0222358 
0.513637   0.909644   -0.255934  0.0268675 
0.586368   0.960254   -0.213781  0.0284547 
0.616459   0.930303   -0.233145  0.0270378 
0.561758   0.894896   -0.237664  0.0167727 
0.485165   0.804096   -0.255128  0.0156809 
0.477474   0.80835    -0.28381   0.0144619 
0.525245   0.735708   -0.272917  0.014774  
0.573215   0.814942   -0.325943  0.0175461 
0.547852   0.86662    -0.296082  0.0187153 
0.489998   0.88229    -0.284298  0.0186003 
0.514803   0.902358   -0.290593  0.0373441 
0.452296   0.892887   -0.23225   0.0177934 
0.366045   0.876696   -0.261281  0.0157889 
0.34922    0.898376   -0.273992  0.0141688 
0.310607   0.895869   -0.256477  0.0187168 
0.232635   0.982971   -0.261915  0.0330056 
0.236085   0.935361   -0.221353  0.0176844 
0.18978    0.880334   -0.232198  0.0171255 
0.144525   0.845109   -0.197693  0.0196225 
0.126758   0.895782   -0.174584  0.0193249 
0.0535682  0.986986   -0.271031  0.0328631 
0.058972   1.07652    -0.235646  0.0241634 
0.0257877  1.0623     -0.261608  0.0154556 
0.0842764  0.963828   -0.280006  0.0156543 
0.0343851  0.904358   -0.221496  0.0156967 
0.0638838  0.889569   -0.196691  0.0191995 
0.129728   0.874506   -0.184564  0.0173212 
0.0353947  0.940331   -0.223144  0.0153275 
0.128133   0.927502   -0.247511  0.0176191 
0.0399541  0.828213   -0.143903  0.0176057 
0.078463   0.831422   -0.130624  0.0199932 
-0.00293471 0.785112   -0.0957169 0.017895  
3.95822e-05 0.812438   -0.113466  0.0262773 
0.00268966 0.870425   -0.163565  0.0168078 
-0.0108976 0.894105   -0.229351  0.0175822 
0.0734635  0.972988   -0.274252  0.0461097 
0.0734635  0.972988   -0.274252  0.0192637 
0.111861   0.996334   -0.22751   0.0158465 
0.185384   0.958779   -0.253309  0.036771  
0.223034   1.01906    -0.212178  0.0273281 
0.271192   1.06256    -0.207483  0.0300517 
0.278425   1.0084     -0.236055  0.0392177 
0.276957   1.08049    -0.205465  0.0203693 
0.292689   0.982424   -0.258574  0.0211776 
0.19849    1.0264     -0.26931   0.0215427 
0.248816   0.945555   -0.253347  0.0150162 
0.32727    0.918342   -0.307157  0.0165552 
0.28249    0.829487   -0.201151  0.0162363 
0.312079   0.812253   -0.188953  0.0154253 
0.332574   0.858994   -0.230201  0.0160319 
0.361372   0.807614   -0.206056  0.0161306 
0.426348   0.731501   -0.226193  0.0163521 
0.34824    0.80604    -0.219101  0.0172296 
0.258158   0.81658    -0.189176  0.0182076 
0.282352   0.773213   -0.187326  0.017345  
0.343098   0.760185   -0.167009  0.0159975 
0.247409   0.809121   -0.122202  0.0204333 
0.228579   0.740949   -0.0818598 0.0185741 
0.194187   0.760395   -0.0759216 0.0194526 
0.15973    0.759363   -0.0623587 0.017014  
0.112757   0.83775    -0.227951  0.0161719 
0.12086    0.887771   -0.178579  0.0211928 
0.162373   0.816741   -0.115983  0.0202995 
0.128682   0.73959    -0.00670067 0.0167181 
0.186564   0.818229   -0.126919  0.0164853 
0.101967   0.862779   -0.192057  0.017878  
0.0594252  0.855271   -0.172907  0.0160573 
0.126387   0.873451   -0.214125  0.0181431 
0.107636   0.794305   -0.105363  0.0177214 
0.110122   0.824778   -0.154813  0.0196138 
0.0691354  0.835463   -0.165859  0.0169175 
0.148369   0.882014   -0.22694   0.0189283 
0.19984    0.907054   -0.202087  0.0172477 
0.196445   0.852623   -0.183012  0.0164846 
0.252896   0.843474   -0.205877  0.0178817 
0.181085   0.853263   -0.178985  0.0164135 
0.275725   0.786266   -0.137464  0.0182361 
0.369323   0.708145   -0.135024  0.0169081 
0.345292   0.771398   -0.180185  0.0217112 
0.44039    0.867078   -0.2406    0.0179751 
0.381667   0.956427   -0.2797    0.0212974 
0.429719   0.992562   -0.270088  0.036755  
0.373231   0.964479   -0.194005  0.0232028 
0.419605   0.986172   -0.226056  0.0247324 
0.495407   0.92563    -0.266171  0.0225265 
0.442531   0.955681   -0.267939  0.0183724 
0.358667   0.992395   -0.259183  0.0285469 
0.325936   0.948099   -0.216853  0.0381274 
0.268598   1.02358    -0.228294  0.0377074 
0.335477   1.10732    -0.167465  0.0295844 
0.242055   1.11389    -0.19228   0.0353533 
0.332348   1.12148    -0.106563  0.0468874 
0.313032   1.18226    -0.0869969 0.0344209 
0.346635   1.12734    -0.146923  0.0329395 
0.371218   1.04193    -0.204823  0.0290985 
0.303397   1.10328    -0.191206  0.0409367 
0.208797   1.1227     -0.169884  0.0255132 
0.114438   1.05009    -0.207947  0.0285675 
0.0546881  1.01836    -0.244088  0.0266814 
0.029144   1.08887    -0.21656   0.0263706 
-0.0135831 1.10173    -0.230571  0.0470716 
-0.00536056 1.18373    -0.0739161 0.0251619 
0.0427857  1.10251    -0.229823  0.0356928 
0.0228307  1.16919    -0.134523  0.0195021 
-0.0539568 1.07766    -0.268955  0.0409722 
0.0384872  1.1334     -0.167849  0.0647031 
0.0337026  1.13847    -0.141097  0.0211661 
0.0979227  1.04993    -0.266562  0.030929  
0.0979227  1.04993    -0.266562  0.0169744 
0.189966   0.963374   -0.288234  0.0172054 
0.17107    0.967418   -0.250645  0.0158201 
0.129913   0.882005   -0.229608  0.0167704 
0.1497     0.838914   -0.131837  0.0188823 
0.0528253  0.76892    -0.0436286 0.021001  
0.0808081  0.746907   -0.0452656 0.021092  
0.0248273  0.734433   0.0119725  0.0207397 
-0.0572164 0.743305   0.00460179 0.0241135 
-0.0150944 0.697061   0.0913273  0.0220371 
-0.0538999 0.723503   0.00694042 0.0243554 
0.0309443  0.647822   0.231921   0.0228594 
0.0661425  0.690715   0.120625   0.0243275 
0.0850204  0.65525    0.166384   0.0227413 
0.0712609  0.702414   0.064389   0.0292738 
0.0712609  0.702414   0.064389   0.0261187 
0.117887   0.615675   0.276656   0.0285756 
0.129594   0.592254   0.296991   0.0345412 
0.096705   0.503494   0.717744   0.0381821 
0.102803   0.469513   0.91868    0.0491369 
0.0835569  0.407605   1.33303    0.059713  
0.0936643  0.388851   1.40853    0.0636529 
0.106088   0.362005   1.55747    0.0663431 
0.172227   0.299881   1.84317    0.0577884 
0.102945   0.378898   1.43962    0.0494711 
0.105779   0.411042   1.24169    0.0401723 
0.102906   0.486759   0.699102   0.0415771 
0.028679   0.490974   0.709479   0.0315771 
0.0656122  0.565777   0.443698   0.0379507 
0.147883   0.486288   0.647481   0.0332335 
0.105717   0.559467   0.362753   0.0337411 
0.109481   0.525143   0.591046   0.0305807 
0.149972   0.566564   0.343457   0.0317713 
0.0522918  0.544956   0.579782   0.02676   
0.151803   0.623675   0.159648   0.021715  
0.192142   0.691192   0.0548689  0.0215567 
0.230371   0.687871   -0.0333732 0.0217211 
0.232203   0.707141   -0.0138601 0.024156  
0.204131   0.640335   0.166063   0.0300621 
0.204131   0.640335   0.166063   0.0203207 
0.210929   0.722218   -0.0592599 0.0178726 
0.27927    0.771589   -0.182252  0.0192205 
0.27927    0.771589   -0.182252  0.0154056 
0.36236    0.811304   -0.231836  0.0187022 
0.282711   0.739135   -0.108781  0.0176722 
0.373139   0.697455   -0.0912673 0.0172172 
0.439275   0.621889   -0.114011  0.0146272 
0.525325   0.604676   -0.233547  0.0153279 
0.487099   0.688068   -0.245637  0.0125565 
0.585529   0.744866   -0.311916  0.0144548 
0.504519   0.674841   -0.232145  0.0112038 
0.591099   0.642685   -0.308342  0.0117224 
0.590472   0.71389    -0.324163  0.0123972 
0.623184   0.748114   -0.320025  0.0120376 
0.572075   0.656812   -0.324015  0.0118455 
0.575529   0.575276   -0.263938  0.0146775 
0.504746   0.655014   -0.229613  0.0167652 
0.465668   0.610457   -0.136896  0.0145557 
0.50542    0.590051   -0.169151  0.0146197 
0.4935     0.635713   -0.207366  0.0201511 
0.402566   0.546576   0.0814836  0.0210742 
0.390896   0.573845   0.00276745 0.0155623 
0.479116   0.61354    -0.133632  0.0195856 
0.409337   0.535474   0.0550854  0.0225467 
0.364513   0.523258   0.16256    0.0368576 
0.275044   0.423444   0.549607   0.0321167 
0.324794   0.410635   0.484428   0.026038  
0.324996   0.467057   0.414822   0.0344274 
0.324996   0.467057   0.414822   0.0343858 
0.324996   0.467057   0.414822   0.0191744 
0.405628   0.54536    0.0792364  0.0149295 
0.491016   0.616943   -0.153645  0.0149097 
0.510622   0.573862   -0.167333  0.0171419 
0.44555    0.5563     -0.00617106 0.0150807 
0.501504   0.584357   -0.145708  0.0170442 
0.455913   0.630995   -0.159058  0.0179801 
0.475853   0.537459   -0.0765081 0.0208413 
0.532128   0.462928   -0.0944018 0.0343288 
0.52183    0.400588   0.199771   0.0530846 
0.484457   0.344225   0.642418   0.0636106 
0.567332   0.346526   0.739787   0.0840096 
0.567332   0.346526   0.739787   0.0800708 
0.567332   0.346526   0.739787   0.0909235 
0.665477   0.29954    1.77397    0.0419414 
0.634623   0.384048   0.458883   0.0371265 
0.546439   0.399214   0.0945151  0.020712  
0.511502   0.458738   -0.0113128 0.017616  
0.46539    0.511617   -0.00555328 0.030172  
0.561673   0.420026   0.0345835  0.0209381 
0.567124   0.465929   -0.114579  0.0314032 
0.471396   0.399975   0.212212   0.0325679 
0.558287   0.417511   0.0632207  0.0720478 
0.529248   0.330996   0.826725   0.107956  
0.529248   0.330996   0.826725   0.027966  
0.49155    0.427398   0.0417737  0.0402974 
0.564575   0.391452   0.220362   0.0448414 
0.608215   0.388267   0.267246   0.0475138 
0.559477   0.373895   0.326717   0.0522451 
0.558773   0.367269   0.440699   0.138229  
0.558773   0.367269   0.440699   0.0691527 
0.600794   0.33981    0.723464   0.0374057 
0.511451   0.388618   0.233937   0.0224956 
0.467908   0.42314    0.17635    0.0397162 
0.406011   0.356114   0.441869   0.0288486 
0.487371   0.403161   0.170858   0.0712874 
0.487371   0.403161   0.170858   0.0666409 
0.487371   0.403161   0.170858   0.0239366 
0.415991   0.447443   0.146193   0.0244058 
0.334236   0.514705   0.285971   0.0281283 
0.33955    0.434542   0.412983   0.0303364 
0.416207   0.375232   0.370088   0.0740122 
0.416207   0.375232   0.370088   0.025501  
0.4236     0.417043   0.220137   0.0264555 
0.338338   0.481391   0.310266   0.0319551 
0.304057   0.435483   0.498378   0.0294954 
0.317425   0.458538   0.396537   0.031692  
0.334189   0.429845   0.432931   0.0219689 
0.363869   0.482368   0.27014    0.0271441 
0.35051    0.434093   0.386883   0.0300531 
0.325059   0.468562   0.367696   0.0232538 
0.339782   0.546348   0.162303   0.020939  
0.385697   0.538954   0.112975   0.0212688 
0.367502   0.613387   0.00827494 0.0195456 
0.37488    0.625891   -0.0238971 0.020685  
0.379862   0.58678    0.0558019  0.0178972 
0.413211   0.569398   -0.00713316 0.0214309 
0.408921   0.517529   0.0592606  0.0218013 
0.408921   0.517529   0.0592606  0.0259427 
0.408921   0.517529   0.0592606  0.0158777 
0.502715   0.533453   -0.117181  0.0177154 
0.504803   0.48597    -0.0781199 0.0173793 
0.508915   0.480027   -0.0496974 0.0264113 
0.434136   0.407278   0.24017    0.0281395 
0.335474   0.425242   0.468139   0.028962  
0.342379   0.389474   0.494201   0.0227445 
0.384591   0.40883    0.378925   0.0248334 
0.317268   0.496313   0.33335    0.0236591 
0.366322   0.559321   0.0488926  0.0292013 
0.366322   0.559321   0.0488926  0.0245112 
0.308609   0.591285   0.112583   0.0245253 
0.313738   0.582244   0.114835   0.0264972 
0.239176   0.589827   0.206323   0.024338  
0.333151   0.574909   0.0988359  0.021496  
0.370917   0.526981   0.184394   0.0299417 
0.328362   0.440715   0.373457   0.0226466 
0.377724   0.423585   0.35232    0.0301257 
0.440335   0.398431   0.245471   0.0267957 
0.419968   0.392435   0.322073   0.0397177 
0.448071   0.360416   0.469465   0.104931  
0.448071   0.360416   0.469465   0.0699863 
0.494034   0.326365   0.735609   0.0342396 
0.569475   0.410061   0.102313   0.0306863 
0.538562   0.40866    0.127381   0.0230306 
0.472262   0.440597   0.0627919  0.0398482 
0.418588   0.36427    0.442873   0.125644  
0.418588   0.36427    0.442873   0.0715785 
0.418588   0.36427    0.442873   0.0380248 
0.364069   0.367261   0.446685   0.0242842 
0.392081   0.450515   0.220774   0.0279875 
0.410831   0.422771   0.217579   0.039442  
0.410831   0.422771   0.217579   0.0551151 
0.506343   0.347055   0.618486   0.0420324 
0.444007   0.365274   0.346433   0.022146  
0.522918   0.459069   -0.0631575 0.0128941 
0.597753   0.531511   -0.247422  0.0141666 
0.547832   0.522692   -0.167027  0.0156294 
0.527086   0.509093   -0.138862  0.0163742 
0.46769    0.551444   -0.0737669 0.0210346 
0.404494   0.486738   0.178487   0.0284246 
0.325117   0.51158    0.247471   0.0236423 
0.371792   0.4372     0.285394   0.0192151 
0.434521   0.481043   0.0767014  0.0179967 
0.517748   0.478752   -0.0721402 0.0225522 
0.598327   0.46629    -0.108563  0.0222848 
0.501724   0.434238   0.0529178  0.0310138 
0.534959   0.418187   0.0552309  0.0711433 
0.534959   0.418187   0.0552309  0.0498112 
0.494453   0.355882   0.487441   0.0332207 
0.395635   0.368363   0.431544   0.0486068 
0.395635   0.368363   0.431544   0.0286195 
0.298316   0.455038   0.515341   0.0269403 
0.280669   0.51761    0.380792   0.0324518 
0.285588   0.422751   0.596421   0.0358813 
0.248001   0.409338   0.837618   0.0390611 
0.19521    0.459677   0.709584   0.0321866 
0.129834   0.536022   0.518804   0.0260249 
0.156046   0.613808   0.227245   0.0275218 
0.221023   0.567208   0.303777   0.0273805 
0.15996    0.575602   0.364196   0.0227211 
0.184226   0.675264   0.0975084  0.0243649 
0.267745   0.624139   0.0628052  0.023161  
0.177142   0.690207   0.0257694  0.0199666 
0.255736   0.713331   -0.0531794 0.0204279 
0.178233   0.713407   0.0201305  0.0201953 
0.130074   0.742542   -0.0430087 0.0183062 
0.0365172  0.80056    -0.0736197 0.0193337 
0.0444795  0.759151   -0.0572484 0.0216317 
0.0256944  0.718286   0.0920354  0.0198253 
-0.0525564 0.764981   -0.0419318 0.0171441 
-0.0666795 0.862364   -0.215023  0.0154532 
-0.141002  0.923632   -0.254097  0.0163741 
-0.165287  0.88397    -0.208474  0.0158438 
-0.0963479 0.923457   -0.24822   0.0178046 
-0.0296365 0.996175   -0.250563  0.0188424 
-0.0904271 1.05761    -0.267208  0.0289998 
-0.110496  1.07075    -0.24512   0.0456939 
-0.124979  1.15523    -0.0998571 0.070537  
-0.188553  1.24197    0.126342   0.0600017 
-0.115497  1.23516    0.0304472  0.138833  
-0.0509013 1.25848    0.332452   0.0523095 
-0.0325794 1.22189    -0.0707753 0.0384923 
-0.0104349 1.16576    -0.148621  0.0835017 
0.0117504  1.23095    0.0508129  0.0314495 
-0.0112611 1.13304    -0.186663  0.0291904 
-0.0068358 1.05004    -0.231004  0.025678  
0.0529734  1.14726    -0.251144  0.0535731 
0.0529734  1.14726    -0.251144  0.0245532 
-0.0283446 1.06695    -0.233395  0.0273179 
-0.101001  1.08806    -0.242231  0.0577228 
-0.0839025 1.18558    -0.0738529 0.0521443 
-0.103498  1.24042    -0.0304915 0.102261  
-0.170635  1.2697     0.260583   0.0684741 
-0.261985  1.3004     0.295046   0.0773042 
-0.177197  1.38707    0.321155   0.192276  
-0.166249  1.40047    0.703997   0.106813  
-0.228944  1.42003    0.62685    0.108513  
-0.229977  1.3954     0.53371    0.133928  
-0.134534  1.31065    0.26112    0.0871398 
-0.208642  1.31638    0.297484   0.0789436 
-0.180315  1.35566    0.311044   0.137425  
-0.208954  1.39792    0.743967   0.0862738 
-0.281124  1.32114    0.199733   0.105541  
-0.196088  1.25513    0.242286   0.041692  
-0.181597  1.19604    -0.0973712 0.052741  
-0.169725  1.22678    -0.0315741 0.0542256 
-0.195882  1.20965    0.0450087  0.0451472 
-0.116802  1.201      -0.102239  0.0279431 
-0.177434  1.11696    -0.222745  0.0436521 
-0.136999  1.20211    -0.0700013 0.0797189 
-0.0975379 1.21481    0.0892475  0.0353066 
-0.188977  1.12347    -0.154338  0.0421185 
-0.101789  1.19495    -0.153126  0.0590692 
-0.0956278 1.27103    0.0908343  0.0523557 
-0.0221076 1.23795    0.00474651 0.043823  
-0.0890668 1.17205    -0.132592  0.0465274 
-0.144794  1.1624     -0.11845   0.0288673 
-0.104333  1.13354    -0.197696  0.0268703 
-0.0915337 1.03785    -0.268393  0.0572408 
-0.0915337 1.03785    -0.268393  0.0263379 
-0.0245778 0.95697    -0.247262  0.0248454 
-0.0167958 1.02819    -0.228701  0.0159668 
0.0208913  0.964992   -0.285756  0.0160331 
0.0185878  0.916823   -0.225474  0.018682  
0.0999728  0.980761   -0.243086  0.0295698 
0.185829   1.01834    -0.188287  0.042509  
0.267882   0.952753   -0.227618  0.0195011 
0.316851   0.995937   -0.278481  0.0164745 
0.316851   0.995937   -0.278481  0.0182082 
0.402579   0.940521   -0.294427  0.0377949 
0.462552   1.01631    -0.188802  0.0342581 
0.541276   1.02042    -0.148924  0.0397288 
0.449819   1.05217    -0.119601  0.0347486 
0.417923   1.0534     -0.174699  0.0553441 
0.498554   1.07893    -0.0715425 0.0588965 
0.498554   1.07893    -0.0715425 0.0460073 
0.456664   1.03739    -0.134644  0.0204294 
0.396337   0.961107   -0.203692  0.0278598 
0.330981   0.973132   -0.244202  0.0292351 
0.358548   1.05382    -0.226666  0.0294372 
0.39359    1.08451    -0.216296  0.0344667 
0.458547   1.02215    -0.171482  0.0232544 
0.41632    0.998739   -0.24789   0.0182742 
0.317141   0.965138   -0.277564  0.0183302 
0.28356    0.911764   -0.240085  0.0160406 
0.265221   0.873662   -0.217902  0.0172993 
0.177727   0.924665   -0.224836  0.0206238 
0.220788   0.925587   -0.24028   0.0278414 
0.125255   0.967482   -0.214251  0.0225666 
0.191925   1.05832    -0.225764  0.0230897 
0.261321   1.02015    -0.237835  0.0171693 
0.238665   1.00543    -0.268578  0.0477052 
0.334396   0.958983   -0.228046  0.0198623 
0.238396   1.01249    -0.262174  0.0304415 
0.238396   1.01249    -0.262174  0.0282025 
0.150269   1.01916    -0.23246   0.0188878 
0.051863   1.06118    -0.306381  0.0221215 
0.051863   1.06118    -0.306381  0.0244244 
0.0150425  0.961516   -0.223462  0.019511  
-0.0464291 1.05865    -0.260715  0.0299241 
-0.0864213 1.15799    -0.188573  0.0384727 
-0.0698995 1.1057     -0.150319  0.0450859 
-0.127633  1.18735    -0.053589  0.0553642 
-0.083595  1.11942    -0.156475  0.0442337 
-0.144564  1.1463     -0.144645  0.021664  
-0.0486474 1.06315    -0.287026  0.0546444 
0.0210408  1.12776    -0.135915  0.0266962 
0.0324155  1.06051    -0.213078  0.0474269 
0.0888472  1.15755    -0.1409    0.0386014 
0.0888472  1.15755    -0.1409    0.0400884 
0.162154   1.2198     -0.107544  0.0577923 
0.153711   1.24238    0.0751839  0.058092  
0.202881   1.16425    -0.0549683 0.0454435 
0.109257   1.25767    -0.0237699 0.0466652 
0.0998888  1.2233     -0.0861657 0.0887941 
0.17155    1.26759    0.0627296  0.0728569 
0.110359   1.33578    0.181836   0.0995141 
0.16813    1.32162    0.501536   0.112655  
0.0938884  1.36123    0.525837   0.135725  
0.0260387  1.41291    0.67815    0.117774  
-0.00951945 1.35989    0.479645   0.0834122 
0.0140032  1.29955    0.137581   0.0616933 
-0.043835  1.28321    0.077774   0.0483964 
-0.00861718 1.25421    -0.0199939 0.078891  
-0.0108296 1.31289    0.199131   0.0542956 
-0.00215274 1.21837    -0.0354834 0.0346901 
-0.0817034 1.14311    -0.194979  0.0358041 
-0.0817034 1.14311    -0.194979  0.0412942 
-0.0679201 1.16371    -0.155138  0.0476022 
-0.141915  1.18164    -0.00862223 0.0680654 
-0.176514  1.18984    -0.05175   0.0462159 
-0.0851573 1.25248    -0.0646752 0.119263  
-0.0851573 1.25248    -0.0646752 0.0723067 
-0.0447572 1.27693    0.103457   0.124907  
-0.0447572 1.27693    0.103457   0.0763375 
-0.125128  1.36801    0.282899   0.12718   
-0.0294491 1.43223    0.752204   0.155788  
-0.0793425 1.46858    0.936389   0.0826246 
-0.121148  1.37564    0.355012   0.0822153 
-0.0893234 1.30784    0.199374   0.118346  
-0.0893234 1.30784    0.199374   0.135033  
-0.0893234 1.30784    0.199374   0.0615336 
-0.00417534 1.28789    0.11542    0.115825  
0.0834217  1.38112    0.595722   0.167321  
0.0914379  1.3931     0.547041   0.10163   
0.184238   1.35209    0.413533   0.10395   
0.195609   1.31557    0.28075    0.119717  
0.23717    1.35758    0.715893   0.104422  
0.223364   1.31675    0.277263   0.165056  
0.239503   1.35349    0.476874   0.0585321 
0.273158   1.25968    0.0805463  0.0724018 
0.350232   1.22916    0.165498   0.04618   
0.372677   1.16063    -0.0537077 0.0409501 
0.366716   1.12319    -0.137147  0.0284967 
0.31632    1.02559    -0.219505  0.0387428 
0.309241   1.07286    -0.202157  0.0217723 
0.21013    1.01143    -0.260702  0.020857  
0.210185   1.02217    -0.247531  0.0324538 
0.299599   1.09025    -0.17987   0.0419105 
0.263768   1.15395    -0.0878358 0.0400109 
0.349618   1.08334    -0.203243  0.0334954 
0.380881   1.1349     -0.143925  0.0470826 
0.362137   1.10537    -0.0867066 0.0258676 
0.285044   1.03378    -0.20561   0.0437724 
0.247148   1.08623    -0.15856   0.0477141 
0.246708   1.11463    -0.101794  0.0267849 
0.286474   1.04395    -0.254442  0.0212196 
0.316787   1.00191    -0.278398  0.0258583 
0.330749   1.04507    -0.221977  0.0331337 
0.362104   1.04959    -0.213384  0.0234267 
0.31547    0.991137   -0.23724   0.028955  
0.288852   1.02981    -0.244495  0.0388196 
0.2155     1.03085    -0.187046  0.0341373 
0.213293   1.05098    -0.231224  0.0266899 
0.202034   1.07648    -0.208464  0.0309764 
0.135498   1.07852    -0.188246  0.0177356 
0.0475457  0.98977    -0.277495  0.0151587 
-0.0124001 0.961685   -0.265612  0.0239274 
0.074895   1.04999    -0.235479  0.025176  
0.111944   1.02557    -0.237932  0.0351682 
0.162784   1.047      -0.214729  0.0526691 
0.144185   1.12433    -0.0938004 0.0376235 
0.0940321  1.05104    -0.212661  0.0298152 
0.0843185  1.02137    -0.193257  0.0432805 
0.099381   1.08956    -0.191676  0.0446987 
0.185462   1.17136    -0.10374   0.0656292 
0.222719   1.26354    0.138447   0.0751951 
0.3002     1.31875    0.25809    0.0978392 
0.343652   1.27256    0.282303   0.130691  
0.366515   1.33517    0.729937   0.123751  
0.361212   1.41933    0.880465   0.194636  
0.272335   1.43662    0.963635   0.179706  
0.256882   1.46295    1.30078    0.147113  
0.293909   1.49544    1.10287    0.132196  
0.362249   1.45382    0.939851   0.156046  
0.341515   1.37898    0.511618   0.145961  
0.382889   1.3519     0.704152   0.208666  
0.382889   1.3519     0.704152   0.102867  
0.334349   1.36227    0.506134   0.0826397 
0.283132   1.31658    0.444244   0.103161  
0.315123   1.40164    0.651548   0.117428  
0.381413   1.46354    0.732719   0.243576  
0.381413   1.46354    0.732719   0.224208  
0.381413   1.46354    0.732719   0.145206  
0.333127   1.4767     0.994655   0.200675  
0.333127   1.4767     0.994655   0.153771  
0.365868   1.40702    1.00002    0.123732  
0.369656   1.41628    0.746202   0.147773  
0.427947   1.46523    1.24476    0.242491  
0.427947   1.46523    1.24476    0.231376  
0.427947   1.46523    1.24476    0.123454  
0.415089   1.37946    0.616155   0.104085  
0.432853   1.31698    0.403483   0.149911  
0.52987    1.3908     1.06964    0.204354  
0.475375   1.48217    1.56686    0.33645   
0.448201   1.5384     2.03137    0.118045  
0.354573   1.47827    0.812547   0.164591  
0.354573   1.47827    0.812547   0.16899   
0.43302    1.43376    1.12302    0.11387   
0.356659   1.51526    0.857176   0.204949  
0.356659   1.51526    0.857176   0.219473  
0.277456   1.57279    1.90596    0.174435  
0.273665   1.50521    1.0637     0.209161  
0.207544   1.52169    1.524      0.145443  
0.226479   1.47629    0.946439   0.192461  
0.22102    1.49411    1.26846    0.210934  
0.209774   1.48021    1.19874    0.200416  
0.262909   1.48867    1.30769    0.157442  
0.254088   1.47543    1.32778    0.140487  
0.314273   1.44607    0.99468    0.161527  
0.366657   1.53468    1.44785    0.158223  
0.397194   1.46781    1.22023    0.15677   
0.472958   1.41488    1.09251    0.191199  
0.427569   1.51258    1.39929    0.244833  
0.335506   1.60761    2.15824    0.401371  
0.435194   1.59919    2.553      0.352763  
0.408732   1.61833    2.76501    0.282609  
0.38703    1.67648    2.74437    0.269803  
0.344431   1.62171    2.31       0.177454  
0.294172   1.53222    1.35899    0.160375  
0.249043   1.53846    1.41989    0.201008  
0.245278   1.57218    1.63468    0.324736  
0.245278   1.57218    1.63468    0.183474  
0.154137   1.53151    1.23039    0.328231  
0.154137   1.53151    1.23039    0.107198  
0.156815   1.43687    0.708553   0.128594  
0.0750684  1.3922     0.718548   0.123384  
0.15634    1.47746    0.698298   0.196949  
0.175608   1.53119    1.58151    0.131682  
0.145649   1.47429    0.855735   0.179853  
0.145649   1.47429    0.855735   0.206063  
0.233513   1.54088    1.55303    0.158615  
0.261734   1.52085    1.17606    0.129879  
0.1823     1.53891    1.12936    0.154916  
0.279015   1.53714    1.21377    0.170335  
0.282993   1.59729    1.61811    0.218861  
0.359      1.59865    1.82406    0.303817  
0.359      1.59865    1.82406    0.166047  
0.337224   1.5076     1.20627    0.27873   
0.337224   1.5076     1.20627    0.195101  
0.388253   1.47756    1.20255    0.250641  
0.388253   1.47756    1.20255    0.196439  
0.388253   1.47756    1.20255    0.200894  
0.451114   1.46019    1.32206    0.324494  
0.4377     1.5475     2.20151    0.222546  
0.38049    1.50493    1.40486    0.129949  
0.454144   1.44572    0.975236   0.215311  
0.454144   1.44572    0.975236   0.117575  
0.456732   1.36561    0.739696   0.215283  
0.516524   1.44086    1.34       0.220127  
0.516524   1.44086    1.34       0.351151  
0.599319   1.52956    2.11308    0.215842  
0.627051   1.4802     1.93322    0.276733  
0.636379   1.54233    2.35101    0.263121  
0.714559   1.45844    2.13168    0.266029  
0.696355   1.52406    2.58791    0.241152  
0.67279    1.58572    2.60982    0.258841  
0.67279    1.58572    2.60982    0.22593   
0.638582   1.51425    2.08728    0.402214  
0.638582   1.51425    2.08728    0.173736  
0.547579   1.52169    1.58012    0.208896  
0.561917   1.46656    1.5756     0.120935  
0.478073   1.39087    0.736521   0.131524  
0.379523   1.39615    0.747656   0.119006  
0.30171    1.35598    0.598476   0.176037  
0.30171    1.35598    0.598476   0.117865  
0.262089   1.45471    0.682981   0.144773  
0.33124    1.4028     0.767108   0.107852  
0.379754   1.36069    0.698721   0.0942795 
0.436509   1.35276    0.548428   0.124059  
0.381434   1.38838    0.7492     0.0915861 
0.458024   1.36273    0.538465   0.139658  
0.435928   1.45023    1.13628    0.144027  
0.47625    1.38735    0.947004   0.160587  
0.420732   1.44507    1.17138    0.130612  
0.448616   1.39223    0.844748   0.0956118 
0.539307   1.37407    0.639375   0.175158  
0.539307   1.37407    0.639375   0.119663  
0.568274   1.28622    0.569709   0.135929  
0.557103   1.36546    0.879602   0.229898  
0.54228    1.41219    1.48358    0.131297  
0.581701   1.40141    0.946965   0.124209  
0.50124    1.31078    0.43571    0.119188  
0.523772   1.34378    0.656085   0.0983924 
0.443329   1.31582    0.494034   0.116048  
0.484646   1.2975     0.522593   0.154999  
0.571335   1.33674    0.970193   0.0942515 
0.483093   1.24128    0.198558   0.098934  
0.51648    1.26771    0.408233   0.108486  
0.615896   1.33627    0.528622   0.162636  
0.680098   1.3408     1.07128    0.168305  
0.660151   1.36822    1.18535    0.172134  
0.63901    1.37511    1.29081    0.182155  
0.574443   1.41207    1.10646    0.136489  
0.495295   1.3676     0.854441   0.112145  
0.557955   1.30691    0.679192   0.0770456 
0.488744   1.23199    0.136018   0.0608101 
0.401468   1.13475    -0.0250781 0.0403973 
0.387464   1.11245    -0.14427   0.039654  
0.445638   1.07103    -0.155955  0.0300453 
0.400606   1.05242    -0.193392  0.0200054 
0.377667   0.966478   -0.269046  0.0218735 
0.475644   0.921047   -0.256853  0.017066  
0.41098    0.8504     -0.245615  0.0178125 
0.449707   0.913447   -0.31171   0.0420453 
0.51052    0.982117   -0.170466  0.0233573 
0.472213   0.944212   -0.245372  0.025358  
0.451896   1.00963    -0.245197  0.0375939 
0.46294    1.10264    -0.165758  0.0485457 
0.429487   1.04316    -0.0841084 0.0534079 
0.413329   1.03037    -0.169393  0.0235599 
0.44012    0.985865   -0.254499  0.0171686 
0.371617   0.954995   -0.259137  0.0227619 
0.427558   0.927567   -0.268643  0.0279719 
0.442269   0.954121   -0.233776  0.0175121 
0.350793   0.879236   -0.22925   0.0170661 
0.331656   0.799458   -0.216749  0.0154392 
0.361395   0.888014   -0.277338  0.0162752 
0.332856   0.801514   -0.174637  0.017487  
0.316313   0.771313   -0.152911  0.0164507 
0.374278   0.719427   -0.0949353 0.0185562 
0.34382    0.742292   -0.150664  0.0179591 
0.394763   0.670767   -0.133753  0.0186895 
0.355478   0.680687   -0.0733405 0.0191546 
0.393586   0.615957   -0.0484035 0.0181183 
0.42297    0.596532   -0.0429987 0.0153857 
0.47776    0.630418   -0.160639  0.0178161 
0.445706   0.572623   -0.0791211 0.018373  
0.428042   0.593412   -0.0593501 0.0231629 
0.379923   0.519018   0.12223    0.0181007 
0.414831   0.608547   -0.0441764 0.0180643 
0.364606   0.701742   -0.154604  0.017159  
0.316449   0.760126   -0.113635  0.0189269 
0.226193   0.81548    -0.112379  0.0174176 
0.231837   0.789841   -0.146572  0.0193961 
0.217142   0.866671   -0.226006  0.0157014 
0.287161   0.842053   -0.189621  0.0164767 
0.325836   0.791804   -0.205089  0.0162599 
0.262035   0.868328   -0.217791  0.0164134 
0.297499   0.794145   -0.196031  0.016077  
0.218833   0.883592   -0.258666  0.0204401 
0.182865   0.953983   -0.253734  0.016627  
0.0859993  0.860182   -0.185562  0.017819  
0.094059   0.812798   -0.11889   0.0159181 
0.154861   0.891748   -0.202744  0.017731  
0.1487     0.805136   -0.127972  0.0185907 
0.0604609  0.812702   -0.129309  0.0185124 
0.0367323  0.905353   -0.189324  0.0174563 
-0.00997112 0.849336   -0.157836  0.0185824 
-0.0609311 0.91356    -0.173352  0.0167223 
-0.0166928 0.864055   -0.198723  0.0196255 
-0.0144188 0.789188   -0.0688145 0.0161199 
0.020746   0.858788   -0.16078   0.0178807 
-0.0256907 0.792818   -0.0175447 0.0186214 
-0.113154  0.796903   -0.1143    0.0211756 
-0.113154  0.796903   -0.1143    0.0193362 
-0.111116  0.770815   -0.0539435 0.0182246 
-0.142491  0.808778   -0.141598  0.0161337 
-0.211618  0.857926   -0.159844  0.0191788 
-0.229399  0.95432    -0.250784  0.015675  
