#MU        SIGMA      ENERGY     ERROR     
0.5727     0.911935   -0.277777  0.0382855 
0.51902    0.977212   -0.209994  0.0211727 
0.455746   0.90451    -0.264397  0.0403467 
0.545478   0.985648   -0.181382  0.0299757 
0.474573   0.963735   -0.21734   0.0241584 
0.376816   0.954163   -0.231995  0.0153513 
0.43988    0.856188   -0.273415  0.0155456 
0.43988    0.856188   -0.273415  0.0160314 
0.539509   0.857365   -0.292546  0.0201053 
0.539509   0.857365   -0.292546  0.0253393 
0.505116   0.8961     -0.282714  0.0257959 
0.479437   0.926881   -0.246457  0.0182749 
0.479437   0.926881   -0.246457  0.0350878 
0.449585   1.01479    -0.228983  0.0354724 
0.365211   1.07802    -0.179212  0.0380506 
0.365211   1.07802    -0.179212  0.0376697 
0.303337   1.10028    -0.15801   0.0375824 
0.303337   1.10028    -0.15801   0.0323419 
0.374193   1.08297    -0.186939  0.0437644 
0.341931   1.07886    -0.185857  0.0245492 
0.30318    1.05186    -0.243199  0.0320966 
0.259677   1.12966    -0.205445  0.0619878 
0.259677   1.12966    -0.205445  0.0576565 
0.259677   1.12966    -0.205445  0.0369299 
0.259677   1.12966    -0.205445  0.050633  
0.259677   1.12966    -0.205445  0.0719472 
0.259677   1.12966    -0.205445  0.0822018 
0.259677   1.12966    -0.205445  0.0450551 
0.29083    1.03484    -0.21608   0.0203115 
0.389955   1.02637    -0.270818  0.0268377 
0.389955   1.02637    -0.270818  0.0468801 
0.463347   1.07954    -0.0881839 0.0241666 
0.425556   0.982733   -0.239417  0.0240538 
0.45157    0.953685   -0.247612  0.033224  
0.46602    0.962448   -0.198128  0.0261893 
0.504439   0.999941   -0.243206  0.0156222 
0.42852    0.900197   -0.291155  0.0170052 
0.426292   0.938447   -0.296533  0.0328459 
0.3838     0.936356   -0.198037  0.0231053 
0.296663   0.990134   -0.207646  0.0390974 
0.381916   1.04972    -0.130574  0.0361274 
0.446992   1.03359    -0.177734  0.0385372 
0.483912   1.01112    -0.164602  0.0348827 
0.48036    1.04376    -0.138824  0.0281159 
0.460997   1.01222    -0.238296  0.0374833 
0.543595   0.995183   -0.176252  0.0316684 
0.543978   0.944009   -0.237659  0.026235  
0.630812   0.88965    -0.26869   0.0295624 
0.631929   0.875993   -0.245998  0.013408  
0.657028   0.781625   -0.34372   0.0149174 
0.630715   0.757739   -0.315418  0.0109546 
0.597358   0.68325    -0.308592  0.0139635 
0.504849   0.767803   -0.287073  0.0128932 
0.552273   0.763375   -0.316965  0.0136534 
0.513358   0.68163    -0.219029  0.0118858 
0.56743    0.619116   -0.297799  0.0129664 
0.530464   0.684353   -0.256967  0.012875  
0.534104   0.700644   -0.260642  0.0137989 
0.630277   0.747881   -0.323555  0.0150957 
0.558719   0.815651   -0.315075  0.0141021 
0.574379   0.774216   -0.315758  0.0204584 
0.654085   0.820007   -0.308656  0.0126961 
0.632013   0.735737   -0.349098  0.0116714 
0.567418   0.685975   -0.277459  0.0127774 
0.547617   0.611996   -0.245856  0.012634  
0.57453    0.55779    -0.26141   0.010826  
0.591359   0.611903   -0.30459   0.0137258 
0.591359   0.611903   -0.30459   0.0126056 
0.581711   0.537318   -0.22519   0.0168651 
0.566968   0.497559   -0.190167  0.028895  
0.566968   0.497559   -0.190167  0.0128259 
0.611363   0.545142   -0.307618  0.0219056 
0.611363   0.545142   -0.307618  0.0121564 
0.574904   0.56848    -0.249974  0.016802  
0.574904   0.56848    -0.249974  0.00963068
0.61572    0.609586   -0.324511  0.0094937 
0.626084   0.626272   -0.349221  0.0123822 
0.660298   0.713851   -0.354825  0.0400742 
0.658038   0.807428   -0.296933  0.0375576 
0.717873   0.902983   -0.190422  0.0183673 
0.637421   0.876121   -0.295706  0.0194891 
0.712341   0.793996   -0.336745  0.0118533 
0.757995   0.723008   -0.402054  0.0117263 
0.710146   0.723998   -0.378461  0.00684895
0.733749   0.649328   -0.431154  0.00825466
0.679581   0.583573   -0.383028  0.0178554 
0.670149   0.499736   -0.291633  0.034491  
0.670149   0.499736   -0.291633  0.00715528
0.72835    0.596508   -0.432403  0.0166649 
0.692061   0.507525   -0.318696  0.0179021 
0.791961   0.508801   -0.31296   0.0163072 
0.75663    0.516693   -0.323883  0.00771883
0.818225   0.600449   -0.435425  0.013671  
0.901356   0.538154   -0.33999   0.0210465 
0.901356   0.538154   -0.33999   0.0204387 
0.837631   0.500564   -0.313622  0.0242133 
0.837631   0.500564   -0.313622  0.0204567 
0.754322   0.492288   -0.28654   0.0195356 
0.709185   0.48958    -0.250976  0.0370055 
0.709185   0.48958    -0.250976  0.0126533 
0.748588   0.537617   -0.366975  0.0247517 
0.748588   0.537617   -0.366975  0.0140265 
0.748588   0.537617   -0.366975  0.0322297 
0.748588   0.537617   -0.366975  0.0231779 
0.748588   0.537617   -0.366975  0.0127352 
0.68408    0.535254   -0.343538  0.0122983 
0.614678   0.557397   -0.328685  0.0127594 
0.611274   0.545415   -0.302915  0.0136272 
0.611274   0.545415   -0.302915  0.00951813
0.62898    0.616042   -0.359415  0.0118108 
0.670395   0.543922   -0.368509  0.0193495 
0.619651   0.486732   -0.20353   0.0225446 
0.678718   0.479517   -0.250833  0.013995  
0.587226   0.530526   -0.278267  0.0166898 
0.587226   0.530526   -0.278267  0.0211692 
0.587226   0.530526   -0.278267  0.014411  
0.596996   0.532736   -0.256169  0.0154905 
0.500334   0.56313    -0.151029  0.017798  
0.453488   0.570307   -0.062459  0.0224838 
0.363493   0.553286   0.112617   0.0224669 
0.363493   0.553286   0.112617   0.022742  
0.363493   0.553286   0.112617   0.016426  
0.431247   0.649162   -0.13037   0.0173638 
0.398239   0.689527   -0.119698  0.0164637 
0.454792   0.649123   -0.156226  0.0162013 
0.371881   0.739664   -0.177401  0.017204  
0.286498   0.820607   -0.181495  0.0159368 
0.233408   0.9065     -0.241437  0.0239752 
0.135663   0.999403   -0.242681  0.0192916 
0.149003   0.955285   -0.228559  0.0199664 
0.166459   0.855389   -0.181884  0.0156531 
0.191047   0.895965   -0.24478   0.0168726 
0.169199   0.841831   -0.190983  0.0183424 
0.11693    0.794583   -0.0825698 0.0210126 
0.0724831  0.73773    -0.026088  0.0271937 
0.0724831  0.73773    -0.026088  0.0227681 
0.0869032  0.70192    0.0464298  0.0196884 
0.133019   0.768072   -0.0817922 0.0216596 
0.133019   0.768072   -0.0817922 0.0213236 
0.0513496  0.731661   -0.00084224 0.0231068 
0.0513496  0.731661   -0.00084224 0.0254243 
0.0513496  0.731661   -0.00084224 0.0263323 
0.0513496  0.731661   -0.00084224 0.0240162 
0.0513496  0.731661   -0.00084224 0.025686  
0.00118531 0.671045   0.145628   0.0278465 
-0.0612902 0.579883   0.455839   0.0267865 
-0.0516287 0.607988   0.354559   0.0313946 
-0.0516287 0.607988   0.354559   0.0276206 
0.0357125  0.614821   0.309996   0.025526  
-0.0210929 0.622684   0.330383   0.0323624 
-0.0210929 0.622684   0.330383   0.0287342 
-0.0210929 0.622684   0.330383   0.0291297 
-0.027763  0.583703   0.418851   0.0367155 
-0.027763  0.583703   0.418851   0.0235684 
0.0114006  0.676131   0.175266   0.021922  
0.0626442  0.747911   -0.0298777 0.0177635 
0.161401   0.814899   -0.159014  0.0168454 
0.201086   0.897069   -0.23944   0.0168408 
0.295792   0.907527   -0.266167  0.0192843 
0.372127   0.921904   -0.24385   0.0240074 
0.468      0.922668   -0.241038  0.0166632 
0.419451   0.957388   -0.281789  0.0195895 
0.38889    0.932026   -0.279668  0.0307697 
0.38889    0.932026   -0.279668  0.0229289 
0.316098   0.846569   -0.218304  0.0153618 
0.259561   0.881393   -0.238212  0.0155941 
0.320987   0.86046    -0.210849  0.0271796 
0.265711   0.92622    -0.225658  0.0153465 
0.289228   0.842145   -0.221342  0.0195266 
0.25589    0.745549   -0.107556  0.0169705 
0.326028   0.78541    -0.174709  0.0171561 
0.422242   0.778854   -0.232096  0.0157278 
0.366138   0.79514    -0.207499  0.0149565 
0.453659   0.746514   -0.219164  0.0136483 
0.521907   0.74517    -0.295589  0.0157521 
0.448999   0.728939   -0.239893  0.0152877 
0.439924   0.784843   -0.271712  0.0174667 
0.479498   0.770623   -0.237214  0.0125754 
0.520918   0.687595   -0.230126  0.0148751 
0.45718    0.734133   -0.226569  0.018684  
0.45718    0.734133   -0.226569  0.0189816 
0.376913   0.654854   -0.0561042 0.0180828 
0.407479   0.665358   -0.0995266 0.0161795 
0.439927   0.687862   -0.170894  0.0168207 
0.417232   0.681452   -0.147696  0.018721  
0.366573   0.724538   -0.1724    0.0180007 
0.428131   0.64538    -0.122398  0.020718  
0.428131   0.64538    -0.122398  0.0148053 
0.487589   0.69508    -0.232649  0.0166131 
0.438104   0.671773   -0.146054  0.0183917 
0.438104   0.671773   -0.146054  0.0149627 
0.449794   0.731394   -0.222419  0.0220036 
0.492335   0.829053   -0.263395  0.0197448 
0.417382   0.911829   -0.266236  0.0168857 
0.496675   0.831581   -0.297418  0.0175632 
0.556252   0.811473   -0.331271  0.0160242 
0.556252   0.811473   -0.331271  0.0341066 
0.556252   0.811473   -0.331271  0.0258096 
0.55896    0.89465    -0.257392  0.0205326 
0.467504   0.897098   -0.258186  0.0207398 
0.436181   0.96236    -0.253444  0.0283437 
0.436181   0.96236    -0.253444  0.0296259 
0.424702   1.04358    -0.228966  0.0430274 
0.490128   1.05142    -0.13693   0.0570899 
0.490128   1.05142    -0.13693   0.0573404 
0.408198   1.09715    0.00411644 0.0394759 
0.395195   1.1131     -0.151887  0.0759052 
0.295378   1.16416    -0.0274409 0.0495993 
0.342253   1.16481    -0.0454759 0.0582701 
0.356574   1.16779    0.0672792  0.0304609 
0.283766   1.14143    -0.171333  0.0398948 
0.185855   1.18303    -0.121977  0.0366602 
0.221977   1.13676    -0.203708  0.0465046 
0.301333   1.11266    -0.0997034 0.0350092 
0.314712   1.06306    -0.175626  0.0382125 
0.414168   1.06184    -0.190169  0.036248  
0.426539   1.01553    -0.217604  0.0487405 
0.514052   1.01544    -0.145611  0.0262573 
0.448157   0.923269   -0.272211  0.0174853 
0.508054   0.838895   -0.269436  0.0219941 
0.470563   0.890628   -0.269571  0.0236828 
0.403868   0.976384   -0.252865  0.0168331 
0.322024   0.898899   -0.241722  0.0162502 
0.244327   0.838136   -0.166173  0.017089  
0.244199   0.861541   -0.186466  0.0176241 
0.251177   0.787686   -0.125145  0.018633  
0.227742   0.759312   -0.106256  0.0217993 
0.227742   0.759312   -0.106256  0.019518  
0.314628   0.689544   -0.0138415 0.0156009 
0.414486   0.787658   -0.222918  0.0180139 
0.429236   0.886032   -0.252428  0.0157289 
0.347323   0.911253   -0.26478   0.0176194 
0.296591   0.896312   -0.229013  0.0183525 
0.385353   0.881027   -0.229401  0.0168625 
0.314042   0.823339   -0.221111  0.0177958 
0.268578   0.826457   -0.227443  0.0173555 
0.268578   0.826457   -0.227443  0.0157789 
0.272807   0.910915   -0.270333  0.0216545 
0.225326   1.00855    -0.254669  0.0366059 
0.225326   1.00855    -0.254669  0.0167575 
0.161783   0.923823   -0.271541  0.0165631 
0.161783   0.923823   -0.271541  0.0161538 
0.161783   0.923823   -0.271541  0.0167633 
0.135435   0.942676   -0.275047  0.0158333 
0.168785   0.884801   -0.21029   0.0169296 
0.0918877  0.920349   -0.258338  0.018595  
0.101273   0.979152   -0.26899   0.0177756 
0.101273   0.979152   -0.26899   0.0204091 
0.137759   1.04758    -0.233566  0.0171523 
0.12706    0.959391   -0.253822  0.0231211 
0.0581998  1.02864    -0.222035  0.0359543 
0.105877   1.09086    -0.217205  0.0312742 
0.0870061  1.12211    -0.174424  0.0228929 
0.0371194  1.08166    -0.216654  0.026554  
-0.0275019 1.07783    -0.22031   0.0368137 
-0.0996915 1.10949    -0.202912  0.0434422 
-0.0996915 1.10949    -0.202912  0.038745  
-0.0996915 1.10949    -0.202912  0.034808  
-0.0607312 1.17786    -0.132184  0.0678693 
-0.0607312 1.17786    -0.132184  0.0553905 
-0.0607312 1.17786    -0.132184  0.0414715 
-0.147728  1.25509    -0.0564223 0.0758824 
-0.147728  1.25509    -0.0564223 0.0770372 
-0.0686387 1.3146     0.264414   0.127319  
-0.167992  1.33725    0.506693   0.0489094 
-0.158013  1.27243    0.00396404 0.0871065 
-0.158013  1.27243    0.00396404 0.0663848 
-0.158013  1.27243    0.00396404 0.0810495 
-0.160459  1.3627     0.301143   0.0870454 
-0.160459  1.3627     0.301143   0.141164  
-0.160459  1.3627     0.301143   0.124106  
-0.160459  1.3627     0.301143   0.195534  
-0.160459  1.3627     0.301143   0.0814201 
-0.160459  1.3627     0.301143   0.0794548 
-0.102055  1.29907    0.16108    0.0829445 
-0.160357  1.2398     0.17777    0.0689719 
-0.196714  1.26895    0.0762123  0.0535359 
-0.225944  1.26796    0.0907002  0.0841239 
-0.225944  1.26796    0.0907002  0.128569  
-0.225944  1.26796    0.0907002  0.0982714 
-0.17321   1.23944    0.213421   0.0689924 
-0.222252  1.3009     0.138676   0.13295   
-0.222252  1.3009     0.138676   0.0475752 
-0.153181  1.23418    -0.0221649 0.0670208 
-0.101326  1.28524    0.140763   0.146244  
-0.101326  1.28524    0.140763   0.11084   
-0.0176646 1.25474    0.342795   0.0841807 
-0.087312  1.35303    0.1841     0.137607  
-0.087312  1.35303    0.1841     0.179591  
-0.087312  1.35303    0.1841     0.0831576 
-0.087312  1.35303    0.1841     0.128567  
-0.087312  1.35303    0.1841     0.122326  
-0.087312  1.35303    0.1841     0.10476   
-0.087312  1.35303    0.1841     0.0822636 
-0.0668674 1.25545    0.105342   0.112344  
-0.0668674 1.25545    0.105342   0.0337004 
-0.00388204 1.1823     -0.185661  0.0451442 
-0.00388204 1.1823     -0.185661  0.0396711 
0.0688764  1.0954     -0.179661  0.0211185 
0.106389   1.06099    -0.25287   0.0422144 
0.00651556 1.11157    -0.169882  0.0378025 
0.0956023  1.10754    -0.154034  0.053034  
0.114756   1.20538    -0.0769627 0.0579575 
0.175439   1.21861    -0.0241456 0.0731274 
0.216046   1.27541    0.11576    0.0888406 
0.216046   1.27541    0.11576    0.09511   
0.216046   1.27541    0.11576    0.0934077 
0.216046   1.27541    0.11576    0.063523  
0.116589   1.28061    0.126231   0.0842971 
0.116589   1.28061    0.126231   0.1032    
0.116589   1.28061    0.126231   0.0620341 
0.116589   1.28061    0.126231   0.0883923 
0.110846   1.26145    0.15578    0.0738926 
0.201842   1.29292    0.191354   0.0710033 
0.17203    1.32002    0.201783   0.0407685 
0.118437   1.24799    -0.0473527 0.0516394 
0.0241244  1.19368    -0.0340021 0.0425852 
-0.024051  1.14232    -0.113729  0.0371382 
0.0463172  1.19981    -0.141888  0.0686194 
0.0571391  1.27266    0.0426314  0.0548141 
0.0837093  1.2254     -0.0429272 0.0339687 
0.148476   1.20174    -0.158603  0.040765  
0.0896061  1.24642    -0.09777   0.0294715 
0.0827827  1.15383    -0.168514  0.0379171 
0.0976844  1.11658    -0.169394  0.0362327 
0.102834   1.19324    -0.141648  0.0361153 
0.039542   1.16792    -0.18512   0.0576383 
0.039542   1.16792    -0.18512   0.0714774 
0.031841   1.19447    0.00467415 0.0595828 
0.0959906  1.19213    -0.0856894 0.0387616 
0.193771   1.22532    -0.117449  0.0554554 
0.131714   1.22435    0.0187685  0.0750994 
0.135215   1.32422    0.236699   0.0580329 
0.234752   1.2292     -0.0142582 0.0448278 
0.299969   1.19436    -0.030996  0.0544894 
0.223403   1.17972    -0.0414359 0.0598676 
0.176712   1.19771    -0.0314965 0.0606344 
0.176712   1.19771    -0.0314965 0.0502938 
0.123113   1.22946    -0.0277494 0.0461628 
0.123113   1.22946    -0.0277494 0.0772523 
0.123113   1.22946    -0.0277494 0.0746397 
0.123113   1.22946    -0.0277494 0.030896  
0.0464659  1.12981    -0.242329  0.036133  
0.110281   1.12482    -0.1773    0.0296872 
0.141653   1.15302    -0.182073  0.0238576 
0.104592   1.05719    -0.232261  0.0252607 
0.0677354  1.08616    -0.233518  0.0219281 
0.165157   1.03861    -0.254315  0.0293637 
0.0815684  1.00358    -0.223331  0.0492653 
0.0815684  1.00358    -0.223331  0.0353795 
0.113013   1.08553    -0.11667   0.0198588 
0.102193   1.00347    -0.246797  0.0240011 
0.0521515  0.994845   -0.224625  0.017442  
0.00362578 0.921531   -0.218774  0.0159926 
-0.0197628 0.910041   -0.218642  0.0176883 
-0.0197628 0.910041   -0.218642  0.0167176 
-0.0643154 0.934698   -0.223871  0.0173154 
-0.0643154 0.934698   -0.223871  0.0158983 
0.0315674  0.9032     -0.221299  0.0183426 
0.0793101  0.926646   -0.242511  0.0160946 
-0.00703461 0.887488   -0.211628  0.019283  
0.0163228  0.953574   -0.25844   0.030384  
0.0781314  0.966468   -0.266125  0.019604  
0.119769   0.980425   -0.290434  0.0397388 
0.116432   0.983538   -0.236911  0.016007  
0.0533088  0.924496   -0.234221  0.016695  
0.0680342  0.844671   -0.166133  0.0182616 
0.0412311  0.80473    -0.111209  0.0190964 
-0.0400325 0.769385   -0.0261819 0.0174763 
0.0195088  0.809729   -0.114764  0.0210901 
0.0195088  0.809729   -0.114764  0.0166681 
0.0118088  0.868588   -0.174709  0.0166249 
0.0118088  0.868588   -0.174709  0.0189034 
0.0118088  0.868588   -0.174709  0.0189709 
-0.0321985 0.798712   -0.11573   0.021398  
-0.0321985 0.798712   -0.11573   0.0173137 
-0.111327  0.838568   -0.184151  0.0198864 
-0.116683  0.754667   -0.0487125 0.017783  
-0.0295534 0.803976   -0.0799048 0.020293  
0.0548929  0.775092   -0.0814693 0.0198606 
0.0210078  0.769342   -0.0994532 0.0180805 
-0.0321411 0.814207   -0.117286  0.0180062 
0.0623479  0.812679   -0.147408  0.0205466 
0.0111823  0.761364   -0.0801246 0.0167723 
-0.082977  0.857212   -0.176046  0.0171146 
-0.0515286 0.932684   -0.232676  0.0323445 
-0.0515286 0.932684   -0.232676  0.0174895 
0.00649816 0.954636   -0.245061  0.0175527 
-0.0175074 0.969887   -0.228988  0.0235093 
0.0418542  1.0528     -0.248133  0.021136  
0.00787143 1.10823    -0.260726  0.0292482 
-0.0405813 1.10433    -0.221339  0.0332413 
-0.0240091 1.06504    -0.220136  0.0248498 
-0.0851715 1.01485    -0.240914  0.0284711 
-0.0296851 1.06797    -0.269591  0.0450219 
-0.0296851 1.06797    -0.269591  0.0284116 
-0.0296851 1.06797    -0.269591  0.0217278 
-0.111077  1.05049    -0.257728  0.0205002 
-0.152664  1.00346    -0.224924  0.0329819 
-0.131215  1.08242    -0.159389  0.0170094 
-0.046482  1.01284    -0.287691  0.0388496 
-0.046482  1.01284    -0.287691  0.0391377 
-0.142128  1.10033    -0.173174  0.0210922 
-0.146416  1.02814    -0.254772  0.0168538 
-0.0626204 0.930063   -0.209824  0.0206592 
-0.0873114 0.997679   -0.252931  0.0245682 
-0.0804512 1.01748    -0.26847   0.0157123 
-0.123876  0.918217   -0.28007   0.0183733 
-0.126356  0.887405   -0.221585  0.0180893 
-0.172173  0.854599   -0.235635  0.0198289 
-0.23943   0.831692   -0.192568  0.015464  
-0.236786  0.881715   -0.248863  0.0163483 
-0.308893  0.832813   -0.194525  0.0158866 
-0.311664  0.88795    -0.276907  0.0206018 
-0.215147  0.900331   -0.240401  0.0183003 
-0.290067  0.924042   -0.226198  0.0194162 
-0.389837  0.924661   -0.230038  0.016065  
-0.344496  0.84802    -0.255946  0.0237678 
-0.317278  0.936491   -0.263396  0.0155946 
-0.25023   0.969715   -0.265874  0.0243817 
-0.224136  0.977308   -0.194906  0.0465787 
-0.224136  0.977308   -0.194906  0.0201917 
-0.12564   0.972277   -0.23641   0.0164154 
-0.164517  0.906449   -0.232755  0.0175251 
-0.0719139 0.988796   -0.234964  0.0295555 
-0.0542019 1.06005    -0.222538  0.0268434 
-0.00632626 1.14453    -0.195878  0.0271134 
0.0114498  1.10069    -0.255675  0.0453158 
0.0360707  1.13852    -0.176105  0.059066  
0.0360707  1.13852    -0.176105  0.0235332 
0.0118839  1.08327    -0.261985  0.0475874 
0.0866849  1.06858    -0.11052   0.0365709 
0.108538   1.14184    -0.176238  0.0327874 
0.0548844  1.20276    -0.17456   0.0642315 
0.0548844  1.20276    -0.17456   0.0819824 
0.0548844  1.20276    -0.17456   0.0298192 
-0.00927093 1.14803    -0.209831  0.0214988 
-0.0276616 1.07314    -0.2669    0.0148386 
0.0663186  0.976461   -0.283689  0.0182261 
0.0253044  0.932578   -0.244211  0.016493  
0.0330327  1.01331    -0.265947  0.0224495 
0.0330327  1.01331    -0.265947  0.0277239 
0.112767   1.10315    -0.194511  0.0584103 
0.0200887  1.1957     -0.0571945 0.0608623 
-0.0141776 1.15434    -0.157537  0.0679521 
0.0569333  1.1319     -0.0891574 0.0380877 
0.113344   1.21568    -0.104983  0.0552224 
0.0709399  1.21889    -0.00154   0.0371218 
0.125805   1.13518    -0.160312  0.0525359 
0.125805   1.13518    -0.160312  0.0347526 
0.0903718  1.08297    -0.207196  0.082448  
0.0903718  1.08297    -0.207196  0.0469585 
0.0470347  1.18261    -0.130932  0.0550586 
-0.0354873 1.17983    -0.0608022 0.0780886 
-0.0775747 1.27296    0.0822736  0.0432754 
-0.0736196 1.18162    -0.137925  0.0446428 
-0.0736196 1.18162    -0.137925  0.026351  
-0.130177  1.12669    -0.183691  0.0848604 
-0.130177  1.12669    -0.183691  0.0426139 
-0.128376  1.07696    -0.182906  0.0222436 
-0.108587  1.03934    -0.270492  0.0239699 
-0.0783591 1.03134    -0.233927  0.0158294 
-0.0682983 0.973765   -0.247492  0.024474  
-0.0237748 0.914445   -0.224425  0.0163338 
0.0336593  0.86892    -0.163682  0.0154495 
0.126962   0.871109   -0.20114   0.0184197 
0.129561   0.782239   -0.0658582 0.0214068 
0.0445835  0.725815   -0.00548004 0.0185878 
-0.0355427 0.809775   -0.132348  0.0172505 
0.0567924  0.907618   -0.185647  0.0172525 
-0.00292722 0.900171   -0.207458  0.0176936 
0.0295247  0.845278   -0.137994  0.0156677 
0.0149501  0.931023   -0.256938  0.0168837 
0.0262928  0.872282   -0.189495  0.0163562 
0.104538   0.86668    -0.192618  0.0163652 
0.184837   0.933884   -0.277757  0.0217085 
0.236438   1.02928    -0.235239  0.0432365 
0.284212   1.1033     -0.176595  0.0464403 
0.286258   1.12495    -0.0583964 0.0530197 
0.19328    1.19915    -0.0583496 0.0940436 
0.19328    1.19915    -0.0583496 0.0479658 
0.254452   1.15446    -0.10315   0.0503053 
0.264423   1.20781    -0.0449696 0.0744441 
0.274289   1.29136    0.204952   0.11009   
0.274289   1.29136    0.204952   0.0934136 
0.274289   1.29136    0.204952   0.0705221 
0.330919   1.29145    0.208003   0.111382  
0.330919   1.29145    0.208003   0.0611708 
0.292146   1.19335    -0.0387116 0.0284241 
0.275267   1.14227    -0.214977  0.0435444 
0.275267   1.14227    -0.214977  0.116625  
0.275267   1.14227    -0.214977  0.0825064 
0.275267   1.14227    -0.214977  0.0818596 
0.275267   1.14227    -0.214977  0.0296773 
0.272632   1.06448    -0.240265  0.0223345 
0.19278    0.973298   -0.237892  0.0159433 
0.0946302  0.992514   -0.263058  0.0245332 
0.0946302  0.992514   -0.263058  0.0166333 
0.0946302  0.992514   -0.263058  0.017769  
0.143755   0.997652   -0.285641  0.0187826 
0.0866463  0.995669   -0.230002  0.0203389 
0.171948   0.931649   -0.240323  0.018997  
0.15744    0.901136   -0.228963  0.0178297 
0.206169   0.924912   -0.250256  0.0168284 
0.176278   0.854343   -0.210617  0.0188654 
0.176278   0.854343   -0.210617  0.0168913 
0.186012   0.88611    -0.222827  0.0181162 
0.121352   0.813738   -0.124381  0.0193251 
0.221044   0.73549    -0.0555803 0.0175342 
0.315735   0.777148   -0.176078  0.0184885 
0.267868   0.744199   -0.11562   0.0198229 
0.30344    0.687251   -0.0467621 0.0192152 
0.30344    0.687251   -0.0467621 0.018253  
0.343788   0.721736   -0.112697  0.0191286 
0.368194   0.694013   -0.143596  0.0157184 
0.390671   0.781392   -0.213754  0.0163672 
0.468313   0.708667   -0.189301  0.0145324 
0.492034   0.670789   -0.210155  0.0158922 
0.486054   0.617593   -0.171325  0.0151945 
0.471618   0.62253    -0.142667  0.0137279 
0.54762    0.681797   -0.272809  0.0121978 
0.568935   0.730883   -0.299523  0.0142985 
0.555215   0.81435    -0.322081  0.0256722 
0.644982   0.880569   -0.26606   0.040615  
0.663028   0.938913   -0.160511  0.0518576 
0.739247   0.915245   -0.0673373 0.0613512 
0.739247   0.915245   -0.0673373 0.0297491 
0.746372   0.921959   -0.197644  0.0474627 
0.746372   0.921959   -0.197644  0.0322499 
0.743508   0.854774   -0.255196  0.0479795 
0.743508   0.854774   -0.255196  0.043192  
0.681131   0.937374   -0.144426  0.028328  
0.670688   0.917676   -0.24683   0.0165591 
0.597011   0.86949    -0.317453  0.013815  
0.599751   0.786899   -0.31922   0.0144066 
0.525603   0.791296   -0.270976  0.0227789 
0.49269    0.820922   -0.247895  0.0190451 
0.55288    0.907887   -0.303776  0.0215084 
0.580469   0.853917   -0.297838  0.0238528 
0.543115   0.878721   -0.259545  0.0149668 
0.461016   0.861606   -0.288116  0.0190198 
0.386811   0.932808   -0.256876  0.0379586 
0.439518   0.998092   -0.216258  0.0437678 
0.391253   1.09317    -0.129913  0.0232145 
0.478463   1.03083    -0.240745  0.024607  
0.479863   0.949844   -0.255004  0.0240574 
0.416686   0.937728   -0.251645  0.0217287 
0.334532   0.938734   -0.253335  0.0166311 
0.258306   0.857102   -0.216261  0.0162435 
0.303597   0.805884   -0.174033  0.0166884 
0.304001   0.826718   -0.200461  0.0174007 
0.317284   0.850826   -0.217935  0.023323  
0.396018   0.83555    -0.227901  0.0154056 
0.316504   0.916327   -0.280486  0.0173079 
0.396214   0.871597   -0.258187  0.0161532 
0.300594   0.840836   -0.229049  0.0157547 
0.382795   0.840234   -0.244392  0.0153786 
0.444832   0.805895   -0.239985  0.0161741 
0.345882   0.790964   -0.192072  0.017592  
0.374424   0.713826   -0.141662  0.0179277 
0.351162   0.707087   -0.121297  0.018082  
0.398366   0.675457   -0.111958  0.0190698 
0.398366   0.675457   -0.111958  0.015596  
0.42745    0.743251   -0.185418  0.0150774 
0.482732   0.721424   -0.264328  0.0127997 
0.482732   0.721424   -0.264328  0.0165821 
0.402553   0.712626   -0.140681  0.0178115 
0.304675   0.746857   -0.0903899 0.0199016 
0.254585   0.713971   -0.0599828 0.0219255 
0.254585   0.713971   -0.0599828 0.0182632 
0.332012   0.73129    -0.137462  0.019426  
0.244429   0.742715   -0.102282  0.0164759 
0.220878   0.831088   -0.168649  0.0183578 
0.232179   0.765825   -0.0711614 0.0203027 
0.300526   0.693071   -0.0660138 0.02399   
0.300526   0.693071   -0.0660138 0.0170857 
0.331851   0.767984   -0.157893  0.0185014 
0.39321    0.719328   -0.174791  0.0158925 
0.421322   0.724338   -0.168763  0.0178629 
0.365655   0.675586   -0.0511038 0.0181806 
0.343661   0.729098   -0.132139  0.0167775 
0.37031    0.765172   -0.171172  0.0151759 
0.355978   0.84627    -0.267463  0.015073  
0.406096   0.828278   -0.255948  0.0158341 
0.317598   0.892221   -0.28487   0.0171532 
0.325555   0.875232   -0.226184  0.0183765 
0.281833   0.964954   -0.250969  0.0157414 
0.342835   0.881007   -0.25552   0.0186093 
0.397759   0.931165   -0.282065  0.018819  
0.482779   0.918385   -0.281978  0.0225309 
0.468958   0.90526    -0.270759  0.0141156 
0.559869   0.80794    -0.311974  0.0132258 
0.629962   0.766716   -0.344659  0.0123756 
0.550425   0.696365   -0.285966  0.0151365 
0.460253   0.79325    -0.249805  0.0141838 
0.513443   0.753489   -0.266666  0.0153731 
0.459945   0.71521    -0.222955  0.0163513 
0.38638    0.766477   -0.214685  0.0156164 
0.431543   0.793143   -0.23406   0.016008  
0.431543   0.793143   -0.23406   0.0162231 
0.336528   0.820621   -0.238643  0.0169196 
0.285357   0.873782   -0.214747  0.0182406 
0.28244    0.93263    -0.249181  0.0352028 
0.299906   0.971099   -0.214494  0.0175562 
0.293622   0.939389   -0.272991  0.0165564 
0.232728   0.842698   -0.236607  0.0169754 
0.260773   0.922452   -0.253787  0.0176657 
0.189552   0.835526   -0.137816  0.017335  
0.177058   0.824684   -0.185069  0.0174977 
0.197778   0.797339   -0.0946754 0.0204582 
0.142549   0.766607   -0.11211   0.0201133 
0.0669054  0.776176   -0.0947166 0.0176099 
0.160608   0.866409   -0.243266  0.0219082 
0.101876   0.799161   -0.0692486 0.0214171 
0.101876   0.799161   -0.0692486 0.0180908 
0.153321   0.826957   -0.144883  0.0170463 
0.0831901  0.917114   -0.215782  0.0178448 
0.172649   0.905399   -0.200219  0.0186239 
0.161535   1.00182    -0.272855  0.0301162 
0.161535   1.00182    -0.272855  0.016427  
0.0855773  0.939922   -0.206889  0.0171515 
0.121297   0.887639   -0.210284  0.0178541 
0.121297   0.887639   -0.210284  0.0190179 
0.121297   0.887639   -0.210284  0.0168382 
0.117176   0.87987    -0.214596  0.0176667 
0.162985   0.78501    -0.101254  0.0205962 
0.101719   0.738193   0.00835868 0.0193473 
0.030619   0.789797   -0.0912751 0.0181851 
-0.0212311 0.808346   -0.102254  0.0171213 
-0.0526067 0.869717   -0.204772  0.0211019 
0.0458753  0.958648   -0.234761  0.0251296 
-0.00511575 0.957306   -0.207053  0.0209867 
-0.0867363 0.951837   -0.223773  0.0256652 
-0.0926186 1.04253    -0.228656  0.038952  
-0.0963344 1.12053    -0.20883   0.0344883 
-0.0414265 1.16449    -0.159795  0.0219937 
-0.102169  1.07037    -0.229437  0.0508483 
-0.102169  1.07037    -0.229437  0.017759  
-0.0763756 1.07534    -0.274806  0.0202131 
-0.139302  0.997412   -0.241475  0.017378  
-0.132476  0.949673   -0.24071   0.0152799 
-0.0543205 1.04697    -0.276745  0.0204636 
-0.0543205 1.04697    -0.276745  0.0238541 
-0.0543205 1.04697    -0.276745  0.0201776 
0.0198329  1.0579     -0.289991  0.0268885 
0.100939   1.02594    -0.198829  0.0293143 
0.05569    1.04108    -0.222438  0.0300138 
0.120088   1.00889    -0.218868  0.0180473 
0.0558699  0.967265   -0.225873  0.0166048 
0.0450945  0.934162   -0.232346  0.0194224 
0.062146   0.880377   -0.157687  0.019762  
0.012713   0.816753   -0.128007  0.0181839 
0.0617259  0.780678   -0.0347715 0.0163794 
0.0478542  0.878007   -0.185322  0.0195764 
-0.0408922 0.974111   -0.22069   0.0176958 
-0.116086  0.876724   -0.216744  0.0162001 
-0.116001  0.897401   -0.208559  0.0179493 
-0.116001  0.897401   -0.208559  0.0166003 
-0.186679  0.878865   -0.24162   0.0171272 
-0.125     0.931217   -0.237348  0.0155985 
-0.166689  0.906343   -0.250436  0.0215898 
-0.0774475 1.00533    -0.246848  0.0169663 
-0.0313262 0.965249   -0.218661  0.0208454 
-0.0710066 1.01779    -0.274106  0.0233394 
-0.16619   1.01307    -0.258749  0.0224292 
-0.135296  1.00838    -0.250679  0.0172834 
-0.219281  1.0099     -0.252956  0.0243186 
-0.172385  0.943799   -0.215579  0.0164804 
-0.118383  0.8906     -0.224077  0.0183246 
-0.0275591 0.938374   -0.257663  0.0167338 
-0.0517221 0.907245   -0.20185   0.0168383 
0.0139044  0.997191   -0.269538  0.0148461 
-0.0579333 0.925487   -0.226823  0.0201593 
-0.036147  1.01734    -0.265504  0.0271642 
-0.036147  1.01734    -0.265504  0.0210228 
0.0241101  1.00237    -0.256574  0.0191018 
-0.0100663 0.984857   -0.235715  0.0190845 
-0.0448071 0.979616   -0.240124  0.0294015 
0.0145789  1.02339    -0.192951  0.0421201 
0.090653   1.10291    -0.193607  0.0190516 
0.0433099  1.01403    -0.267911  0.0156134 
0.059963   0.939983   -0.249349  0.0157677 
-0.0189249 0.943368   -0.250878  0.0195435 
-0.0217798 1.03668    -0.237133  0.044548  
-0.107066  1.11076    -0.135056  0.0236559 
-0.202097  1.05725    -0.261223  0.0313268 
-0.202097  1.05725    -0.261223  0.0329214 
-0.186698  1.06504    -0.198669  0.0221563 
-0.181475  1.03605    -0.227019  0.0200609 
-0.274857  1.01824    -0.269043  0.0219956 
-0.226613  0.953961   -0.256307  0.0158028 
-0.196822  0.914541   -0.258076  0.0203365 
-0.106759  0.859238   -0.158279  0.0180456 
-0.108634  0.828107   -0.15147   0.0191047 
-0.108634  0.828107   -0.15147   0.0179974 
-0.010055  0.800216   -0.109764  0.0191293 
-0.0312058 0.796731   -0.11104   0.0193083 
0.00542297 0.770033   -0.0492271 0.0178227 
0.0729882  0.834697   -0.12397   0.0164926 
0.0734217  0.890126   -0.223609  0.020857  
0.16107    0.975064   -0.243455  0.0181319 
0.214348   0.909341   -0.206903  0.0176525 
0.136973   0.948145   -0.270928  0.0189663 
0.103787   0.991418   -0.236806  0.02569   
0.0324632  1.03063    -0.22628   0.0207739 
0.129478   0.989568   -0.253716  0.0178671 
0.0435389  1.00142    -0.254149  0.0240553 
0.119413   1.00565    -0.241113  0.0157652 
0.0382035  0.948158   -0.22238   0.0222524 
0.088383   1.02027    -0.233366  0.0418307 
0.102969   1.09165    -0.17776   0.0353551 
0.178771   1.0343     -0.224064  0.0184382 
0.121423   0.970123   -0.240849  0.030804  
0.0809582  1.03318    -0.178587  0.0230549 
0.157077   1.05509    -0.216667  0.0179703 
0.099699   1.01224    -0.257881  0.0226864 
0.102128   1.02209    -0.262423  0.0158555 
0.126689   0.934454   -0.228372  0.0171448 
0.0593971  0.872522   -0.18543   0.017193  
0.0244782  0.960475   -0.245783  0.021257  
0.106369   1.02189    -0.254462  0.0219395 
0.0347305  1.0361     -0.254116  0.0175961 
0.0190806  0.950116   -0.232357  0.025936  
0.0190806  0.950116   -0.232357  0.0167607 
-0.040407  0.951879   -0.237459  0.0177135 
-0.0547453 0.980305   -0.238082  0.0161253 
-0.0870408 0.918189   -0.236727  0.0162054 
-0.181628  0.981301   -0.266247  0.0219057 
-0.113397  0.934143   -0.199514  0.0166282 
-0.0646421 0.927971   -0.240307  0.024883  
-0.0133751 0.992544   -0.213902  0.0153963 
0.0728712  0.95465    -0.252418  0.0186313 
0.0261083  0.979402   -0.25434   0.0186999 
-0.0550688 0.96939    -0.263038  0.0247869 
-0.149622  1.05947    -0.206094  0.019483  
-0.196882  1.01595    -0.274014  0.0176403 
-0.130411  0.948059   -0.216949  0.0162775 
-0.179488  0.873676   -0.192734  0.0179594 
-0.129689  0.973191   -0.276929  0.0168641 
-0.16447   0.880904   -0.225576  0.0163141 
-0.16447   0.880904   -0.225576  0.0180374 
-0.123015  0.809101   -0.132652  0.0201954 
-0.123015  0.809101   -0.132652  0.0163257 
-0.191545  0.896669   -0.215114  0.0178518 
-0.191545  0.896669   -0.215114  0.0164109 
-0.191545  0.896669   -0.215114  0.0184036 
-0.106128  0.802442   -0.125739  0.0197583 
-0.0388256 0.760757   -0.00578504 0.0232003 
-0.0608026 0.693735   0.0671775  0.0188444 
-0.00157246 0.788733   -0.101905  0.0194919 
0.0565025  0.765582   -0.0408003 0.0194326 
-0.0170756 0.771882   -0.0337596 0.0164239 
-0.00453687 0.866344   -0.164545  0.0178428 
-0.0909924 0.914606   -0.200094  0.0162106 
-0.120044  0.980676   -0.257435  0.0180544 
-0.120044  0.980676   -0.257435  0.0203076 
-0.193034  0.963788   -0.235325  0.0159568 
-0.182684  0.92887    -0.252264  0.0165148 
-0.182684  0.92887    -0.252264  0.0219018 
-0.100737  1.02886    -0.236344  0.0193531 
-0.131267  1.03529    -0.284739  0.0422738 
-0.131267  1.03529    -0.284739  0.0465373 
-0.131267  1.03529    -0.284739  0.0286174 
-0.131267  1.03529    -0.284739  0.016256  
-0.131267  1.03529    -0.284739  0.0169509 
-0.142015  1.01859    -0.292958  0.0214873 
-0.164257  1.02023    -0.26477   0.0325588 
-0.164257  1.02023    -0.26477   0.0254958 
-0.148806  1.06822    -0.239918  0.0453515 
-0.148806  1.06822    -0.239918  0.0223804 
-0.0651635 1.00228    -0.254666  0.0286092 
-0.0974261 1.04448    -0.269476  0.0218381 
-0.0375099 0.979337   -0.24409   0.0176158 
-0.0303594 0.981476   -0.294963  0.0162355 
0.0204126  1.00581    -0.262833  0.0342107 
0.100335   1.06653    -0.210876  0.023797  
0.183638   0.986338   -0.218383  0.0197904 
0.163704   1.00574    -0.244134  0.0278456 
0.163704   1.00574    -0.244134  0.0171891 
0.207959   0.947702   -0.259543  0.0158805 
0.205255   0.875621   -0.221717  0.0159817 
0.280557   0.858806   -0.229328  0.0228699 
0.365894   0.948554   -0.228598  0.0187348 
0.341322   0.955078   -0.283805  0.0240627 
0.288727   0.90669    -0.229992  0.0201753 
0.224658   0.813787   -0.161398  0.0192446 
0.224658   0.813787   -0.161398  0.0170363 
0.25127    0.866148   -0.220274  0.0164055 
0.341824   0.881572   -0.26239   0.0330334 
0.429748   0.934856   -0.238771  0.0213689 
0.34112    0.971108   -0.263984  0.0231096 
0.302353   0.996129   -0.28042   0.0181996 
0.34792    0.93431    -0.247367  0.0167434 
0.264635   0.90679    -0.242255  0.0251694 
0.196552   0.947299   -0.222409  0.017805  
0.0993943  0.961913   -0.238974  0.0308176 
0.1963     1.05224    -0.193782  0.0252176 
0.231481   0.962641   -0.242892  0.0215209 
0.212669   1.00342    -0.23472   0.0195644 
0.261318   0.949903   -0.246361  0.0193452 
0.253667   0.942129   -0.216685  0.0197112 
0.253667   0.942129   -0.216685  0.0302814 
0.258728   1.04071    -0.216815  0.0363973 
0.357787   1.05595    -0.192834  0.0180097 
0.308635   0.999411   -0.279732  0.0295234 
0.40135    1.06541    -0.235583  0.0362672 
0.425904   1.0551     -0.200098  0.0284404 
0.457318   0.962463   -0.247278  0.0309047 
0.555387   1.03848    -0.194344  0.0337832 
0.49154    1.0738     -0.186739  0.0301822 
0.472598   1.0196     -0.215678  0.0251373 
0.46344    1.00843    -0.215653  0.0326329 
0.391972   0.989001   -0.177042  0.0365757 
0.404614   1.07898    -0.151058  0.036384  
0.438732   1.01902    -0.18567   0.0312845 
0.364497   1.08759    -0.224746  0.0563107 
0.364497   1.08759    -0.224746  0.0203988 
0.368915   1.0047     -0.274448  0.0502908 
0.461369   1.09728    -0.108638  0.106039  
0.461369   1.09728    -0.108638  0.0397774 
0.427757   1.06671    -0.156311  0.057833  
0.427757   1.06671    -0.156311  0.0364159 
0.349781   1.07827    -0.179594  0.0408452 
0.349781   1.07827    -0.179594  0.0519218 
0.315728   1.14886    -0.064071  0.0353077 
0.218403   1.1021     -0.186195  0.0344436 
0.177417   1.09851    -0.235504  0.0376497 
0.177417   1.09851    -0.235504  0.0194854 
0.127028   1.00961    -0.26193   0.0179746 
0.0454053  0.930266   -0.23184   0.0196105 
0.119646   0.967246   -0.244043  0.0148799 
0.0595556  0.98424    -0.281318  0.0257768 
0.13552    0.990625   -0.25502   0.0228812 
0.19234    0.941022   -0.210629  0.0246985 
0.28833    0.886874   -0.224504  0.0174766 
0.251403   0.815685   -0.170068  0.0159768 
0.25121    0.867087   -0.219983  0.0164777 
0.288658   0.893379   -0.238664  0.0158057 
0.190707   0.942917   -0.279369  0.0195145 
0.278834   1.01442    -0.261531  0.0220611 
0.322869   0.968009   -0.229815  0.0196463 
0.359829   0.980842   -0.283658  0.026436  
0.293256   0.980507   -0.250484  0.0175996 
0.352563   1.0087     -0.286814  0.0393352 
0.352563   1.0087     -0.286814  0.0198775 
0.410325   0.926628   -0.258608  0.0185085 
0.361098   0.925092   -0.266793  0.0197276 
0.368141   0.956615   -0.264048  0.0205556 
0.418833   0.99391    -0.260181  0.0184841 
0.469232   0.932142   -0.281929  0.0262185 
0.501383   1.02201    -0.244998  0.019245  
0.412701   0.936109   -0.247229  0.0217212 
0.334479   0.976756   -0.276939  0.0311534 
0.334479   0.976756   -0.276939  0.0260133 
0.334479   0.976756   -0.276939  0.0209472 
0.287346   0.939384   -0.212179  0.0203172 
0.375925   0.96143    -0.268057  0.0197238 
0.380149   0.878133   -0.272894  0.0148291 
0.354001   0.881984   -0.26214   0.0167612 
0.354001   0.881984   -0.26214   0.0622346 
0.354001   0.881984   -0.26214   0.0218236 
0.319643   0.953631   -0.241888  0.0196586 
0.335324   0.898324   -0.249715  0.0216079 
0.420353   0.929045   -0.272058  0.0197484 
0.420353   0.929045   -0.272058  0.015407  
0.491599   0.863805   -0.281111  0.0157232 
0.473599   0.793862   -0.265714  0.0140882 
0.526663   0.849098   -0.319836  0.0247215 
0.559712   0.821433   -0.261632  0.0140938 
0.652238   0.72668    -0.352862  0.0142932 
0.622845   0.743478   -0.351078  0.0122605 
0.699596   0.656378   -0.410564  0.0109929 
0.699596   0.656378   -0.410564  0.00863209
0.689892   0.578019   -0.395114  0.0097064 
0.787015   0.561368   -0.407391  0.00619347
0.753435   0.604376   -0.429442  0.0148427 
0.753435   0.604376   -0.429442  0.0096145 
0.82193    0.658369   -0.430982  0.0105189 
0.916051   0.633938   -0.38941   0.0200458 
0.923206   0.717764   -0.336648  0.0402777 
0.923206   0.717764   -0.336648  0.0509931 
0.923206   0.717764   -0.336648  0.0317327 
1.00745    0.737955   -0.1369    0.0401926 
1.00745    0.737955   -0.1369    0.0433248 
1.00745    0.737955   -0.1369    0.0464633 
1.00745    0.737955   -0.1369    0.0292306 
0.950178   0.747672   -0.204226  0.0438813 
0.889813   0.779107   -0.192163  0.0247357 
0.974085   0.691884   -0.224925  0.0271221 
1.03499    0.692925   -0.15505   0.0153145 
1.0271     0.603507   -0.240846  0.0468726 
1.0271     0.603507   -0.240846  0.0348796 
1.0271     0.603507   -0.240846  0.0129247 
1.0271     0.603507   -0.240846  0.0156623 
1.02971    0.598822   -0.240779  0.0145873 
1.00259    0.593406   -0.27504   0.0131704 
1.00259    0.593406   -0.27504   0.0158494 
0.940813   0.639175   -0.346618  0.0351221 
0.940813   0.639175   -0.346618  0.0124662 
0.882716   0.594391   -0.396831  0.0213742 
0.882716   0.594391   -0.396831  0.00901795
0.823316   0.596107   -0.43956   0.0098796 
0.823316   0.596107   -0.43956   0.010442  
0.823316   0.596107   -0.43956   0.0100587 
0.747312   0.685668   -0.414303  0.0207887 
0.747312   0.685668   -0.414303  0.017825  
0.757066   0.78344    -0.346016  0.0357236 
0.757066   0.78344    -0.346016  0.0124681 
0.675902   0.747155   -0.368291  0.0146381 
0.726126   0.741268   -0.383212  0.0179163 
0.701982   0.684469   -0.3687    0.013041  
0.780681   0.70497    -0.404042  0.0389267 
0.863908   0.746861   -0.242439  0.0265479 
0.83695    0.779946   -0.325598  0.0267493 
0.814122   0.777397   -0.328862  0.0179635 
0.832249   0.730857   -0.363825  0.00824139
0.829658   0.641773   -0.438431  0.0154711 
0.796804   0.684862   -0.406031  0.007059  
0.799625   0.599526   -0.444092  0.0151191 
0.799625   0.599526   -0.444092  0.00642038
0.802803   0.621861   -0.443601  0.00712085
0.721875   0.613846   -0.425518  0.00713928
0.726253   0.605083   -0.430726  0.0100716 
0.816326   0.557828   -0.409817  0.0147466 
0.839736   0.528349   -0.364263  0.0317304 
0.839736   0.528349   -0.364263  0.0100074 
0.902951   0.566487   -0.386371  0.0149879 
0.874733   0.617458   -0.419282  0.00786099
0.845717   0.600007   -0.436359  0.0189475 
0.845717   0.600007   -0.436359  0.00788197
0.820177   0.622407   -0.440995  0.0102817 
0.781496   0.660484   -0.427735  0.00935067
0.855506   0.568787   -0.427564  0.00892891
0.872453   0.600579   -0.425832  0.0120851 
0.872453   0.600579   -0.425832  0.0227111 
0.94542    0.668808   -0.316499  0.0352627 
0.984003   0.762514   -0.103129  0.0495212 
0.984003   0.762514   -0.103129  0.0133057 
0.896155   0.663584   -0.398532  0.00901746
0.833841   0.639276   -0.432584  0.0149815 
0.815898   0.719251   -0.368794  0.0408031 
0.815898   0.719251   -0.368794  0.010989  
0.871556   0.664243   -0.421666  0.0272147 
0.871556   0.664243   -0.421666  0.0201634 
0.871556   0.664243   -0.421666  0.0240005 
0.954709   0.692971   -0.283913  0.00913438
0.895501   0.620978   -0.42085   0.021282  
0.93139    0.717919   -0.310544  0.0163367 
0.924345   0.641202   -0.363744  0.0159415 
0.908249   0.624679   -0.391881  0.0079585 
0.81203    0.613193   -0.42331   0.00871804
0.881044   0.609172   -0.419876  0.0209032 
0.864503   0.707805   -0.35457   0.0102586 
0.813846   0.669484   -0.442477  0.020483  
0.813846   0.669484   -0.442477  0.00859163
0.857837   0.573574   -0.412575  0.00849532
0.857837   0.573574   -0.412575  0.0106285 
0.888726   0.629757   -0.412903  0.0240687 
0.892967   0.700159   -0.325819  0.0193388 
0.899917   0.710991   -0.364634  0.0250445 
0.945977   0.733634   -0.228009  0.0578785 
0.945977   0.733634   -0.228009  0.0247606 
0.87224    0.662768   -0.360936  0.00721044
0.842451   0.626965   -0.44754   0.0134621 
0.752732   0.721063   -0.376847  0.0350944 
0.784922   0.770179   -0.302225  0.0176541 
0.74063    0.786587   -0.342845  0.0125219 
0.687213   0.761536   -0.402258  0.0107439 
0.687213   0.761536   -0.402258  0.0137334 
0.765665   0.685058   -0.407566  0.0240667 
0.805429   0.702395   -0.367161  0.0261577 
0.805429   0.702395   -0.367161  0.00654354
0.783592   0.624151   -0.451062  0.00875366
0.687895   0.694874   -0.404563  0.0242261 
0.778879   0.790814   -0.297909  0.0272141 
0.735708   0.865163   -0.258843  0.0419119 
0.735708   0.865163   -0.258843  0.0390391 
0.784028   0.937      -0.115246  0.0309335 
0.720466   0.853692   -0.271723  0.0310085 
0.720466   0.853692   -0.271723  0.0155578 
0.685007   0.780562   -0.336581  0.0193478 
0.685007   0.780562   -0.336581  0.0126572 
0.738126   0.765875   -0.411601  0.0254523 
0.738126   0.765875   -0.411601  0.00970165
0.740291   0.684435   -0.405801  0.00867576
0.730889   0.646653   -0.429945  0.0095196 
0.817717   0.628141   -0.433425  0.0072614 
0.762565   0.589347   -0.43818   0.00706183
0.778166   0.596434   -0.432052  0.00728411
0.855024   0.597042   -0.43804   0.0106155 
0.768129   0.553439   -0.430611  0.0179741 
0.768129   0.553439   -0.430611  0.0253898 
0.746916   0.464974   -0.201337  0.0111357 
0.709224   0.546838   -0.375925  0.00892121
0.683205   0.578871   -0.395148  0.00764642
0.695244   0.668494   -0.407073  0.0110023 
0.695244   0.668494   -0.407073  0.00724846
0.791818   0.613347   -0.442135  0.0162738 
0.791818   0.613347   -0.442135  0.0143204 
0.83958    0.712311   -0.424231  0.0114043 
0.835631   0.63571    -0.426695  0.0126034 
0.813554   0.688635   -0.412388  0.0112907 
0.807289   0.698077   -0.430748  0.0204578 
0.807289   0.698077   -0.430748  0.009305  
0.893601   0.623508   -0.427721  0.00727352
0.826753   0.604619   -0.439304  0.00810771
0.768298   0.575659   -0.431139  0.00902566
0.814942   0.64675    -0.430472  0.0105458 
0.908739   0.638788   -0.415248  0.0100984 
0.911343   0.640848   -0.403725  0.0169978 
0.828019   0.727735   -0.358247  0.0458641 
0.828019   0.727735   -0.358247  0.0282815 
0.828019   0.727735   -0.358247  0.0273468 
0.899579   0.744087   -0.271883  0.0179629 
0.902665   0.66021    -0.383423  0.0129205 
0.830134   0.690117   -0.401455  0.0104692 
0.898414   0.590261   -0.402065  0.00961482
0.818966   0.564145   -0.406881  0.00872061
0.819085   0.574566   -0.427862  0.0102422 
0.750372   0.560512   -0.420368  0.0219386 
0.750372   0.560512   -0.420368  0.026363  
0.750372   0.560512   -0.420368  0.0198493 
0.7651     0.496136   -0.275376  0.00883395
0.850208   0.592569   -0.442946  0.0173857 
0.850208   0.592569   -0.442946  0.0162131 
0.850208   0.592569   -0.442946  0.00672656
0.818003   0.654187   -0.446451  0.00859121
0.879275   0.607065   -0.414439  0.0128849 
0.966935   0.537096   -0.284784  0.0220464 
0.966935   0.537096   -0.284784  0.0132898 
0.99595    0.590407   -0.289197  0.0141901 
0.902586   0.527101   -0.308893  0.0176216 
0.97142    0.487417   -0.122566  0.014903  
0.955408   0.517076   -0.237967  0.0127642 
0.947086   0.532985   -0.277701  0.0238078 
0.947086   0.532985   -0.277701  0.0109209 
0.984308   0.556971   -0.274615  0.0107824 
0.943703   0.557328   -0.320868  0.0133609 
0.972182   0.640313   -0.333477  0.0181134 
1.00778    0.636594   -0.270837  0.0151213 
1.00778    0.636594   -0.270837  0.016194  
1.04235    0.606822   -0.217604  0.0181301 
0.957096   0.62149    -0.325705  0.00985665
0.868504   0.591021   -0.419752  0.0114761 
0.868504   0.591021   -0.419752  0.0120379 
0.923613   0.559571   -0.358463  0.00989374
0.865865   0.564796   -0.395645  0.0124438 
0.865865   0.564796   -0.395645  0.01385   
0.865865   0.564796   -0.395645  0.0231441 
0.865865   0.564796   -0.395645  0.012385  
0.865865   0.564796   -0.395645  0.0133208 
0.90867    0.53491    -0.344295  0.0293797 
0.90867    0.53491    -0.344295  0.0151224 
0.941149   0.523319   -0.278904  0.0255748 
0.941149   0.523319   -0.278904  0.0298594 
0.898746   0.448653   -0.0348339 0.0199868 
0.86347    0.496943   -0.261023  0.0458075 
0.86347    0.496943   -0.261023  0.0138092 
0.795378   0.53289    -0.374244  0.0134099 
0.854272   0.53684    -0.364805  0.0121933 
0.868801   0.546859   -0.375505  0.0145283 
0.83728    0.528488   -0.35758   0.0100184 
0.911644   0.568155   -0.355864  0.0128518 
0.911644   0.568155   -0.355864  0.00858819
0.836875   0.608967   -0.418577  0.0131463 
0.933348   0.54062    -0.324115  0.020846  
0.931476   0.492473   -0.213301  0.0342266 
0.931476   0.492473   -0.213301  0.0137419 
1.00469    0.530767   -0.216733  0.02084   
1.07905    0.608195   -0.12836   0.0319924 
1.07905    0.608195   -0.12836   0.0233079 
1.07905    0.608195   -0.12836   0.0412375 
1.07905    0.608195   -0.12836   0.0238866 
1.08964    0.609233   -0.054044  0.0144146 
1.05332    0.586248   -0.167318  0.0126343 
0.972884   0.538467   -0.26121   0.011342  
0.921342   0.624435   -0.392996  0.021762  
0.921342   0.624435   -0.392996  0.00972383
0.913131   0.609842   -0.390239  0.0124279 
0.913131   0.609842   -0.390239  0.0168839 
0.905127   0.669926   -0.372481  0.0271019 
0.866071   0.734757   -0.292785  0.034193  
0.866071   0.734757   -0.292785  0.0246285 
0.894379   0.749603   -0.291024  0.0198293 
0.848642   0.691459   -0.375029  0.00887235
0.829201   0.599981   -0.432723  0.00782848
0.836424   0.580283   -0.431442  0.0082482 
0.865213   0.580808   -0.419872  0.00674555
0.808372   0.62657    -0.430473  0.0149201 
0.808372   0.62657    -0.430473  0.00876921
0.831897   0.617428   -0.439464  0.00813165
0.868878   0.592899   -0.429353  0.0194269 
0.868878   0.592899   -0.429353  0.0195721 
0.803884   0.501066   -0.308188  0.0278037 
0.803884   0.501066   -0.308188  0.00842982
0.729413   0.573394   -0.422032  0.00632837
0.825261   0.624234   -0.442154  0.00979386
0.809432   0.561586   -0.427318  0.00674894
0.74412    0.635574   -0.433079  0.011246  
0.695428   0.708169   -0.380016  0.00732783
0.720878   0.653114   -0.429645  0.00651861
0.778009   0.594425   -0.443287  0.00684023
0.778009   0.594425   -0.443287  0.00925988
0.778009   0.594425   -0.443287  0.00720668
0.73008    0.599535   -0.416627  0.00812819
0.704796   0.659957   -0.406992  0.00792063
0.749934   0.674029   -0.420895  0.0173404 
0.711442   0.767505   -0.350043  0.0216257 
0.796358   0.750877   -0.332846  0.0123402 
0.698856   0.708992   -0.401616  0.0102514 
0.605289   0.641282   -0.342599  0.011431  
0.584199   0.592252   -0.298711  0.0171276 
0.584199   0.592252   -0.298711  0.0144488 
0.512181   0.637541   -0.20485   0.0108931 
0.600812   0.614854   -0.317531  0.0104424 
0.594544   0.617033   -0.287053  0.00966899
0.645639   0.573947   -0.3339    0.0173356 
0.645639   0.573947   -0.3339    0.0128463 
0.558138   0.595155   -0.269445  0.0152128 
0.471419   0.618868   -0.121726  0.0169403 
0.406752   0.680553   -0.100829  0.016864  
0.435139   0.67797    -0.158675  0.0155704 
0.456644   0.702232   -0.187713  0.0190909 
0.38898    0.798319   -0.209558  0.017939  
0.386271   0.712863   -0.181173  0.0207134 
0.386271   0.712863   -0.181173  0.0207406 
0.298795   0.68821    -0.0449328 0.0196545 
0.259264   0.713976   -0.041399  0.0214056 
0.172909   0.692619   0.0635815  0.0224724 
0.196292   0.682975   0.0185168  0.029308  
0.166153   0.592661   0.253779   0.0244867 
0.203614   0.630982   0.157461   0.0246737 
0.203614   0.630982   0.157461   0.0217747 
0.21534    0.664403   0.099075   0.0266576 
0.129333   0.62208    0.252193   0.0235594 
0.0677989  0.692844   0.0391656  0.0193858 
0.145305   0.751676   -0.034215  0.0191682 
0.0703984  0.779285   -0.100846  0.0183514 
0.1383     0.784768   -0.0919487 0.0168535 
0.108586   0.855728   -0.150733  0.0177996 
0.147629   0.896399   -0.186555  0.0205736 
0.221944   0.989444   -0.26147   0.021717  
0.202079   1.02719    -0.232819  0.0169904 
0.128733   0.980302   -0.259764  0.0207518 
0.187827   1.03677    -0.264394  0.0210047 
0.211818   0.955274   -0.226771  0.0161303 
0.25636    0.881319   -0.231671  0.0161321 
0.345084   0.840131   -0.227348  0.0151307 
0.372876   0.855144   -0.263135  0.0152879 
0.401183   0.820358   -0.240643  0.0156201 
0.436987   0.866389   -0.256036  0.0224855 
0.529906   0.841052   -0.306758  0.0177967 
0.609241   0.841445   -0.310408  0.0206941 
0.634156   0.91604    -0.303469  0.0275905 
0.578871   0.970552   -0.214155  0.0348163 
0.668054   0.916558   -0.218343  0.0436079 
0.668054   0.916558   -0.218343  0.0196713 
0.643297   0.867108   -0.311859  0.0281412 
0.643297   0.867108   -0.311859  0.0153098 
0.650463   0.797445   -0.342243  0.0241608 
0.672296   0.831405   -0.270086  0.0286712 
0.73531    0.850147   -0.24193   0.0297313 
0.823876   0.800253   -0.251108  0.0358924 
0.823876   0.800253   -0.251108  0.0465452 
0.823876   0.800253   -0.251108  0.034166  
0.879706   0.769951   -0.235911  0.0159891 
0.799317   0.774742   -0.366144  0.0553502 
0.799317   0.774742   -0.366144  0.0396993 
0.799317   0.774742   -0.366144  0.0225546 
0.766283   0.746609   -0.320994  0.0202932 
0.842338   0.707396   -0.374092  0.0113165 
0.875956   0.652389   -0.416116  0.0247097 
0.875956   0.652389   -0.416116  0.0120939 
0.901894   0.641454   -0.392193  0.0104484 
0.858296   0.56378    -0.404368  0.0094481 
0.77993    0.64075    -0.429391  0.0119386 
0.824161   0.546365   -0.405366  0.0076684 
0.833241   0.589541   -0.420919  0.00909685
0.769513   0.661723   -0.437633  0.00841735
0.801905   0.573772   -0.414459  0.00948918
0.841768   0.665969   -0.423837  0.0212154 
0.841768   0.665969   -0.423837  0.0104893 
0.797768   0.676003   -0.423449  0.00734559
0.740512   0.590603   -0.415313  0.0094267 
0.740512   0.590603   -0.415313  0.00934756
0.657163   0.688109   -0.379566  0.0187554 
0.657224   0.780927   -0.339533  0.0142322 
0.708154   0.735675   -0.363825  0.0289173 
0.708154   0.735675   -0.363825  0.0177518 
0.789724   0.748358   -0.363265  0.0138097 
0.813919   0.717049   -0.398037  0.00806318
0.736998   0.641229   -0.430374  0.0100496 
0.760959   0.560023   -0.410339  0.0234236 
0.760959   0.560023   -0.410339  0.0258048 
0.760959   0.560023   -0.410339  0.0228842 
0.822863   0.485306   -0.242871  0.00963491
0.849819   0.574253   -0.434454  0.0182382 
0.849819   0.574253   -0.434454  0.00807353
0.837443   0.645718   -0.441538  0.0107145 
0.837443   0.645718   -0.441538  0.00714326
0.817823   0.607474   -0.431534  0.013026  
0.860048   0.541409   -0.373002  0.0249645 
0.946925   0.465277   -0.0776436 0.0493876 
0.946925   0.465277   -0.0776436 0.0232062 
0.916009   0.473798   -0.135425  0.0248981 
0.854342   0.472266   -0.162921  0.010437  
0.797666   0.559108   -0.418005  0.0121868 
0.798637   0.544759   -0.397266  0.00716587
0.726659   0.611781   -0.421324  0.0105279 
0.790076   0.555812   -0.41138   0.0105924 
0.725921   0.552817   -0.397322  0.00724228
0.804021   0.590745   -0.446095  0.0186158 
0.804021   0.590745   -0.446095  0.0100824 
0.789105   0.628926   -0.430592  0.0156408 
0.767938   0.691936   -0.401905  0.0120411 
0.688934   0.748743   -0.378089  0.0268265 
0.77921    0.756307   -0.319696  0.0272263 
0.745216   0.820001   -0.296739  0.0347298 
0.805424   0.849743   -0.194708  0.0310419 
0.846419   0.790809   -0.220619  0.0214787 
0.890077   0.74794    -0.31934   0.0208874 
0.85593    0.723533   -0.35083   0.0126943 
0.824486   0.694411   -0.407019  0.0299206 
0.901176   0.777866   -0.212238  0.0469952 
0.97736    0.827597   -0.069574  0.0431315 
0.956075   0.862696   0.00845849 0.0552452 
0.929342   0.798592   -0.106353  0.0388208 
0.871616   0.810394   -0.160741  0.0171624 
0.869839   0.717384   -0.368429  0.0190419 
0.869839   0.717384   -0.368429  0.0126314 
0.882568   0.633111   -0.395872  0.00842057
0.797697   0.60937    -0.422444  0.00658643
0.721879   0.6405     -0.425236  0.00609397
0.7574     0.65265    -0.434766  0.0143396 
0.7574     0.65265    -0.434766  0.00874993
0.662381   0.595161   -0.376488  0.0119136 
0.662381   0.595161   -0.376488  0.00936013
0.662381   0.595161   -0.376488  0.0170442 
0.662381   0.595161   -0.376488  0.00823575
0.686595   0.597469   -0.400306  0.016283  
0.686595   0.597469   -0.400306  0.0090746 
0.630332   0.640293   -0.363955  0.0077897 
0.671966   0.648968   -0.37816   0.0117559 
0.689319   0.550512   -0.384546  0.00898719
0.633614   0.613736   -0.339908  0.0145585 
0.633614   0.613736   -0.339908  0.00752611
0.710182   0.594614   -0.414849  0.0167782 
0.710182   0.594614   -0.414849  0.00683138
0.727278   0.596981   -0.42492   0.00746228
0.727278   0.596981   -0.42492   0.0135549 
0.727278   0.596981   -0.42492   0.0125948 
0.727278   0.596981   -0.42492   0.00892129
0.64356    0.602076   -0.327946  0.00911807
0.640461   0.594825   -0.353973  0.00779007
0.736198   0.580164   -0.402079  0.0154665 
0.785026   0.525823   -0.38179   0.0281676 
0.785026   0.525823   -0.38179   0.0256488 
0.758422   0.466968   -0.144063  0.0224723 
0.790912   0.484517   -0.23257   0.010086  
0.700135   0.557922   -0.38794   0.0137976 
0.700135   0.557922   -0.38794   0.0169162 
0.714276   0.51407    -0.329102  0.00779557
0.710742   0.585003   -0.407225  0.00863935
0.652593   0.623326   -0.37313   0.0121729 
0.652593   0.623326   -0.37313   0.00801949
0.70954    0.576574   -0.395698  0.0151974 
0.70954    0.576574   -0.395698  0.0227936 
0.718278   0.481988   -0.273698  0.0419438 
0.718278   0.481988   -0.273698  0.0239534 
0.718278   0.481988   -0.273698  0.0355707 
0.645656   0.424582   -0.0137957 0.0476947 
0.702352   0.391625   0.227068   0.0378858 
0.716271   0.425225   0.0740363  0.023526  
0.682682   0.469313   -0.181554  0.0114717 
0.634466   0.553889   -0.320574  0.0119907 
0.657182   0.543447   -0.342638  0.0260873 
0.657182   0.543447   -0.342638  0.0280501 
0.66553    0.447142   -0.106456  0.0313276 
0.66553    0.447142   -0.106456  0.0171317 
0.665708   0.502456   -0.268903  0.00990084
0.708735   0.561156   -0.394779  0.00710257
0.764554   0.632434   -0.437494  0.0142041 
0.764554   0.632434   -0.437494  0.00809528
0.672695   0.634957   -0.39462   0.00961012
0.657324   0.57947    -0.368299  0.0108936 
0.657324   0.57947    -0.368299  0.0135058 
0.711922   0.529377   -0.361371  0.0091489 
0.65999    0.579526   -0.366607  0.00743778
0.72754    0.663618   -0.428942  0.00667089
0.749398   0.6438     -0.429146  0.0109113 
0.749398   0.6438     -0.429146  0.0115103 
0.749398   0.6438     -0.429146  0.0115809 
0.749398   0.6438     -0.429146  0.0097194 
0.808962   0.59875    -0.424573  0.00650694
0.752855   0.634723   -0.439019  0.0117248 
0.848458   0.548328   -0.360545  0.0250687 
0.848458   0.548328   -0.360545  0.00707422
0.749732   0.59619    -0.438047  0.00779975
0.682415   0.597335   -0.38623   0.00985613
0.608811   0.639643   -0.303673  0.0119952 
0.582462   0.588187   -0.28806   0.0168026 
0.582462   0.588187   -0.28806   0.00961804
0.646929   0.635365   -0.372648  0.00774117
0.7139     0.646384   -0.399035  0.0120388 
0.751652   0.701763   -0.392002  0.0120322 
0.768725   0.67731    -0.420341  0.0146907 
0.686053   0.755041   -0.363217  0.0101895 
0.615872   0.689931   -0.327035  0.0115793 
0.567227   0.648219   -0.272625  0.0160674 
0.567227   0.648219   -0.272625  0.010419  
0.60627    0.606918   -0.317831  0.00956051
0.646738   0.681338   -0.365264  0.0126351 
0.619145   0.738083   -0.337842  0.0135767 
0.619145   0.738083   -0.337842  0.0196383 
0.665128   0.776123   -0.309573  0.0120602 
0.671494   0.687465   -0.370168  0.0181693 
0.681307   0.748598   -0.35258   0.0498076 
0.73802    0.765919   -0.295352  0.014686  
0.723614   0.761517   -0.371595  0.0235479 
0.723614   0.761517   -0.371595  0.0104314 
0.72675    0.677957   -0.402044  0.00721002
0.768969   0.584543   -0.43232   0.0106523 
0.819266   0.650535   -0.430485  0.00902963
0.812706   0.663085   -0.435584  0.0165381 
0.795468   0.758341   -0.36914   0.0218341 
0.698383   0.705392   -0.347937  0.0094765 
0.713316   0.659915   -0.397436  0.00620838
0.714989   0.628753   -0.418855  0.0076074 
0.74227    0.663284   -0.429542  0.0122447 
0.74227    0.663284   -0.429542  0.00792052
0.721273   0.627858   -0.417902  0.0100496 
0.690923   0.555973   -0.362944  0.0135832 
0.726938   0.531758   -0.369276  0.0122408 
0.732623   0.541092   -0.379095  0.0234559 
0.732623   0.541092   -0.379095  0.00814082
0.67091    0.588844   -0.367839  0.00781685
0.662266   0.615515   -0.374665  0.00947036
0.649089   0.698734   -0.367368  0.012052  
0.624075   0.686001   -0.344674  0.0135711 
0.582478   0.7196     -0.31294   0.01436   
0.509394   0.631761   -0.22041   0.0159884 
0.462011   0.617776   -0.129169  0.0156746 
0.465277   0.650237   -0.174106  0.0144312 
0.481627   0.683146   -0.204852  0.0162074 
0.398379   0.759562   -0.1941    0.0386283 
0.445825   0.845034   -0.187976  0.0160153 
0.395852   0.821597   -0.236652  0.0152241 
0.356129   0.861867   -0.243537  0.0173051 
0.330802   0.775267   -0.184374  0.0175149 
0.257351   0.79087    -0.138642  0.0168394 
0.339239   0.889794   -0.290767  0.0162202 
0.3309     0.805896   -0.218156  0.0174364 
0.3309     0.805896   -0.218156  0.0156841 
0.404519   0.829489   -0.239469  0.0154169 
0.318086   0.928535   -0.28426   0.0502626 
0.242687   1.01614    -0.220241  0.0204734 
0.189704   1.02335    -0.263418  0.0224534 
0.284462   0.985446   -0.237035  0.0183857 
0.214883   0.968816   -0.247279  0.0167517 
0.281216   0.903238   -0.250411  0.01728   
0.281216   0.903238   -0.250411  0.0274902 
0.333731   0.98869    -0.263865  0.0159402 
0.249831   0.899426   -0.253641  0.0178528 
0.158384   0.815668   -0.146086  0.0159995 
0.215687   0.86182    -0.195845  0.0174714 
0.240557   0.773672   -0.127043  0.0183338 
0.240557   0.773672   -0.127043  0.0182751 
0.240557   0.773672   -0.127043  0.0189056 
0.282782   0.741872   -0.108828  0.0173937 
0.317756   0.723086   -0.0866974 0.0168204 
0.277406   0.816039   -0.181095  0.0143131 
0.349859   0.869995   -0.251289  0.0180214 
0.292233   0.953852   -0.257487  0.0221227 
0.253246   1.00672    -0.213261  0.0231689 
0.25669    0.992096   -0.262299  0.0177168 
0.250963   0.906899   -0.234995  0.0153195 
0.332133   0.902751   -0.272227  0.017948  
0.328128   0.827097   -0.202489  0.016633  
0.335167   0.795253   -0.150017  0.0195842 
0.335167   0.795253   -0.150017  0.0171367 
0.39032    0.871716   -0.272588  0.0181049 
0.300114   0.854361   -0.213265  0.015934  
0.355277   0.827623   -0.215569  0.0181887 
0.38257    0.898449   -0.254919  0.0309692 
0.305268   0.937309   -0.206509  0.0200631 
0.232518   1.02274    -0.247649  0.0625228 
0.232518   1.02274    -0.247649  0.0185686 
0.172886   0.923651   -0.254977  0.0281783 
0.129981   1.023      -0.217721  0.0395904 
0.194186   1.09318    -0.190874  0.0226216 
0.22702    1.04298    -0.244389  0.0641422 
0.271197   1.11254    -0.108039  0.0449254 
0.35608    1.13197    -0.17193   0.0492206 
0.35608    1.13197    -0.17193   0.0509643 
0.35608    1.13197    -0.17193   0.0416611 
0.373259   1.06752    -0.143891  0.0247271 
0.307591   1.03391    -0.20439   0.0345098 
0.242126   1.09813    -0.167213  0.0299875 
0.273526   1.03553    -0.19967   0.0250382 
0.311437   1.06898    -0.289793  0.0265634 
0.3085     0.978733   -0.241715  0.0332222 
0.3085     0.978733   -0.241715  0.017134  
0.405066   0.932522   -0.292936  0.0268637 
0.405066   0.932522   -0.292936  0.0267867 
0.405066   0.932522   -0.292936  0.0248226 
0.405066   0.932522   -0.292936  0.0282311 
0.458117   0.947803   -0.214736  0.0297829 
0.367326   1.03848    -0.236439  0.0285716 
0.310289   1.02996    -0.246231  0.0323642 
0.290318   1.09674    -0.161686  0.0379624 
0.269242   1.17993    -0.108173  0.0638046 
0.269242   1.17993    -0.108173  0.0357551 
0.228099   1.09267    -0.210929  0.0276442 
0.160304   1.04688    -0.230165  0.0196331 
0.0664189  1.04617    -0.272822  0.039946  
0.0664189  1.04617    -0.272822  0.0236226 
0.0250026  1.06467    -0.264183  0.0186593 
-0.011033  1.01882    -0.261037  0.0157285 
0.0454708  0.939735   -0.237828  0.0160821 
-0.0118405 0.907766   -0.194854  0.0180049 
-0.0501875 0.987874   -0.258682  0.0295543 
-0.030043  1.06933    -0.252419  0.0402776 
-0.028337  1.16738    -0.11953   0.0662726 
0.0412045  1.26192    0.0296406  0.0702837 
0.024286   1.31489    0.185874   0.140343  
-0.0600804 1.26698    0.0795373  0.0993027 
-0.0600804 1.26698    0.0795373  0.10636   
-0.0600804 1.26698    0.0795373  0.0890132 
-0.0950191 1.23023    0.0942313  0.0490442 
-0.0777178 1.20434    -0.0862628 0.0972623 
-0.0777178 1.20434    -0.0862628 0.0614488 
-0.0777178 1.20434    -0.0862628 0.0389527 
-0.0344365 1.17702    -0.118996  0.0374367 
-0.127144  1.10364    -0.151569  0.0605526 
-0.127144  1.10364    -0.151569  0.03421   
-0.158936  1.09713    -0.171578  0.020601  
-0.194404  1.03241    -0.237003  0.0315889 
-0.134261  1.1092     -0.228082  0.0269217 
-0.215925  1.01526    -0.244539  0.0380663 
-0.215925  1.01526    -0.244539  0.0169501 
-0.193516  0.954882   -0.258944  0.0256965 
-0.215002  1.00233    -0.215329  0.025051  
-0.146352  0.972898   -0.228126  0.0213556 
-0.179923  0.93398    -0.228969  0.0160907 
-0.149117  0.903038   -0.194782  0.0188419 
-0.125979  0.973639   -0.246373  0.0209935 
-0.126339  0.968089   -0.256169  0.0165378 
-0.140757  0.896744   -0.246815  0.0249001 
-0.119719  0.969107   -0.223655  0.0286562 
-0.12129   0.980211   -0.237567  0.0202402 
-0.0941939 0.957795   -0.241226  0.0166176 
-0.182749  0.973032   -0.270761  0.0157049 
-0.100611  0.985984   -0.261853  0.0210575 
-0.196572  0.961405   -0.247472  0.0168107 
-0.196572  0.961405   -0.247472  0.0244864 
-0.244605  1.05169    -0.269485  0.0208191 
-0.181457  1.03291    -0.277204  0.0278581 
-0.181457  1.03291    -0.277204  0.0572458 
-0.142442  1.0023     -0.224395  0.0200231 
-0.18498   1.03973    -0.255252  0.030857  
-0.12205   1.10865    -0.221536  0.0321152 
-0.0764834 1.05007    -0.205303  0.0401993 
-0.0262531 1.1416     -0.163849  0.0225895 
-0.0882356 1.07307    -0.227918  0.0160101 
-0.155564  0.976956   -0.286183  0.01527   
-0.22771   0.933407   -0.242548  0.0260875 
-0.136972  0.946531   -0.231379  0.0164638 
-0.14996   0.92904    -0.281413  0.0154096 
-0.211842  0.876993   -0.214132  0.0149892 
-0.267575  0.937714   -0.250053  0.0183406 
-0.326807  0.92041    -0.263814  0.0281207 
-0.299467  0.972461   -0.243082  0.0173698 
-0.253715  0.892197   -0.237747  0.0183947 
-0.22925   0.946137   -0.237303  0.0157388 
-0.193769  0.902788   -0.231332  0.0195266 
-0.193769  0.902788   -0.231332  0.0166848 
-0.267401  0.903124   -0.256368  0.0171817 
-0.204127  0.875097   -0.20735   0.0154078 
-0.159424  0.89667    -0.194991  0.0166159 
-0.195021  0.85018    -0.198958  0.0190107 
-0.123601  0.775143   -0.0818037 0.0223336 
-0.123601  0.775143   -0.0818037 0.0192124 
-0.219442  0.726781   -0.0295652 0.0190637 
-0.14315   0.763015   -0.0382755 0.0246555 
-0.0468854 0.665961   0.151519   0.0212432 
-0.0526027 0.725827   0.0385835  0.0278446 
-0.0526027 0.725827   0.0385835  0.0236715 
-0.116866  0.690823   0.0547786  0.0260479 
-0.116866  0.690823   0.0547786  0.0181492 
-0.191044  0.767351   -0.0531565 0.0169408 
-0.205717  0.815907   -0.146346  0.0156882 
-0.290453  0.834162   -0.20408   0.0180446 
-0.252061  0.867161   -0.220697  0.0234509 
-0.347071  0.935584   -0.238651  0.0222966 
-0.422799  0.963441   -0.263827  0.0185487 
-0.469026  0.937061   -0.280537  0.0320199 
-0.461751  0.998582   -0.206145  0.0371949 
-0.530696  1.02242    -0.165652  0.0712608 
-0.535262  1.03247    -0.148327  0.139738  
-0.535262  1.03247    -0.148327  0.0358253 
