#MU        SIGMA      ENERGY     ERROR     
-0.340979  1.29494    0.290183   0.115859  
-0.404107  1.37869    0.751334   0.11041   
-0.392303  1.38649    0.647199   0.21767   
-0.381709  1.46662    1.3742     0.23593   
-0.381709  1.46662    1.3742     0.156015  
-0.397172  1.54419    1.473      0.238018  
-0.397172  1.54419    1.473      0.223627  
-0.451183  1.60086    2.06651    0.266281  
-0.406866  1.6666     2.50199    0.296288  
-0.309961  1.74052    3.23124    0.363713  
-0.362605  1.74097    3.70542    0.390901  
-0.362605  1.74097    3.70542    0.360925  
-0.375153  1.68743    3.04584    0.331229  
-0.375153  1.68743    3.04584    0.571632  
-0.375153  1.68743    3.04584    0.312907  
-0.303708  1.61529    2.44404    0.205631  
-0.239927  1.59796    1.39617    0.254169  
-0.199885  1.62445    2.07814    0.223106  
-0.108124  1.60991    1.84397    0.165475  
-0.149384  1.52375    1.1538     0.190437  
-0.0879897 1.53538    1.12663    0.166448  
-0.112862  1.49925    1.42567    0.121265  
-0.202039  1.43834    0.649814   0.158038  
-0.202039  1.43834    0.649814   0.10952   
-0.156554  1.36499    0.530083   0.0868756 
-0.22718   1.30911    0.246506   0.111164  
-0.208193  1.36788    0.617244   0.120988  
-0.208193  1.36788    0.617244   0.0900845 
-0.109864  1.38181    0.358003   0.0878483 
-0.153494  1.30211    0.14581    0.104884  
-0.153494  1.30211    0.14581    0.0570992 
-0.133706  1.25673    0.0314129  0.0531771 
-0.102391  1.17546    -0.0373556 0.0265764 
-0.117772  1.11165    -0.217389  0.0314091 
-0.0234505 1.09406    -0.180201  0.0386449 
0.0363035  1.12539    -0.180491  0.0249146 
0.0728397  1.08597    -0.25125   0.0223393 
-0.0114738 1.00992    -0.26041   0.0221821 
-0.0669995 1.01318    -0.229714  0.0312076 
-0.126468  1.04724    -0.22492   0.0400441 
-0.070827  1.13881    -0.152157  0.0441464 
-0.14162   1.18582    -0.10026   0.0458161 
-0.19982   1.13625    -0.142945  0.0681246 
-0.185039  1.22866    0.0456742  0.0918113 
-0.148744  1.31757    0.293499   0.0572438 
-0.228588  1.22479    0.00707687 0.0443007 
-0.129931  1.22038    -0.0784421 0.0655691 
-0.227733  1.27924    0.0788099  0.0934359 
-0.220542  1.35944    0.454889   0.0730185 
-0.286293  1.27923    0.166033   0.0797134 
-0.378055  1.283      0.315058   0.134472  
-0.422946  1.30163    0.679704   0.0981141 
-0.462604  1.33881    0.604074   0.119209  
-0.442824  1.40706    0.874121   0.180283  
-0.461545  1.47513    1.36773    0.19359   
-0.556249  1.41829    1.36131    0.186328  
-0.498749  1.50852    1.46097    0.172332  
-0.475903  1.42087    1.06265    0.112131  
-0.506224  1.34166    0.624218   0.101324  
-0.468791  1.28487    0.496002   0.107494  
-0.476041  1.28027    0.483531   0.0632316 
-0.382966  1.23218    0.100113   0.141631  
-0.382966  1.23218    0.100113   0.0641218 
-0.364622  1.25099    0.108062   0.114588  
-0.358489  1.28918    0.471405   0.09152   
-0.413049  1.25516    0.342041   0.163071  
-0.470229  1.34686    0.94279    0.122497  
-0.415544  1.34929    0.571324   0.153987  
-0.415544  1.34929    0.571324   0.176652  
-0.415544  1.34929    0.571324   0.225471  
-0.415544  1.34929    0.571324   0.126098  
-0.370028  1.41517    0.919101   0.179842  
-0.382245  1.43982    1.04474    0.138818  
-0.335575  1.44171    0.88067    0.0986132 
-0.267267  1.37098    0.451514   0.144387  
-0.354401  1.44099    1.07212    0.11383   
-0.264412  1.47026    0.877798   0.116917  
-0.326094  1.37129    0.558472   0.0752243 
-0.266134  1.2851     0.17802    0.102594  
-0.179768  1.36961    0.439556   0.0846599 
-0.210991  1.2984     0.160254   0.0807115 
-0.19452   1.37884    0.361729   0.100745  
-0.169923  1.3537     0.38538    0.0734502 
-0.247908  1.29537    0.133842   0.0889812 
-0.16841   1.30193    0.230964   0.136765  
-0.204617  1.28029    0.343248   0.0824019 
-0.281772  1.2991     0.26351    0.0690172 
-0.215561  1.30116    0.178779   0.0475631 
-0.285138  1.20603    -0.0461787 0.0458903 
-0.2322    1.2121     -0.0595392 0.056776  
-0.221889  1.24014    -0.0371715 0.0667575 
-0.190242  1.18088    -0.0632627 0.0212051 
-0.203213  1.09059    -0.266315  0.0400127 
-0.27417   1.12929    -0.145422  0.0554616 
-0.21838   1.16278    0.0229492  0.0388218 
-0.208495  1.14905    -0.149461  0.043096  
-0.214407  1.16281    -0.109708  0.0549645 
-0.152714  1.25956    0.0539643  0.0442493 
-0.0527915 1.21906    -0.0763554 0.0669314 
0.0135899  1.20531    -0.0252558 0.0634263 
0.0793096  1.27636    0.0602219  0.0432738 
0.0807013  1.21963    -0.13953   0.037395  
0.105714   1.23033    -0.119203  0.0554562 
0.193947   1.2282     -0.0166733 0.0465737 
0.181734   1.16766    -0.0835001 0.0498993 
0.258039   1.22715    -0.0159746 0.0477893 
0.289832   1.18845    -0.0406117 0.0629414 
0.195211   1.11059    -0.0661616 0.035572  
0.267637   1.07914    -0.17695   0.0232252 
0.207102   1.00084    -0.222267  0.0143293 
0.283408   0.923341   -0.25911   0.0228767 
0.369241   0.991655   -0.22461   0.0200213 
0.455737   0.910071   -0.26508   0.0156106 
0.36231    0.834287   -0.230392  0.0151649 
0.291752   0.879347   -0.247102  0.0161626 
0.291345   0.830381   -0.227092  0.0175674 
0.36519    0.73953    -0.161776  0.0190648 
0.387812   0.647124   -0.0794287 0.0167834 
0.384768   0.731603   -0.148439  0.0216183 
0.304853   0.657592   0.015542   0.0197137 
0.28319    0.708544   -0.0822454 0.0220707 
0.189399   0.694813   0.0243474  0.021171  
0.175625   0.712617   0.0421636  0.0231283 
0.209362   0.661168   0.0812751  0.0188982 
0.276889   0.734046   -0.0804316 0.0222375 
0.195648   0.678095   0.10349    0.026107  
0.224501   0.617808   0.130572   0.0238597 
0.210459   0.639045   0.126237   0.0219251 
0.126642   0.706307   0.0312904  0.0186729 
0.225418   0.799687   -0.132572  0.0179647 
0.285787   0.74659    -0.105873  0.017662  
0.201029   0.800683   -0.0995296 0.0164904 
0.139853   0.841393   -0.151509  0.0171995 
0.166279   0.824039   -0.153546  0.016645  
0.0747329  0.91499    -0.270104  0.0175268 
0.0820357  0.828634   -0.136418  0.0179097 
0.091198   0.815355   -0.158601  0.0183293 
0.00166794 0.801322   -0.105916  0.0169011 
0.0332735  0.870906   -0.196645  0.0170818 
0.0436773  0.912304   -0.231854  0.0203659 
0.00724352 0.988437   -0.250288  0.0165035 
-0.0746234 0.905368   -0.210924  0.018923  
-0.0172987 0.949633   -0.235219  0.0173071 
-0.0725038 0.936153   -0.236949  0.0165453 
-0.0815279 0.873763   -0.203568  0.0178672 
-0.0509316 0.833953   -0.177589  0.016887  
0.011576   0.843167   -0.169504  0.0182097 
0.0598396  0.810236   -0.129684  0.0175819 
0.102191   0.850567   -0.179881  0.0168867 
0.167502   0.84582    -0.187282  0.0153391 
0.250022   0.911566   -0.257791  0.016668  
0.250022   0.911566   -0.257791  0.0264491 
0.321856   1.007      -0.223185  0.0308324 
0.377246   1.07822    -0.185144  0.0326303 
0.364064   1.10789    -0.144919  0.0501767 
0.339768   1.18564    -0.00824239 0.077154  
0.339768   1.18564    -0.00824239 0.0669378 
0.381121   1.23544    0.177341   0.0988233 
0.450236   1.28842    0.371786   0.0777782 
0.537147   1.1951     0.24124    0.0880316 
0.47542    1.2466     0.31978    0.114278  
0.47542    1.2466     0.31978    0.128313  
0.389382   1.33731    0.476679   0.0970365 
0.461981   1.26381    0.434954   0.106908  
0.42545    1.33006    0.536641   0.172365  
0.503164   1.388      1.22839    0.298803  
0.560911   1.3741     1.38882    0.146144  
0.477805   1.4146     1.23258    0.166281  
0.387817   1.35409    0.655942   0.143023  
0.355489   1.42204    1.07492    0.227926  
0.348658   1.48358    1.44785    0.108436  
0.372414   1.39       0.616487   0.11582   
0.392451   1.38398    0.726294   0.150951  
0.381491   1.4027     0.831017   0.087904  
0.379568   1.35108    0.321158   0.13792   
0.305822   1.44549    0.873566   0.158763  
0.40126    1.37171    0.527215   0.145701  
0.48322    1.33257    0.882297   0.133951  
0.405675   1.33867    0.698753   0.0904453 
0.400467   1.29301    0.399901   0.0623497 
0.384575   1.23658    0.0536016  0.0740927 
0.471393   1.2184     0.150715   0.160995  
0.426008   1.31297    0.689191   0.121101  
0.428099   1.312      0.470726   0.10997   
0.335336   1.32578    0.483317   0.197813  
0.318812   1.41479    1.02898    0.112305  
0.335806   1.38802    0.64753    0.181449  
0.407759   1.39807    1.02866    0.178808  
0.396932   1.41121    1.18753    0.107663  
0.364001   1.31901    0.468968   0.315253  
0.378423   1.41413    0.967541   0.281001  
0.348832   1.50832    1.52181    0.0946522 
0.255932   1.41215    0.56794    0.0716253 
0.33224    1.32352    0.20836    0.0940831 
0.400459   1.32949    0.422187   0.062128  
0.301766   1.26568    0.143549   0.0651213 
0.324807   1.21274    0.00793781 0.127632  
0.310902   1.28084    0.309199   0.100334  
0.317624   1.37853    0.462034   0.164055  
0.352634   1.40086    0.943645   0.142111  
0.39599    1.34176    0.723138   0.127247  
0.425919   1.43415    0.915779   0.110515  
0.455212   1.36293    0.57091    0.151282  
0.455212   1.36293    0.57091    0.155898  
0.51812    1.43029    0.982301   0.100851  
0.547463   1.34001    0.678398   0.0890874 
0.539983   1.26267    0.423389   0.119977  
0.602546   1.27246    0.623516   0.113085  
0.530361   1.35225    0.790163   0.10657   
0.439574   1.33915    0.577728   0.1736    
0.393938   1.41717    1.03721    0.0986954 
0.411346   1.42283    0.61843    0.16836   
0.483      1.35183    0.847371   0.0872045 
0.514911   1.26591    0.301099   0.111509  
0.432786   1.31299    0.550541   0.174015  
0.431475   1.36208    0.793411   0.152931  
0.499489   1.37555    0.733056   0.20048   
0.58386    1.41025    1.25269    0.165216  
0.5822     1.32019    0.928234   0.134813  
0.55262    1.34387    0.835694   0.198397  
0.55262    1.34387    0.835694   0.15456   
0.577922   1.31504    0.762907   0.0881408 
0.625428   1.24706    0.377871   0.0764244 
0.619446   1.21814    0.366014   0.110959  
0.547939   1.26945    0.495999   0.118903  
0.549748   1.32157    0.678638   0.183587  
0.600447   1.27404    0.965656   0.127702  
0.635836   1.25732    0.806014   0.11918   
0.540827   1.19453    0.213879   0.0973102 
0.604323   1.16409    0.269298   0.0701184 
0.610287   1.17533    0.271408   0.0746081 
0.686117   1.13509    0.247614   0.070426  
0.625756   1.18852    0.196911   0.163278  
0.625756   1.18852    0.196911   0.0831798 
0.556934   1.24942    0.41803    0.068813  
0.482975   1.18856    0.164587   0.0505679 
0.515643   1.09065    -0.059379  0.0879368 
0.538085   1.15999    0.159698   0.046748  
0.589745   1.14433    0.0292935  0.0409187 
0.609781   1.05798    -0.0994012 0.0283889 
0.514842   0.963426   -0.230034  0.0410945 
0.514842   0.963426   -0.230034  0.023457  
0.531748   0.95775    -0.292009  0.0158133 
0.501731   0.876144   -0.293367  0.0205709 
0.443234   0.844791   -0.250674  0.017264  
0.413838   0.924614   -0.267542  0.0158305 
0.408406   0.870057   -0.269816  0.0207069 
0.468276   0.866364   -0.250466  0.0182677 
0.546659   0.925437   -0.304787  0.0341458 
0.586753   0.957728   -0.195228  0.0411118 
0.68672    0.906615   -0.14447   0.0369014 
0.679494   0.968035   -0.153314  0.0263732 
0.633164   0.905625   -0.227607  0.014305  
0.607344   0.810803   -0.315944  0.0139314 
0.548824   0.739928   -0.315803  0.0116886 
0.56067    0.684545   -0.286527  0.00848986
0.648444   0.651955   -0.380014  0.00862279
0.745327   0.658415   -0.431373  0.0122354 
0.736355   0.723853   -0.399479  0.0367386 
0.835109   0.806433   -0.220972  0.0306876 
0.860048   0.810387   -0.254952  0.0344059 
0.889204   0.76114    -0.23017   0.034617  
0.902438   0.828868   -0.180791  0.0379734 
0.808565   0.846309   -0.209126  0.0463748 
0.889988   0.856063   -0.0638015 0.0481548 
0.86538    0.88606    -0.00825847 0.091792  
0.86538    0.88606    -0.00825847 0.0298431 
0.84038    0.859139   -0.202751  0.0516513 
0.851753   0.907599   -0.000993858 0.0511154 
0.755112   1.00711    -0.0439793 0.0307573 
0.681502   0.937142   -0.217007  0.0407205 
0.759127   1.00519    -0.100099  0.0432305 
0.708762   0.934595   -0.0932793 0.0267941 
0.682472   0.865115   -0.267848  0.0312713 
0.711679   0.804247   -0.27976   0.0259727 
0.756962   0.867089   -0.262421  0.0553507 
0.758792   0.835215   -0.217775  0.0286811 
0.78398    0.807574   -0.277382  0.0343229 
0.851333   0.756454   -0.244678  0.0172834 
0.757141   0.669103   -0.41003   0.0239991 
0.806237   0.767956   -0.334939  0.0136851 
0.88079    0.669233   -0.392992  0.0258615 
0.879835   0.726034   -0.293997  0.0351384 
0.94351    0.766875   -0.215183  0.0586319 
1.02816    0.821393   0.139197   0.0760764 
0.999881   0.899288   0.219854   0.0849807 
1.00991    0.845156   0.350491   0.119879  
0.995156   0.788659   0.0760132  0.0542482 
0.907493   0.868899   0.0129666  0.0715515 
0.924588   0.924677   0.237159   0.0723613 
0.907184   0.874864   0.150558   0.0394185 
0.870157   0.778051   -0.189917  0.0415236 
0.938127   0.740789   -0.177197  0.017424  
0.925557   0.677256   -0.340635  0.0126539 
0.864135   0.701265   -0.397182  0.0171002 
0.929861   0.699834   -0.338554  0.0152747 
0.900131   0.664977   -0.38644   0.0102905 
0.948506   0.568088   -0.350903  0.0167074 
0.991313   0.617629   -0.274725  0.0204658 
0.952177   0.673375   -0.312912  0.0151474 
0.864167   0.684953   -0.384253  0.00651396
0.769837   0.615097   -0.440125  0.0125892 
0.704855   0.539868   -0.384743  0.00726197
0.724514   0.590972   -0.425339  0.00896038
0.672699   0.647005   -0.395577  0.00651004
0.718088   0.646278   -0.412864  0.0117749 
0.715485   0.709303   -0.41646   0.0114892 
0.792754   0.652228   -0.414465  0.00977252
0.750129   0.667196   -0.431886  0.0184654 
0.750129   0.667196   -0.431886  0.00760505
0.726857   0.600896   -0.418439  0.0141488 
0.703352   0.521971   -0.312472  0.0149271 
0.61877    0.514927   -0.289638  0.0316816 
0.70265    0.442861   -0.111875  0.0359188 
0.773676   0.424858   0.081724   0.0344284 
0.702777   0.431601   0.0145803  0.0454672 
0.750774   0.398746   0.279742   0.0365403 
0.699343   0.429229   -0.0710435 0.0426689 
0.661596   0.398498   0.233576   0.064768  
0.661596   0.398498   0.233576   0.0319744 
0.638019   0.430909   -0.057056  0.0213186 
0.614988   0.480499   -0.185043  0.0145889 
0.538945   0.521387   -0.15902   0.0256653 
0.538945   0.521387   -0.15902   0.0158907 
0.486063   0.610156   -0.179227  0.0128549 
0.543209   0.631945   -0.222158  0.0146804 
0.487317   0.63442    -0.145131  0.0151713 
0.439369   0.720979   -0.182909  0.0160521 
0.525181   0.772411   -0.27444   0.0132959 
0.541816   0.703514   -0.278208  0.014029  
0.603375   0.700097   -0.336605  0.0156331 
0.57678    0.7863     -0.30411   0.0130815 
0.611713   0.774678   -0.333032  0.00955985
0.621721   0.678944   -0.351263  0.0292975 
0.617201   0.709038   -0.349703  0.0128714 
0.559838   0.618345   -0.290666  0.00996856
0.612252   0.59675    -0.333478  0.0136783 
0.535527   0.624914   -0.255952  0.0133255 
0.556379   0.723751   -0.297939  0.0173842 
0.638848   0.772727   -0.345802  0.0233287 
0.590359   0.776203   -0.287829  0.010143  
0.645915   0.708994   -0.33076   0.0128422 
0.619088   0.771394   -0.314712  0.0146759 
0.542392   0.7172     -0.298403  0.00992068
0.609681   0.660362   -0.348269  0.0108251 
0.653012   0.701645   -0.370962  0.013437  
0.562564   0.794076   -0.303638  0.0129686 
0.626292   0.719843   -0.338901  0.00948736
0.639157   0.677516   -0.379849  0.0102965 
0.621391   0.604691   -0.361594  0.00815433
0.683666   0.591232   -0.410276  0.0111891 
0.626789   0.659516   -0.355382  0.0134838 
0.674875   0.751925   -0.359482  0.0161995 
0.607144   0.753373   -0.330065  0.00927342
0.647055   0.676747   -0.361428  0.0120915 
0.58571    0.715255   -0.326756  0.0103688 
0.664749   0.720434   -0.355998  0.0161188 
0.717268   0.756201   -0.358029  0.00773315
0.715764   0.685852   -0.421434  0.00740632
0.784477   0.639779   -0.440242  0.00920314
0.721488   0.572332   -0.418187  0.0126709 
0.741425   0.536959   -0.370528  0.0286081 
0.695325   0.452592   -0.123649  0.0388512 
0.695325   0.452592   -0.123649  0.0498773 
0.695325   0.452592   -0.123649  0.0444706 
0.695325   0.452592   -0.123649  0.0150978 
0.757568   0.523777   -0.35245   0.0111536 
0.733663   0.550655   -0.381884  0.00772734
0.755796   0.591178   -0.433233  0.00717898
0.8334     0.596045   -0.43103   0.011042  
0.911512   0.637543   -0.38516   0.0170965 
0.951924   0.640302   -0.335715  0.0156016 
0.87744    0.676464   -0.362235  0.00849872
0.879709   0.586709   -0.401541  0.0151398 
0.803674   0.528542   -0.36434   0.028873  
0.803674   0.528542   -0.36434   0.0104668 
0.77535    0.552743   -0.403136  0.011958  
0.866088   0.546483   -0.359986  0.023683  
0.842141   0.474304   -0.152415  0.0399656 
0.90952    0.397503   0.352727   0.0625695 
0.818631   0.352883   0.675128   0.0597959 
0.818631   0.352883   0.675128   0.0308987 
0.812068   0.449655   -0.109753  0.0254208 
0.891836   0.462061   -0.0279343 0.0461484 
0.87017    0.379613   0.470727   0.0332211 
0.959028   0.419118   0.176782   0.0259533 
1.0413     0.441141   0.0800151  0.0512053 
1.0413     0.441141   0.0800151  0.0177745 
1.01817    0.48887    -0.108662  0.0143457 
1.03381    0.523628   -0.179341  0.0198617 
1.11994    0.587527   -0.0163056 0.0277929 
1.05811    0.625874   -0.116893  0.0166376 
1.06371    0.587497   -0.174762  0.0309077 
1.06371    0.587497   -0.174762  0.0210481 
0.970804   0.673407   -0.297107  0.0132517 
0.940857   0.630421   -0.36726   0.0131251 
1.03702    0.56806    -0.216066  0.0138301 
1.02151    0.557453   -0.232787  0.0156644 
0.989408   0.600549   -0.281245  0.0171657 
0.906936   0.51295    -0.288957  0.0263762 
0.917441   0.463977   -0.161415  0.0475544 
0.935535   0.366432   0.597894   0.0246787 
0.928037   0.458377   -0.0219245 0.0292653 
0.841154   0.453034   -0.0722306 0.0283898 
0.836177   0.454762   -0.0812846 0.034825  
0.757874   0.425059   0.134105   0.0442887 
0.757874   0.425059   0.134105   0.0579904 
0.757874   0.425059   0.134105   0.0352778 
0.744985   0.441677   -0.134375  0.0458685 
0.744985   0.441677   -0.134375  0.0174964 
0.724018   0.507488   -0.327756  0.0230281 
0.674557   0.469452   -0.177348  0.0132171 
0.751365   0.534472   -0.400312  0.00769019
0.672541   0.617414   -0.402863  0.0111991 
0.699801   0.679085   -0.410919  0.00648372
0.695994   0.620633   -0.408019  0.0102936 
0.628457   0.689134   -0.361722  0.0117883 
0.566564   0.600914   -0.269313  0.0114378 
0.576888   0.651613   -0.297409  0.012781  
0.621524   0.689037   -0.338304  0.0115266 
0.581799   0.595116   -0.297773  0.0160515 
0.582317   0.520583   -0.252088  0.0124874 
0.653297   0.532763   -0.30317   0.0155612 
0.731743   0.518663   -0.344026  0.0273882 
0.713456   0.458265   -0.14495   0.0167279 
0.755082   0.511743   -0.331273  0.0238208 
0.711335   0.474665   -0.226213  0.0136401 
0.614482   0.531303   -0.271982  0.0163079 
0.536385   0.499014   -0.144639  0.0273288 
0.545916   0.433006   -0.0795762 0.0176076 
0.615333   0.489024   -0.178399  0.0424642 
0.596711   0.391645   0.248968   0.0696639 
0.588182   0.340138   0.773342   0.028921  
0.555819   0.427144   0.00845292 0.0183794 
0.533245   0.492235   -0.116109  0.0290736 
0.533245   0.492235   -0.116109  0.033874  
0.576902   0.421863   0.00557086 0.0559187 
0.58428    0.361164   0.560285   0.0251879 
0.549739   0.435687   0.0188438  0.0241423 
0.571328   0.451775   -0.0889823 0.0384981 
0.541745   0.392989   0.182719   0.0241928 
0.592095   0.452331   -0.0671592 0.0576131 
0.592095   0.452331   -0.0671592 0.0266847 
0.501018   0.416134   0.117797   0.066774  
0.501018   0.416134   0.117797   0.0345475 
0.407354   0.367523   0.408651   0.0226619 
0.504413   0.462896   -0.0344282 0.0433896 
0.547176   0.377787   0.318042   0.0213245 
0.510765   0.453123   -0.0302869 0.0173974 
0.529636   0.49923    -0.124795  0.0154487 
0.480599   0.526978   -0.0477592 0.0165683 
0.501603   0.510275   -0.0905784 0.0196042 
0.484275   0.451903   0.0373079  0.0246316 
0.392969   0.469564   0.179787   0.0193683 
0.408094   0.505438   0.108323   0.0183404 
0.452019   0.566957   -0.0676524 0.0137889 
0.543737   0.642466   -0.294076  0.0100398 
0.630656   0.6979     -0.346172  0.0146823 
0.713808   0.788636   -0.339474  0.0199909 
0.67384    0.803582   -0.297863  0.0199499 
0.602073   0.890162   -0.283784  0.0284013 
0.656399   0.90753    -0.256695  0.0521474 
0.755556   0.927157   -0.104005  0.0390329 
0.817639   0.910577   -0.130628  0.071153  
0.84701    0.928868   0.0792484  0.0356766 
0.809566   0.908762   -0.13345   0.0477232 
0.770924   0.970622   -0.0523545 0.0505261 
0.7247     0.936549   -0.0643761 0.0195798 
0.658567   0.857726   -0.283542  0.035883  
0.708585   0.916893   -0.14772   0.0261862 
0.610347   0.950531   -0.246576  0.0256792 
0.616928   0.946326   -0.19062   0.0789778 
0.692552   1.04137    0.227277   0.0635469 
0.766687   1.12716    0.241768   0.0950439 
0.814016   1.07248    0.366356   0.0759133 
0.801124   1.04512    0.261296   0.0891901 
0.706371   1.11778    0.304967   0.114235  
0.773954   1.05825    0.276007   0.0955382 
0.750199   1.15156    0.391755   0.116968  
0.750199   1.15156    0.391755   0.0695518 
0.678549   1.20676    0.335705   0.0772016 
0.684571   1.17153    0.236453   0.125459  
0.723105   1.2266     0.652331   0.0954975 
0.708958   1.26085    0.686606   0.293282  
0.684629   1.24276    0.873327   0.05921   
0.661031   1.14934    0.14184    0.0894354 
0.613027   1.19501    0.291055   0.0515932 
0.543213   1.12161    -0.0195344 0.0283153 
0.461418   1.06981    -0.216336  0.0642926 
0.461418   1.06981    -0.216336  0.03078   
0.406152   1.09812    -0.187183  0.0565179 
0.403508   1.06734    -0.0597731 0.0641871 
0.45582    1.10192    -0.0779196 0.0217858 
0.372766   1.01631    -0.238112  0.0357472 
0.393236   1.08278    -0.193888  0.0226531 
0.304424   1.01078    -0.221287  0.0190857 
0.295166   0.971791   -0.279301  0.0303442 
0.274594   0.946556   -0.219788  0.018855  
0.367111   0.95184    -0.252101  0.0333951 
0.447676   0.946397   -0.199028  0.0220256 
0.38262    1.00363    -0.286215  0.0177648 
0.408059   0.963253   -0.290843  0.0191246 
0.388131   0.958225   -0.287313  0.018227  
0.372599   0.953012   -0.256443  0.0190522 
0.317663   0.941996   -0.258775  0.0182572 
0.229551   0.914063   -0.212712  0.0158919 
0.223755   0.938273   -0.246651  0.0165279 
0.254998   0.898411   -0.242103  0.0161207 
0.338337   0.883227   -0.263417  0.0175234 
0.424106   0.851915   -0.259378  0.01707   
0.424106   0.851915   -0.259378  0.0157409 
0.395033   0.759963   -0.202369  0.0167358 
0.339841   0.841458   -0.236721  0.0176993 
0.265398   0.895277   -0.254874  0.0209543 
0.199742   0.956521   -0.240477  0.0255584 
0.243097   1.04655    -0.248894  0.0257157 
0.153762   1.03807    -0.221091  0.0288038 
0.067069   1.12313    -0.204105  0.0812142 
0.067069   1.12313    -0.204105  0.0415366 
0.00998197 1.10697    -0.161054  0.0530546 
-0.0778209 1.17669    -0.127403  0.079429  
-0.0888436 1.26496    0.103448   0.0947102 
-0.0888436 1.26496    0.103448   0.0585638 
-0.143267  1.25551    0.0444058  0.0479786 
-0.174403  1.17907    -0.0820827 0.0695258 
-0.208088  1.2764     0.105155   0.0512951 
-0.120019  1.19086    -0.0712623 0.0520848 
-0.0914972 1.14308    -0.0941002 0.0292651 
0.00681792 1.05551    -0.207404  0.0272859 
0.0952757  1.06472    -0.189013  0.0416354 
0.118502   1.10538    -0.104622  0.0438022 
0.0707228  1.1849     -0.114573  0.0609406 
0.0707228  1.1849     -0.114573  0.0667618 
0.104824   1.24506    0.0480498  0.0580688 
0.172912   1.2219     0.0319765  0.0804175 
0.158201   1.28515    0.218267   0.0596941 
0.250868   1.27198    0.102917   0.090354  
0.296794   1.33339    0.384505   0.0986107 
0.20385    1.34466    0.36719    0.177989  
0.20385    1.34466    0.36719    0.0933838 
0.240747   1.42456    0.506189   0.127998  
0.240747   1.42456    0.506189   0.101371  
0.300356   1.44135    0.546412   0.118862  
0.300356   1.44135    0.546412   0.110038  
0.292889   1.34599    0.470129   0.315646  
0.389143   1.4331     1.33451    0.127252  
0.415018   1.34181    0.617968   0.0783109 
0.428816   1.2815     0.224412   0.106165  
0.428816   1.2815     0.224412   0.145044  
0.428816   1.2815     0.224412   0.0782463 
0.4454     1.18708    0.215424   0.0762937 
0.4454     1.18708    0.215424   0.0880855 
0.442925   1.23726    0.279316   0.0673756 
0.348379   1.17319    -0.0166772 0.102139  
0.402767   1.27262    0.356998   0.0704663 
0.373022   1.25037    0.164067   0.0973002 
0.290039   1.31007    0.313175   0.110843  
0.191697   1.38896    0.441445   0.107011  
0.104738   1.3573     0.436754   0.134094  
0.172167   1.44447    0.785259   0.107922  
0.0993604  1.35956    0.355358   0.0662312 
0.132789   1.35069    0.262653   0.0905146 
0.106759   1.35046    0.324256   0.110402  
0.00959597 1.38925    0.439668   0.150637  
0.0790242  1.45526    0.83289    0.275169  
0.0711943  1.45688    1.2012     0.11168   
0.0108887  1.41811    0.722337   0.109002  
0.0960563  1.40397    0.631934   0.175139  
0.175488   1.45       1.00693    0.0844721 
0.2052     1.35279    0.466889   0.144998  
0.163286   1.41138    0.560985   0.0910461 
0.112665   1.33647    0.410288   0.0935958 
0.0637942  1.33187    0.406803   0.198601  
-0.00771166 1.33841    0.649964   0.0846955 
0.0738082  1.28479    0.223437   0.0463376 
0.139898   1.28375    -0.0336642 0.0624742 
0.139898   1.28375    -0.0336642 0.0462322 
0.137799   1.18869    -0.0372701 0.0447233 
0.043469   1.25374    -0.0510326 0.0393258 
-0.0136005 1.18457    -0.111327  0.0644469 
0.0675387  1.20903    -0.0383966 0.0485158 
0.0614059  1.15922    -0.151173  0.0450974 
0.0540045  1.18367    -0.11377   0.0675266 
0.0369456  1.21475    0.0128475  0.052613  
0.104343   1.17902    -0.0418275 0.0354258 
0.0785978  1.14456    -0.211649  0.035531  
0.0429362  1.10374    -0.196161  0.0426443 
0.0653453  1.19701    -0.0881757 0.0899112 
0.0596891  1.29013    0.246579   0.0480849 
0.0731749  1.22486    -0.0767131 0.0495897 
0.00574588 1.18521    -0.0655472 0.0592351 
-0.0401798 1.25411    0.0255608  0.0419661 
0.00303833 1.19548    -0.0800491 0.0807461 
0.0412424  1.27521    0.232624   0.0423426 
0.0183684  1.20438    -0.0936018 0.0491076 
0.0046534  1.22247    -0.0242753 0.0566993 
0.0730157  1.26161    0.0214996  0.0414658 
0.147177   1.1692     -0.172401  0.0271964 
0.111767   1.14459    -0.201236  0.0317745 
0.12215    1.11411    -0.161299  0.024808  
0.203243   1.07399    -0.26603   0.0331871 
0.110498   1.1384     -0.217612  0.0342606 
0.0762118  1.08696    -0.158256  0.0216203 
0.0208569  1.01213    -0.26502   0.0360199 
0.0502553  1.08453    -0.23809   0.0218812 
0.0343323  1.03079    -0.238202  0.0201049 
0.0720447  1.01028    -0.244918  0.0203367 
0.144056   1.00174    -0.263074  0.0153036 
0.147487   0.915642   -0.250006  0.0209967 
0.213567   0.963175   -0.24452   0.0223867 
0.14349    1.00143    -0.231196  0.0155824 
0.0938437  1.03245    -0.291006  0.0331762 
0.147312   1.00542    -0.191477  0.0219297 
0.241791   1.04028    -0.268239  0.0729777 
0.229002   1.12039    -0.133376  0.0390479 
0.218207   1.09721    -0.185832  0.0208615 
0.191367   1.01645    -0.247195  0.0298143 
0.230669   1.08563    -0.211824  0.0368013 
0.228217   1.11786    -0.153708  0.0325829 
0.206147   1.05935    -0.212239  0.043959  
0.12422    1.15316    -0.09684   0.0211396 
0.0703872  1.05908    -0.263902  0.0313253 
0.154724   0.988902   -0.210719  0.0160323 
0.0755257  0.934196   -0.258563  0.0154619 
0.159047   0.902359   -0.254104  0.0159963 
0.198847   0.923703   -0.257281  0.0182206 
0.0992402  1.00624    -0.234458  0.0170971 
0.168381   0.979587   -0.270995  0.0381443 
0.168381   0.979587   -0.270995  0.0369481 
0.0755242  1.05491    -0.190552  0.0181093 
0.0281391  1.01744    -0.278401  0.0224352 
-0.0663673 1.01584    -0.254028  0.0169517 
-0.0184    0.917207   -0.183464  0.0176759 
-0.109326  0.869013   -0.194433  0.0184712 
-0.0276542 0.827481   -0.151527  0.0179002 
0.0495679  0.883067   -0.176266  0.0161574 
-0.0374046 0.952907   -0.255637  0.0166109 
-0.103597  0.892876   -0.218714  0.0153488 
-0.0628057 0.911169   -0.21952   0.0164161 
-0.0376556 0.970374   -0.2487    0.0162351 
-0.0129735 0.965118   -0.25263   0.0165212 
0.000549388 0.908132   -0.210557  0.0160243 
0.0572896  0.884277   -0.19359   0.0183157 
0.0742818  0.965655   -0.236897  0.0189852 
0.0593028  0.984781   -0.255312  0.015611  
0.0759102  0.921869   -0.259831  0.0208065 
0.0790145  0.992114   -0.237381  0.0262187 
0.145133   1.07818    -0.202299  0.0469066 
0.150372   1.10272    -0.141587  0.0250492 
0.120585   1.05242    -0.245375  0.0209666 
0.0739952  0.991516   -0.217217  0.0211117 
0.0400558  1.08061    -0.24941   0.0202522 
0.0935544  1.03488    -0.243693  0.0323162 
0.0556012  1.11575    -0.181919  0.0255317 
0.141202   1.05767    -0.223283  0.022064  
0.194762   1.05794    -0.244642  0.0169234 
0.274034   0.961071   -0.282911  0.0169486 
0.222047   0.900814   -0.218229  0.01645   
0.27195    0.877866   -0.231815  0.0250552 
0.234633   0.923318   -0.214718  0.0174361 
0.280897   0.871957   -0.205297  0.0187222 
0.197392   0.968439   -0.256951  0.0260946 
0.150153   1.00993    -0.192081  0.0283636 
0.215681   1.06596    -0.25259   0.0339638 
0.27268    1.1345     -0.160429  0.0336751 
0.297391   1.16524    -0.160711  0.059752  
0.305187   1.20442    0.0128411  0.0689864 
0.313916   1.29098    0.164084   0.0663622 
0.382219   1.19643    0.0995785  0.079362  
0.435459   1.25968    0.224592   0.096919  
0.347208   1.29943    0.351665   0.0645231 
0.274832   1.25701    0.113356   0.0384458 
0.263669   1.22139    -0.109711  0.0664338 
0.341685   1.27162    0.165075   0.091506  
0.30579    1.30141    0.243922   0.092492  
0.217405   1.34379    0.351228   0.0851102 
0.289247   1.30086    0.396292   0.0795976 
0.212      1.25894    0.119201   0.110359  
0.21413    1.34042    0.339248   0.0950547 
0.159853   1.43209    0.469288   0.0788436 
0.226127   1.39502    0.449736   0.206396  
0.226127   1.39502    0.449736   0.137318  
0.12707    1.36356    0.470354   0.0763425 
0.21401    1.29121    0.198098   0.0535342 
0.12358    1.20989    -0.0899491 0.0385979 
0.0307125  1.16698    -0.171191  0.0351285 
-0.052299  1.11237    -0.230473  0.0421834 
-0.0989101 1.10736    -0.154285  0.0324479 
-0.0783109 1.06984    -0.205885  0.0179265 
-0.146693  1.05115    -0.280789  0.0163684 
-0.193672  0.965076   -0.234642  0.0343834 
-0.199727  0.992156   -0.223464  0.0193943 
-0.188099  0.957452   -0.253152  0.0193683 
-0.164858  0.964955   -0.232805  0.020272  
-0.157985  0.920564   -0.199763  0.0169583 
-0.125748  0.935222   -0.232759  0.0190353 
-0.0697671 0.966665   -0.240864  0.020119  
-0.0179444 1.02133    -0.234963  0.0159119 
-0.0754507 0.929205   -0.243582  0.0163291 
-0.0866033 0.964527   -0.245311  0.0171022 
-0.145945  0.987682   -0.266221  0.0345113 
-0.16092   1.01168    -0.21658   0.0196307 
-0.0698361 1.00967    -0.230569  0.0262831 
-0.162181  1.05598    -0.23107   0.0342912 
-0.201328  1.13051    -0.18723   0.0299008 
-0.204444  1.08668    -0.240032  0.0834716 
-0.156932  1.16769    -0.0253689 0.0502712 
-0.100503  1.19953    -0.0494192 0.0312543 
-0.120148  1.15114    -0.184496  0.0436717 
-0.156089  1.24379    -0.062807  0.0559729 
-0.0947431 1.15146    -0.0888776 0.0698278 
-0.0658121 1.19903    0.0115705  0.0293794 
-0.129371  1.16223    -0.187353  0.0231818 
-0.201411  1.07406    -0.236067  0.0267469 
-0.286304  0.976306   -0.253759  0.0334208 
-0.368101  1.0547     -0.219589  0.0697821 
-0.368101  1.0547     -0.219589  0.0585384 
-0.289756  1.13726    -0.123828  0.0480271 
-0.378805  1.10669    -0.096801  0.0336016 
-0.466838  1.03308    -0.242203  0.0194909 
-0.403124  0.933407   -0.282206  0.0277999 
-0.472005  0.948232   -0.220538  0.0212276 
-0.55117   0.911102   -0.290185  0.020117  
-0.53533   0.832908   -0.269175  0.0214075 
-0.608357  0.87564    -0.298429  0.0446144 
-0.515423  0.945291   -0.200616  0.0167695 
-0.457394  0.855794   -0.252737  0.0149301 
-0.402985  0.847604   -0.266922  0.0150453 
-0.403018  0.828204   -0.226519  0.0262549 
-0.481192  0.925232   -0.211089  0.0203341 
-0.424288  0.98006    -0.26392   0.0437878 
-0.39283   1.04702    -0.125728  0.0405955 
-0.316777  1.03414    -0.210202  0.0189196 
-0.384847  1.00282    -0.245089  0.0293343 
-0.330235  0.968439   -0.190949  0.019269  
-0.303076  1          -0.251236  0.0274066 
-0.249431  0.961331   -0.222188  0.0230958 
-0.341411  0.989454   -0.264623  0.0289109 
-0.244102  1.02342    -0.253531  0.0249385 
-0.312379  0.978426   -0.22936   0.0186866 
-0.383088  0.923579   -0.2535    0.0189451 
-0.383088  0.923579   -0.2535    0.015759  
-0.399341  0.880885   -0.254999  0.027253  
-0.396464  0.9248     -0.244689  0.0230766 
-0.365514  0.899328   -0.249136  0.016155  
-0.287958  0.826963   -0.184347  0.0158488 
-0.24515   0.880639   -0.21845   0.01663   
-0.234501  0.819793   -0.187995  0.0187371 
-0.252892  0.775098   -0.135263  0.0182165 
-0.260565  0.75193    -0.0989338 0.0171416 
-0.215648  0.811496   -0.167772  0.0199129 
-0.215648  0.811496   -0.167772  0.0149983 
-0.235437  0.901118   -0.233672  0.01664   
-0.237363  0.887029   -0.201298  0.0163861 
-0.247033  0.897771   -0.237971  0.0157716 
-0.190692  0.893113   -0.224864  0.0163747 
-0.203364  0.855167   -0.210998  0.0162128 
-0.267254  0.833958   -0.20232   0.0163877 
-0.253634  0.834994   -0.191608  0.0175782 
-0.341386  0.808965   -0.200162  0.0204008 
-0.361506  0.886065   -0.249805  0.0177117 
-0.4594    0.874136   -0.278052  0.0392602 
-0.558657  0.938447   -0.193786  0.0359219 
-0.578817  0.975948   -0.23596   0.0155092 
-0.569286  0.878219   -0.295503  0.0332158 
-0.517846  0.946446   -0.224682  0.0172694 
-0.483886  0.860647   -0.293447  0.0146172 
-0.580508  0.785896   -0.291401  0.0161312 
-0.557022  0.81291    -0.318448  0.0198484 
-0.579534  0.833404   -0.286878  0.0233568 
-0.523826  0.904137   -0.263163  0.0177257 
-0.504237  0.83117    -0.263609  0.0164169 
-0.415447  0.772251   -0.237705  0.0167065 
-0.365944  0.771061   -0.207147  0.0179643 
-0.402259  0.821057   -0.238303  0.021062  
-0.479941  0.910437   -0.272947  0.0208493 
-0.430187  0.952638   -0.254347  0.0237425 
-0.437236  0.965114   -0.257078  0.0148319 
-0.33865   0.886111   -0.234925  0.0168371 
-0.365677  0.859676   -0.225806  0.0231271 
-0.430948  0.868234   -0.220027  0.0155085 
-0.375132  0.799988   -0.220741  0.0176413 
-0.375132  0.799988   -0.220741  0.0183427 
-0.298105  0.73697    -0.103932  0.0180345 
-0.249543  0.791585   -0.141734  0.0208616 
-0.18857   0.717826   -0.00104536 0.0181068 
-0.142324  0.792002   -0.0935085 0.0215424 
-0.1356    0.710984   0.0444595  0.0219316 
-0.115458  0.709315   0.0655972  0.0265456 
-0.0551571 0.614127   0.32779    0.0245281 
-0.0920466 0.641405   0.204269   0.0307316 
-0.186236  0.548918   0.371494   0.0361632 
-0.242943  0.453118   0.580427   0.0455607 
-0.242943  0.453118   0.580427   0.0299807 
-0.305096  0.502595   0.261141   0.0270902 
-0.244174  0.581708   0.186341   0.0202928 
-0.3232    0.643186   0.0430131  0.0191489 
-0.271294  0.726855   -0.0328491 0.0235736 
-0.229544  0.660579   0.0297253  0.0198796 
-0.284949  0.682003   0.0178168  0.0227259 
-0.277359  0.655242   0.0162603  0.019392  
-0.323669  0.691545   -0.0420627 0.0169904 
-0.270173  0.762602   -0.0995126 0.01558   
-0.183483  0.850008   -0.182829  0.0179141 
-0.0867848 0.813845   -0.138131  0.0197255 
0.00719122 0.769435   -0.0525825 0.0231898 
-0.0858382 0.671351   0.155916   0.0249125 
-0.130725  0.632024   0.240568   0.0218691 
-0.211307  0.717133   -0.0554581 0.0190795 
-0.120758  0.786271   -0.0877591 0.016654  
-0.0307636 0.840258   -0.120517  0.0191188 
-0.0852107 0.7826     -0.0759308 0.0175928 
-0.140916  0.854699   -0.167702  0.0190443 
-0.20333   0.946677   -0.259137  0.019181  
-0.144142  1.03746    -0.257362  0.0261757 
-0.0472535 1.0933     -0.225132  0.0357406 
-0.059462  1.14822    -0.187341  0.0384793 
-0.14178   1.16559    -0.150251  0.0552384 
-0.219141  1.2419     0.012672   0.0621991 
-0.270265  1.24714    0.0719986  0.0583863 
-0.185103  1.24103    0.0998148  0.0406122 
-0.211491  1.2018     -0.0815236 0.148522  
-0.261009  1.30135    0.381094   0.0944996 
-0.253495  1.35813    0.422936   0.100452  
-0.246087  1.37865    0.56252    0.152776  
-0.246087  1.37865    0.56252    0.216601  
-0.246087  1.37865    0.56252    0.173195  
-0.317466  1.40622    0.862796   0.154832  
-0.259436  1.42543    1.0356     0.0765572 
-0.269165  1.33687    0.248128   0.170678  
-0.269165  1.33687    0.248128   0.108648  
-0.269268  1.42682    0.71947    0.19713   
-0.265384  1.51269    1.25884    0.192061  
-0.265384  1.51269    1.25884    0.141368  
-0.338957  1.50874    1.0582     0.173435  
-0.338957  1.50874    1.0582     0.205846  
-0.338957  1.50874    1.0582     0.219579  
-0.338957  1.50874    1.0582     0.138991  
-0.333288  1.40916    0.687451   0.14949   
-0.341535  1.42838    1.10941    0.161592  
-0.314339  1.50305    1.15763    0.258795  
-0.314339  1.50305    1.15763    0.100937  
-0.24167   1.43814    0.594559   0.174386  
-0.178363  1.51497    1.01821    0.115299  
-0.155358  1.43055    0.734866   0.0968861 
-0.113421  1.44563    0.513875   0.170867  
-0.0901897 1.42023    0.668306   0.0994575 
-0.138393  1.3482     0.374277   0.057146  
-0.205045  1.26932    0.0233513  0.0376113 
-0.150595  1.1786     -0.139457  0.0642062 
-0.0664857 1.26619    0.108681   0.0623011 
-0.144819  1.20186    0.0181087  0.072374  
-0.053306  1.21004    -0.0392462 0.0349138 
-0.0134459 1.11174    -0.166388  0.044828  
-0.11207   1.14425    -0.128554  0.0716039 
-0.133374  1.17361    -0.0576858 0.0444084 
-0.169153  1.18842    -0.0725686 0.0426236 
-0.16102   1.10317    -0.136067  0.0467557 
-0.222261  1.15513    -0.150615  0.0735269 
-0.226051  1.24698    0.142626   0.0899608 
-0.299801  1.33878    0.237597   0.0517801 
-0.228461  1.24711    -0.0139662 0.0364662 
-0.246435  1.17521    -0.136927  0.037988  
-0.22343   1.16256    -0.162833  0.0563246 
-0.130455  1.23391    -0.0380235 0.0335715 
-0.187976  1.17925    -0.132863  0.0442098 
-0.176672  1.21531    -0.082784  0.0578704 
-0.258448  1.30095    0.15261    0.0838954 
-0.192673  1.28979    0.280057   0.0782151 
-0.210162  1.33074    0.295697   0.0624243 
-0.242585  1.2984     0.158582   0.0647579 
-0.323632  1.29344    0.132741   0.0892362 
-0.376343  1.30883    0.356799   0.0878333 
-0.388459  1.40672    0.523583   0.198825  
-0.353381  1.48117    1.24859    0.252982  
-0.445775  1.4759     1.52101    0.226242  
-0.534062  1.56901    1.96716    0.131699  
-0.450296  1.4804     1.03068    0.167749  
-0.536425  1.53561    1.66305    0.241     
-0.536425  1.53561    1.66305    0.168188  
-0.481272  1.47753    1.34214    0.218862  
-0.389793  1.57116    1.92816    0.228093  
-0.303063  1.60173    1.92479    0.174607  
-0.376685  1.58259    1.53842    0.239131  
-0.376685  1.58259    1.53842    0.316023  
-0.291408  1.63568    2.44251    0.248887  
-0.386495  1.56404    2.00209    0.24244   
-0.336253  1.63263    2.27588    0.341031  
-0.336253  1.63263    2.27588    0.228728  
-0.348676  1.62669    1.93062    0.197852  
-0.312437  1.67795    2.07504    0.189698  
-0.254656  1.6439     2.0036     0.349596  
-0.254656  1.6439     2.0036     0.199486  
-0.206031  1.6401     2.01574    0.345274  
-0.206031  1.6401     2.01574    0.26193   
-0.206031  1.6401     2.01574    0.312874  
-0.206031  1.6401     2.01574    0.317964  
-0.206031  1.6401     2.01574    0.162643  
-0.184281  1.56258    1.31317    0.220879  
-0.253559  1.50845    1.37837    0.261431  
-0.325088  1.56568    1.85967    0.317419  
-0.297112  1.60391    2.32839    0.338935  
-0.396718  1.5172     1.60773    0.262509  
-0.4394    1.45499    1.52628    0.121527  
-0.380115  1.38192    0.724092   0.0812582 
-0.45765   1.28591    0.29416    0.0732292 
-0.444688  1.20504    0.130496   0.0561263 
-0.497428  1.16298    0.0815874  0.042366  
-0.4521    1.12134    -0.0796311 0.0544854 
-0.486918  1.08486    -0.0934835 0.0341067 
-0.392153  1.0504     -0.229915  0.0474444 
-0.404918  1.04834    -0.155806  0.0332857 
-0.387067  1.05125    -0.212395  0.03001   
-0.332016  0.982886   -0.232053  0.0287497 
-0.313355  1.03175    -0.238254  0.0260982 
-0.342156  0.944397   -0.242684  0.0162526 
-0.307763  0.895987   -0.274171  0.0265011 
-0.350992  0.965131   -0.252371  0.0160726 
-0.300785  0.914178   -0.254647  0.0191127 
-0.333505  0.927336   -0.26981   0.016021  
-0.259324  0.909524   -0.243818  0.0183105 
-0.168864  0.955217   -0.252155  0.0192909 
-0.195657  1.01374    -0.271272  0.0294612 
-0.196913  0.996596   -0.242196  0.0247112 
-0.117998  1.04039    -0.259535  0.0228948 
-0.0912423 0.986743   -0.246077  0.0168184 
-0.142664  1.02575    -0.282002  0.0144474 
-0.150534  0.938954   -0.245701  0.0214392 
-0.138116  1.00802    -0.247963  0.0296438 
-0.198232  1.04269    -0.213306  0.0413848 
-0.194571  1.04643    -0.188086  0.0258038 
-0.237003  1.05999    -0.247586  0.018486  
-0.141458  1.00072    -0.242892  0.025716  
-0.123736  0.94705    -0.200038  0.0268324 
-0.0731655 1.02329    -0.227319  0.0154088 
-0.0101038 0.958338   -0.245867  0.0166964 
0.0486911  0.986096   -0.255569  0.0158266 
-0.0223377 1.00672    -0.262778  0.0171241 
0.0111296  0.982953   -0.264273  0.0224503 
-0.0203192 1.05568    -0.258853  0.0328834 
-0.0344009 1.0619     -0.167523  0.0254892 
-0.0807057 0.987456   -0.231001  0.0374959 
-0.0488056 1.07802    -0.178927  0.0295133 
-0.14869   1.10453    -0.259655  0.0314865 
-0.14869   1.10453    -0.259655  0.0205851 
-0.072463  1.04123    -0.255255  0.0206418 
-0.152016  0.981337   -0.295861  0.0382427 
-0.197231  0.989831   -0.239137  0.0316398 
-0.166837  0.995742   -0.195682  0.0169603 
-0.13508   0.916326   -0.234467  0.0246649 
-0.117519  0.993863   -0.241654  0.019097  
-0.11959   0.917849   -0.228526  0.0167201 
-0.0972097 0.915761   -0.227414  0.0445087 
-0.163328  0.994169   -0.17278   0.0152868 
-0.207182  0.941611   -0.277631  0.016399  
-0.211778  0.852367   -0.202791  0.0147763 
-0.29609   0.891755   -0.278942  0.0153149 
-0.230652  0.935288   -0.255741  0.0185964 
-0.254494  0.929914   -0.232156  0.0204537 
-0.314372  0.95584    -0.259606  0.0248599 
-0.308748  1.00247    -0.254741  0.0175431 
-0.313043  0.913782   -0.273456  0.0209195 
-0.342688  0.999102   -0.277642  0.0663445 
-0.245558  1.09385    -0.07997   0.0475502 
-0.256167  1.14283    -0.0909272 0.0315176 
-0.324766  1.06214    -0.201815  0.0297658 
-0.327907  1.11765    -0.169355  0.0544141 
-0.33412   1.11536    -0.105709  0.0320873 
-0.373847  1.03575    -0.193188  0.0253913 
-0.38787   1.02679    -0.257688  0.0224192 
-0.298913  0.977043   -0.269084  0.0227727 
-0.20457   1.00895    -0.246696  0.0191074 
-0.281588  0.949971   -0.267247  0.0194755 
-0.31962   0.951956   -0.26095   0.0242614 
-0.300069  1.02861    -0.245411  0.0206915 
-0.32529   0.973224   -0.242061  0.0153549 
-0.270453  0.938687   -0.270929  0.0170577 
-0.354351  0.850409   -0.224963  0.018596  
-0.369343  0.903383   -0.262984  0.0147784 
-0.380468  0.851422   -0.290286  0.0161936 
-0.339327  0.916491   -0.260261  0.0174149 
-0.259784  0.828745   -0.168833  0.0151805 
-0.23543   0.896955   -0.214097  0.0165665 
-0.329314  0.875204   -0.266267  0.0203478 
-0.320293  0.872504   -0.255394  0.0164913 
-0.290169  0.919872   -0.240982  0.016293  
-0.247871  0.845333   -0.1924    0.0167433 
-0.24427   0.836719   -0.205168  0.0162969 
-0.305434  0.80544    -0.173234  0.0181787 
-0.320443  0.735138   -0.115349  0.0152278 
-0.410765  0.796882   -0.218179  0.0163653 
-0.324799  0.874873   -0.224479  0.0167977 
-0.268228  0.836305   -0.215918  0.0155433 
-0.210569  0.922222   -0.24511   0.0172699 
-0.193173  0.955975   -0.279816  0.0211585 
-0.243858  0.898993   -0.210523  0.0167982 
-0.185026  0.879603   -0.204945  0.0173065 
-0.185026  0.879603   -0.204945  0.0179683 
-0.086489  0.809683   -0.0840609 0.0215901 
-0.0481514 0.722329   0.0113045  0.0223046 
-0.0561318 0.700494   0.0765962  0.0230382 
-0.103606  0.679524   0.129367   0.0194883 
-0.16309   0.773841   -0.113747  0.0181208 
-0.170844  0.773227   -0.0802929 0.0180908 
-0.129923  0.844562   -0.175584  0.0175875 
-0.200798  0.850786   -0.208059  0.0216073 
-0.289863  0.930756   -0.248921  0.0152827 
-0.251162  0.869513   -0.219556  0.0162394 
-0.186365  0.862509   -0.216166  0.0171492 
-0.268745  0.803538   -0.156514  0.0183647 
-0.331432  0.851836   -0.217662  0.0186784 
-0.371458  0.853716   -0.20373   0.0157174 
-0.291076  0.855547   -0.199129  0.018604  
-0.216794  0.785916   -0.113929  0.017924  
-0.291174  0.772167   -0.179239  0.0182761 
-0.202726  0.802756   -0.167022  0.0156739 
-0.298646  0.898317   -0.246563  0.0159216 
-0.297283  0.82686    -0.189163  0.0174104 
-0.314268  0.794012   -0.17407   0.0166922 
-0.377869  0.814592   -0.226321  0.0169848 
-0.331046  0.805602   -0.22188   0.0165743 
-0.357609  0.833045   -0.204524  0.0161043 
-0.430011  0.819506   -0.258618  0.0152903 
-0.473802  0.742569   -0.234053  0.0144346 
-0.508593  0.816055   -0.299248  0.0146987 
-0.410305  0.833997   -0.247431  0.0146696 
-0.493185  0.778807   -0.257174  0.0165662 
-0.421396  0.798144   -0.228456  0.0266839 
-0.505675  0.817355   -0.255072  0.0137305 
-0.583154  0.788219   -0.3317    0.0122176 
-0.584825  0.756051   -0.315571  0.0151389 
-0.574124  0.818559   -0.339135  0.0131548 
-0.590742  0.752117   -0.340185  0.0163869 
-0.594621  0.822773   -0.329276  0.0204345 
-0.643477  0.798426   -0.295703  0.0249552 
-0.571632  0.835175   -0.265208  0.0177294 
-0.617937  0.86649    -0.301899  0.0289125 
-0.714316  0.865429   -0.239473  0.0180238 
-0.660762  0.81936    -0.313103  0.0256392 
-0.621834  0.880723   -0.274096  0.016947  
-0.619049  0.831795   -0.313307  0.0231006 
-0.635088  0.868881   -0.290319  0.0140614 
-0.641347  0.793087   -0.335508  0.0095586 
-0.711247  0.705596   -0.398752  0.00887526
-0.636594  0.618692   -0.370733  0.012224  
-0.677108  0.538142   -0.343592  0.0221139 
-0.677108  0.538142   -0.343592  0.0105491 
-0.601944  0.57967    -0.292787  0.0117643 
-0.6827    0.678981   -0.382794  0.0101846 
-0.611758  0.676787   -0.324452  0.0106189 
-0.614969  0.63841    -0.353733  0.0105528 
-0.684118  0.70943    -0.389037  0.00932278
-0.636426  0.696126   -0.376346  0.00876083
-0.641275  0.639235   -0.369344  0.00828075
-0.681684  0.634756   -0.397547  0.0110379 
-0.621355  0.56209    -0.318801  0.00887644
-0.689488  0.62665    -0.402017  0.00956073
-0.62747   0.602964   -0.335654  0.0104977 
-0.634629  0.67863    -0.365755  0.0109091 
-0.659383  0.722748   -0.346228  0.00716873
-0.670641  0.628576   -0.376729  0.00862558
-0.695258  0.671836   -0.395026  0.0112174 
-0.71525   0.695427   -0.399186  0.012425  
-0.807267  0.708138   -0.410398  0.0199905 
-0.763134  0.776261   -0.355064  0.0282176 
-0.765854  0.856928   -0.259655  0.0457517 
-0.765854  0.856928   -0.259655  0.0327335 
-0.694861  0.929057   -0.155583  0.061638  
-0.688197  0.957669   -0.00577885 0.0458215 
-0.660511  0.963641   -0.135542  0.0313186 
-0.631294  0.939384   -0.218597  0.0283712 
-0.558983  1.0177     -0.211924  0.0277684 
-0.571761  1.01299    -0.191351  0.0466402 
-0.588278  1.05483    -0.0614251 0.0346864 
-0.587143  0.96018    -0.197314  0.0357853 
-0.610557  1.02762    -0.130264  0.0893341 
-0.610557  1.02762    -0.130264  0.0534857 
-0.64645   1.01658    -0.0647313 0.0739279 
-0.740254  0.995751   0.0638786  0.0665171 
-0.745131  0.968804   0.00136163 0.0518806 
-0.686745  1.04108    0.0251541  0.0467932 
-0.655538  0.955774   -0.107716  0.0275735 
-0.583564  0.929789   -0.237691  0.0474217 
-0.679742  0.986954   -0.0989434 0.0555739 
-0.660237  1.03059    0.0158139  0.0737214 
-0.659149  1.08017    0.0216663  0.0425121 
-0.605242  1.04753    -0.06318   0.020762  
-0.552236  0.948211   -0.254238  0.0192462 
-0.577718  0.883708   -0.288693  0.0288109 
-0.619331  0.87683    -0.282408  0.015845  
-0.546591  0.817984   -0.314107  0.0138676 
-0.488837  0.759421   -0.275574  0.0179714 
-0.394445  0.847475   -0.259143  0.0191857 
-0.409275  0.778925   -0.210418  0.0156568 
-0.428583  0.8051     -0.243824  0.0153911 
-0.39614   0.870737   -0.253087  0.0164811 
-0.4601    0.874676   -0.251328  0.026839  
-0.529451  0.938313   -0.231998  0.0440773 
-0.611328  1.01848    -0.0894189 0.0357856 
-0.580165  1.0297     -0.175201  0.0373248 
-0.534541  1.04854    -0.186395  0.0636899 
-0.511225  1.06454    -0.00744175 0.028075  
-0.512469  0.976528   -0.240881  0.0488571 
-0.512469  0.976528   -0.240881  0.0198927 
-0.433839  0.969874   -0.247997  0.0238387 
-0.452615  0.95261    -0.259818  0.0197611 
-0.497079  0.948818   -0.30474   0.0193634 
-0.42612   0.913351   -0.274603  0.0280204 
-0.386272  0.972142   -0.200011  0.0176564 
-0.316105  0.921751   -0.239721  0.0182863 
-0.361495  0.961856   -0.256547  0.0158404 
-0.356616  0.913263   -0.258224  0.0214453 
-0.396381  0.915778   -0.258431  0.0158474 
-0.308481  0.926677   -0.249935  0.0181203 
-0.309282  0.94772    -0.237506  0.0163099 
-0.312409  0.890089   -0.241213  0.0164009 
-0.274443  0.859931   -0.23048   0.017614  
-0.333889  0.908707   -0.261129  0.016382  
-0.284453  0.950944   -0.278147  0.0266573 
-0.374005  0.99593    -0.243252  0.0258878 
-0.285757  1.05104    -0.240842  0.0218579 
-0.203928  1.02305    -0.241435  0.0272964 
-0.280478  0.997132   -0.241407  0.0159954 
-0.202327  0.972575   -0.281773  0.0252987 
-0.277176  1.01826    -0.188064  0.0302881 
-0.283063  0.98324    -0.231669  0.0157082 
-0.225242  0.937783   -0.238068  0.0204042 
-0.247658  0.919783   -0.238085  0.0283914 
-0.311032  1.01643    -0.178685  0.070148  
-0.288349  0.946197   -0.197046  0.0222156 
-0.36397   1.03976    -0.23668   0.0213246 
-0.302105  1.03023    -0.248655  0.020636  
-0.249088  1.03688    -0.282373  0.0366746 
-0.269247  1.09473    -0.189544  0.0713045 
-0.217818  1.11799    -0.131561  0.0239252 
-0.262957  1.04964    -0.200791  0.0314662 
-0.227766  1.07429    -0.190954  0.0384701 
-0.130788  1.15779    -0.154426  0.0287795 
-0.230174  1.15618    -0.209729  0.0839598 
-0.233315  1.12569    -0.0401343 0.050079  
-0.283116  1.18842    -0.0672275 0.0589609 
-0.251147  1.2678     0.0120386  0.113522  
-0.331484  1.27057    0.394197   0.0949798 
-0.24968   1.36762    0.432178   0.125099  
-0.31646   1.33889    0.599947   0.104665  
-0.335339  1.32227    0.444818   0.0891002 
-0.401878  1.28288    0.294437   0.0803425 
-0.491668  1.27106    0.312516   0.0911873 
-0.420433  1.3039     0.405233   0.0626133 
-0.445879  1.21772    0.0824     0.123977  
-0.445879  1.21772    0.0824     0.0609059 
-0.525092  1.13737    0.0590059  0.0503306 
-0.578196  1.09801    -0.0533039 0.0721112 
-0.620167  1.04923    0.0369022  0.0368383 
-0.65684   0.998852   -0.161179  0.0593582 
-0.68833   1.07782    0.116115   0.0741836 
-0.633488  1.17073    0.266354   0.113012  
-0.633488  1.17073    0.266354   0.0599018 
-0.722665  1.07371    0.10575    0.072862  
-0.644344  1.14313    0.163781   0.0725099 
-0.649234  1.17316    0.217808   0.074935  
-0.563351  1.13855    0.101286   0.0479985 
-0.499642  1.19241    0.0243034  0.0587811 
-0.405513  1.16496    -0.000479497 0.0696753 
-0.405513  1.16496    -0.000479497 0.0329771 
-0.362474  1.1225     -0.16866   0.0451645 
-0.403465  1.1304     -0.072044  0.0327856 
-0.387684  1.06604    -0.220489  0.020273  
-0.477195  0.997686   -0.276835  0.0374637 
-0.487275  1.02719    -0.148431  0.0416469 
-0.481502  1.01928    -0.180106  0.0330162 
-0.574455  0.984895   -0.146581  0.0254425 
-0.519307  1.01952    -0.218527  0.0302575 
-0.57245   0.938689   -0.215043  0.0270732 
-0.605142  0.933547   -0.254162  0.0334105 
-0.623863  0.955356   -0.228337  0.0458453 
-0.641354  0.978654   -0.112107  0.0654814 
-0.658503  0.970909   -0.0565212 0.0708119 
-0.57259   1.0664     0.00377206 0.0763425 
-0.57259   1.0664     0.00377206 0.0371073 
-0.530666  0.9919     -0.194196  0.033882  
-0.439973  1.00283    -0.18086   0.0281486 
-0.421931  0.908172   -0.234583  0.0265725 
-0.333398  0.932465   -0.205864  0.0149665 
-0.386499  0.842197   -0.25077   0.0165583 
-0.369671  0.763627   -0.148583  0.0184469 
-0.314268  0.737343   -0.150267  0.018516  
-0.328605  0.711636   -0.0775909 0.0175088 
-0.267424  0.768758   -0.0985888 0.018641  
-0.286433  0.760022   -0.13336   0.0178316 
-0.228959  0.795402   -0.150759  0.0158075 
-0.303767  0.833555   -0.194665  0.0188451 
-0.323223  0.845744   -0.210255  0.0157956 
-0.29362   0.903879   -0.235934  0.0262339 
-0.248019  0.975626   -0.20213   0.0232918 
-0.224981  1.05942    -0.25039   0.0196855 
-0.15123   0.990091   -0.297456  0.0156758 
-0.145397  0.965072   -0.299938  0.0394047 
-0.210838  1.04983    -0.181853  0.0336954 
-0.218564  1.13442    -0.186501  0.0364829 
-0.125124  1.05691    -0.175664  0.0373233 
-0.155318  1.14481    -0.152866  0.0636251 
-0.131362  1.22634    -0.0263077 0.116316  
-0.131362  1.22634    -0.0263077 0.0650638 
-0.0816184 1.23666    -0.0472881 0.0915328 
-0.104075  1.33491    0.242015   0.118031  
-0.151051  1.39657    0.638407   0.116113  
-0.193101  1.38981    0.617018   0.0784047 
-0.163861  1.32864    0.282655   0.0817113 
-0.192828  1.29191    0.193903   0.10344   
-0.247492  1.38297    0.443933   0.195298  
-0.247492  1.38297    0.443933   0.1205    
-0.191203  1.34149    0.435338   0.111101  
-0.271558  1.34241    0.314193   0.0593572 
-0.33532   1.26351    0.107891   0.0789057 
-0.382226  1.26217    0.262832   0.0688637 
-0.388922  1.24625    0.180148   0.0728181 
-0.397215  1.24435    0.200999   0.0789495 
-0.397215  1.24435    0.200999   0.099897  
-0.395421  1.33052    0.363829   0.0921425 
-0.429916  1.36471    0.48959    0.097049  
-0.46772   1.34911    0.468364   0.077832  
-0.402786  1.37765    0.415472   0.236799  
-0.402786  1.37765    0.415472   0.101453  
-0.380657  1.3509     0.357895   0.133629  
-0.433243  1.37771    0.709871   0.165896  
-0.433243  1.37771    0.709871   0.314958  
-0.393901  1.47186    1.5698     0.14773   
-0.392081  1.47427    1.07046    0.210696  
-0.391548  1.39461    0.979206   0.204716  
-0.39565   1.40965    1.07312    0.0985905 
-0.419677  1.33608    0.571499   0.13575   
-0.429272  1.36161    0.722438   0.16533   
-0.429272  1.36161    0.722438   0.166072  
-0.500136  1.3661     1.00025    0.170161  
-0.547842  1.36163    0.950795   0.192772  
-0.523874  1.37474    0.98826    0.115843  
-0.49788   1.36399    0.845368   0.152291  
-0.49788   1.36399    0.845368   0.195028  
-0.446847  1.33013    0.81129    0.115069  
-0.524917  1.23722    0.405847   0.13969   
-0.544696  1.33227    1.00545    0.0997033 
-0.515398  1.33935    0.550333   0.0806841 
-0.455091  1.33367    0.439854   0.104748  
-0.454489  1.41309    0.679311   0.1357    
-0.501306  1.33355    0.750669   0.0968344 
-0.578495  1.3222     0.547207   0.132674  
-0.578495  1.3222     0.547207   0.110964  
-0.550507  1.26671    0.508197   0.0789639 
-0.50469   1.21539    0.26535    0.0698339 
-0.517478  1.13983    0.0115649  0.0779699 
-0.583395  1.18674    0.214487   0.082704  
-0.593699  1.20719    0.213977   0.110515  
-0.593699  1.20719    0.213977   0.0704528 
-0.558212  1.21174    0.273767   0.069823  
-0.526817  1.19041    0.0428767  0.0673533 
-0.585092  1.15503    0.203657   0.087089  
-0.604061  1.21101    0.340626   0.139934  
-0.665542  1.20644    0.706097   0.402249  
-0.715428  1.24546    1.31218    0.113621  
-0.644899  1.27623    0.685479   0.0985893 
-0.552251  1.22639    0.413355   0.20485   
-0.552251  1.22639    0.413355   0.122546  
-0.567199  1.29519    0.616371   0.168655  
-0.567199  1.29519    0.616371   0.137872  
-0.567199  1.29519    0.616371   0.108439  
-0.633717  1.30113    0.620165   0.103386  
-0.635444  1.22261    0.484453   0.123974  
-0.732189  1.2214     0.669637   0.291196  
-0.773302  1.21435    1.35699    0.135973  
-0.710032  1.16922    0.800541   0.162484  
-0.776329  1.25051    1.10126    0.105625  
-0.73625   1.15179    0.491607   0.0531208 
-0.707457  1.12281    0.073555   0.0895476 
-0.742459  1.1664     0.578664   0.111004  
-0.837062  1.11651    0.729433   0.130168  
-0.932352  1.03461    0.634084   0.145936  
-0.968582  1.07765    1.03292    0.199308  
-0.968582  1.07765    1.03292    0.0848747 
-0.95426   1.0134     0.611063   0.14166   
-1.05421   1.05109    1.18039    0.161867  
-1.02963   1.12551    1.70155    0.0863551 
-1.001     1.03528    0.675053   0.140347  
-1.001     1.03528    0.675053   0.117598  
-0.970707  1.05631    1.1368     0.0978258 
-0.881305  1.09694    0.549265   0.085408  
-0.934359  1.04921    0.543342   0.0984855 
-0.859548  1.0758     0.608377   0.0822686 
-0.881007  1.0357     0.410546   0.160899  
-0.920199  1.07084    0.81719    0.117079  
-0.935495  1.07151    0.75785    0.0599667 
-0.847005  1.05493    0.158672   0.102446  
-0.806595  1.06561    0.37429    0.0930411 
-0.806595  1.06561    0.37429    0.0804499 
-0.721996  1.16247    0.319389   0.102108  
-0.729096  1.20928    0.530781   0.152813  
-0.702028  1.27848    0.96757    0.138181  
-0.735885  1.2675     0.977416   0.12086   
-0.651653  1.24317    0.526448   0.15937   
-0.613855  1.21072    0.666865   0.0951404 
-0.707662  1.18825    0.489923   0.173316  
-0.707662  1.18825    0.489923   0.0836178 
-0.737333  1.15925    0.402773   0.110584  
-0.810803  1.19056    0.655606   0.107745  
-0.720848  1.14586    0.557317   0.11543   
-0.698134  1.22178    0.668978   0.0991546 
-0.598327  1.22258    0.48652    0.0797046 
-0.624318  1.14856    0.245218   0.0704095 
-0.551528  1.20756    0.231812   0.0567353 
-0.525812  1.12706    0.0274948  0.0742222 
-0.455236  1.22223    0.153688   0.0507991 
-0.52741   1.14039    -0.0635785 0.0734412 
-0.549015  1.09482    0.0816083  0.0422632 
-0.514151  1.14168    -0.0781328 0.0641953 
-0.44481   1.12807    0.00792455 0.05844   
-0.452603  1.18682    -0.00201883 0.080622  
-0.452603  1.18682    -0.00201883 0.043768  
-0.40888   1.14144    -0.0795471 0.0464915 
-0.361113  1.17927    -0.0568933 0.0407624 
-0.451709  1.16917    -0.104956  0.106297  
-0.445682  1.22635    0.339323   0.0803354 
-0.422897  1.22912    0.152177   0.0837948 
-0.508053  1.26128    0.326512   0.0796981 
-0.495601  1.18966    0.179839   0.0615707 
-0.458712  1.23976    0.10528    0.0933457 
-0.487754  1.19524    0.22474    0.0943058 
-0.579573  1.22124    0.311281   0.0479938 
-0.508715  1.12945    0.0191645  0.04323   
-0.512312  1.10772    -0.0486887 0.09228   
-0.530134  1.17787    0.247145   0.0810767 
-0.489901  1.22784    0.278579   0.0472567 
-0.49859   1.20458    0.0155383  0.0405632 
-0.479175  1.11664    -0.0608612 0.0652641 
-0.497272  1.11531    0.0315854  0.039082  
-0.576537  1.02759    -0.136161  0.0903472 
-0.601563  1.1214     0.112127   0.0378538 
-0.508986  1.06327    -0.110991  0.0332885 
-0.573107  0.980435   -0.186613  0.0374072 
-0.531624  1.03354    -0.155416  0.0488959 
-0.613005  1.00408    -0.134034  0.0245829 
-0.631725  0.943825   -0.282716  0.0325672 
-0.69383   0.942263   -0.195184  0.0373751 
-0.71889   0.92512    -0.169624  0.0285012 
-0.811595  0.854881   -0.259262  0.0347847 
-0.905079  0.794331   -0.190631  0.0679072 
-0.954395  0.893393   0.170391   0.0613763 
-0.875224  0.976382   0.215806   0.0753139 
-0.884086  1.02601    0.348758   0.0710733 
-0.899013  0.942937   0.231278   0.13313   
-0.856309  1.00078    0.4367     0.103601  
-0.949472  1.00492    0.61121    0.148896  
-0.990113  1.08485    1.08653    0.129512  
-0.949182  1.16796    1.12293    0.271161  
-0.949182  1.16796    1.12293    0.123985  
-0.881367  1.1562     1.00485    0.156062  
-0.888682  1.21559    1.31678    0.109954  
-0.831853  1.17262    0.676982   0.148711  
-0.831853  1.17262    0.676982   0.154591  
-0.862116  1.15343    0.831091   0.0937472 
-0.817096  1.06899    0.439202   0.0796084 
-0.81853   1.07501    0.376904   0.0724245 
-0.874781  1.03282    0.319786   0.0890043 
-0.846591  1.11037    0.523394   0.101071  
-0.935945  1.05404    0.75582    0.114081  
-0.846274  1.04667    0.495333   0.0667093 
-0.866409  0.968054   0.130607   0.0789829 
-0.804242  0.904223   -0.0646517 0.0566348 
-0.81328   0.935871   -0.0124853 0.0666491 
-0.81328   0.935871   -0.0124853 0.0305909 
-0.746273  0.886633   -0.203182  0.0530373 
-0.818183  0.923766   -0.0171665 0.050781  
-0.836458  0.880741   -0.0853179 0.0506793 
-0.892445  0.857188   -0.0628785 0.0506759 
-0.844427  0.883274   -0.0867233 0.0628132 
-0.895968  0.909208   0.0895961  0.0725176 
-0.95939   0.819981   0.100527   0.0362599 
-0.859945  0.872805   -0.154436  0.0426504 
-0.814431  0.844257   -0.152063  0.0483118 
-0.910627  0.879285   0.0449935  0.0314881 
-0.825469  0.803926   -0.213388  0.0320023 
-0.85226   0.718859   -0.351891  0.008408  
-0.823205  0.647296   -0.443663  0.0309394 
-0.823205  0.647296   -0.443663  0.0114901 
-0.888082  0.603332   -0.40544   0.00953177
-0.843513  0.601721   -0.432203  0.011387  
-0.839299  0.599865   -0.425778  0.0158615 
-0.930414  0.628575   -0.377261  0.00959495
-0.840919  0.565754   -0.413511  0.0162927 
-0.898689  0.518773   -0.335964  0.0119749 
-0.906609  0.560698   -0.356199  0.0117728 
-0.979719  0.589736   -0.32157   0.0111117 
-0.912626  0.555363   -0.335348  0.0281498 
-0.877157  0.456849   -0.0632876 0.0283038 
-0.79051   0.451372   -0.0734019 0.0413434 
-0.79051   0.451372   -0.0734019 0.061434  
-0.79051   0.451372   -0.0734019 0.0126021 
-0.857405  0.539727   -0.37847   0.0167873 
-0.867619  0.515263   -0.304972  0.0300926 
-0.815156  0.446095   -0.0116487 0.0174491 
-0.856648  0.50648    -0.239098  0.0217418 
-0.769631  0.484297   -0.226447  0.0428887 
-0.796532  0.396265   0.291627   0.0293529 
-0.768947  0.450083   -0.0522944 0.0373598 
-0.72664   0.419948   0.0923384  0.0669091 
-0.72664   0.419948   0.0923384  0.0303842 
-0.648153  0.446009   -0.118871  0.0216365 
-0.586336  0.46769    -0.140432  0.056253  
-0.586336  0.46769    -0.140432  0.0243001 
-0.60343   0.45059    -0.0902464 0.0255892 
-0.652309  0.463029   -0.158291  0.0460604 
-0.652309  0.463029   -0.158291  0.0150208 
-0.72391   0.521191   -0.333798  0.00877142
-0.629736  0.606716   -0.340085  0.0103774 
-0.591921  0.640704   -0.315845  0.013298  
-0.532912  0.69661    -0.302822  0.0129431 
-0.536839  0.648384   -0.266161  0.0150958 
-0.520579  0.553212   -0.186794  0.0227691 
-0.571031  0.461589   -0.131775  0.0485571 
-0.571031  0.461589   -0.131775  0.0174773 
-0.552246  0.492125   -0.147053  0.0364582 
-0.531096  0.405423   0.159116   0.070239  
-0.531096  0.405423   0.159116   0.0305254 
-0.609848  0.437498   -0.0996258 0.047807  
-0.510527  0.363541   0.493006   0.0354839 
-0.605422  0.406381   0.251661   0.020341  
-0.586073  0.482904   -0.19655   0.0180533 
-0.586073  0.482904   -0.19655   0.032486  
-0.653327  0.432796   -0.029272  0.0370241 
-0.591636  0.408085   0.190022   0.0321081 
-0.603283  0.421084   0.0576518  0.0692783 
-0.603283  0.421084   0.0576518  0.0171499 
-0.59988   0.504042   -0.266259  0.0176743 
-0.59988   0.504042   -0.266259  0.0206901 
-0.520416  0.454683   -0.0078551 0.0222397 
-0.453308  0.439306   0.115158   0.0431832 
-0.453308  0.439306   0.115158   0.0208656 
-0.417784  0.451318   0.161286   0.0184556 
-0.463991  0.510021   -0.0388196 0.0194062 
-0.409259  0.588853   -0.0456297 0.0146477 
-0.505721  0.552962   -0.136415  0.0142424 
-0.531072  0.563789   -0.186731  0.011406  
-0.588086  0.597438   -0.302812  0.0101531 
-0.644305  0.563682   -0.337943  0.0076463 
-0.726094  0.662781   -0.430291  0.00671008
-0.695125  0.647576   -0.412733  0.00985708
-0.66473   0.552097   -0.321433  0.0180701 
-0.758925  0.506527   -0.321828  0.00839916
-0.781693  0.57459    -0.42966   0.00674008
-0.802728  0.628645   -0.440149  0.00966752
-0.703833  0.621355   -0.422916  0.0109695 
-0.789167  0.550046   -0.391744  0.0121086 
-0.782068  0.541514   -0.393012  0.0245067 
-0.766277  0.474912   -0.202795  0.0388269 
-0.766277  0.474912   -0.202795  0.0161275 
-0.791608  0.51522    -0.306346  0.0112248 
-0.878135  0.604296   -0.403726  0.0126517 
-0.899149  0.656913   -0.403582  0.0100502 
-0.852441  0.668341   -0.432888  0.0137613 
-0.771591  0.694812   -0.407334  0.0159058 
-0.706235  0.747533   -0.366442  0.00882114
-0.679344  0.688447   -0.399995  0.0129406 
-0.626865  0.734201   -0.344108  0.0131896 
-0.641301  0.745146   -0.34639   0.0139953 
-0.614328  0.736664   -0.34617   0.00965498
-0.676971  0.673861   -0.383319  0.00664704
-0.710676  0.645123   -0.424438  0.0107862 
-0.618721  0.566871   -0.310741  0.00895536
-0.662404  0.653207   -0.381555  0.0080777 
-0.756753  0.687836   -0.434904  0.00650275
-0.727272  0.647959   -0.422641  0.0229272 
-0.767697  0.705334   -0.387063  0.0075024 
-0.770307  0.622176   -0.441812  0.0114147 
-0.762335  0.548802   -0.412499  0.0247868 
-0.81006   0.468682   -0.115648  0.0254699 
-0.82494   0.470931   -0.148938  0.0217442 
-0.826693  0.492291   -0.242655  0.0140074 
-0.77985   0.52857    -0.346667  0.0097714 
-0.799664  0.563806   -0.439229  0.012135  
-0.899024  0.546277   -0.354352  0.0238605 
-0.81897   0.479939   -0.207837  0.0132428 
-0.761871  0.537641   -0.391638  0.0209393 
-0.809642  0.49486    -0.27904   0.00714414
-0.714386  0.587915   -0.397157  0.00804269
-0.678661  0.660349   -0.373456  0.00924056
-0.660881  0.682755   -0.365641  0.0118493 
-0.736742  0.71315    -0.403     0.0170272 
-0.746506  0.740577   -0.356009  0.0105552 
-0.742613  0.683201   -0.437187  0.0119313 
-0.720862  0.7478     -0.384418  0.0133822 
-0.80065   0.67831    -0.418097  0.0286543 
-0.849126  0.768434   -0.290844  0.0281401 
-0.769471  0.859804   -0.226027  0.0231232 
-0.789001  0.82509    -0.296356  0.0180475 
-0.743301  0.763544   -0.327974  0.0202872 
-0.771415  0.810041   -0.325029  0.0585105 
-0.771415  0.810041   -0.325029  0.0105524 
-0.762403  0.716695   -0.418566  0.0120855 
-0.762403  0.716695   -0.418566  0.00697905
-0.70817   0.629138   -0.421486  0.0112895 
-0.70817   0.629138   -0.421486  0.01411   
