#MU        SIGMA      ENERGY     ERROR     
-0.83046   0.661956   -0.424319  0.023944  
-0.83046   0.661956   -0.424319  0.00666344
-0.751343  0.646882   -0.433373  0.00829439
-0.74589   0.628639   -0.428934  0.00802646
-0.74589   0.628639   -0.428934  0.0106524 
-0.74589   0.628639   -0.428934  0.00846362
-0.840602  0.579785   -0.429415  0.0210334 
-0.840602  0.579785   -0.429415  0.0113098 
-0.837055  0.619568   -0.421431  0.0107332 
-0.837055  0.619568   -0.421431  0.0154385 
-0.865192  0.695551   -0.381791  0.0236567 
-0.865192  0.695551   -0.381791  0.0246074 
-0.88994   0.745262   -0.273183  0.0299641 
-0.88994   0.745262   -0.273183  0.00937226
-0.836797  0.670077   -0.440106  0.0075216 
-0.852872  0.59737    -0.441886  0.00797666
-0.788842  0.656985   -0.442877  0.0119515 
-0.788842  0.656985   -0.442877  0.0125641 
-0.788842  0.656985   -0.442877  0.0192821 
-0.788842  0.656985   -0.442877  0.00891475
-0.853274  0.616028   -0.426542  0.0110222 
-0.853274  0.616028   -0.426542  0.0138531 
-0.853274  0.616028   -0.426542  0.013252  
-0.790024  0.588122   -0.422133  0.00908949
-0.805828  0.566012   -0.40574   0.0175179 
-0.805828  0.566012   -0.40574   0.0118076 
-0.837222  0.550374   -0.397172  0.00844764
-0.759382  0.572952   -0.418382  0.0176377 
-0.759382  0.572952   -0.418382  0.0101683 
-0.716668  0.657737   -0.405753  0.00618425
-0.761315  0.612595   -0.435703  0.00837385
-0.85133   0.617119   -0.436249  0.0118716 
-0.85133   0.617119   -0.436249  0.013697  
-0.85133   0.617119   -0.436249  0.0111459 
-0.85133   0.617119   -0.436249  0.00994072
-0.774606  0.56199    -0.43471   0.00676754
-0.755677  0.596311   -0.435772  0.0111472 
-0.850673  0.604072   -0.428976  0.0228115 
-0.850673  0.604072   -0.428976  0.0138692 
-0.850673  0.604072   -0.428976  0.013895  
-0.823794  0.532329   -0.377289  0.00736218
-0.723935  0.600072   -0.427992  0.0081616 
-0.745348  0.575148   -0.407728  0.0093288 
-0.753009  0.638987   -0.417134  0.0079744 
-0.748794  0.579656   -0.432239  0.0139456 
-0.748794  0.579656   -0.432239  0.00746682
-0.751536  0.67483    -0.431242  0.0160243 
-0.751536  0.67483    -0.431242  0.0236329 
-0.751536  0.67483    -0.431242  0.0235602 
-0.751536  0.67483    -0.431242  0.0160202 
-0.751536  0.67483    -0.431242  0.0119094 
-0.654779  0.743062   -0.36608   0.028507  
-0.717672  0.837549   -0.2517    0.0223346 
-0.740868  0.826474   -0.300178  0.0340998 
-0.740868  0.826474   -0.300178  0.0680847 
-0.740868  0.826474   -0.300178  0.0414221 
-0.740868  0.826474   -0.300178  0.0285628 
-0.740868  0.826474   -0.300178  0.0264994 
-0.740868  0.826474   -0.300178  0.0247889 
-0.779945  0.772352   -0.33802   0.0229722 
-0.779945  0.772352   -0.33802   0.027321  
-0.752531  0.786432   -0.292154  0.0158134 
-0.718864  0.750437   -0.346132  0.0193102 
-0.742367  0.815797   -0.326242  0.0212481 
-0.728445  0.765122   -0.339388  0.0251975 
-0.728445  0.765122   -0.339388  0.0097525 
-0.660024  0.670037   -0.364118  0.0135818 
-0.721393  0.741428   -0.353569  0.0156352 
-0.807686  0.712891   -0.393776  0.0124224 
-0.89735   0.647253   -0.40223   0.0155514 
-0.910082  0.643028   -0.374046  0.0178563 
-0.852586  0.699607   -0.37408   0.0348118 
-0.852586  0.699607   -0.37408   0.0126583 
-0.91871   0.622017   -0.379377  0.030842  
-0.91871   0.622017   -0.379377  0.0211865 
-0.903406  0.673064   -0.379761  0.0341148 
-0.903406  0.673064   -0.379761  0.0129987 
-0.933676  0.593732   -0.36422   0.0104907 
-0.866551  0.561399   -0.392144  0.00567725
-0.767777  0.617864   -0.449991  0.00818136
-0.710304  0.587039   -0.406761  0.0169502 
-0.710304  0.587039   -0.406761  0.00919925
-0.67216   0.669493   -0.388093  0.00710244
-0.744907  0.585548   -0.428038  0.0123067 
-0.738131  0.543843   -0.403176  0.0194512 
-0.738131  0.543843   -0.403176  0.0107383 
-0.738131  0.543843   -0.403176  0.00978863
-0.738131  0.543843   -0.403176  0.00871711
-0.831566  0.62195    -0.439965  0.00965398
-0.829298  0.63473    -0.429351  0.0206858 
-0.829298  0.63473    -0.429351  0.0145958 
-0.884223  0.647532   -0.391798  0.00852807
-0.868367  0.609346   -0.431925  0.0101858 
-0.852137  0.632863   -0.408876  0.00653426
-0.777512  0.637433   -0.444522  0.00789472
-0.777512  0.637433   -0.444522  0.00882379
-0.822996  0.642991   -0.440964  0.00996704
-0.773498  0.688734   -0.431784  0.00798726
-0.804246  0.642026   -0.445584  0.00822   
-0.839072  0.625673   -0.434206  0.0104117 
-0.839072  0.625673   -0.434206  0.0129409 
-0.839072  0.625673   -0.434206  0.0199465 
-0.839072  0.625673   -0.434206  0.0145205 
-0.839072  0.625673   -0.434206  0.0122716 
-0.808733  0.544522   -0.382204  0.0123653 
-0.808733  0.544522   -0.382204  0.0172028 
-0.808733  0.544522   -0.382204  0.0176664 
-0.808733  0.544522   -0.382204  0.00728846
-0.824756  0.624153   -0.446947  0.00860267
-0.850158  0.599041   -0.438704  0.0121372 
-0.81261   0.545443   -0.394501  0.0214604 
-0.81261   0.545443   -0.394501  0.0123598 
-0.821291  0.634428   -0.438505  0.00677864
-0.832323  0.612578   -0.453111  0.0160011 
-0.832323  0.612578   -0.453111  0.0105925 
-0.832323  0.612578   -0.453111  0.0139714 
-0.832323  0.612578   -0.453111  0.0161838 
-0.904242  0.681361   -0.393225  0.00834511
-0.820849  0.664938   -0.445652  0.0146517 
-0.820849  0.664938   -0.445652  0.01838   
-0.820849  0.664938   -0.445652  0.0254941 
-0.820849  0.664938   -0.445652  0.00843395
-0.797513  0.650819   -0.431101  0.00811091
-0.868487  0.587946   -0.426963  0.00644624
-0.826689  0.619659   -0.452007  0.00830384
-0.771819  0.640972   -0.435877  0.0126348 
-0.771819  0.640972   -0.435877  0.0082311 
-0.828629  0.57963    -0.435837  0.014777  
-0.828629  0.57963    -0.435837  0.020003  
-0.828629  0.57963    -0.435837  0.0165172 
-0.849404  0.605485   -0.415061  0.00717471
-0.796812  0.636378   -0.453183  0.0118138 
-0.796812  0.636378   -0.453183  0.011753  
-0.796812  0.636378   -0.453183  0.0095281 
-0.837446  0.615733   -0.448184  0.00872901
-0.8592    0.641062   -0.437252  0.0148196 
-0.8592    0.641062   -0.437252  0.0179996 
-0.8592    0.641062   -0.437252  0.0216592 
-0.8592    0.641062   -0.437252  0.0160138 
-0.8592    0.641062   -0.437252  0.0153004 
-0.830577  0.6766     -0.406033  0.0107943 
-0.796562  0.678521   -0.427494  0.00985965
-0.83004   0.666373   -0.427548  0.0151099 
-0.83004   0.666373   -0.427548  0.00610879
-0.731507  0.621836   -0.41552   0.00740798
-0.753794  0.64254    -0.43174   0.00934216
-0.787504  0.567931   -0.44347   0.00780234
-0.755376  0.660195   -0.427875  0.0241953 
-0.755376  0.660195   -0.427875  0.00873281
-0.745212  0.662896   -0.421906  0.00961413
-0.80202   0.632046   -0.438274  0.0109966 
-0.80202   0.632046   -0.438274  0.00908637
-0.70681   0.700216   -0.392168  0.0101743 
-0.753563  0.71645    -0.410082  0.0144875 
-0.784688  0.697075   -0.38272   0.00637437
-0.756002  0.602837   -0.441116  0.00864374
-0.680099  0.575405   -0.380083  0.017185  
-0.680099  0.575405   -0.380083  0.0121033 
-0.730007  0.540016   -0.381124  0.00597744
-0.805553  0.626248   -0.453562  0.0084639 
-0.901516  0.588792   -0.404161  0.0161947 
-0.901516  0.588792   -0.404161  0.0181539 
-0.928968  0.682927   -0.338981  0.0201918 
-0.913545  0.714115   -0.320444  0.0226896 
-0.913545  0.714115   -0.320444  0.0177554 
-0.833031  0.758267   -0.332176  0.00832851
-0.758708  0.685597   -0.43101   0.0150587 
-0.685084  0.776075   -0.357489  0.0103414 
-0.744202  0.720824   -0.400442  0.0154608 
-0.709246  0.684859   -0.388577  0.01952   
-0.709246  0.684859   -0.388577  0.0111806 
-0.805506  0.714312   -0.421277  0.0169045 
-0.805506  0.714312   -0.421277  0.00923244
-0.759738  0.68567    -0.419964  0.00754369
-0.778381  0.613836   -0.452407  0.0156508 
-0.778381  0.613836   -0.452407  0.0127526 
-0.811818  0.686702   -0.424996  0.00690083
-0.737204  0.60165    -0.429852  0.0145706 
-0.817269  0.690871   -0.39074   0.0243492 
-0.888534  0.709282   -0.332814  0.0364404 
-0.888534  0.709282   -0.332814  0.0274367 
-0.860037  0.728718   -0.298976  0.0270289 
-0.860037  0.728718   -0.298976  0.0315343 
-0.864585  0.743069   -0.316159  0.0579255 
-0.864585  0.743069   -0.316159  0.0160786 
-0.854368  0.658537   -0.399451  0.0261785 
-0.854368  0.658537   -0.399451  0.0289414 
-0.854368  0.658537   -0.399451  0.010398  
-0.884329  0.646428   -0.416586  0.0137609 
-0.901302  0.668977   -0.387118  0.0292144 
-0.911257  0.751327   -0.27366   0.0331518 
-0.961482  0.740804   -0.198102  0.0491574 
-0.961482  0.740804   -0.198102  0.0635048 
-0.961482  0.740804   -0.198102  0.0311719 
-0.93265   0.707164   -0.293433  0.00922397
-0.911032  0.612629   -0.399707  0.00995508
-0.903185  0.563677   -0.384056  0.0161091 
-0.903185  0.563677   -0.384056  0.0113614 
-0.903185  0.563677   -0.384056  0.0153501 
-0.903185  0.563677   -0.384056  0.0206777 
-0.903185  0.563677   -0.384056  0.0213919 
-0.903185  0.563677   -0.384056  0.00874868
-0.879913  0.628119   -0.428423  0.0233656 
-0.879913  0.628119   -0.428423  0.0116181 
-0.821813  0.550519   -0.398842  0.00955302
-0.774943  0.563539   -0.410149  0.00676815
-0.805463  0.613073   -0.439119  0.00643983
-0.78616   0.65985    -0.449743  0.00832322
-0.857105  0.662581   -0.442902  0.00787684
-0.76865   0.578973   -0.431308  0.0127725 
-0.76865   0.578973   -0.431308  0.00861657
-0.721935  0.572255   -0.394349  0.0096885 
-0.790229  0.565979   -0.437535  0.00711949
-0.847271  0.618775   -0.438704  0.00720729
-0.841303  0.628068   -0.437588  0.00967508
-0.741766  0.683286   -0.411312  0.0104593 
-0.685365  0.705644   -0.389985  0.0103928 
-0.680112  0.71025    -0.381735  0.0075029 
-0.759673  0.670479   -0.436112  0.0101504 
-0.759673  0.670479   -0.436112  0.00838552
-0.759673  0.670479   -0.436112  0.0175636 
-0.759673  0.670479   -0.436112  0.00859922
-0.824529  0.681252   -0.441088  0.0246461 
-0.824529  0.681252   -0.441088  0.0351918 
-0.824529  0.681252   -0.441088  0.0178943 
-0.824529  0.681252   -0.441088  0.00791714
-0.774267  0.642298   -0.441445  0.00700958
-0.707536  0.646089   -0.422153  0.0120461 
-0.731256  0.713774   -0.383281  0.0151776 
-0.731256  0.713774   -0.383281  0.0221054 
-0.731256  0.713774   -0.383281  0.00894591
-0.653907  0.657755   -0.381462  0.00962196
-0.623836  0.62693    -0.362104  0.0104627 
-0.697461  0.698303   -0.383453  0.0201029 
-0.697461  0.698303   -0.383453  0.0106747 
-0.697461  0.698303   -0.383453  0.00924753
-0.779085  0.64534    -0.438378  0.0184651 
-0.779085  0.64534    -0.438378  0.0183791 
-0.779085  0.64534    -0.438378  0.0123889 
-0.779085  0.64534    -0.438378  0.00825452
-0.779085  0.64534    -0.438378  0.00784033
-0.740673  0.594055   -0.43147   0.00629634
-0.81312   0.631816   -0.452297  0.00581125
-0.766737  0.634794   -0.447288  0.0145242 
-0.766737  0.634794   -0.447288  0.00764586
-0.803417  0.649914   -0.446084  0.0112373 
-0.744504  0.703882   -0.414988  0.00801898
-0.744504  0.703882   -0.414988  0.00668665
-0.808152  0.613277   -0.445615  0.016703  
-0.808152  0.613277   -0.445615  0.0142114 
-0.808152  0.613277   -0.445615  0.0143537 
-0.882257  0.527384   -0.348069  0.0108083 
-0.80036   0.55177    -0.394098  0.0299523 
-0.80036   0.55177    -0.394098  0.026324  
-0.80036   0.55177    -0.394098  0.0218136 
-0.80036   0.55177    -0.394098  0.0069301 
-0.811497  0.59772    -0.443309  0.00822425
-0.811497  0.59772    -0.443309  0.00988024
-0.853033  0.642379   -0.427591  0.00929972
-0.765876  0.566188   -0.424113  0.0206507 
-0.765876  0.566188   -0.424113  0.0167279 
-0.765876  0.566188   -0.424113  0.0161861 
-0.765876  0.566188   -0.424113  0.0150437 
-0.765876  0.566188   -0.424113  0.0215598 
-0.765876  0.566188   -0.424113  0.00650452
-0.829571  0.623311   -0.450086  0.0111684 
-0.829571  0.623311   -0.450086  0.00557152
-0.786389  0.624754   -0.448407  0.00740055
-0.786389  0.624754   -0.448407  0.00754362
-0.805987  0.603482   -0.447755  0.00852699
-0.712413  0.669558   -0.404455  0.00738249
-0.702295  0.666013   -0.423846  0.00919786
-0.734696  0.690142   -0.400795  0.0151136 
-0.801465  0.730419   -0.39629   0.0123203 
-0.854426  0.670626   -0.408816  0.0153336 
-0.854426  0.670626   -0.408816  0.00884713
-0.774946  0.672763   -0.423691  0.0128754 
-0.774946  0.672763   -0.423691  0.0130655 
-0.803782  0.691513   -0.429305  0.00920868
-0.865006  0.629076   -0.445266  0.00840858
-0.798583  0.64739    -0.446019  0.0231107 
-0.860688  0.715513   -0.36259   0.0254542 
-0.765457  0.788786   -0.32103   0.0222307 
-0.797845  0.758441   -0.326135  0.0297385 
-0.874815  0.707535   -0.366791  0.033258  
-0.874815  0.707535   -0.366791  0.0144083 
-0.874815  0.707535   -0.366791  0.0244377 
-0.874815  0.707535   -0.366791  0.0105736 
-0.788443  0.654362   -0.412167  0.00763788
-0.868756  0.606987   -0.430213  0.0102262 
-0.797703  0.640324   -0.423399  0.0150303 
-0.797703  0.640324   -0.423399  0.00870284
-0.856145  0.589793   -0.425971  0.0132983 
-0.856145  0.589793   -0.425971  0.0124934 
-0.856145  0.589793   -0.425971  0.014605  
-0.822378  0.527081   -0.356799  0.0221108 
-0.822378  0.527081   -0.356799  0.0173855 
-0.822378  0.527081   -0.356799  0.00921909
-0.897119  0.607088   -0.409692  0.00842929
-0.836293  0.613219   -0.429607  0.0125358 
-0.793844  0.54435    -0.403717  0.0102904 
-0.726727  0.55471    -0.390141  0.0113976 
-0.726727  0.55471    -0.390141  0.0167846 
-0.726727  0.55471    -0.390141  0.019289  
-0.726727  0.55471    -0.390141  0.0236733 
-0.726727  0.55471    -0.390141  0.00748395
-0.718425  0.583898   -0.395962  0.0106105 
-0.766481  0.556221   -0.402931  0.0170008 
-0.766481  0.556221   -0.402931  0.0216024 
-0.766481  0.556221   -0.402931  0.0242319 
-0.766481  0.556221   -0.402931  0.0132344 
-0.794113  0.540495   -0.400968  0.0106482 
-0.696008  0.558363   -0.402123  0.0219995 
-0.696008  0.558363   -0.402123  0.00824245
-0.742976  0.576795   -0.401664  0.00736717
-0.757312  0.646412   -0.441676  0.00754426
-0.740419  0.649139   -0.42968   0.0151549 
-0.740419  0.649139   -0.42968   0.007835  
-0.740419  0.649139   -0.42968   0.00938146
-0.752899  0.688086   -0.420663  0.0114894 
-0.847473  0.636062   -0.424439  0.0151057 
-0.855993  0.717867   -0.377756  0.0221036 
-0.855993  0.717867   -0.377756  0.020678  
-0.799346  0.731227   -0.392847  0.0120889 
-0.716669  0.744776   -0.385514  0.0154159 
-0.716669  0.744776   -0.385514  0.00892907
-0.737911  0.671935   -0.4269    0.00742894
-0.698757  0.607591   -0.422137  0.015352  
-0.698757  0.607591   -0.422137  0.012824  
-0.698757  0.607591   -0.422137  0.00917485
-0.702826  0.570555   -0.420157  0.0236713 
-0.702826  0.570555   -0.420157  0.00789967
-0.702826  0.570555   -0.420157  0.013841  
-0.702826  0.570555   -0.420157  0.0107078 
-0.702826  0.570555   -0.420157  0.00785156
-0.703621  0.587826   -0.414696  0.0185252 
-0.703621  0.587826   -0.414696  0.0149219 
-0.802497  0.527649   -0.371564  0.0181001 
-0.802497  0.527649   -0.371564  0.00861107
-0.724546  0.570261   -0.417275  0.0104204 
-0.724546  0.570261   -0.417275  0.0170983 
-0.724546  0.570261   -0.417275  0.0115974 
-0.724546  0.570261   -0.417275  0.0167931 
-0.724546  0.570261   -0.417275  0.0103106 
-0.724546  0.570261   -0.417275  0.00882809
-0.724546  0.570261   -0.417275  0.0232173 
-0.724546  0.570261   -0.417275  0.00749866
-0.744615  0.661736   -0.428476  0.00976789
-0.771962  0.689207   -0.428414  0.0172529 
-0.771962  0.689207   -0.428414  0.00725681
-0.748436  0.65031    -0.43025   0.0160004 
-0.78535   0.724381   -0.389787  0.0141155 
-0.78535   0.724381   -0.389787  0.0088847 
-0.762159  0.651859   -0.431935  0.0135923 
-0.762159  0.651859   -0.431935  0.0135626 
-0.813364  0.724553   -0.398212  0.00731248
-0.812639  0.627696   -0.441577  0.0108439 
-0.812639  0.627696   -0.441577  0.00948263
-0.812639  0.627696   -0.441577  0.0117685 
-0.812639  0.627696   -0.441577  0.00733803
-0.812639  0.627696   -0.441577  0.0151117 
-0.871145  0.531865   -0.372277  0.0171381 
-0.871145  0.531865   -0.372277  0.0276815 
-0.871145  0.531865   -0.372277  0.0112241 
-0.786857  0.552201   -0.407171  0.00864915
-0.853298  0.587516   -0.429201  0.00880191
-0.849215  0.625169   -0.437695  0.0133008 
-0.849215  0.625169   -0.437695  0.00905733
-0.765136  0.702744   -0.422871  0.0194189 
-0.841313  0.724893   -0.34264   0.023144  
-0.841313  0.724893   -0.34264   0.00600913
-0.804574  0.633917   -0.44931   0.0175545 
-0.804574  0.633917   -0.44931   0.0106981 
-0.758723  0.554497   -0.399834  0.0167786 
-0.758723  0.554497   -0.399834  0.0208251 
-0.758723  0.554497   -0.399834  0.00749923
-0.823319  0.586353   -0.436841  0.0100547 
-0.834169  0.561277   -0.408474  0.00870388
-0.814348  0.569464   -0.422912  0.0192382 
-0.814348  0.569464   -0.422912  0.00625834
-0.769444  0.61676    -0.439548  0.00738775
-0.769444  0.61676    -0.439548  0.00893823
-0.769444  0.61676    -0.439548  0.00857033
-0.769444  0.61676    -0.439548  0.00946142
-0.812332  0.68037    -0.42982   0.0159751 
-0.78872   0.74339    -0.396779  0.0105071 
-0.698781  0.709466   -0.378172  0.0127698 
-0.696431  0.72499    -0.369051  0.0115744 
-0.68487   0.662562   -0.396586  0.0110278 
-0.751545  0.697491   -0.398378  0.008777  
-0.833558  0.623321   -0.437422  0.0120249 
-0.763906  0.544947   -0.392934  0.0104003 
-0.713108  0.560208   -0.407655  0.016985  
-0.713108  0.560208   -0.407655  0.0100142 
-0.713108  0.560208   -0.407655  0.014444  
-0.713108  0.560208   -0.407655  0.00762969
-0.745114  0.582185   -0.407394  0.0181868 
-0.745114  0.582185   -0.407394  0.012575  
-0.745114  0.582185   -0.407394  0.00895749
-0.807897  0.656554   -0.426184  0.0115351 
-0.814935  0.679657   -0.408286  0.0176887 
-0.780042  0.747884   -0.39465   0.0237419 
-0.780042  0.747884   -0.39465   0.0146602 
-0.859343  0.664027   -0.40822   0.015438  
-0.878005  0.687121   -0.401849  0.0129805 
-0.956183  0.610913   -0.36039   0.0142046 
-0.956183  0.610913   -0.36039   0.0157159 
-0.956183  0.610913   -0.36039   0.0112365 
-0.876527  0.685504   -0.424886  0.0447607 
-0.876527  0.685504   -0.424886  0.0242863 
-0.859601  0.698067   -0.360676  0.00926004
-0.764307  0.671339   -0.417001  0.0135626 
-0.764307  0.671339   -0.417001  0.008117  
-0.667081  0.659314   -0.404539  0.0122693 
-0.739905  0.744124   -0.391445  0.0379238 
-0.739905  0.744124   -0.391445  0.02846   
-0.739905  0.744124   -0.391445  0.00685649
-0.713869  0.651668   -0.430487  0.0072018 
-0.756094  0.629198   -0.4377    0.00685119
-0.832315  0.609813   -0.455573  0.00985749
-0.832315  0.609813   -0.455573  0.00827173
-0.795724  0.579617   -0.445988  0.0119618 
-0.795724  0.579617   -0.445988  0.0126612 
-0.714224  0.671381   -0.391463  0.00699862
-0.739568  0.603476   -0.422395  0.0172529 
-0.739568  0.603476   -0.422395  0.0108339 
-0.809667  0.665887   -0.422764  0.0174598 
-0.809667  0.665887   -0.422764  0.00954309
-0.842239  0.659789   -0.436171  0.00971976
-0.842239  0.659789   -0.436171  0.0212276 
-0.842239  0.659789   -0.436171  0.0062284 
-0.760851  0.64517    -0.44294   0.00766244
-0.760851  0.64517    -0.44294   0.00915404
-0.852847  0.636716   -0.437035  0.0111449 
-0.852847  0.636716   -0.437035  0.0117465 
-0.852847  0.636716   -0.437035  0.0173307 
-0.852847  0.636716   -0.437035  0.014572  
-0.852847  0.636716   -0.437035  0.0199423 
-0.852847  0.636716   -0.437035  0.0132018 
-0.852847  0.636716   -0.437035  0.0174014 
-0.852847  0.636716   -0.437035  0.00894605
-0.843407  0.574041   -0.427033  0.0108991 
-0.91379   0.611093   -0.394767  0.0148025 
-0.944793  0.529182   -0.308501  0.0118779 
-0.944793  0.529182   -0.308501  0.0196792 
-0.944793  0.529182   -0.308501  0.018507  
-0.944793  0.529182   -0.308501  0.013864  
-0.930311  0.532964   -0.299675  0.0115164 
-0.927144  0.566389   -0.362687  0.0185474 
-0.927144  0.566389   -0.362687  0.018372  
-0.927144  0.566389   -0.362687  0.0101859 
-0.866969  0.567302   -0.399721  0.00984665
-0.836824  0.564526   -0.414171  0.0106324 
-0.792955  0.629486   -0.4384    0.0094786 
-0.792955  0.629486   -0.4384    0.0120367 
-0.792955  0.629486   -0.4384    0.00701041
-0.766589  0.596353   -0.455523  0.0139405 
-0.766589  0.596353   -0.455523  0.00781907
-0.766589  0.596353   -0.455523  0.0121198 
-0.766589  0.596353   -0.455523  0.0102867 
-0.766589  0.596353   -0.455523  0.0104651 
-0.748287  0.683222   -0.407781  0.0102217 
-0.740367  0.675026   -0.41326   0.00740315
-0.670686  0.624939   -0.38902   0.0113118 
-0.670686  0.624939   -0.38902   0.0149788 
-0.731511  0.702713   -0.369629  0.0144828 
-0.722563  0.727152   -0.39458   0.0124622 
-0.649547  0.772536   -0.361512  0.020033  
-0.649547  0.772536   -0.361512  0.0216413 
-0.649547  0.772536   -0.361512  0.0136514 
-0.738042  0.707178   -0.389446  0.0136642 
-0.713221  0.719386   -0.390886  0.0195075 
-0.713221  0.719386   -0.390886  0.0202438 
-0.770367  0.768372   -0.362352  0.0131119 
-0.693946  0.748266   -0.353743  0.0175683 
-0.692547  0.679561   -0.382491  0.0116141 
-0.764317  0.709152   -0.413403  0.0164604 
-0.859653  0.689722   -0.386637  0.0278431 
-0.859653  0.689722   -0.386637  0.0114925 
-0.89083   0.627489   -0.408813  0.0133443 
-0.899064  0.6665     -0.372825  0.0119803 
-0.878359  0.623624   -0.422199  0.0088677 
-0.852236  0.588136   -0.4263    0.0107301 
-0.8663    0.655443   -0.416836  0.0175757 
-0.841918  0.715442   -0.379048  0.0180676 
-0.857317  0.619333   -0.422335  0.00805288
-0.784064  0.581228   -0.434996  0.015648  
-0.784064  0.581228   -0.434996  0.00886057
-0.722343  0.657774   -0.408694  0.0104772 
-0.754506  0.55933    -0.41632   0.0164937 
-0.754506  0.55933    -0.41632   0.00617462
-0.754513  0.629965   -0.442839  0.0118858 
-0.754513  0.629965   -0.442839  0.0102915 
-0.754513  0.629965   -0.442839  0.00868509
-0.761836  0.694835   -0.434752  0.0161103 
-0.761836  0.694835   -0.434752  0.013537  
-0.761836  0.694835   -0.434752  0.00864868
-0.849959  0.598927   -0.426912  0.0165378 
-0.849959  0.598927   -0.426912  0.0193599 
-0.849959  0.598927   -0.426912  0.00863442
-0.76337   0.643795   -0.442435  0.00721916
-0.728817  0.620568   -0.426828  0.0100339 
-0.728817  0.620568   -0.426828  0.00797865
-0.708752  0.674944   -0.405091  0.00732447
-0.689272  0.602335   -0.390815  0.0122165 
-0.759281  0.673604   -0.41505   0.00714513
-0.728579  0.588921   -0.427362  0.0125496 
-0.728579  0.588921   -0.427362  0.00758316
-0.813443  0.585069   -0.437581  0.0105551 
-0.841707  0.556517   -0.3787    0.0147201 
-0.797301  0.53008    -0.361263  0.0075087 
-0.698067  0.607729   -0.414766  0.0118029 
-0.617638  0.548191   -0.306288  0.0135665 
-0.617638  0.548191   -0.306288  0.0104777 
-0.600695  0.619308   -0.330459  0.0244761 
-0.672187  0.703881   -0.340723  0.0146616 
-0.672187  0.703881   -0.340723  0.0184843 
-0.672187  0.703881   -0.340723  0.00838918
-0.738063  0.673614   -0.412951  0.00817455
-0.659889  0.619975   -0.376557  0.00812749
-0.702168  0.646089   -0.408532  0.0170661 
-0.731989  0.73858    -0.365771  0.0194487 
-0.76074   0.754331   -0.370431  0.034193  
-0.76074   0.754331   -0.370431  0.0135979 
-0.74784   0.755664   -0.385571  0.00781584
-0.672325  0.660881   -0.390461  0.0110117 
-0.61133   0.665184   -0.340029  0.00956236
-0.65675   0.579754   -0.358277  0.00859101
-0.645478  0.614454   -0.376547  0.0080701 
-0.656789  0.627652   -0.383776  0.00905248
-0.728034  0.56771    -0.420965  0.0101548 
-0.728034  0.56771    -0.420965  0.00781122
-0.764705  0.599597   -0.425867  0.00801154
-0.764705  0.599597   -0.425867  0.00881166
-0.744147  0.687832   -0.421433  0.0238618 
-0.829423  0.723453   -0.36398   0.024248  
-0.904807  0.722961   -0.329204  0.0268181 
-0.904807  0.722961   -0.329204  0.0539955 
-0.904807  0.722961   -0.329204  0.0211664 
-0.949792  0.651004   -0.32662   0.0317432 
-0.949792  0.651004   -0.32662   0.0159484 
-0.949792  0.651004   -0.32662   0.0303054 
-0.949792  0.651004   -0.32662   0.0113021 
-0.9075    0.555551   -0.346481  0.00810971
-0.864528  0.598653   -0.443254  0.0115243 
-0.864528  0.598653   -0.443254  0.0118687 
-0.864528  0.598653   -0.443254  0.0164349 
-0.864528  0.598653   -0.443254  0.016662  
-0.864528  0.598653   -0.443254  0.00759327
-0.77821   0.583544   -0.441781  0.00617653
-0.77062   0.600314   -0.44677   0.00966701
-0.810495  0.564409   -0.428195  0.0126931 
-0.87245   0.543666   -0.365287  0.013362  
-0.871401  0.538707   -0.378046  0.0104593 
-0.938904  0.565569   -0.371439  0.0163582 
-0.938904  0.565569   -0.371439  0.0173483 
-0.938904  0.565569   -0.371439  0.0156728 
-0.938904  0.565569   -0.371439  0.0153922 
-0.938904  0.565569   -0.371439  0.0139988 
-0.887865  0.655563   -0.393628  0.0260197 
-0.887865  0.655563   -0.393628  0.00760016
-0.858336  0.597569   -0.436507  0.0114464 
-0.815761  0.553903   -0.414809  0.0074777 
-0.749544  0.653413   -0.427352  0.0165059 
-0.749544  0.653413   -0.427352  0.0160809 
-0.84425   0.677965   -0.392939  0.0200552 
-0.84425   0.677965   -0.392939  0.0133006 
-0.933752  0.662708   -0.370776  0.011032  
-0.933752  0.662708   -0.370776  0.030681  
-0.933752  0.662708   -0.370776  0.0128004 
-0.947412  0.644255   -0.3592    0.0135622 
-0.878086  0.661399   -0.413275  0.0202223 
-0.878086  0.661399   -0.413275  0.0324811 
-0.878086  0.661399   -0.413275  0.0323454 
-0.878086  0.661399   -0.413275  0.0122807 
-0.824991  0.67179    -0.416645  0.00712606
-0.768929  0.596477   -0.437001  0.0104053 
-0.768929  0.596477   -0.437001  0.0191367 
-0.768929  0.596477   -0.437001  0.0123613 
-0.768929  0.596477   -0.437001  0.0176582 
-0.768929  0.596477   -0.437001  0.00674186
-0.785819  0.602825   -0.454422  0.012127  
-0.785819  0.602825   -0.454422  0.010345  
-0.759416  0.682236   -0.420794  0.00919589
-0.668699  0.672848   -0.388559  0.0126056 
-0.661552  0.728571   -0.365448  0.0175678 
-0.642682  0.721448   -0.334767  0.0163924 
-0.713396  0.809998   -0.322265  0.0171003 
-0.784912  0.727613   -0.3443    0.00988394
-0.751455  0.709862   -0.422032  0.00829366
-0.756836  0.645254   -0.443451  0.0134513 
-0.756836  0.645254   -0.443451  0.0201908 
-0.756836  0.645254   -0.443451  0.00704429
-0.720397  0.650292   -0.42815   0.00932108
-0.648231  0.67265    -0.377725  0.0102295 
-0.700568  0.733779   -0.401337  0.0201286 
-0.700568  0.733779   -0.401337  0.0136101 
-0.700568  0.733779   -0.401337  0.0100595 
-0.75825   0.713256   -0.401099  0.0121354 
-0.764755  0.741006   -0.398706  0.00808875
-0.724351  0.66416    -0.425271  0.00893193
-0.72106   0.572517   -0.417208  0.00593922
-0.723073  0.623667   -0.412913  0.0218224 
-0.804769  0.723654   -0.338951  0.0100441 
-0.886992  0.630353   -0.401068  0.0185377 
-0.890027  0.671073   -0.376822  0.00845678
-0.80857   0.64466    -0.429438  0.0128096 
-0.80857   0.64466    -0.429438  0.00949591
-0.878804  0.604731   -0.402341  0.00976674
-0.80137   0.683437   -0.436432  0.0169886 
-0.80137   0.683437   -0.436432  0.0193106 
-0.80137   0.683437   -0.436432  0.0431978 
-0.80137   0.683437   -0.436432  0.00799134
-0.77956   0.666113   -0.445022  0.017418  
-0.812022  0.697161   -0.393946  0.00724042
-0.78408   0.647777   -0.4408    0.0086719 
-0.706126  0.647351   -0.406797  0.00972063
-0.660621  0.696002   -0.383173  0.0113486 
-0.689008  0.713289   -0.386472  0.0194005 
-0.72737   0.776061   -0.339983  0.00996264
-0.647981  0.693603   -0.369766  0.0138157 
-0.554106  0.736352   -0.296736  0.0119138 
-0.630675  0.687525   -0.360292  0.0170194 
-0.630675  0.687525   -0.360292  0.0119158 
-0.630675  0.687525   -0.360292  0.012224  
-0.705739  0.720016   -0.380875  0.0200014 
-0.705739  0.720016   -0.380875  0.013141  
-0.625816  0.700361   -0.344954  0.0150487 
-0.625816  0.700361   -0.344954  0.0163122 
-0.625816  0.700361   -0.344954  0.0141025 
-0.625816  0.700361   -0.344954  0.00974715
-0.61642   0.65177    -0.338039  0.0120337 
-0.562294  0.688467   -0.30054   0.0140704 
-0.562294  0.688467   -0.30054   0.0141714 
-0.500407  0.758621   -0.281776  0.0381829 
-0.500407  0.758621   -0.281776  0.0162428 
-0.450382  0.793456   -0.252538  0.0164348 
-0.517164  0.792573   -0.290869  0.0126374 
-0.576705  0.738651   -0.322124  0.0197534 
-0.571538  0.778066   -0.302531  0.0325501 
-0.571538  0.778066   -0.302531  0.0285211 
-0.63948   0.803989   -0.285673  0.0171063 
-0.69902   0.763558   -0.345125  0.0169762 
-0.703416  0.784053   -0.346578  0.0214552 
-0.703416  0.784053   -0.346578  0.0304896 
-0.703416  0.784053   -0.346578  0.0199594 
-0.703416  0.784053   -0.346578  0.0166389 
-0.779068  0.762808   -0.357344  0.0111038 
-0.740861  0.688489   -0.41898   0.0211964 
-0.740861  0.688489   -0.41898   0.0060514 
-0.762303  0.611345   -0.437282  0.0113806 
-0.783574  0.543116   -0.376294  0.0170543 
-0.729588  0.510391   -0.324315  0.0200216 
-0.729588  0.510391   -0.324315  0.00966113
-0.658591  0.579389   -0.36735   0.0118898 
-0.677254  0.544729   -0.359447  0.0197    
-0.677254  0.544729   -0.359447  0.00911574
-0.655335  0.607732   -0.368219  0.00693768
-0.742106  0.595855   -0.423642  0.00748425
-0.823541  0.62968    -0.437652  0.0085333 
-0.731655  0.571132   -0.413227  0.00861901
-0.731655  0.571132   -0.413227  0.00709732
-0.787634  0.633751   -0.439077  0.00934505
-0.787634  0.633751   -0.439077  0.00961173
-0.787634  0.633751   -0.439077  0.00715241
-0.749287  0.638939   -0.43439   0.00996423
-0.749287  0.638939   -0.43439   0.0055116 
-0.754129  0.624254   -0.434947  0.00783257
-0.712528  0.643314   -0.414206  0.00772679
-0.794618  0.644122   -0.438589  0.00642238
-0.790082  0.611624   -0.443518  0.00948296
-0.720275  0.710365   -0.411301  0.0229582 
-0.720275  0.710365   -0.411301  0.0251657 
-0.774212  0.751428   -0.373503  0.0170952 
-0.688224  0.673606   -0.373885  0.0133146 
-0.6735    0.755102   -0.344334  0.00876153
-0.682228  0.685922   -0.401012  0.0145071 
-0.676525  0.713535   -0.355458  0.0142196 
-0.645472  0.724828   -0.338263  0.0110256 
-0.615317  0.671789   -0.341064  0.0142064 
-0.615317  0.671789   -0.341064  0.0110436 
-0.615317  0.671789   -0.341064  0.00864714
-0.644727  0.666158   -0.36222   0.0120703 
-0.724663  0.730771   -0.360197  0.00717832
-0.74284   0.656608   -0.421913  0.00807733
-0.752423  0.681289   -0.436496  0.0125818 
-0.752423  0.681289   -0.436496  0.00630749
-0.823635  0.60349    -0.463961  0.0154609 
-0.823635  0.60349    -0.463961  0.00714805
-0.733477  0.59459    -0.418141  0.00775239
-0.759206  0.655834   -0.426046  0.0156493 
-0.759206  0.655834   -0.426046  0.0085092 
-0.82213   0.606606   -0.436337  0.0205772 
-0.82213   0.606606   -0.436337  0.0127947 
-0.82213   0.606606   -0.436337  0.00829705
-0.802261  0.649884   -0.442375  0.00967447
-0.717701  0.692535   -0.402977  0.00857382
-0.717701  0.692535   -0.402977  0.00821134
-0.8058    0.67152    -0.436434  0.00677804
-0.71285   0.613299   -0.433855  0.0100547 
-0.71285   0.613299   -0.433855  0.013974  
-0.71285   0.613299   -0.433855  0.0103764 
-0.71285   0.613299   -0.433855  0.00650013
-0.71285   0.613299   -0.433855  0.00906784
-0.773706  0.569194   -0.424833  0.0162599 
-0.851392  0.63973    -0.43153   0.0254053 
-0.851392  0.63973    -0.43153   0.0106067 
-0.758414  0.701884   -0.410993  0.0151001 
-0.758414  0.701884   -0.410993  0.0149612 
-0.835194  0.682639   -0.409503  0.0072704 
-0.844334  0.627161   -0.447856  0.0113889 
-0.844334  0.627161   -0.447856  0.0118753 
-0.844334  0.627161   -0.447856  0.00978438
-0.855951  0.565561   -0.406413  0.00755229
-0.808139  0.600978   -0.44161   0.00720853
-0.804339  0.591322   -0.427819  0.0151834 
-0.804339  0.591322   -0.427819  0.00869955
-0.834718  0.573744   -0.417795  0.00952029
-0.866932  0.603787   -0.432652  0.0290186 
-0.866932  0.603787   -0.432652  0.014035  
-0.922827  0.653192   -0.396365  0.0170089 
-0.843514  0.622521   -0.423854  0.0207028 
-0.818313  0.672462   -0.402787  0.00723239
-0.774473  0.587545   -0.425977  0.0159225 
-0.773332  0.518699   -0.348066  0.0323026 
-0.773332  0.518699   -0.348066  0.0247491 
-0.773332  0.518699   -0.348066  0.0354381 
-0.773332  0.518699   -0.348066  0.018214  
-0.817719  0.507502   -0.324464  0.0408132 
-0.817719  0.507502   -0.324464  0.017309  
-0.817719  0.507502   -0.324464  0.0103355 
-0.850202  0.559168   -0.40922   0.0079486 
-0.75796   0.655262   -0.434959  0.0090101 
-0.842551  0.575703   -0.433881  0.0111722 
-0.842551  0.575703   -0.433881  0.00704801
-0.809514  0.58972    -0.438963  0.0125588 
-0.809514  0.58972    -0.438963  0.0130957 
-0.82346   0.680082   -0.412905  0.0158974 
-0.83199   0.729979   -0.369441  0.0134475 
-0.800726  0.704623   -0.405412  0.0121589 
-0.8655    0.632825   -0.413169  0.0076869 
-0.788866  0.580487   -0.439838  0.00735699
-0.745912  0.679647   -0.440319  0.0198618 
-0.745912  0.679647   -0.440319  0.0083571 
-0.736787  0.630466   -0.424675  0.014358  
-0.807909  0.53162    -0.394003  0.0249782 
-0.807909  0.53162    -0.394003  0.00671605
-0.765968  0.622656   -0.440304  0.0156561 
-0.817564  0.706509   -0.373679  0.024403  
-0.907804  0.747221   -0.279016  0.0165203 
-0.821226  0.711685   -0.396479  0.00655415
-0.806093  0.627715   -0.452371  0.018984  
-0.806093  0.627715   -0.452371  0.0099209 
-0.802541  0.592803   -0.444475  0.00656221
-0.796302  0.619861   -0.448204  0.0192615 
-0.796302  0.619861   -0.448204  0.00905801
-0.780721  0.691747   -0.422913  0.00635675
-0.817169  0.612202   -0.443879  0.00642318
-0.762268  0.623978   -0.443402  0.0121874 
-0.762268  0.623978   -0.443402  0.00729036
-0.762268  0.623978   -0.443402  0.0101716 
-0.714827  0.556098   -0.386484  0.00899135
-0.647578  0.592987   -0.372232  0.0121069 
-0.647578  0.592987   -0.372232  0.0113403 
-0.647578  0.592987   -0.372232  0.00814589
-0.645582  0.639179   -0.360946  0.00855186
-0.649158  0.601      -0.356791  0.00910344
-0.729139  0.568232   -0.404821  0.0107982 
-0.721974  0.665734   -0.411015  0.0117343 
-0.721974  0.665734   -0.411015  0.0081102 
-0.715307  0.578227   -0.420304  0.0177492 
-0.715307  0.578227   -0.420304  0.0105987 
-0.715307  0.578227   -0.420304  0.0075825 
-0.680009  0.623581   -0.395994  0.0102386 
-0.680009  0.623581   -0.395994  0.00771395
-0.741772  0.585614   -0.424153  0.0111026 
-0.837309  0.554729   -0.40705   0.0118952 
-0.837309  0.554729   -0.40705   0.0145857 
-0.837309  0.554729   -0.40705   0.0202537 
-0.792705  0.491766   -0.262823  0.0410084 
-0.792705  0.491766   -0.262823  0.0315439 
-0.792705  0.491766   -0.262823  0.00832148
-0.783763  0.575032   -0.43894   0.01043   
-0.783763  0.575032   -0.43894   0.00721513
-0.783763  0.575032   -0.43894   0.00984794
-0.838063  0.647165   -0.439704  0.00992645
-0.838063  0.647165   -0.439704  0.0157632 
-0.838063  0.647165   -0.439704  0.00661359
-0.802597  0.604292   -0.454743  0.0117386 
-0.802597  0.604292   -0.454743  0.011863  
-0.738554  0.670372   -0.394851  0.0175819 
-0.738554  0.670372   -0.394851  0.0127595 
-0.738554  0.670372   -0.394851  0.0096919 
-0.654324  0.580429   -0.365017  0.00650896
-0.752618  0.606904   -0.437413  0.014137  
-0.752618  0.606904   -0.437413  0.00864118
-0.752618  0.606904   -0.437413  0.00649533
-0.725732  0.618982   -0.425652  0.00814156
-0.803619  0.589777   -0.43314   0.00870934
-0.803619  0.589777   -0.43314   0.0129498 
-0.79608   0.657239   -0.424893  0.00614181
-0.785368  0.620054   -0.440174  0.00704034
-0.785368  0.620054   -0.440174  0.00925968
-0.790239  0.650508   -0.430762  0.0101126 
-0.829802  0.561871   -0.420753  0.0262178 
-0.829802  0.561871   -0.420753  0.00953984
-0.871519  0.56958    -0.403756  0.0244931 
-0.871519  0.56958    -0.403756  0.0070315 
-0.838476  0.621283   -0.448018  0.00928462
-0.838476  0.621283   -0.448018  0.011934  
-0.838476  0.621283   -0.448018  0.0249274 
-0.925141  0.685676   -0.31      0.0116557 
-0.867518  0.63658    -0.41752   0.0134745 
-0.867518  0.63658    -0.41752   0.0123765 
-0.867518  0.63658    -0.41752   0.0150463 
-0.893684  0.653776   -0.385127  0.0119948 
-0.896684  0.581057   -0.388893  0.0106188 
-0.896684  0.581057   -0.388893  0.0071284 
-0.797981  0.631944   -0.444629  0.00815261
-0.797981  0.631944   -0.444629  0.0132217 
-0.797981  0.631944   -0.444629  0.0129582 
-0.796587  0.697975   -0.404212  0.0227023 
-0.796587  0.697975   -0.404212  0.00663924
-0.699999  0.658863   -0.423225  0.0198007 
-0.790283  0.743399   -0.371551  0.02745   
-0.790283  0.743399   -0.371551  0.0156007 
-0.868063  0.714703   -0.389698  0.0079765 
-0.863666  0.630987   -0.441056  0.00981765
-0.863666  0.630987   -0.441056  0.0105991 
-0.863666  0.630987   -0.441056  0.0118551 
-0.863666  0.630987   -0.441056  0.0230607 
-0.863666  0.630987   -0.441056  0.0235613 
-0.863666  0.630987   -0.441056  0.0149188 
-0.863666  0.630987   -0.441056  0.0105646 
-0.824021  0.556665   -0.404248  0.00721746
-0.726934  0.590487   -0.416615  0.016767  
-0.726934  0.590487   -0.416615  0.0168386 
-0.785266  0.513706   -0.339665  0.026184  
-0.785266  0.513706   -0.339665  0.0357694 
-0.785266  0.513706   -0.339665  0.00736317
-0.68924   0.602979   -0.401103  0.0127687 
-0.733971  0.542851   -0.390551  0.00932798
-0.642027  0.630265   -0.352267  0.0100577 
-0.618528  0.624736   -0.332055  0.0118162 
-0.602087  0.645588   -0.315839  0.00924883
-0.689899  0.656019   -0.406639  0.010518  
-0.689899  0.656019   -0.406639  0.0098695 
-0.608447  0.606439   -0.318089  0.0172003 
-0.703374  0.507915   -0.336873  0.0196508 
-0.634118  0.486701   -0.238795  0.0410201 
-0.634118  0.486701   -0.238795  0.0144963 
-0.541925  0.572376   -0.240201  0.0106823 
-0.594148  0.640541   -0.320426  0.0113362 
-0.594148  0.640541   -0.320426  0.0121086 
-0.56439   0.713895   -0.2935    0.0110584 
-0.658422  0.685513   -0.35541   0.0113035 
-0.597886  0.683556   -0.341343  0.0102966 
-0.608617  0.649386   -0.320321  0.0133481 
-0.671962  0.718652   -0.372031  0.00860637
-0.637198  0.630274   -0.356752  0.0116422 
-0.637198  0.630274   -0.356752  0.0119868 
-0.661164  0.544224   -0.364188  0.0198263 
-0.661164  0.544224   -0.364188  0.0112731 
-0.585246  0.631491   -0.308191  0.00930205
-0.660443  0.657244   -0.375886  0.0112659 
-0.723331  0.731338   -0.383568  0.00840863
-0.80781   0.643824   -0.427431  0.00823291
-0.80781   0.643824   -0.427431  0.00742883
-0.779422  0.625942   -0.445075  0.00991879
-0.788467  0.561553   -0.411389  0.0152175 
-0.788467  0.561553   -0.411389  0.00610403
-0.739132  0.612376   -0.424594  0.0112086 
-0.772807  0.676392   -0.422556  0.00929409
-0.823688  0.64924    -0.439167  0.00898098
-0.832641  0.58565    -0.428311  0.00778652
-0.736915  0.681413   -0.429801  0.0272806 
-0.736915  0.681413   -0.429801  0.0107659 
-0.732445  0.645414   -0.424714  0.00804442
-0.732445  0.645414   -0.424714  0.0142217 
-0.732445  0.645414   -0.424714  0.0105653 
-0.700759  0.710812   -0.410284  0.00872142
-0.731791  0.677737   -0.414021  0.00745396
-0.7543    0.666029   -0.427163  0.00683   
-0.762504  0.590408   -0.439078  0.00731829
-0.757032  0.589099   -0.444634  0.0100501 
-0.750349  0.55543    -0.386361  0.01086   
-0.797528  0.555323   -0.40933   0.0184994 
-0.797528  0.555323   -0.40933   0.00617165
-0.767675  0.60529    -0.440228  0.00688314
-0.828532  0.601347   -0.441356  0.0119188 
-0.8069    0.677176   -0.438618  0.0158127 
-0.8069    0.677176   -0.438618  0.0114959 
-0.8069    0.677176   -0.438618  0.00846755
-0.8069    0.677176   -0.438618  0.00973984
-0.772913  0.684307   -0.437404  0.00689677
-0.701552  0.620635   -0.412348  0.0144533 
-0.773567  0.528747   -0.378831  0.0302747 
-0.773567  0.528747   -0.378831  0.00809673
-0.67914   0.583473   -0.391244  0.0145703 
-0.67914   0.583473   -0.391244  0.00679914
-0.738005  0.640926   -0.428819  0.00882186
-0.738005  0.640926   -0.428819  0.00924289
-0.663441  0.645377   -0.394685  0.00866283
-0.711951  0.570416   -0.38583   0.0142951 
-0.783806  0.527911   -0.355942  0.0335573 
-0.783806  0.527911   -0.355942  0.0106347 
-0.848733  0.552164   -0.382108  0.0181121 
-0.892311  0.640032   -0.36227   0.009565  
-0.850172  0.567449   -0.43003   0.00909707
-0.868331  0.625005   -0.424534  0.0161461 
-0.868331  0.625005   -0.424534  0.029272  
-0.868331  0.625005   -0.424534  0.00936329
-0.916683  0.578338   -0.384838  0.0139618 
-0.899224  0.527592   -0.318229  0.0075345 
-0.800094  0.608855   -0.446131  0.016042  
-0.800094  0.608855   -0.446131  0.0232054 
-0.848038  0.648012   -0.389278  0.0104381 
-0.808085  0.678834   -0.420693  0.00806471
-0.80116   0.647929   -0.437675  0.00736714
-0.734527  0.605941   -0.429764  0.0107841 
-0.83181   0.67313    -0.419815  0.017274  
-0.83181   0.67313    -0.419815  0.0275047 
-0.83181   0.67313    -0.419815  0.0259793 
-0.83181   0.67313    -0.419815  0.0186107 
-0.886321  0.684909   -0.384456  0.0306154 
-0.886321  0.684909   -0.384456  0.0133601 
-0.80835   0.710727   -0.414578  0.0126673 
-0.849156  0.668417   -0.406518  0.0114252 
-0.83362   0.696423   -0.421253  0.00847711
-0.814311  0.68411    -0.425889  0.00900295
-0.806231  0.663754   -0.442262  0.00703319
-0.789778  0.601866   -0.440482  0.0130876 
-0.789778  0.601866   -0.440482  0.00770974
-0.753015  0.583288   -0.42874   0.0190623 
-0.753015  0.583288   -0.42874   0.00658999
-0.705469  0.635789   -0.427684  0.0103605 
-0.79676   0.595875   -0.424461  0.00847947
-0.751018  0.683566   -0.40674   0.00867371
-0.716157  0.641435   -0.406611  0.00639329
-0.728818  0.629118   -0.429466  0.00709562
-0.773851  0.609468   -0.435696  0.00650299
-0.720426  0.618675   -0.429068  0.00622469
-0.798809  0.648076   -0.449899  0.0227711 
-0.798809  0.648076   -0.449899  0.0196853 
-0.820251  0.704367   -0.388945  0.0157831 
-0.887257  0.642423   -0.376633  0.0114873 
-0.908484  0.63833    -0.395996  0.0179727 
-0.908484  0.63833    -0.395996  0.0137846 
-0.908484  0.63833    -0.395996  0.014066  
-0.908484  0.63833    -0.395996  0.0248378 
-0.908484  0.63833    -0.395996  0.00982945
-0.887436  0.623478   -0.422514  0.0169181 
-0.829809  0.714179   -0.39124   0.0235515 
-0.79051   0.801957   -0.29076   0.0269553 
-0.79051   0.801957   -0.29076   0.0119714 
-0.701588  0.703702   -0.384803  0.00755011
-0.727719  0.676485   -0.418702  0.0136033 
-0.727719  0.676485   -0.418702  0.00715195
-0.683143  0.622718   -0.394253  0.00752999
-0.742278  0.651228   -0.42167   0.0112834 
-0.695133  0.554739   -0.384045  0.0163018 
-0.695133  0.554739   -0.384045  0.0112372 
-0.595578  0.55348    -0.273249  0.00864913
-0.651215  0.609591   -0.348052  0.00629309
-0.709001  0.635514   -0.418231  0.00855033
-0.661997  0.656515   -0.389139  0.00730188
-0.700725  0.630682   -0.413507  0.0120566 
-0.700725  0.630682   -0.413507  0.00617036
-0.798555  0.612652   -0.445998  0.0143829 
-0.798555  0.612652   -0.445998  0.010008  
-0.798555  0.612652   -0.445998  0.0130131 
-0.798555  0.612652   -0.445998  0.00782572
-0.825011  0.601985   -0.431299  0.0101916 
-0.825011  0.601985   -0.431299  0.016289  
-0.825011  0.601985   -0.431299  0.0179445 
-0.825011  0.601985   -0.431299  0.0157255 
-0.825011  0.601985   -0.431299  0.00722544
-0.839721  0.59146    -0.431628  0.0130459 
-0.839721  0.59146    -0.431628  0.00945731
-0.865159  0.583494   -0.426147  0.0146205 
-0.865159  0.583494   -0.426147  0.0139393 
-0.865159  0.583494   -0.426147  0.0129234 
-0.865159  0.583494   -0.426147  0.0136364 
-0.900718  0.674837   -0.401788  0.0183523 
-0.889175  0.687228   -0.375909  0.0123015 
-0.972226  0.603338   -0.315078  0.00842946
-0.890324  0.604544   -0.421953  0.00937346
-0.890324  0.604544   -0.421953  0.0120548 
-0.821892  0.665803   -0.410009  0.00739989
-0.746715  0.593647   -0.434218  0.0114359 
-0.746715  0.593647   -0.434218  0.0172858 
-0.746715  0.593647   -0.434218  0.00997754
-0.746715  0.593647   -0.434218  0.00850007
-0.765181  0.576913   -0.436026  0.0208015 
-0.765181  0.576913   -0.436026  0.0155983 
-0.860736  0.676037   -0.40467   0.0153972 
-0.860736  0.676037   -0.40467   0.0182027 
-0.860736  0.676037   -0.40467   0.00887918
-0.92161   0.598199   -0.379142  0.0166318 
-0.92161   0.598199   -0.379142  0.0200168 
-0.92161   0.598199   -0.379142  0.0156022 
-0.92161   0.598199   -0.379142  0.0270645 
-0.92161   0.598199   -0.379142  0.0147581 
-0.937135  0.635088   -0.363845  0.0123523 
-0.923093  0.627047   -0.384418  0.0194304 
-0.946824  0.640678   -0.332377  0.022286  
-0.946824  0.640678   -0.332377  0.0154443 
-0.87981   0.619992   -0.411512  0.00757866
-0.791773  0.582344   -0.437335  0.00824019
-0.791773  0.582344   -0.437335  0.00942822
-0.791773  0.582344   -0.437335  0.00712311
-0.801308  0.610185   -0.453021  0.00832514
-0.801308  0.610185   -0.453021  0.00943563
-0.801308  0.610185   -0.453021  0.00816356
-0.715741  0.684079   -0.425483  0.00977881
-0.715741  0.684079   -0.425483  0.00933341
-0.758666  0.697459   -0.419359  0.0106085 
-0.683951  0.719445   -0.38073   0.00575461
-0.775598  0.625343   -0.450638  0.00887292
-0.785335  0.570702   -0.437868  0.00598779
-0.734058  0.634847   -0.434392  0.00781499
-0.755696  0.6366     -0.43512   0.00951228
-0.725907  0.559269   -0.400298  0.015456  
-0.725907  0.559269   -0.400298  0.014692  
-0.725907  0.559269   -0.400298  0.00791233
-0.765992  0.580591   -0.430997  0.019201  
-0.765992  0.580591   -0.430997  0.00636857
-0.816768  0.608182   -0.447819  0.0100908 
-0.816768  0.608182   -0.447819  0.0191343 
-0.814993  0.687289   -0.398057  0.0109398 
-0.907412  0.611781   -0.398748  0.0144585 
-0.847566  0.68152    -0.386459  0.0103415 
-0.919709  0.581839   -0.363899  0.0116458 
-0.978276  0.559708   -0.275944  0.021792  
-1.00266   0.468429   -0.0478294 0.018101  
-1.01869   0.481205   -0.0310363 0.0151225 
-1.01869   0.481205   -0.0310363 0.0125365 
-0.939539  0.53818    -0.303981  0.00880173
-0.89429   0.579056   -0.390164  0.0146711 
-0.89429   0.579056   -0.390164  0.0193986 
-0.89429   0.579056   -0.390164  0.00766656
-0.890851  0.623761   -0.424688  0.00761692
-0.882519  0.610152   -0.43659   0.0199056 
-0.882519  0.610152   -0.43659   0.010029  
-0.882519  0.610152   -0.43659   0.0138224 
-0.882519  0.610152   -0.43659   0.0194875 
-0.882519  0.610152   -0.43659   0.0130942 
-0.831423  0.672368   -0.41922   0.0167622 
-0.83955   0.6763     -0.417446  0.0076088 
-0.804491  0.614438   -0.438378  0.0083669 
-0.851106  0.629011   -0.427823  0.0159099 
-0.851106  0.629011   -0.427823  0.0110486 
-0.881843  0.657217   -0.418994  0.0091057 
-0.885367  0.598899   -0.420775  0.0112185 
-0.868578  0.554852   -0.399371  0.0116663 
-0.907568  0.634696   -0.388211  0.00880165
-0.828063  0.625949   -0.439454  0.010684  
-0.776659  0.550986   -0.402575  0.00666837
-0.753637  0.632343   -0.436382  0.00803787
-0.755146  0.703937   -0.434129  0.0072241 
-0.755146  0.703937   -0.434129  0.00866239
-0.755146  0.703937   -0.434129  0.00783538
-0.714551  0.647747   -0.4165    0.0132401 
-0.714551  0.647747   -0.4165    0.013442  
-0.725657  0.6848     -0.395962  0.00639098
-0.747606  0.606039   -0.432134  0.00644075
-0.71756   0.6247     -0.429818  0.0100583 
-0.774728  0.56174    -0.444583  0.013022  
-0.774728  0.56174    -0.444583  0.00833603
-0.774728  0.56174    -0.444583  0.00763836
-0.774728  0.56174    -0.444583  0.00761387
-0.774728  0.56174    -0.444583  0.0158141 
-0.774728  0.56174    -0.444583  0.0277922 
-0.774728  0.56174    -0.444583  0.0117237 
-0.831842  0.545903   -0.399676  0.021603  
-0.831842  0.545903   -0.399676  0.0196044 
-0.8825    0.633981   -0.397998  0.0178767 
-0.79865   0.718667   -0.381173  0.0185036 
-0.759358  0.775385   -0.344045  0.0298713 
-0.759358  0.775385   -0.344045  0.0315012 
-0.759358  0.775385   -0.344045  0.00817325
-0.695956  0.677736   -0.400821  0.00962579
-0.774027  0.635401   -0.430027  0.0251991 
-0.85902   0.718936   -0.33464   0.033407  
-0.85902   0.718936   -0.33464   0.0147605 
-0.853983  0.685281   -0.389537  0.00558307
-0.806052  0.622887   -0.457207  0.0078191 
-0.806052  0.622887   -0.457207  0.00659516
-0.806052  0.622887   -0.457207  0.0106187 
-0.806052  0.622887   -0.457207  0.00670495
-0.810284  0.633796   -0.448108  0.00804109
-0.842101  0.57996    -0.430772  0.00977323
-0.828151  0.561385   -0.417127  0.0265704 
-0.828151  0.561385   -0.417127  0.00826906
-0.770796  0.657043   -0.441058  0.00778973
-0.76649   0.581283   -0.447061  0.00877679
-0.852893  0.587834   -0.417149  0.00723525
-0.776685  0.594801   -0.447817  0.00908035
-0.861336  0.573857   -0.420332  0.0108123 
-0.781005  0.556151   -0.409121  0.0243296 
-0.781005  0.556151   -0.409121  0.0062951 
-0.747972  0.60548    -0.439458  0.00763266
-0.699483  0.643288   -0.408381  0.00788727
-0.66729   0.621007   -0.369119  0.0117342 
-0.585256  0.577421   -0.28293   0.0125133 
-0.585256  0.577421   -0.28293   0.0146305 
-0.585256  0.577421   -0.28293   0.0149013 
-0.585256  0.577421   -0.28293   0.0135871 
-0.585256  0.577421   -0.28293   0.0139599 
-0.585256  0.577421   -0.28293   0.00889366
-0.658111  0.598916   -0.372257  0.0158745 
-0.706175  0.515794   -0.34031   0.00896164
-0.639537  0.606643   -0.3493    0.00837809
-0.663735  0.629919   -0.382374  0.0105115 
-0.663735  0.629919   -0.382374  0.00947607
-0.678218  0.568256   -0.373976  0.00934078
-0.774943  0.5677     -0.419131  0.00833262
-0.822977  0.636299   -0.444077  0.00846655
-0.865376  0.60523    -0.424879  0.00998579
-0.865376  0.60523    -0.424879  0.00972297
-0.858018  0.567414   -0.406576  0.00681407
-0.764897  0.597519   -0.449155  0.0126985 
-0.764897  0.597519   -0.449155  0.0105496 
-0.764897  0.597519   -0.449155  0.00792234
-0.821901  0.582048   -0.432122  0.0057418 
-0.760275  0.642494   -0.44538   0.00840083
-0.668671  0.636626   -0.390455  0.00839063
-0.67439   0.5859     -0.373202  0.0145154 
-0.758351  0.523605   -0.324588  0.0252221 
-0.758351  0.523605   -0.324588  0.0147319 
-0.838569  0.528868   -0.355043  0.0171933 
-0.838569  0.528868   -0.355043  0.0287106 
-0.838569  0.528868   -0.355043  0.0252942 
-0.838569  0.528868   -0.355043  0.0298706 
-0.838569  0.528868   -0.355043  0.007103  
-0.73931   0.587949   -0.415301  0.00680844
-0.7856    0.59474    -0.440315  0.016755  
-0.7856    0.59474    -0.440315  0.00847679
-0.7856    0.59474    -0.440315  0.0183327 
-0.7856    0.59474    -0.440315  0.00931123
-0.805547  0.567094   -0.402095  0.00740968
-0.783124  0.644474   -0.438264  0.00762902
-0.744814  0.603753   -0.422863  0.010176  
-0.6885    0.561359   -0.37488   0.00731602
-0.706354  0.595819   -0.408784  0.0116579 
-0.783164  0.54674    -0.38351   0.0100076 
-0.876464  0.613882   -0.422326  0.0222338 
-0.876464  0.613882   -0.422326  0.0160229 
-0.876464  0.613882   -0.422326  0.0131552 
-0.876464  0.613882   -0.422326  0.0102198 
-0.876464  0.613882   -0.422326  0.0164834 
-0.876464  0.613882   -0.422326  0.0141259 
-0.876464  0.613882   -0.422326  0.0109726 
-0.876464  0.613882   -0.422326  0.0170323 
-0.83794   0.614208   -0.426338  0.0088792 
-0.877991  0.623357   -0.431644  0.0109641 
-0.877991  0.623357   -0.431644  0.0183183 
-0.877991  0.623357   -0.431644  0.0254689 
-0.877991  0.623357   -0.431644  0.0177515 
-0.877991  0.623357   -0.431644  0.0170764 
-0.877991  0.623357   -0.431644  0.0107028 
-0.877991  0.623357   -0.431644  0.00660525
-0.793748  0.626561   -0.438939  0.0107831 
-0.736912  0.695814   -0.412713  0.00742959
-0.703994  0.670221   -0.416179  0.0153753 
-0.703994  0.670221   -0.416179  0.0144278 
-0.703994  0.670221   -0.416179  0.00965182
-0.703994  0.670221   -0.416179  0.0102519 
-0.754996  0.646369   -0.429936  0.00857788
-0.713802  0.58437    -0.416286  0.00772796
-0.711704  0.678441   -0.413426  0.00870357
-0.658017  0.637662   -0.395681  0.00725311
-0.749184  0.630474   -0.439869  0.00704973
-0.749184  0.630474   -0.439869  0.00886576
-0.749184  0.630474   -0.439869  0.0103064 
-0.753173  0.69668    -0.406176  0.00677436
-0.711097  0.649555   -0.430318  0.0115399 
-0.758917  0.701388   -0.4023    0.00762113
-0.8332    0.623069   -0.437926  0.0235259 
-0.8332    0.623069   -0.437926  0.0243702 
-0.8332    0.623069   -0.437926  0.0163803 
-0.8332    0.623069   -0.437926  0.00767694
-0.760626  0.615097   -0.436289  0.00697938
-0.75883   0.662194   -0.431733  0.0130989 
-0.835444  0.688046   -0.40972   0.00837478
-0.794769  0.62488    -0.442637  0.00820877
-0.794769  0.62488    -0.442637  0.0158833 
-0.794769  0.62488    -0.442637  0.0124725 
-0.794769  0.62488    -0.442637  0.015045  
-0.768819  0.705505   -0.390973  0.0234649 
-0.849747  0.683061   -0.363516  0.0101182 
-0.912726  0.607804   -0.406233  0.0147789 
-0.901288  0.62333    -0.405881  0.00708527
-0.830072  0.603832   -0.436109  0.0124078 
-0.830072  0.603832   -0.436109  0.0136488 
-0.830072  0.603832   -0.436109  0.0100977 
-0.830072  0.603832   -0.436109  0.00821916
-0.791594  0.572622   -0.411766  0.0149464 
-0.778796  0.668391   -0.408714  0.0075297 
-0.726062  0.66866    -0.406713  0.0190394 
-0.726062  0.66866    -0.406713  0.0221202 
-0.726062  0.66866    -0.406713  0.0180173 
-0.653613  0.751883   -0.340222  0.0209034 
-0.659842  0.716411   -0.334212  0.0123384 
-0.610134  0.704949   -0.301496  0.0129523 
-0.542474  0.693266   -0.294618  0.0146935 
-0.542474  0.693266   -0.294618  0.0141801 
-0.570111  0.779343   -0.301967  0.0297814 
-0.570111  0.779343   -0.301967  0.0257182 
-0.627682  0.868317   -0.288188  0.0270622 
-0.627682  0.868317   -0.288188  0.0141268 
-0.53082   0.82714    -0.314521  0.0146556 
-0.53082   0.82714    -0.314521  0.0150398 
-0.53082   0.82714    -0.314521  0.0135922 
-0.530632  0.75716    -0.309092  0.0166923 
-0.611949  0.82473    -0.335092  0.0160275 
-0.654925  0.764394   -0.333214  0.0226689 
-0.654925  0.764394   -0.333214  0.0118955 
-0.570738  0.671787   -0.293369  0.00972089
-0.637929  0.69767    -0.36531   0.00996412
-0.633802  0.655564   -0.369761  0.0093137 
-0.65087   0.673222   -0.380683  0.0102289 
-0.65087   0.673222   -0.380683  0.00725568
-0.700956  0.623357   -0.398293  0.00818552
-0.667562  0.625696   -0.387905  0.0115134 
-0.619297  0.655181   -0.351494  0.0106082 
-0.640737  0.566478   -0.350957  0.0210882 
-0.640737  0.566478   -0.350957  0.012035  
-0.640737  0.566478   -0.350957  0.0108182 
-0.640737  0.566478   -0.350957  0.00956021
-0.707602  0.662543   -0.400431  0.0125347 
-0.707602  0.662543   -0.400431  0.00650737
-0.740229  0.625373   -0.441324  0.0147728 
-0.740229  0.625373   -0.441324  0.00949803
-0.740229  0.625373   -0.441324  0.0126187 
-0.740229  0.625373   -0.441324  0.00762851
-0.766415  0.624519   -0.430912  0.00829034
-0.703208  0.585597   -0.408539  0.00672178
-0.702707  0.636156   -0.415793  0.00880508
-0.702707  0.636156   -0.415793  0.00803554
-0.729743  0.588561   -0.428156  0.0072229 
-0.809174  0.594839   -0.433748  0.0100047 
-0.80262   0.628337   -0.438094  0.0363376 
-0.80262   0.628337   -0.438094  0.0190373 
-0.80262   0.628337   -0.438094  0.00733844
-0.751784  0.658403   -0.43321   0.0146345 
-0.751784  0.658403   -0.43321   0.00790477
-0.751784  0.658403   -0.43321   0.0134779 
-0.661013  0.732176   -0.369486  0.015704  
-0.661013  0.732176   -0.369486  0.011341  
-0.661013  0.732176   -0.369486  0.0173558 
-0.661013  0.732176   -0.369486  0.0117795 
-0.61281   0.709087   -0.338265  0.0113726 
-0.627552  0.675433   -0.378169  0.0127412 
-0.627552  0.675433   -0.378169  0.00847747
-0.659633  0.592433   -0.370346  0.00971748
-0.75353   0.572092   -0.418272  0.0155014 
-0.75353   0.572092   -0.418272  0.0131975 
-0.75353   0.572092   -0.418272  0.0102008 
-0.832397  0.563215   -0.404622  0.0205924 
-0.832397  0.563215   -0.404622  0.00728644
-0.822642  0.588262   -0.445825  0.00826639
-0.822642  0.588262   -0.445825  0.041823  
-0.914412  0.683127   -0.34026   0.0154115 
-0.865235  0.682315   -0.365952  0.00892162
-0.843991  0.667629   -0.440817  0.00874869
-0.880516  0.652179   -0.442455  0.00999559
-0.880516  0.652179   -0.442455  0.0124532 
-0.847716  0.649124   -0.432736  0.00727697
-0.835249  0.597768   -0.440153  0.00995594
-0.883293  0.623479   -0.419938  0.00614969
-0.789218  0.63437    -0.44945   0.0125338 
-0.789218  0.63437    -0.44945   0.00995124
-0.789218  0.63437    -0.44945   0.0223389 
-0.789218  0.63437    -0.44945   0.012883  
-0.797799  0.540552   -0.408039  0.0193943 
-0.797799  0.540552   -0.408039  0.00656003
-0.728876  0.602596   -0.439445  0.00856187
-0.728876  0.602596   -0.439445  0.0160812 
-0.728876  0.602596   -0.439445  0.00865104
-0.720661  0.660788   -0.41042   0.0098856 
-0.620806  0.643922   -0.365519  0.0108344 
-0.620806  0.643922   -0.365519  0.011495  
-0.577335  0.676875   -0.315714  0.0140699 
-0.528803  0.759335   -0.309628  0.0130449 
-0.544406  0.720275   -0.271993  0.014355  
-0.500199  0.655507   -0.238971  0.0163202 
-0.500199  0.655507   -0.238971  0.019853  
-0.500199  0.655507   -0.238971  0.012546  
-0.57013   0.594609   -0.285326  0.00955796
-0.633725  0.582228   -0.343686  0.00767396
-0.706837  0.613498   -0.416835  0.0156345 
-0.706837  0.613498   -0.416835  0.0123113 
-0.718088  0.712471   -0.386801  0.0128993 
-0.78604   0.721655   -0.407343  0.0158298 
-0.78604   0.721655   -0.407343  0.0331777 
-0.78604   0.721655   -0.407343  0.0259227 
-0.78604   0.721655   -0.407343  0.0221727 
-0.78604   0.721655   -0.407343  0.0102828 
-0.709286  0.713852   -0.383834  0.00626562
-0.809164  0.635818   -0.451626  0.0211585 
-0.809164  0.635818   -0.451626  0.0127212 
-0.809164  0.635818   -0.451626  0.014147  
-0.809164  0.635818   -0.451626  0.0311445 
-0.809164  0.635818   -0.451626  0.00810368
-0.807743  0.637927   -0.440547  0.00604814
-0.779917  0.643951   -0.449575  0.00888783
-0.752117  0.569542   -0.443724  0.0077892 
-0.826062  0.594285   -0.442475  0.011367  
-0.826062  0.594285   -0.442475  0.0141671 
-0.826062  0.594285   -0.442475  0.00729557
-0.769397  0.631247   -0.438606  0.0125725 
-0.769397  0.631247   -0.438606  0.0104462 
-0.769397  0.631247   -0.438606  0.00703977
-0.769397  0.631247   -0.438606  0.0114969 
-0.769397  0.631247   -0.438606  0.00955155
-0.769397  0.631247   -0.438606  0.0184268 
-0.769397  0.631247   -0.438606  0.0100853 
-0.846285  0.557552   -0.403396  0.0115098 
-0.897086  0.620394   -0.4085    0.00828608
-0.839087  0.597863   -0.426544  0.00888858
-0.746761  0.606975   -0.438637  0.0140623 
-0.746761  0.606975   -0.438637  0.00862044
-0.746761  0.606975   -0.438637  0.0124448 
-0.746761  0.606975   -0.438637  0.00694816
-0.756029  0.594493   -0.441992  0.0146955 
-0.756029  0.594493   -0.441992  0.00806721
-0.756029  0.594493   -0.441992  0.0126128 
-0.851021  0.676887   -0.416901  0.0206114 
-0.851021  0.676887   -0.416901  0.00892908
-0.861648  0.579755   -0.428468  0.0116893 
-0.861648  0.579755   -0.428468  0.00887923
-0.832116  0.573299   -0.420942  0.0109949 
-0.740284  0.550545   -0.395068  0.0136489 
-0.740284  0.550545   -0.395068  0.00904107
-0.740284  0.550545   -0.395068  0.0100171 
-0.659649  0.567447   -0.367245  0.00948254
-0.670156  0.567446   -0.360692  0.0160076 
-0.670156  0.567446   -0.360692  0.0104865 
-0.613231  0.591513   -0.322181  0.0112147 
-0.625987  0.55897    -0.322669  0.0146999 
-0.625987  0.55897    -0.322669  0.00970661
-0.640299  0.594847   -0.359716  0.0114539 
-0.640299  0.594847   -0.359716  0.0131781 
-0.640299  0.594847   -0.359716  0.00851597
-0.647378  0.618108   -0.376684  0.00910598
-0.647378  0.618108   -0.376684  0.00819975
-0.651495  0.62754    -0.36682   0.0112996 
-0.665429  0.694544   -0.373032  0.0172711 
-0.665429  0.694544   -0.373032  0.0134556 
-0.594615  0.755878   -0.324802  0.021021  
-0.594615  0.755878   -0.324802  0.0164042 
-0.564267  0.729207   -0.283928  0.0158271 
-0.597288  0.788798   -0.305001  0.0145661 
-0.597455  0.751979   -0.306838  0.0129628 
-0.573521  0.726428   -0.295373  0.00998019
-0.614617  0.636675   -0.352393  0.0129236 
-0.614617  0.636675   -0.352393  0.0130803 
-0.614617  0.636675   -0.352393  0.0123945 
-0.56617   0.581181   -0.266185  0.0117723 
-0.588211  0.582223   -0.298826  0.0137979 
-0.588211  0.582223   -0.298826  0.0120394 
-0.572371  0.667542   -0.298214  0.0193173 
-0.647734  0.732523   -0.327046  0.0234865 
-0.647734  0.732523   -0.327046  0.0137352 
-0.681268  0.766236   -0.361379  0.00926488
-0.732082  0.698077   -0.411663  0.0197736 
-0.7666    0.747131   -0.335366  0.0161195 
-0.712303  0.785664   -0.331026  0.0262522 
-0.712335  0.804369   -0.279541  0.0729214 
-0.712335  0.804369   -0.279541  0.0104817 
-0.70392   0.735129   -0.398237  0.0178326 
-0.70392   0.735129   -0.398237  0.0215797 
-0.70392   0.735129   -0.398237  0.0159355 
-0.788271  0.736032   -0.407139  0.0192983 
-0.863382  0.711487   -0.356131  0.00772566
-0.831929  0.617532   -0.443475  0.0070518 
-0.829552  0.622533   -0.445254  0.00784289
-0.844927  0.613586   -0.440363  0.00678742
-0.751229  0.595428   -0.435434  0.00725323
-0.782186  0.590549   -0.442549  0.00659839
-0.754237  0.598785   -0.450773  0.0090674 
-0.75859   0.673136   -0.429076  0.0180152 
-0.75859   0.673136   -0.429076  0.0152306 
-0.75859   0.673136   -0.429076  0.0114496 
-0.849167  0.633126   -0.41557   0.0135568 
-0.849167  0.633126   -0.41557   0.00795549
-0.861331  0.642754   -0.439893  0.0132466 
-0.861331  0.642754   -0.439893  0.0333872 
-0.861331  0.642754   -0.439893  0.0149335 
-0.833763  0.710784   -0.411152  0.0282773 
-0.759044  0.780037   -0.306542  0.0233631 
-0.858595  0.76676    -0.308987  0.0306742 
-0.858595  0.76676    -0.308987  0.0490444 
-0.858595  0.76676    -0.308987  0.0156079 
-0.895994  0.672564   -0.360551  0.0289879 
-0.895994  0.672564   -0.360551  0.00861373
-0.798719  0.665416   -0.437647  0.0192658 
-0.798719  0.665416   -0.437647  0.0111349 
-0.798719  0.665416   -0.437647  0.00866501
-0.798719  0.665416   -0.437647  0.0070459 
-0.715764  0.604861   -0.428622  0.00866323
-0.715764  0.604861   -0.428622  0.0140487 
-0.658822  0.524892   -0.341091  0.0119291 
-0.658822  0.524892   -0.341091  0.0165216 
-0.658822  0.524892   -0.341091  0.0273556 
-0.658822  0.524892   -0.341091  0.021123  
-0.728197  0.485237   -0.260786  0.0121174 
-0.761888  0.54877    -0.400669  0.00789809
-0.826043  0.603204   -0.434614  0.016151  
-0.826043  0.603204   -0.434614  0.0150088 
-0.885979  0.695315   -0.42586   0.0413898 
-0.885979  0.695315   -0.42586   0.0120812 
-0.885979  0.695315   -0.42586   0.0216258 
-0.885979  0.695315   -0.42586   0.0180966 
-0.885979  0.695315   -0.42586   0.0308638 
-0.975037  0.684621   -0.187222  0.0300882 
-1.05786   0.71921    -0.111395  0.0287544 
-0.980906  0.727519   -0.15725   0.0333103 
-0.980906  0.727519   -0.15725   0.03102   
-0.9092    0.723778   -0.262163  0.0250047 
-0.9092    0.723778   -0.262163  0.0125634 
-0.888368  0.677979   -0.389392  0.0232865 
-0.823498  0.750949   -0.341942  0.0316935 
-0.823498  0.750949   -0.341942  0.00876574
-0.769675  0.658007   -0.430481  0.0201959 
-0.769675  0.658007   -0.430481  0.00683079
-0.775126  0.607179   -0.431514  0.00989527
-0.833503  0.564716   -0.433322  0.0119909 
-0.771913  0.543216   -0.376344  0.0226308 
-0.771913  0.543216   -0.376344  0.00773602
-0.671925  0.636054   -0.386322  0.00909523
-0.727821  0.566824   -0.411923  0.0192277 
-0.727821  0.566824   -0.411923  0.0134187 
-0.727821  0.566824   -0.411923  0.00683686
-0.800551  0.603364   -0.451038  0.011962  
-0.85526   0.674073   -0.405708  0.0170221 
-0.790773  0.728702   -0.37708   0.0111193 
-0.848035  0.646248   -0.422035  0.00942905
-0.852751  0.650232   -0.438344  0.00825239
-0.814335  0.634636   -0.438642  0.0101953 
-0.743252  0.554345   -0.397063  0.0115507 
-0.740538  0.545584   -0.392891  0.0156601 
-0.740538  0.545584   -0.392891  0.00925299
-0.784945  0.568957   -0.436524  0.00993137
-0.868239  0.629119   -0.412765  0.0162858 
-0.868239  0.629119   -0.412765  0.0126115 
-0.890926  0.629084   -0.396421  0.0088839 
-0.849366  0.645483   -0.434041  0.00998244
-0.849366  0.645483   -0.434041  0.00727118
-0.750558  0.674648   -0.421952  0.00794959
-0.813547  0.629502   -0.440258  0.0102449 
-0.879317  0.611144   -0.414368  0.0106924 
-0.850345  0.558238   -0.415897  0.026153  
-0.850345  0.558238   -0.415897  0.00700599
-0.829194  0.631369   -0.45312   0.0116966 
-0.859598  0.551368   -0.396709  0.00714088
-0.856124  0.607317   -0.441168  0.00968845
-0.812553  0.564909   -0.413573  0.00709593
-0.837795  0.640332   -0.454646  0.00736247
-0.837795  0.640332   -0.454646  0.00974676
-0.837795  0.640332   -0.454646  0.00781938
-0.837795  0.640332   -0.454646  0.00995423
-0.837795  0.640332   -0.454646  0.0269018 
-0.837795  0.640332   -0.454646  0.0108778 
-0.837795  0.640332   -0.454646  0.00859512
-0.837795  0.640332   -0.454646  0.019527  
-0.837795  0.640332   -0.454646  0.00608619
-0.776339  0.615687   -0.442426  0.00626931
-0.780258  0.620565   -0.453439  0.00953085
-0.680274  0.711216   -0.397102  0.00711438
-0.758444  0.625439   -0.430278  0.0142801 
-0.758444  0.625439   -0.430278  0.0152808 
-0.758444  0.625439   -0.430278  0.00911829
-0.758444  0.625439   -0.430278  0.0138161 
-0.758444  0.625439   -0.430278  0.00593746
-0.778019  0.649209   -0.446245  0.0125473 
-0.778019  0.649209   -0.446245  0.0244225 
-0.778019  0.649209   -0.446245  0.00799514
-0.778019  0.649209   -0.446245  0.00654931
-0.751572  0.599896   -0.436031  0.0064906 
-0.751572  0.599896   -0.436031  0.00598432
-0.751572  0.599896   -0.436031  0.0130923 
-0.836197  0.659746   -0.422873  0.0142348 
-0.836197  0.659746   -0.422873  0.0188473 
-0.852361  0.710079   -0.384713  0.00593474
-0.787335  0.620102   -0.458483  0.00682382
-0.787335  0.620102   -0.458483  0.0117251 
-0.787335  0.620102   -0.458483  0.0100267 
-0.781813  0.66332    -0.420877  0.00808438
-0.781813  0.66332    -0.420877  0.00687983
-0.708896  0.645486   -0.421869  0.0111756 
-0.620792  0.560993   -0.318545  0.0141787 
-0.660761  0.526361   -0.338059  0.00997949
-0.660442  0.560923   -0.33931   0.00620576
-0.72904   0.630478   -0.430027  0.00899217
-0.72904   0.630478   -0.430027  0.00892931
-0.70986   0.666773   -0.402686  0.0143079 
-0.70986   0.666773   -0.402686  0.00886651
-0.773321  0.693999   -0.437194  0.0186108 
