#MU        SIGMA      ENERGY     ERROR     
-0.81133   0.675163   -0.432391  0.0075711 
-0.800133  0.589728   -0.445996  0.0122274 
-0.800133  0.589728   -0.445996  0.00847143
-0.725956  0.578381   -0.412831  0.011179  
-0.737801  0.658453   -0.402629  0.0135967 
-0.737801  0.658453   -0.402629  0.0104031 
-0.733818  0.558601   -0.406476  0.0222409 
-0.733818  0.558601   -0.406476  0.0192114 
-0.733818  0.558601   -0.406476  0.0080918 
-0.660544  0.647343   -0.388423  0.0105408 
-0.717853  0.556144   -0.396728  0.00886187
-0.675133  0.581043   -0.366799  0.0075794 
-0.667703  0.603963   -0.368948  0.0079981 
-0.727104  0.593703   -0.422767  0.00706942
-0.727104  0.593703   -0.422767  0.0118818 
-0.727104  0.593703   -0.422767  0.0077878 
-0.741287  0.681503   -0.426265  0.00697304
-0.817273  0.590198   -0.428673  0.0171789 
-0.817273  0.590198   -0.428673  0.0114003 
-0.862666  0.662781   -0.428247  0.0175126 
-0.862666  0.662781   -0.428247  0.00922986
-0.865057  0.572428   -0.430973  0.00846231
-0.849821  0.60087    -0.4316    0.0170201 
-0.849821  0.60087    -0.4316    0.0160497 
-0.849821  0.60087    -0.4316    0.0206987 
-0.849821  0.60087    -0.4316    0.00891266
-0.752609  0.662333   -0.425135  0.0173901 
-0.752609  0.662333   -0.425135  0.0111566 
-0.752609  0.662333   -0.425135  0.00886011
-0.790372  0.57793    -0.442264  0.00854502
-0.790372  0.57793    -0.442264  0.0128056 
-0.790372  0.57793    -0.442264  0.0088975 
-0.790372  0.57793    -0.442264  0.0107109 
-0.790372  0.57793    -0.442264  0.018868  
-0.790372  0.57793    -0.442264  0.00812643
-0.759238  0.674894   -0.413513  0.0126828 
-0.759238  0.674894   -0.413513  0.0264425 
-0.759238  0.674894   -0.413513  0.00891202
-0.813116  0.645859   -0.437975  0.0192659 
-0.813116  0.645859   -0.437975  0.0213952 
-0.813116  0.645859   -0.437975  0.0107623 
-0.813116  0.645859   -0.437975  0.0170108 
-0.813116  0.645859   -0.437975  0.00657035
-0.78732   0.650485   -0.451394  0.013603  
-0.78732   0.650485   -0.451394  0.0313501 
-0.78732   0.650485   -0.451394  0.0174635 
-0.78732   0.650485   -0.451394  0.0159133 
-0.78732   0.650485   -0.451394  0.00782563
-0.78732   0.650485   -0.451394  0.00870621
-0.832917  0.618987   -0.450011  0.0139617 
-0.832917  0.618987   -0.450011  0.00707172
-0.832917  0.618987   -0.450011  0.0132557 
-0.832917  0.618987   -0.450011  0.00934134
-0.832917  0.618987   -0.450011  0.0137129 
-0.832917  0.618987   -0.450011  0.0116125 
-0.832917  0.618987   -0.450011  0.00731566
-0.756218  0.619756   -0.445973  0.0136961 
-0.756218  0.619756   -0.445973  0.00758238
-0.756218  0.619756   -0.445973  0.0124059 
-0.756218  0.619756   -0.445973  0.012257  
-0.756218  0.619756   -0.445973  0.0131393 
-0.756218  0.619756   -0.445973  0.0131315 
-0.756218  0.619756   -0.445973  0.00738931
-0.756218  0.619756   -0.445973  0.00861369
-0.756218  0.619756   -0.445973  0.00876829
-0.840925  0.650249   -0.440025  0.0110455 
-0.840925  0.650249   -0.440025  0.00952999
-0.840925  0.650249   -0.440025  0.00600971
-0.769235  0.616659   -0.44056   0.0139338 
-0.769235  0.616659   -0.44056   0.0074528 
-0.769235  0.616659   -0.44056   0.00953915
-0.769235  0.616659   -0.44056   0.00633063
-0.769235  0.616659   -0.44056   0.00934524
-0.822703  0.641963   -0.444728  0.00976583
-0.849865  0.608697   -0.438662  0.0102365 
-0.849865  0.608697   -0.438662  0.00598821
-0.812342  0.626476   -0.453812  0.013412  
-0.812342  0.626476   -0.453812  0.0103567 
-0.812342  0.626476   -0.453812  0.0104485 
-0.812342  0.626476   -0.453812  0.00824176
-0.812342  0.626476   -0.453812  0.0117227 
-0.812342  0.626476   -0.453812  0.0139672 
-0.812342  0.626476   -0.453812  0.00588226
-0.798741  0.629929   -0.450577  0.0123074 
-0.798741  0.629929   -0.450577  0.0104757 
-0.829669  0.6281     -0.419269  0.00830143
-0.741023  0.646961   -0.416979  0.00894845
-0.73414   0.646349   -0.424685  0.00707479
-0.813515  0.644826   -0.451785  0.0169833 
-0.813515  0.644826   -0.451785  0.0155807 
-0.813515  0.644826   -0.451785  0.00989175
-0.813515  0.644826   -0.451785  0.0110987 
-0.813515  0.644826   -0.451785  0.0190363 
-0.813515  0.644826   -0.451785  0.00896751
-0.813515  0.644826   -0.451785  0.0172751 
-0.813515  0.644826   -0.451785  0.0275114 
-0.813515  0.644826   -0.451785  0.024378  
-0.813515  0.644826   -0.451785  0.00684189
-0.813515  0.644826   -0.451785  0.00964273
-0.813515  0.644826   -0.451785  0.0135868 
-0.813515  0.644826   -0.451785  0.0160638 
-0.813515  0.644826   -0.451785  0.0114041 
-0.813515  0.644826   -0.451785  0.00874737
-0.813515  0.644826   -0.451785  0.0108722 
-0.813515  0.644826   -0.451785  0.00830527
-0.813515  0.644826   -0.451785  0.0118344 
-0.813515  0.644826   -0.451785  0.00684761
-0.773912  0.63404    -0.445426  0.0136614 
-0.773912  0.63404    -0.445426  0.0109452 
-0.773912  0.63404    -0.445426  0.00639223
-0.790954  0.612906   -0.444846  0.0116071 
-0.790954  0.612906   -0.444846  0.0118544 
-0.790954  0.612906   -0.444846  0.0089054 
-0.790954  0.612906   -0.444846  0.00733068
-0.826629  0.61272    -0.449441  0.00702925
-0.826629  0.61272    -0.449441  0.0144705 
-0.826629  0.61272    -0.449441  0.0144766 
-0.826629  0.61272    -0.449441  0.0105104 
-0.807548  0.559779   -0.442357  0.0271188 
-0.807548  0.559779   -0.442357  0.0245161 
-0.807548  0.559779   -0.442357  0.0263242 
-0.807548  0.559779   -0.442357  0.0136034 
-0.807548  0.559779   -0.442357  0.00637479
-0.763873  0.6307     -0.440115  0.00723846
-0.791355  0.601651   -0.445721  0.0092364 
-0.791355  0.601651   -0.445721  0.0163902 
-0.791355  0.601651   -0.445721  0.00616801
-0.759907  0.618126   -0.453031  0.00981162
-0.728423  0.704534   -0.422905  0.0111678 
-0.728423  0.704534   -0.422905  0.00843793
-0.767372  0.672572   -0.436171  0.0142249 
-0.767372  0.672572   -0.436171  0.00887457
-0.814354  0.608343   -0.436137  0.013936  
-0.814354  0.608343   -0.436137  0.0159078 
-0.814354  0.608343   -0.436137  0.00783295
-0.806958  0.636073   -0.43659   0.00995309
-0.712391  0.559816   -0.403016  0.0101074 
-0.712391  0.559816   -0.403016  0.00860048
-0.712391  0.559816   -0.403016  0.00732477
-0.727137  0.589264   -0.417193  0.00900487
-0.727137  0.589264   -0.417193  0.0100546 
-0.77288   0.563036   -0.421171  0.0245027 
-0.77288   0.563036   -0.421171  0.0162433 
-0.77288   0.563036   -0.421171  0.022119  
-0.77288   0.563036   -0.421171  0.00807463
-0.833869  0.592917   -0.426571  0.0146769 
-0.833869  0.592917   -0.426571  0.0130779 
-0.833869  0.592917   -0.426571  0.010821  
-0.887006  0.624566   -0.409184  0.0155214 
-0.887006  0.624566   -0.409184  0.0103768 
-0.833991  0.632723   -0.426469  0.0101086 
-0.833991  0.632723   -0.426469  0.00972692
-0.808168  0.572934   -0.427681  0.0129235 
-0.719427  0.537599   -0.384305  0.00570725
-0.737323  0.626325   -0.429068  0.00736126
-0.737323  0.626325   -0.429068  0.00899171
-0.737323  0.626325   -0.429068  0.00924483
-0.737323  0.626325   -0.429068  0.00940207
-0.735799  0.569262   -0.424655  0.0114011 
-0.735799  0.569262   -0.424655  0.0131965 
-0.735799  0.569262   -0.424655  0.00906649
-0.735799  0.569262   -0.424655  0.00820491
-0.735799  0.569262   -0.424655  0.010093  
-0.735799  0.569262   -0.424655  0.0101083 
-0.735799  0.569262   -0.424655  0.00686449
-0.735799  0.569262   -0.424655  0.0169249 
-0.735799  0.569262   -0.424655  0.0249672 
-0.735799  0.569262   -0.424655  0.00811848
-0.735799  0.569262   -0.424655  0.00685316
-0.738872  0.601374   -0.44443   0.00722751
-0.750098  0.634916   -0.448142  0.0114835 
-0.750098  0.634916   -0.448142  0.00959285
-0.750098  0.634916   -0.448142  0.0128907 
-0.750098  0.634916   -0.448142  0.00761626
-0.822513  0.606046   -0.44508   0.0176453 
-0.822513  0.606046   -0.44508   0.0171795 
-0.822513  0.606046   -0.44508   0.0141713 
-0.822513  0.606046   -0.44508   0.00765995
-0.822513  0.606046   -0.44508   0.0146043 
-0.822513  0.606046   -0.44508   0.0153323 
-0.822513  0.606046   -0.44508   0.0130649 
-0.822513  0.606046   -0.44508   0.0148913 
-0.822513  0.606046   -0.44508   0.00993338
-0.835393  0.601151   -0.433271  0.0122276 
-0.835393  0.601151   -0.433271  0.00629609
-0.771331  0.613189   -0.444765  0.0068548 
-0.771331  0.613189   -0.444765  0.0125032 
-0.771331  0.613189   -0.444765  0.0106661 
-0.771331  0.613189   -0.444765  0.0163832 
-0.771331  0.613189   -0.444765  0.00806808
-0.84817   0.640393   -0.446966  0.00908394
-0.84817   0.640393   -0.446966  0.0128066 
-0.84817   0.640393   -0.446966  0.00830027
-0.84817   0.640393   -0.446966  0.00873161
-0.844869  0.576887   -0.444449  0.00744291
-0.844869  0.576887   -0.444449  0.00774812
-0.780569  0.582504   -0.436476  0.00719803
-0.780569  0.582504   -0.436476  0.0105031 
-0.780569  0.582504   -0.436476  0.00786428
-0.780569  0.582504   -0.436476  0.0203613 
-0.780569  0.582504   -0.436476  0.0187442 
-0.780569  0.582504   -0.436476  0.012842  
-0.780569  0.582504   -0.436476  0.00851108
-0.780569  0.582504   -0.436476  0.0145939 
-0.780569  0.582504   -0.436476  0.00763024
-0.783993  0.586842   -0.439162  0.0137658 
-0.783993  0.586842   -0.439162  0.0096911 
-0.783993  0.586842   -0.439162  0.00854914
-0.783993  0.586842   -0.439162  0.0141104 
-0.783993  0.586842   -0.439162  0.0125955 
-0.783993  0.586842   -0.439162  0.0166976 
-0.783993  0.586842   -0.439162  0.01925   
-0.783993  0.586842   -0.439162  0.0103783 
-0.833013  0.605241   -0.433846  0.0141321 
-0.833013  0.605241   -0.433846  0.0154462 
-0.833013  0.605241   -0.433846  0.0110303 
-0.833013  0.605241   -0.433846  0.0153572 
-0.833013  0.605241   -0.433846  0.0120291 
-0.833013  0.605241   -0.433846  0.0129999 
-0.774146  0.661354   -0.42046   0.0121065 
-0.836551  0.670862   -0.421786  0.0153402 
-0.836551  0.670862   -0.421786  0.0183521 
-0.744851  0.760923   -0.372659  0.0153558 
-0.744851  0.760923   -0.372659  0.0209021 
-0.744851  0.760923   -0.372659  0.0190661 
-0.744851  0.760923   -0.372659  0.00825666
-0.755584  0.67043    -0.436037  0.00630705
-0.775664  0.626544   -0.450814  0.0112876 
-0.790758  0.609908   -0.421179  0.0164831 
-0.790758  0.609908   -0.421179  0.0137346 
-0.790758  0.609908   -0.421179  0.0109536 
-0.775299  0.685176   -0.400307  0.00587643
-0.74879   0.617037   -0.438099  0.00850321
-0.8335    0.640721   -0.447802  0.00931566
-0.8335    0.640721   -0.447802  0.0115135 
-0.8335    0.640721   -0.447802  0.0122627 
-0.8335    0.640721   -0.447802  0.0167397 
-0.8335    0.640721   -0.447802  0.00804948
-0.77742   0.683931   -0.430976  0.00949268
-0.852763  0.629514   -0.426084  0.0119608 
-0.852763  0.629514   -0.426084  0.0181182 
-0.852763  0.629514   -0.426084  0.0127666 
-0.852763  0.629514   -0.426084  0.0237704 
-0.852763  0.629514   -0.426084  0.00876638
-0.829989  0.573088   -0.430152  0.0197582 
-0.829989  0.573088   -0.430152  0.00828657
-0.855567  0.637267   -0.435072  0.0130853 
-0.855567  0.637267   -0.435072  0.0156529 
-0.855567  0.637267   -0.435072  0.0133862 
-0.855567  0.637267   -0.435072  0.0083352 
-0.764722  0.575501   -0.428364  0.00659047
-0.855178  0.61095    -0.447068  0.00865887
-0.855178  0.61095    -0.447068  0.0132106 
-0.855178  0.61095    -0.447068  0.00898165
-0.855178  0.61095    -0.447068  0.0188218 
-0.855178  0.61095    -0.447068  0.0154962 
-0.855178  0.61095    -0.447068  0.0183724 
-0.855178  0.61095    -0.447068  0.00903031
-0.855178  0.61095    -0.447068  0.0086929 
-0.869281  0.586535   -0.441564  0.0126835 
-0.869281  0.586535   -0.441564  0.0149873 
-0.869281  0.586535   -0.441564  0.0102452 
-0.869281  0.586535   -0.441564  0.00953209
-0.869281  0.586535   -0.441564  0.0126341 
-0.869281  0.586535   -0.441564  0.0147149 
-0.869281  0.586535   -0.441564  0.0101618 
-0.869281  0.586535   -0.441564  0.0122921 
-0.869281  0.586535   -0.441564  0.00895599
-0.774944  0.602862   -0.448155  0.0118304 
-0.774944  0.602862   -0.448155  0.0187906 
-0.774944  0.602862   -0.448155  0.00998081
-0.774944  0.602862   -0.448155  0.00761439
-0.801458  0.590618   -0.447846  0.00731221
-0.777706  0.627242   -0.441204  0.00966528
-0.777706  0.627242   -0.441204  0.00701162
-0.753563  0.593574   -0.439159  0.0151305 
-0.753563  0.593574   -0.439159  0.0173504 
-0.753563  0.593574   -0.439159  0.0130306 
-0.753563  0.593574   -0.439159  0.0076355 
-0.753563  0.593574   -0.439159  0.0167925 
-0.753563  0.593574   -0.439159  0.014765  
-0.753563  0.593574   -0.439159  0.0158268 
-0.753563  0.593574   -0.439159  0.0142698 
-0.753563  0.593574   -0.439159  0.00944646
-0.753563  0.593574   -0.439159  0.0187739 
-0.753563  0.593574   -0.439159  0.0153202 
-0.753563  0.593574   -0.439159  0.0126405 
-0.753563  0.593574   -0.439159  0.0101799 
-0.753563  0.593574   -0.439159  0.00918223
-0.753563  0.593574   -0.439159  0.00792028
-0.753563  0.593574   -0.439159  0.0183718 
-0.753563  0.593574   -0.439159  0.00841692
-0.753563  0.593574   -0.439159  0.0144181 
-0.845498  0.644581   -0.42525   0.0208745 
-0.845498  0.644581   -0.42525   0.013395  
-0.845498  0.644581   -0.42525   0.0273319 
-0.845498  0.644581   -0.42525   0.0104844 
-0.771746  0.556293   -0.406551  0.00744506
-0.713773  0.592279   -0.415848  0.00629047
-0.7396    0.655444   -0.41706   0.013894  
-0.7396    0.655444   -0.41706   0.0132922 
-0.7396    0.655444   -0.41706   0.00838224
-0.833434  0.587651   -0.441285  0.0159921 
-0.833434  0.587651   -0.441285  0.00601041
-0.74243   0.639456   -0.441945  0.0077216 
-0.74243   0.639456   -0.441945  0.0080152 
-0.705414  0.611962   -0.423307  0.00817996
-0.705414  0.611962   -0.423307  0.00868988
-0.705414  0.611962   -0.423307  0.010966  
-0.705414  0.611962   -0.423307  0.00899161
-0.705414  0.611962   -0.423307  0.0152451 
-0.705414  0.611962   -0.423307  0.016005  
-0.705414  0.611962   -0.423307  0.0102926 
-0.705414  0.611962   -0.423307  0.0137806 
-0.705414  0.611962   -0.423307  0.0111532 
-0.705414  0.611962   -0.423307  0.00868489
-0.705414  0.611962   -0.423307  0.0115367 
-0.705414  0.611962   -0.423307  0.00738898
-0.713331  0.653926   -0.420181  0.00802101
-0.713331  0.653926   -0.420181  0.00677468
-0.755262  0.620981   -0.443753  0.00908679
-0.755262  0.620981   -0.443753  0.0065001 
-0.802911  0.625394   -0.453414  0.0102961 
-0.802911  0.625394   -0.453414  0.0117878 
-0.802911  0.625394   -0.453414  0.00704519
-0.82975   0.605392   -0.443454  0.0178814 
-0.82975   0.605392   -0.443454  0.0087606 
-0.840669  0.632534   -0.43725   0.01189   
-0.840669  0.632534   -0.43725   0.0114978 
-0.801445  0.648409   -0.440782  0.00938105
-0.828068  0.568463   -0.427989  0.00878327
-0.770698  0.570653   -0.426324  0.0116796 
-0.85108   0.645949   -0.420126  0.0243515 
-0.85108   0.645949   -0.420126  0.00613266
-0.773191  0.618724   -0.440206  0.00738629
-0.773191  0.618724   -0.440206  0.00675444
-0.812284  0.659783   -0.441865  0.00764864
-0.804681  0.585239   -0.441032  0.00889563
-0.804681  0.585239   -0.441032  0.0155598 
-0.804681  0.585239   -0.441032  0.00851749
-0.82555   0.584233   -0.422138  0.0118023 
-0.82555   0.584233   -0.422138  0.00747679
-0.831025  0.614131   -0.441911  0.0201495 
-0.831025  0.614131   -0.441911  0.0105256 
-0.831025  0.614131   -0.441911  0.0105554 
-0.831025  0.614131   -0.441911  0.0264748 
-0.831025  0.614131   -0.441911  0.00637532
-0.819191  0.624874   -0.456874  0.00831269
-0.819191  0.624874   -0.456874  0.00996223
-0.756395  0.658371   -0.426614  0.0100728 
-0.841828  0.627991   -0.43705   0.022836  
-0.841828  0.627991   -0.43705   0.0162206 
-0.841828  0.627991   -0.43705   0.0118349 
-0.841828  0.627991   -0.43705   0.00909622
-0.875548  0.596053   -0.411778  0.018612  
-0.875548  0.596053   -0.411778  0.0188156 
-0.875548  0.596053   -0.411778  0.0103567 
-0.833599  0.559349   -0.407927  0.00945162
-0.846773  0.636043   -0.427563  0.012044  
-0.846773  0.636043   -0.427563  0.0189321 
-0.846773  0.636043   -0.427563  0.0209746 
-0.846773  0.636043   -0.427563  0.0267642 
-0.846773  0.636043   -0.427563  0.00816302
-0.813681  0.64143    -0.446724  0.0066987 
-0.739661  0.654931   -0.44458   0.012343  
-0.739661  0.654931   -0.44458   0.00922955
-0.752302  0.563627   -0.413464  0.00727662
-0.697531  0.602181   -0.4091    0.00744063
-0.718262  0.592602   -0.422431  0.00855721
-0.817338  0.652888   -0.446106  0.0261859 
-0.817338  0.652888   -0.446106  0.0107751 
-0.817338  0.652888   -0.446106  0.00759961
-0.817338  0.652888   -0.446106  0.0101788 
-0.817338  0.652888   -0.446106  0.0099069 
-0.788927  0.562206   -0.417145  0.00653096
-0.822929  0.607177   -0.44258   0.0174488 
-0.822929  0.607177   -0.44258   0.011767  
-0.822929  0.607177   -0.44258   0.00985512
-0.822929  0.607177   -0.44258   0.00679947
-0.784049  0.623766   -0.440876  0.00812482
-0.81009   0.576698   -0.43057   0.00828003
-0.759982  0.644416   -0.429032  0.0144873 
-0.769705  0.655976   -0.428348  0.0180021 
-0.769705  0.655976   -0.428348  0.00779618
-0.769705  0.655976   -0.428348  0.0101542 
-0.819794  0.588694   -0.422899  0.0133686 
-0.819794  0.588694   -0.422899  0.0107948 
-0.811668  0.678931   -0.422946  0.0231586 
-0.811668  0.678931   -0.422946  0.0205079 
-0.811668  0.678931   -0.422946  0.0202216 
-0.811668  0.678931   -0.422946  0.00856159
-0.811668  0.678931   -0.422946  0.00725367
-0.801561  0.629261   -0.442007  0.0185236 
-0.801561  0.629261   -0.442007  0.00957553
-0.863343  0.599105   -0.437225  0.00972282
-0.863343  0.599105   -0.437225  0.00967323
-0.850862  0.635428   -0.429395  0.0223375 
-0.850862  0.635428   -0.429395  0.00990293
-0.845496  0.651565   -0.420544  0.00938867
-0.822023  0.647333   -0.445932  0.0257834 
-0.822023  0.647333   -0.445932  0.00760641
-0.822023  0.647333   -0.445932  0.00743471
-0.822023  0.647333   -0.445932  0.0231231 
-0.822023  0.647333   -0.445932  0.0123769 
-0.822023  0.647333   -0.445932  0.0257682 
-0.822023  0.647333   -0.445932  0.0135004 
-0.822023  0.647333   -0.445932  0.0289644 
-0.822023  0.647333   -0.445932  0.00719327
-0.822023  0.647333   -0.445932  0.00611625
-0.822023  0.647333   -0.445932  0.010814  
-0.822023  0.647333   -0.445932  0.00916126
-0.822023  0.647333   -0.445932  0.00813087
-0.822023  0.647333   -0.445932  0.0142939 
-0.822023  0.647333   -0.445932  0.0188173 
-0.822023  0.647333   -0.445932  0.0200289 
-0.822023  0.647333   -0.445932  0.00968621
-0.822023  0.647333   -0.445932  0.00584911
-0.801535  0.620986   -0.44849   0.0139165 
-0.801535  0.620986   -0.44849   0.0174103 
-0.801535  0.620986   -0.44849   0.0113847 
-0.801535  0.620986   -0.44849   0.0100473 
-0.757524  0.557139   -0.402126  0.0226613 
-0.757524  0.557139   -0.402126  0.00584021
-0.745822  0.620975   -0.437705  0.00898988
-0.745822  0.620975   -0.437705  0.0121959 
-0.745822  0.620975   -0.437705  0.0065126 
-0.733118  0.611248   -0.430976  0.0106324 
-0.733118  0.611248   -0.430976  0.00987467
-0.733118  0.611248   -0.430976  0.0093706 
-0.733118  0.611248   -0.430976  0.00767807
-0.796292  0.6618     -0.440292  0.0151195 
-0.796292  0.6618     -0.440292  0.0114252 
-0.796292  0.6618     -0.440292  0.00642454
-0.761305  0.610241   -0.446463  0.01141   
-0.761305  0.610241   -0.446463  0.0104943 
-0.85154   0.629959   -0.435675  0.012138  
-0.85154   0.629959   -0.435675  0.00757903
-0.85154   0.629959   -0.435675  0.00758321
-0.85154   0.629959   -0.435675  0.0106769 
-0.85154   0.629959   -0.435675  0.0262744 
-0.85154   0.629959   -0.435675  0.0105709 
-0.85154   0.629959   -0.435675  0.00665938
-0.8285    0.62173    -0.44706   0.0241153 
-0.8285    0.62173    -0.44706   0.00661682
-0.8285    0.62173    -0.44706   0.0129501 
-0.8285    0.62173    -0.44706   0.0121843 
-0.8285    0.62173    -0.44706   0.015728  
-0.8285    0.62173    -0.44706   0.0064118 
-0.738185  0.603147   -0.425745  0.0138732 
-0.738185  0.603147   -0.425745  0.00695682
-0.738185  0.603147   -0.425745  0.00983776
-0.824971  0.640458   -0.437723  0.0124628 
-0.824971  0.640458   -0.437723  0.0199289 
-0.824971  0.640458   -0.437723  0.0073498 
-0.824971  0.640458   -0.437723  0.00920709
-0.824971  0.640458   -0.437723  0.010575  
-0.824971  0.640458   -0.437723  0.00748531
-0.824971  0.640458   -0.437723  0.00779753
-0.773066  0.586781   -0.424947  0.012425  
-0.773066  0.586781   -0.424947  0.0192502 
-0.773066  0.586781   -0.424947  0.00779837
-0.773066  0.586781   -0.424947  0.0088034 
-0.712257  0.659989   -0.409504  0.0133874 
-0.712257  0.659989   -0.409504  0.0212333 
-0.712257  0.659989   -0.409504  0.00611171
-0.727041  0.638411   -0.419021  0.0115607 
-0.824749  0.694767   -0.431627  0.0112457 
-0.824749  0.694767   -0.431627  0.0136013 
-0.824749  0.694767   -0.431627  0.00613447
-0.827017  0.6129     -0.460556  0.0177713 
-0.827017  0.6129     -0.460556  0.00854598
-0.827017  0.6129     -0.460556  0.0114334 
-0.827017  0.6129     -0.460556  0.0163049 
-0.827017  0.6129     -0.460556  0.00995042
-0.827017  0.6129     -0.460556  0.00665999
-0.827017  0.6129     -0.460556  0.00918096
-0.827017  0.6129     -0.460556  0.0102532 
-0.827017  0.6129     -0.460556  0.00929677
-0.833061  0.616604   -0.443392  0.00930877
-0.833061  0.616604   -0.443392  0.0299738 
-0.833061  0.616604   -0.443392  0.00793996
-0.79446   0.582062   -0.433674  0.0076017 
-0.778811  0.646698   -0.43864   0.00939305
-0.829856  0.623886   -0.444037  0.00756783
-0.829856  0.623886   -0.444037  0.00659128
-0.826057  0.620265   -0.458048  0.0131296 
-0.826057  0.620265   -0.458048  0.0109407 
-0.826057  0.620265   -0.458048  0.0113652 
-0.826057  0.620265   -0.458048  0.0124158 
-0.826057  0.620265   -0.458048  0.00859498
-0.826057  0.620265   -0.458048  0.0137659 
-0.826057  0.620265   -0.458048  0.00778721
-0.826057  0.620265   -0.458048  0.00670548
-0.785457  0.597578   -0.452598  0.00617296
-0.785457  0.597578   -0.452598  0.00759688
-0.785457  0.597578   -0.452598  0.0068928 
-0.785457  0.597578   -0.452598  0.0143574 
-0.785457  0.597578   -0.452598  0.0138054 
-0.785457  0.597578   -0.452598  0.00847051
-0.785457  0.597578   -0.452598  0.00727856
-0.785457  0.597578   -0.452598  0.0135497 
-0.785457  0.597578   -0.452598  0.00599489
-0.785457  0.597578   -0.452598  0.0101657 
-0.785457  0.597578   -0.452598  0.00760724
-0.785457  0.597578   -0.452598  0.00858804
-0.812488  0.638777   -0.446294  0.0177838 
-0.812488  0.638777   -0.446294  0.0139954 
-0.812488  0.638777   -0.446294  0.0113231 
-0.812488  0.638777   -0.446294  0.0119563 
-0.812488  0.638777   -0.446294  0.00949871
-0.812488  0.638777   -0.446294  0.0105775 
-0.812488  0.638777   -0.446294  0.0267599 
-0.812488  0.638777   -0.446294  0.0120756 
-0.812488  0.638777   -0.446294  0.0101929 
-0.812488  0.638777   -0.446294  0.0122673 
-0.812488  0.638777   -0.446294  0.00767627
-0.730652  0.585821   -0.426255  0.00702558
-0.736503  0.607752   -0.431252  0.0102628 
-0.796484  0.686656   -0.434144  0.014511  
-0.796484  0.686656   -0.434144  0.0139597 
-0.796484  0.686656   -0.434144  0.0108033 
-0.796484  0.686656   -0.434144  0.00660599
-0.77412   0.621254   -0.442897  0.0100764 
-0.77412   0.621254   -0.442897  0.0193557 
-0.77412   0.621254   -0.442897  0.0112222 
-0.77412   0.621254   -0.442897  0.00693836
-0.77412   0.621254   -0.442897  0.0103007 
-0.846119  0.65308    -0.437285  0.00650972
-0.779431  0.626942   -0.445289  0.0142818 
-0.779431  0.626942   -0.445289  0.00874963
-0.779431  0.626942   -0.445289  0.0118554 
-0.779431  0.626942   -0.445289  0.00958243
-0.779431  0.626942   -0.445289  0.0165397 
-0.779431  0.626942   -0.445289  0.00965305
-0.779431  0.626942   -0.445289  0.0105442 
-0.779431  0.626942   -0.445289  0.0098839 
-0.779431  0.626942   -0.445289  0.00772276
-0.779431  0.626942   -0.445289  0.0201933 
-0.779431  0.626942   -0.445289  0.0121044 
-0.779431  0.626942   -0.445289  0.00936055
-0.779431  0.626942   -0.445289  0.0124493 
-0.779431  0.626942   -0.445289  0.0085719 
-0.779431  0.626942   -0.445289  0.0106586 
-0.779431  0.626942   -0.445289  0.0141093 
-0.779431  0.626942   -0.445289  0.0172547 
-0.779431  0.626942   -0.445289  0.00957253
-0.779431  0.626942   -0.445289  0.00639962
-0.823436  0.604901   -0.440952  0.00847742
-0.823436  0.604901   -0.440952  0.0154531 
-0.823436  0.604901   -0.440952  0.0121264 
-0.823436  0.604901   -0.440952  0.0132518 
-0.823436  0.604901   -0.440952  0.0157801 
-0.823436  0.604901   -0.440952  0.00736827
-0.786312  0.643277   -0.446726  0.00675948
-0.786312  0.643277   -0.446726  0.0213286 
-0.786312  0.643277   -0.446726  0.00839853
-0.787311  0.579153   -0.451594  0.00721545
-0.787311  0.579153   -0.451594  0.0164847 
-0.787311  0.579153   -0.451594  0.00660832
-0.796968  0.643819   -0.461233  0.0144565 
-0.796968  0.643819   -0.461233  0.0131609 
-0.796968  0.643819   -0.461233  0.00600842
-0.796968  0.643819   -0.461233  0.00976958
-0.796968  0.643819   -0.461233  0.0116754 
-0.796968  0.643819   -0.461233  0.0116784 
-0.796968  0.643819   -0.461233  0.00633032
-0.796968  0.643819   -0.461233  0.00636656
-0.796968  0.643819   -0.461233  0.00883883
-0.796968  0.643819   -0.461233  0.014792  
-0.796968  0.643819   -0.461233  0.0299098 
-0.796968  0.643819   -0.461233  0.00986843
-0.796968  0.643819   -0.461233  0.0141133 
-0.796968  0.643819   -0.461233  0.00604903
-0.749932  0.617745   -0.437224  0.0122548 
-0.749932  0.617745   -0.437224  0.00735129
-0.742785  0.609046   -0.424892  0.0143633 
-0.742785  0.609046   -0.424892  0.00607279
-0.792847  0.624475   -0.451675  0.00867101
-0.792847  0.624475   -0.451675  0.00720128
-0.792847  0.624475   -0.451675  0.0100039 
-0.792847  0.624475   -0.451675  0.0120327 
-0.792847  0.624475   -0.451675  0.00737216
-0.825199  0.626275   -0.449374  0.0120201 
-0.825199  0.626275   -0.449374  0.00617132
-0.764682  0.615742   -0.447888  0.00594156
-0.764878  0.628782   -0.445979  0.00810076
-0.764878  0.628782   -0.445979  0.011447  
-0.850232  0.650911   -0.411946  0.0153278 
-0.898451  0.671401   -0.372538  0.0161926 
-0.898451  0.671401   -0.372538  0.00584268
-0.804512  0.613265   -0.450549  0.015979  
-0.804512  0.613265   -0.450549  0.00788264
-0.804512  0.613265   -0.450549  0.00748276
-0.804512  0.613265   -0.450549  0.0116465 
-0.804512  0.613265   -0.450549  0.0063241 
-0.763068  0.635748   -0.430172  0.0101926 
-0.763068  0.635748   -0.430172  0.00786083
-0.785773  0.629475   -0.4326    0.00738883
-0.785773  0.629475   -0.4326    0.00819457
-0.785773  0.629475   -0.4326    0.011011  
-0.785773  0.629475   -0.4326    0.00977106
-0.785773  0.629475   -0.4326    0.0156896 
-0.785773  0.629475   -0.4326    0.0125508 
-0.785773  0.629475   -0.4326    0.00701226
-0.83569   0.609307   -0.440789  0.00940371
-0.83569   0.609307   -0.440789  0.0158695 
-0.83569   0.609307   -0.440789  0.0101943 
-0.83569   0.609307   -0.440789  0.0105606 
-0.83569   0.609307   -0.440789  0.009346  
-0.83569   0.609307   -0.440789  0.00942381
-0.83569   0.609307   -0.440789  0.012437  
-0.83569   0.609307   -0.440789  0.0071609 
-0.780618  0.634851   -0.443689  0.0104942 
-0.780618  0.634851   -0.443689  0.0074065 
-0.780618  0.634851   -0.443689  0.00929175
-0.780618  0.634851   -0.443689  0.00848318
-0.780618  0.634851   -0.443689  0.00929869
-0.780618  0.634851   -0.443689  0.0159857 
-0.780618  0.634851   -0.443689  0.0124666 
-0.780618  0.634851   -0.443689  0.0112479 
-0.780618  0.634851   -0.443689  0.0066764 
-0.780618  0.634851   -0.443689  0.012448  
-0.780618  0.634851   -0.443689  0.00823597
-0.85178   0.593445   -0.432031  0.00879245
-0.803982  0.573624   -0.435991  0.00980472
-0.803982  0.573624   -0.435991  0.0147652 
-0.803982  0.573624   -0.435991  0.0100148 
-0.742793  0.567804   -0.399929  0.00784171
-0.68514   0.597382   -0.397349  0.00975208
-0.769872  0.643252   -0.431182  0.00753163
-0.769872  0.643252   -0.431182  0.0070462 
-0.833238  0.640667   -0.44879   0.0117657 
-0.860301  0.611538   -0.437297  0.0059714 
-0.816163  0.620027   -0.444492  0.0138539 
-0.816163  0.620027   -0.444492  0.00658915
-0.843899  0.614557   -0.441794  0.0152358 
-0.843899  0.614557   -0.441794  0.0151489 
-0.843899  0.614557   -0.441794  0.0106784 
-0.843899  0.614557   -0.441794  0.00613331
-0.843899  0.614557   -0.441794  0.0147624 
-0.843899  0.614557   -0.441794  0.0241376 
-0.843899  0.614557   -0.441794  0.0148021 
-0.843899  0.614557   -0.441794  0.00596095
-0.843899  0.614557   -0.441794  0.0126726 
-0.89714   0.649844   -0.420325  0.0118526 
-0.841091  0.632764   -0.430482  0.021043  
-0.841091  0.632764   -0.430482  0.0160474 
-0.841091  0.632764   -0.430482  0.0111289 
-0.800675  0.617631   -0.43365   0.0116761 
-0.800675  0.617631   -0.43365   0.0156677 
-0.800675  0.617631   -0.43365   0.00731034
-0.734589  0.599027   -0.441741  0.00902906
-0.734589  0.599027   -0.441741  0.0205158 
-0.734589  0.599027   -0.441741  0.00835145
-0.734589  0.599027   -0.441741  0.00864732
-0.734589  0.599027   -0.441741  0.0145312 
-0.734589  0.599027   -0.441741  0.00852581
-0.734589  0.599027   -0.441741  0.0102823 
-0.734589  0.599027   -0.441741  0.0069907 
-0.747784  0.618515   -0.428016  0.012259  
-0.747784  0.618515   -0.428016  0.00784921
-0.835961  0.628414   -0.434009  0.0152613 
-0.835961  0.628414   -0.434009  0.00811813
-0.87799   0.595942   -0.410807  0.0143183 
-0.87799   0.595942   -0.410807  0.0153267 
-0.87799   0.595942   -0.410807  0.0145601 
-0.87799   0.595942   -0.410807  0.00728907
-0.800336  0.589765   -0.443781  0.0108117 
-0.800336  0.589765   -0.443781  0.00990372
-0.800336  0.589765   -0.443781  0.00699847
-0.800336  0.589765   -0.443781  0.0176841 
-0.800336  0.589765   -0.443781  0.014411  
-0.800336  0.589765   -0.443781  0.0166351 
-0.800336  0.589765   -0.443781  0.0121007 
-0.800336  0.589765   -0.443781  0.00830741
-0.800336  0.589765   -0.443781  0.0185324 
-0.800336  0.589765   -0.443781  0.0176804 
-0.800336  0.589765   -0.443781  0.0128817 
-0.800336  0.589765   -0.443781  0.0088039 
-0.800336  0.589765   -0.443781  0.0150841 
-0.800336  0.589765   -0.443781  0.00835676
-0.731738  0.624295   -0.43149   0.0120882 
-0.731738  0.624295   -0.43149   0.00804337
-0.82146   0.625511   -0.432418  0.0204019 
-0.82146   0.625511   -0.432418  0.00834161
-0.82146   0.625511   -0.432418  0.0118548 
-0.864641  0.644584   -0.423637  0.00749176
-0.78722   0.637035   -0.446126  0.0105373 
-0.78722   0.637035   -0.446126  0.0160826 
-0.78722   0.637035   -0.446126  0.00678467
-0.78722   0.637035   -0.446126  0.0301498 
-0.78722   0.637035   -0.446126  0.0139064 
-0.78722   0.637035   -0.446126  0.00938651
-0.78722   0.637035   -0.446126  0.0095852 
-0.825779  0.661744   -0.434481  0.0100567 
-0.825779  0.661744   -0.434481  0.0116033 
-0.802722  0.650996   -0.448289  0.00850233
-0.802722  0.650996   -0.448289  0.0143382 
-0.802722  0.650996   -0.448289  0.00804555
-0.802722  0.650996   -0.448289  0.0169563 
-0.802722  0.650996   -0.448289  0.00773062
-0.802722  0.650996   -0.448289  0.0136049 
-0.802722  0.650996   -0.448289  0.0135961 
-0.802722  0.650996   -0.448289  0.00909673
-0.802722  0.650996   -0.448289  0.0108219 
-0.853283  0.67242    -0.424037  0.0108527 
-0.853283  0.67242    -0.424037  0.00877727
-0.838582  0.610456   -0.432406  0.0059633 
-0.821848  0.641879   -0.459768  0.0225285 
-0.821848  0.641879   -0.459768  0.00802661
-0.778103  0.57897    -0.441181  0.00872404
-0.778103  0.57897    -0.441181  0.0170779 
-0.778103  0.57897    -0.441181  0.0190379 
-0.778103  0.57897    -0.441181  0.0210143 
-0.778103  0.57897    -0.441181  0.00732172
-0.778103  0.57897    -0.441181  0.0158146 
-0.778103  0.57897    -0.441181  0.0115786 
-0.778103  0.57897    -0.441181  0.014916  
-0.778103  0.57897    -0.441181  0.00637665
-0.768866  0.634967   -0.441681  0.00699151
-0.832709  0.599622   -0.435958  0.012603  
-0.832709  0.599622   -0.435958  0.00805379
-0.832709  0.599622   -0.435958  0.00658107
-0.798654  0.619845   -0.453154  0.0139795 
-0.798654  0.619845   -0.453154  0.0113027 
-0.798654  0.619845   -0.453154  0.0133548 
-0.798654  0.619845   -0.453154  0.00684622
-0.798654  0.619845   -0.453154  0.00631698
-0.733535  0.622314   -0.431141  0.00919508
-0.733535  0.622314   -0.431141  0.00785299
-0.76577   0.672913   -0.431416  0.0162829 
-0.76577   0.672913   -0.431416  0.00890794
-0.76577   0.672913   -0.431416  0.0080897 
-0.76577   0.672913   -0.431416  0.00803635
-0.76577   0.672913   -0.431416  0.0101521 
-0.728914  0.700678   -0.416705  0.0125871 
-0.728914  0.700678   -0.416705  0.018836  
-0.728914  0.700678   -0.416705  0.0138469 
-0.797728  0.748287   -0.375793  0.0366916 
-0.797728  0.748287   -0.375793  0.0198264 
-0.803603  0.745541   -0.368422  0.0153195 
-0.740006  0.727358   -0.359605  0.0200951 
-0.832409  0.737549   -0.342264  0.0235468 
-0.832409  0.737549   -0.342264  0.0232795 
-0.832409  0.737549   -0.342264  0.0119715 
-0.871224  0.674486   -0.420029  0.0130042 
-0.876343  0.671312   -0.408385  0.0193542 
-0.876343  0.671312   -0.408385  0.0108708 
-0.876343  0.671312   -0.408385  0.00826116
-0.816688  0.579847   -0.432129  0.00985934
-0.816688  0.579847   -0.432129  0.00925031
-0.805406  0.569919   -0.430291  0.0221705 
-0.805406  0.569919   -0.430291  0.0173271 
-0.777673  0.642935   -0.423273  0.00890574
-0.777673  0.642935   -0.423273  0.00635568
-0.777673  0.642935   -0.423273  0.00968299
-0.825997  0.618418   -0.433828  0.00946231
-0.796325  0.56734    -0.428515  0.00734357
-0.851892  0.634714   -0.448618  0.0342208 
-0.851892  0.634714   -0.448618  0.0150244 
-0.851892  0.634714   -0.448618  0.0192355 
-0.851892  0.634714   -0.448618  0.0104801 
-0.851892  0.634714   -0.448618  0.0117743 
-0.851892  0.634714   -0.448618  0.0127168 
-0.851892  0.634714   -0.448618  0.0116175 
-0.851892  0.634714   -0.448618  0.0296392 
-0.851892  0.634714   -0.448618  0.00764925
-0.851892  0.634714   -0.448618  0.0130602 
-0.851892  0.634714   -0.448618  0.0092028 
-0.851892  0.634714   -0.448618  0.0105687 
-0.851892  0.634714   -0.448618  0.00751126
-0.851892  0.634714   -0.448618  0.0180277 
-0.851892  0.634714   -0.448618  0.0155201 
-0.851892  0.634714   -0.448618  0.00666932
-0.752103  0.595053   -0.437803  0.00839942
-0.752103  0.595053   -0.437803  0.00892223
-0.752103  0.595053   -0.437803  0.0132937 
-0.752103  0.595053   -0.437803  0.0126409 
-0.752103  0.595053   -0.437803  0.0147637 
-0.847878  0.601197   -0.418302  0.0151874 
-0.847878  0.601197   -0.418302  0.00897768
-0.751856  0.573225   -0.416315  0.0210883 
-0.751856  0.573225   -0.416315  0.018909  
-0.751856  0.573225   -0.416315  0.00827034
-0.702723  0.670086   -0.412022  0.00814375
-0.702723  0.670086   -0.412022  0.012267  
-0.767683  0.710436   -0.411692  0.0137931 
-0.719833  0.747087   -0.371691  0.0257556 
-0.719833  0.747087   -0.371691  0.0155806 
-0.817565  0.703446   -0.398148  0.00772761
-0.750658  0.609979   -0.429977  0.0073598 
-0.750658  0.609979   -0.429977  0.0131572 
-0.817078  0.535835   -0.379972  0.0219305 
-0.817078  0.535835   -0.379972  0.017166  
-0.817078  0.535835   -0.379972  0.0112098 
-0.817078  0.535835   -0.379972  0.0209781 
-0.817078  0.535835   -0.379972  0.0210458 
-0.817078  0.535835   -0.379972  0.00654216
-0.789151  0.63167    -0.445961  0.0121086 
-0.777664  0.701663   -0.416822  0.0128647 
-0.804528  0.690802   -0.412285  0.03144   
-0.804528  0.690802   -0.412285  0.0145796 
-0.804528  0.690802   -0.412285  0.0106443 
-0.804528  0.690802   -0.412285  0.00721098
-0.772883  0.656216   -0.435062  0.00695959
-0.762866  0.641482   -0.439882  0.013705  
-0.762866  0.641482   -0.439882  0.00807876
-0.802178  0.651195   -0.438763  0.00724462
-0.802178  0.651195   -0.438763  0.0140987 
-0.802178  0.651195   -0.438763  0.00561282
-0.792862  0.617125   -0.451251  0.00825689
-0.792862  0.617125   -0.451251  0.0104399 
-0.813957  0.648368   -0.443831  0.0234228 
-0.813957  0.648368   -0.443831  0.0187921 
-0.813957  0.648368   -0.443831  0.018782  
-0.813957  0.648368   -0.443831  0.0157643 
-0.813957  0.648368   -0.443831  0.0114058 
-0.813957  0.648368   -0.443831  0.0079254 
-0.813957  0.648368   -0.443831  0.00999744
-0.813957  0.648368   -0.443831  0.0215014 
-0.813957  0.648368   -0.443831  0.0128517 
-0.813957  0.648368   -0.443831  0.00974322
-0.813957  0.648368   -0.443831  0.00658545
-0.781015  0.626617   -0.441997  0.0187793 
-0.781015  0.626617   -0.441997  0.00922084
-0.78457   0.604237   -0.444254  0.0178612 
-0.78457   0.604237   -0.444254  0.00904065
-0.78457   0.604237   -0.444254  0.0126544 
-0.78457   0.604237   -0.444254  0.00860831
-0.78457   0.604237   -0.444254  0.0142632 
-0.78457   0.604237   -0.444254  0.0127984 
-0.78457   0.604237   -0.444254  0.0139524 
-0.78457   0.604237   -0.444254  0.00864634
-0.783636  0.668073   -0.441807  0.021588  
-0.783636  0.668073   -0.441807  0.00807705
-0.829792  0.634047   -0.438022  0.0120438 
-0.829792  0.634047   -0.438022  0.0106304 
-0.743147  0.555663   -0.405437  0.0201933 
-0.743147  0.555663   -0.405437  0.0259705 
-0.743147  0.555663   -0.405437  0.0079466 
-0.699339  0.60323    -0.410672  0.0100214 
-0.699339  0.60323    -0.410672  0.0111462 
-0.703556  0.550438   -0.397355  0.00743014
-0.703556  0.550438   -0.397355  0.0094456 
-0.703556  0.550438   -0.397355  0.0112206 
-0.703556  0.550438   -0.397355  0.00844895
-0.688945  0.62061    -0.405727  0.0109872 
-0.688945  0.62061    -0.405727  0.00993422
-0.688945  0.62061    -0.405727  0.0104144 
-0.688945  0.62061    -0.405727  0.0114312 
-0.688945  0.62061    -0.405727  0.0151962 
-0.781869  0.522924   -0.395127  0.00716168
-0.744825  0.588679   -0.422741  0.00657287
-0.730827  0.627872   -0.431088  0.0122228 
-0.730827  0.627872   -0.431088  0.0132142 
-0.730827  0.627872   -0.431088  0.00719129
-0.730827  0.627872   -0.431088  0.0103724 
-0.730827  0.627872   -0.431088  0.00993633
-0.730827  0.627872   -0.431088  0.00838959
-0.730827  0.627872   -0.431088  0.0100727 
-0.730827  0.627872   -0.431088  0.0122376 
-0.730827  0.627872   -0.431088  0.00837072
-0.730827  0.627872   -0.431088  0.0134056 
-0.730827  0.627872   -0.431088  0.00742088
-0.72014   0.650671   -0.421975  0.00613152
-0.802842  0.628479   -0.44594   0.00935689
-0.802842  0.628479   -0.44594   0.00810151
-0.802842  0.628479   -0.44594   0.00856394
-0.802842  0.628479   -0.44594   0.0129905 
-0.802842  0.628479   -0.44594   0.00726979
-0.802842  0.628479   -0.44594   0.00771263
-0.722243  0.667992   -0.418381  0.0104733 
-0.722243  0.667992   -0.418381  0.0144029 
-0.722243  0.667992   -0.418381  0.0178119 
-0.722243  0.667992   -0.418381  0.010181  
-0.806715  0.658915   -0.433319  0.00933455
-0.806715  0.658915   -0.433319  0.0146626 
-0.806715  0.658915   -0.433319  0.00978672
-0.775473  0.716138   -0.41669   0.0183674 
-0.775473  0.716138   -0.41669   0.0170981 
-0.775473  0.716138   -0.41669   0.0286127 
-0.775473  0.716138   -0.41669   0.0096493 
-0.775473  0.716138   -0.41669   0.0166279 
-0.775473  0.716138   -0.41669   0.0183576 
-0.775473  0.716138   -0.41669   0.00927035
-0.846868  0.6177     -0.446497  0.0109181 
-0.846868  0.6177     -0.446497  0.0101829 
-0.846868  0.6177     -0.446497  0.014482  
-0.846868  0.6177     -0.446497  0.00868329
-0.846868  0.6177     -0.446497  0.00960779
-0.846868  0.6177     -0.446497  0.00923063
-0.849005  0.6064     -0.427985  0.0145504 
-0.849005  0.6064     -0.427985  0.00780542
-0.849005  0.6064     -0.427985  0.0116988 
-0.849005  0.6064     -0.427985  0.00779085
-0.770078  0.625892   -0.432275  0.00956971
-0.760222  0.569359   -0.432485  0.0146563 
-0.760222  0.569359   -0.432485  0.0139886 
-0.760222  0.569359   -0.432485  0.0120481 
-0.760222  0.569359   -0.432485  0.0136115 
-0.847199  0.66308    -0.428504  0.00855318
-0.771276  0.573421   -0.43182   0.00583101
-0.755001  0.645265   -0.441623  0.00756806
-0.735525  0.652238   -0.435964  0.009723  
-0.735525  0.652238   -0.435964  0.00887701
-0.735525  0.652238   -0.435964  0.0114736 
-0.735525  0.652238   -0.435964  0.00988292
-0.735525  0.652238   -0.435964  0.00622025
-0.735525  0.652238   -0.435964  0.00881815
-0.661887  0.660296   -0.380131  0.0295182 
-0.75721   0.684417   -0.375152  0.00631964
-0.773274  0.613307   -0.45275   0.0119904 
-0.773274  0.613307   -0.45275   0.0097233 
-0.773274  0.613307   -0.45275   0.0101608 
-0.773274  0.613307   -0.45275   0.0112472 
-0.773274  0.613307   -0.45275   0.0108721 
-0.773274  0.613307   -0.45275   0.00994199
-0.773274  0.613307   -0.45275   0.00824995
-0.773274  0.613307   -0.45275   0.0168676 
-0.773274  0.613307   -0.45275   0.00825151
-0.819416  0.641251   -0.438088  0.0199319 
-0.819416  0.641251   -0.438088  0.00637874
-0.819416  0.641251   -0.438088  0.0108526 
-0.819416  0.641251   -0.438088  0.00612271
-0.762805  0.6251     -0.427654  0.00599561
-0.745547  0.624223   -0.440894  0.01458   
-0.745547  0.624223   -0.440894  0.00624013
-0.7472    0.61727    -0.439968  0.0145552 
-0.7472    0.61727    -0.439968  0.0119257 
-0.7472    0.61727    -0.439968  0.00785651
-0.720109  0.639346   -0.422191  0.00641075
-0.736652  0.623414   -0.435616  0.00722637
-0.726089  0.593306   -0.415502  0.00833759
-0.729683  0.643654   -0.407995  0.00684093
-0.775154  0.595797   -0.448128  0.00602123
-0.775154  0.595797   -0.448128  0.00766864
-0.775154  0.595797   -0.448128  0.00734677
-0.775154  0.595797   -0.448128  0.00821959
-0.775154  0.595797   -0.448128  0.00766728
-0.775154  0.595797   -0.448128  0.017348  
-0.775154  0.595797   -0.448128  0.00684313
-0.783993  0.62169    -0.450124  0.00738852
-0.766993  0.586661   -0.438796  0.0113358 
-0.766993  0.586661   -0.438796  0.0183513 
-0.766993  0.586661   -0.438796  0.0170908 
-0.766993  0.586661   -0.438796  0.00735963
-0.780475  0.586207   -0.442981  0.00990766
-0.780475  0.586207   -0.442981  0.0134156 
-0.780475  0.586207   -0.442981  0.00985746
-0.780475  0.586207   -0.442981  0.00873796
-0.780475  0.586207   -0.442981  0.0112261 
-0.780475  0.586207   -0.442981  0.0127775 
-0.780475  0.586207   -0.442981  0.00672615
-0.747839  0.622837   -0.432247  0.00793372
-0.784295  0.6603     -0.43977   0.00799013
-0.809513  0.641858   -0.450945  0.0142848 
-0.809513  0.641858   -0.450945  0.00731326
-0.787984  0.589338   -0.458755  0.00839444
-0.787984  0.589338   -0.458755  0.0141229 
-0.787984  0.589338   -0.458755  0.016563  
-0.787984  0.589338   -0.458755  0.0125661 
-0.787984  0.589338   -0.458755  0.00713753
-0.787984  0.589338   -0.458755  0.00767715
-0.787984  0.589338   -0.458755  0.0113261 
-0.787984  0.589338   -0.458755  0.00724654
-0.787984  0.589338   -0.458755  0.0141182 
-0.787984  0.589338   -0.458755  0.01108   
-0.787984  0.589338   -0.458755  0.0163234 
-0.787984  0.589338   -0.458755  0.0149797 
-0.787984  0.589338   -0.458755  0.0124137 
-0.787984  0.589338   -0.458755  0.0205331 
-0.787984  0.589338   -0.458755  0.007767  
-0.787984  0.589338   -0.458755  0.00767863
-0.758518  0.58452    -0.44941   0.0199131 
-0.758518  0.58452    -0.44941   0.0173463 
-0.758518  0.58452    -0.44941   0.0101272 
-0.758518  0.58452    -0.44941   0.0105199 
-0.758518  0.58452    -0.44941   0.00914447
-0.758518  0.58452    -0.44941   0.0202704 
-0.758518  0.58452    -0.44941   0.0147263 
-0.758518  0.58452    -0.44941   0.00780289
-0.758518  0.58452    -0.44941   0.015217  
-0.758518  0.58452    -0.44941   0.0108398 
-0.758518  0.58452    -0.44941   0.0147115 
-0.758518  0.58452    -0.44941   0.0121042 
-0.758518  0.58452    -0.44941   0.00806949
-0.823407  0.592186   -0.44659   0.00697835
-0.816068  0.625652   -0.449083  0.0169902 
-0.816068  0.625652   -0.449083  0.0140275 
-0.816068  0.625652   -0.449083  0.0107502 
-0.816068  0.625652   -0.449083  0.00629868
-0.816068  0.625652   -0.449083  0.00712642
-0.816068  0.625652   -0.449083  0.00942893
-0.816068  0.625652   -0.449083  0.0110529 
-0.816068  0.625652   -0.449083  0.0179772 
-0.816068  0.625652   -0.449083  0.0115481 
-0.816068  0.625652   -0.449083  0.00983639
-0.816068  0.625652   -0.449083  0.00823668
-0.816068  0.625652   -0.449083  0.0145964 
-0.816068  0.625652   -0.449083  0.00938642
-0.871784  0.588799   -0.409593  0.0124134 
-0.871784  0.588799   -0.409593  0.0208489 
-0.871784  0.588799   -0.409593  0.019581  
-0.871784  0.588799   -0.409593  0.0106988 
-0.865494  0.622415   -0.415315  0.00864489
-0.812006  0.573871   -0.419115  0.0159627 
-0.812006  0.573871   -0.419115  0.0156338 
-0.812006  0.573871   -0.419115  0.014755  
-0.8749    0.638381   -0.399561  0.0102474 
-0.818051  0.646898   -0.433192  0.0148182 
-0.805068  0.661821   -0.429355  0.0210172 
-0.805068  0.661821   -0.429355  0.00937996
-0.805068  0.661821   -0.429355  0.00901433
-0.814796  0.578629   -0.437051  0.00747376
-0.814796  0.578629   -0.437051  0.0234725 
-0.814796  0.578629   -0.437051  0.00684435
-0.791581  0.624833   -0.444188  0.0157534 
-0.791581  0.624833   -0.444188  0.00774142
-0.791581  0.624833   -0.444188  0.00713167
-0.801463  0.593943   -0.448052  0.00990901
-0.801463  0.593943   -0.448052  0.0084147 
-0.801463  0.593943   -0.448052  0.0151315 
-0.801463  0.593943   -0.448052  0.0152314 
-0.801463  0.593943   -0.448052  0.00666555
-0.801463  0.593943   -0.448052  0.01316   
-0.801463  0.593943   -0.448052  0.0113256 
-0.801463  0.593943   -0.448052  0.0180571 
-0.801463  0.593943   -0.448052  0.00700247
-0.72782   0.602812   -0.424841  0.0155205 
-0.72782   0.602812   -0.424841  0.00674525
-0.789438  0.641941   -0.451499  0.0124807 
-0.789438  0.641941   -0.451499  0.00757705
-0.800425  0.628254   -0.446021  0.00980782
-0.800425  0.628254   -0.446021  0.0170452 
-0.800425  0.628254   -0.446021  0.00961843
-0.818106  0.618995   -0.43598   0.0128812 
-0.769968  0.710015   -0.403952  0.00746064
-0.697714  0.632576   -0.404704  0.0114954 
-0.685403  0.728353   -0.377618  0.00963569
-0.685403  0.728353   -0.377618  0.0170011 
-0.685403  0.728353   -0.377618  0.00958362
-0.711988  0.706158   -0.413514  0.0124773 
-0.711988  0.706158   -0.413514  0.00979424
-0.711988  0.706158   -0.413514  0.00572226
-0.792381  0.611237   -0.459486  0.0147393 
-0.792381  0.611237   -0.459486  0.0137547 
-0.792381  0.611237   -0.459486  0.00941792
-0.786211  0.654284   -0.436924  0.0074608 
-0.786211  0.654284   -0.436924  0.00760729
-0.786211  0.654284   -0.436924  0.0134366 
-0.786211  0.654284   -0.436924  0.034884  
-0.786211  0.654284   -0.436924  0.0165272 
-0.786211  0.654284   -0.436924  0.00702405
-0.786211  0.654284   -0.436924  0.0331169 
-0.786211  0.654284   -0.436924  0.00907985
-0.786211  0.654284   -0.436924  0.00948756
-0.786211  0.654284   -0.436924  0.00999215
-0.786211  0.654284   -0.436924  0.0151732 
-0.786211  0.654284   -0.436924  0.0206568 
-0.786211  0.654284   -0.436924  0.0067782 
-0.786211  0.654284   -0.436924  0.00694752
-0.789514  0.590396   -0.436361  0.00874816
-0.817679  0.576642   -0.435173  0.0213808 
-0.817679  0.576642   -0.435173  0.0170262 
-0.817679  0.576642   -0.435173  0.00787718
-0.834465  0.63735    -0.439905  0.00726454
-0.755831  0.589848   -0.445212  0.0178838 
-0.755831  0.589848   -0.445212  0.00958937
-0.755831  0.589848   -0.445212  0.0115368 
-0.755831  0.589848   -0.445212  0.00748408
-0.789348  0.611088   -0.446898  0.0149419 
-0.789348  0.611088   -0.446898  0.010619  
-0.789348  0.611088   -0.446898  0.00953043
-0.777471  0.563882   -0.423325  0.00687485
-0.787493  0.589651   -0.444657  0.013028  
-0.787493  0.589651   -0.444657  0.0074647 
-0.787493  0.589651   -0.444657  0.00828454
-0.787493  0.589651   -0.444657  0.0151904 
-0.787493  0.589651   -0.444657  0.0213195 
-0.787493  0.589651   -0.444657  0.0106431 
-0.808646  0.554156   -0.400905  0.0267969 
-0.808646  0.554156   -0.400905  0.00956199
-0.838428  0.644737   -0.431962  0.00822252
-0.752502  0.617727   -0.443588  0.00848736
-0.752502  0.617727   -0.443588  0.0112603 
-0.752502  0.617727   -0.443588  0.00955263
-0.752502  0.617727   -0.443588  0.008421  
-0.74484   0.596022   -0.432066  0.00789056
-0.74484   0.596022   -0.432066  0.0101392 
-0.74484   0.596022   -0.432066  0.0163444 
-0.74484   0.596022   -0.432066  0.0079986 
-0.769128  0.660745   -0.439732  0.00702486
-0.721779  0.674788   -0.420791  0.0109364 
-0.721779  0.674788   -0.420791  0.0128365 
-0.725283  0.656159   -0.403575  0.0216234 
-0.725283  0.656159   -0.403575  0.00767932
-0.695985  0.606837   -0.409611  0.015816  
-0.695985  0.606837   -0.409611  0.0114177 
-0.695985  0.606837   -0.409611  0.00906051
-0.689232  0.573816   -0.392646  0.0169184 
-0.689232  0.573816   -0.392646  0.00850061
-0.689232  0.573816   -0.392646  0.00904643
-0.689232  0.573816   -0.392646  0.0105722 
-0.757617  0.551449   -0.39018   0.02664   
-0.757617  0.551449   -0.39018   0.00979824
-0.771531  0.560152   -0.416024  0.00744381
-0.714704  0.644874   -0.426036  0.00821145
-0.714704  0.644874   -0.426036  0.00746213
-0.717376  0.650244   -0.429035  0.0142779 
-0.721006  0.721743   -0.390789  0.00770968
-0.792373  0.624341   -0.430251  0.0132133 
-0.792373  0.624341   -0.430251  0.00738179
-0.792373  0.624341   -0.430251  0.00973117
-0.792373  0.624341   -0.430251  0.00924936
-0.792373  0.624341   -0.430251  0.00890328
-0.792373  0.624341   -0.430251  0.00666809
-0.810033  0.636373   -0.443866  0.00756272
-0.810033  0.636373   -0.443866  0.0115902 
-0.810033  0.636373   -0.443866  0.00647224
-0.810033  0.636373   -0.443866  0.0195525 
-0.810033  0.636373   -0.443866  0.00807914
-0.810033  0.636373   -0.443866  0.00751443
-0.810033  0.636373   -0.443866  0.00647818
-0.810033  0.636373   -0.443866  0.0177248 
-0.810033  0.636373   -0.443866  0.00669061
-0.803558  0.609413   -0.447555  0.00706129
-0.803656  0.598617   -0.44726   0.0146207 
-0.803656  0.598617   -0.44726   0.0103807 
-0.803656  0.598617   -0.44726   0.00864732
-0.809662  0.572516   -0.421634  0.0127702 
-0.802583  0.54243    -0.395303  0.0306688 
-0.802583  0.54243    -0.395303  0.0209094 
-0.802583  0.54243    -0.395303  0.0117668 
-0.846471  0.560579   -0.40197   0.00993892
-0.846471  0.560579   -0.40197   0.0106946 
-0.846471  0.560579   -0.40197   0.0189806 
-0.846471  0.560579   -0.40197   0.0131245 
-0.846471  0.560579   -0.40197   0.0167822 
-0.846471  0.560579   -0.40197   0.00908189
-0.864202  0.599627   -0.430995  0.0138933 
-0.864202  0.599627   -0.430995  0.0157283 
-0.864202  0.599627   -0.430995  0.0251199 
-0.864202  0.599627   -0.430995  0.00914755
-0.8107    0.61307    -0.438745  0.010519  
-0.8107    0.61307    -0.438745  0.0134004 
-0.8107    0.61307    -0.438745  0.00782819
-0.751361  0.588471   -0.438998  0.0135692 
-0.751361  0.588471   -0.438998  0.00662893
-0.795435  0.59941    -0.444461  0.00858257
-0.795435  0.59941    -0.444461  0.00800415
-0.847809  0.62606    -0.438661  0.00704116
-0.81811   0.641787   -0.432981  0.00988931
-0.81811   0.641787   -0.432981  0.0102896 
-0.81811   0.641787   -0.432981  0.0314765 
-0.81811   0.641787   -0.432981  0.0070993 
-0.79087   0.65219    -0.455472  0.00948437
-0.79087   0.65219    -0.455472  0.00818714
-0.79087   0.65219    -0.455472  0.0100573 
-0.812144  0.659629   -0.42998   0.02412   
-0.812144  0.659629   -0.42998   0.00766707
-0.787194  0.620817   -0.439485  0.00633468
-0.778658  0.633134   -0.451453  0.0120964 
-0.778658  0.633134   -0.451453  0.007338  
-0.778658  0.633134   -0.451453  0.00865537
-0.778658  0.633134   -0.451453  0.0219829 
-0.778658  0.633134   -0.451453  0.00967312
-0.778658  0.633134   -0.451453  0.0101207 
-0.778658  0.633134   -0.451453  0.00950242
-0.778658  0.633134   -0.451453  0.0184551 
-0.778658  0.633134   -0.451453  0.00690691
-0.842229  0.62199    -0.452222  0.0160479 
-0.842229  0.62199    -0.452222  0.0120176 
-0.842229  0.62199    -0.452222  0.00851023
-0.784897  0.657822   -0.440995  0.0165035 
-0.784897  0.657822   -0.440995  0.0131331 
-0.784897  0.657822   -0.440995  0.0162726 
-0.784897  0.657822   -0.440995  0.00768913
-0.784897  0.657822   -0.440995  0.0154661 
-0.784897  0.657822   -0.440995  0.00848975
-0.784897  0.657822   -0.440995  0.00772804
-0.784897  0.657822   -0.440995  0.00737629
-0.784897  0.657822   -0.440995  0.0236592 
-0.784897  0.657822   -0.440995  0.0162536 
-0.784897  0.657822   -0.440995  0.00965228
-0.784897  0.657822   -0.440995  0.00868835
-0.784897  0.657822   -0.440995  0.0160555 
-0.816675  0.714465   -0.392861  0.0132146 
-0.717053  0.695908   -0.388936  0.014456  
-0.717053  0.695908   -0.388936  0.00721282
-0.700363  0.632568   -0.413008  0.00929007
-0.700363  0.632568   -0.413008  0.010163  
-0.718556  0.696545   -0.409786  0.0547698 
-0.718556  0.696545   -0.409786  0.00653353
-0.736923  0.628085   -0.426136  0.00954931
-0.736923  0.628085   -0.426136  0.00603243
-0.762857  0.621172   -0.440304  0.0109702 
-0.762857  0.621172   -0.440304  0.00736777
-0.762769  0.586046   -0.431795  0.00629441
-0.73666   0.631707   -0.430618  0.00649539
-0.739496  0.635216   -0.441642  0.0117224 
-0.739496  0.635216   -0.441642  0.0068173 
-0.754564  0.664749   -0.428436  0.0313237 
-0.754564  0.664749   -0.428436  0.00858594
-0.81491   0.577805   -0.425017  0.00640214
-0.793074  0.645452   -0.451828  0.0227232 
-0.793074  0.645452   -0.451828  0.0160073 
-0.793074  0.645452   -0.451828  0.0118577 
-0.793074  0.645452   -0.451828  0.0137168 
-0.793074  0.645452   -0.451828  0.0131935 
-0.793074  0.645452   -0.451828  0.00656205
-0.817476  0.612849   -0.447954  0.0123491 
-0.817476  0.612849   -0.447954  0.011491  
-0.817476  0.612849   -0.447954  0.00911637
-0.817476  0.612849   -0.447954  0.00662804
-0.817476  0.612849   -0.447954  0.015149  
-0.817476  0.612849   -0.447954  0.0201988 
-0.817476  0.612849   -0.447954  0.00895966
-0.817476  0.612849   -0.447954  0.00987485
-0.817476  0.612849   -0.447954  0.00671469
-0.817476  0.612849   -0.447954  0.00858963
-0.817476  0.612849   -0.447954  0.013435  
-0.817476  0.612849   -0.447954  0.00611253
-0.775247  0.611487   -0.445984  0.00642744
-0.773158  0.650165   -0.447856  0.00723484
-0.773158  0.650165   -0.447856  0.00987419
-0.773158  0.650165   -0.447856  0.00595001
-0.773158  0.650165   -0.447856  0.015132  
-0.773158  0.650165   -0.447856  0.0143181 
-0.773158  0.650165   -0.447856  0.0118307 
-0.750946  0.704186   -0.401774  0.0184233 
-0.750946  0.704186   -0.401774  0.00825465
-0.750946  0.704186   -0.401774  0.00813511
-0.764444  0.661198   -0.426288  0.0141621 
-0.764444  0.661198   -0.426288  0.0100892 
-0.805388  0.636861   -0.437311  0.00934532
-0.805388  0.636861   -0.437311  0.0164896 
-0.805388  0.636861   -0.437311  0.0121411 
-0.805388  0.636861   -0.437311  0.00611731
-0.789837  0.608348   -0.462094  0.0148776 
-0.789837  0.608348   -0.462094  0.0119102 
-0.789837  0.608348   -0.462094  0.017452  
-0.789837  0.608348   -0.462094  0.0151375 
-0.789837  0.608348   -0.462094  0.0139568 
-0.789837  0.608348   -0.462094  0.00804106
-0.789837  0.608348   -0.462094  0.00779811
-0.789837  0.608348   -0.462094  0.00936153
-0.789837  0.608348   -0.462094  0.00805931
-0.789837  0.608348   -0.462094  0.0136133 
-0.789837  0.608348   -0.462094  0.00913235
-0.789837  0.608348   -0.462094  0.00850651
-0.789837  0.608348   -0.462094  0.00900769
-0.789837  0.608348   -0.462094  0.00915493
-0.789837  0.608348   -0.462094  0.00694641
-0.789837  0.608348   -0.462094  0.0093664 
-0.789837  0.608348   -0.462094  0.00833909
-0.789837  0.608348   -0.462094  0.0114528 
-0.789837  0.608348   -0.462094  0.0109313 
-0.789837  0.608348   -0.462094  0.0173308 
-0.789837  0.608348   -0.462094  0.017087  
-0.789837  0.608348   -0.462094  0.00836195
-0.789837  0.608348   -0.462094  0.0131055 
-0.789837  0.608348   -0.462094  0.0154982 
-0.789837  0.608348   -0.462094  0.0106935 
-0.789837  0.608348   -0.462094  0.0107797 
-0.789837  0.608348   -0.462094  0.00759858
-0.789837  0.608348   -0.462094  0.0117265 
-0.789837  0.608348   -0.462094  0.00796404
-0.789837  0.608348   -0.462094  0.0152315 
-0.789837  0.608348   -0.462094  0.00965081
-0.789837  0.608348   -0.462094  0.00779816
-0.793383  0.597303   -0.435627  0.00921328
-0.782484  0.608513   -0.435808  0.010503  
-0.782484  0.608513   -0.435808  0.0060192 
-0.739164  0.628742   -0.445124  0.0130354 
-0.739164  0.628742   -0.445124  0.0154155 
-0.739164  0.628742   -0.445124  0.00792625
-0.739164  0.628742   -0.445124  0.00793748
-0.739164  0.628742   -0.445124  0.0170018 
-0.739164  0.628742   -0.445124  0.0102532 
-0.739164  0.628742   -0.445124  0.0082047 
-0.739164  0.628742   -0.445124  0.00901084
-0.739164  0.628742   -0.445124  0.0101281 
-0.739164  0.628742   -0.445124  0.0127918 
-0.739164  0.628742   -0.445124  0.00877552
-0.83528   0.617089   -0.441745  0.00856975
-0.821811  0.666833   -0.442884  0.00678087
-0.821811  0.666833   -0.442884  0.0158704 
-0.821811  0.666833   -0.442884  0.0156463 
-0.821811  0.666833   -0.442884  0.00891171
-0.78613   0.67264    -0.43843   0.0101173 
-0.78613   0.67264    -0.43843   0.0202723 
-0.78613   0.67264    -0.43843   0.00715926
-0.78613   0.67264    -0.43843   0.00851436
-0.78613   0.67264    -0.43843   0.0140909 
-0.78613   0.67264    -0.43843   0.00991922
-0.78613   0.67264    -0.43843   0.0209074 
-0.78613   0.67264    -0.43843   0.0105819 
-0.772705  0.690789   -0.410326  0.0181709 
-0.772705  0.690789   -0.410326  0.025347  
-0.772705  0.690789   -0.410326  0.0121118 
-0.772705  0.690789   -0.410326  0.00705312
-0.729718  0.637609   -0.432532  0.00706244
-0.72066   0.594311   -0.429649  0.0171978 
-0.72066   0.594311   -0.429649  0.0136835 
-0.72066   0.594311   -0.429649  0.0061301 
-0.794299  0.613084   -0.4589    0.0117827 
-0.794299  0.613084   -0.4589    0.00969149
-0.794299  0.613084   -0.4589    0.0138341 
-0.794299  0.613084   -0.4589    0.00670515
-0.794299  0.613084   -0.4589    0.0100733 
-0.831781  0.590088   -0.415446  0.00884266
-0.843488  0.583139   -0.416055  0.00894137
-0.793894  0.673887   -0.430381  0.00783549
-0.777245  0.652271   -0.446158  0.00947211
-0.837505  0.569131   -0.409968  0.0129853 
-0.745731  0.53738    -0.396888  0.0292046 
-0.745731  0.53738    -0.396888  0.0116868 
-0.745731  0.53738    -0.396888  0.0104221 
-0.781734  0.554874   -0.41303   0.0245086 
-0.781734  0.554874   -0.41303   0.0163553 
-0.781734  0.554874   -0.41303   0.00932739
-0.745847  0.56686    -0.409964  0.0147517 
-0.745847  0.56686    -0.409964  0.0145285 
-0.745847  0.56686    -0.409964  0.00797581
-0.707033  0.645133   -0.412208  0.00916828
-0.707033  0.645133   -0.412208  0.00810822
-0.707033  0.645133   -0.412208  0.00761752
-0.717372  0.591622   -0.408337  0.00860504
-0.67268   0.664519   -0.382731  0.0110511 
-0.765728  0.735712   -0.415646  0.00731085
-0.742637  0.668706   -0.435391  0.0109907 
-0.742637  0.668706   -0.435391  0.0093923 
-0.742637  0.668706   -0.435391  0.00883997
-0.742637  0.668706   -0.435391  0.0101976 
-0.742637  0.668706   -0.435391  0.0087938 
-0.807566  0.575548   -0.41827   0.0229894 
-0.807566  0.575548   -0.41827   0.023937  
-0.807566  0.575548   -0.41827   0.00927532
-0.740748  0.565098   -0.395667  0.0245273 
-0.740748  0.565098   -0.395667  0.0215528 
-0.740748  0.565098   -0.395667  0.00829692
-0.771983  0.616005   -0.435602  0.0105092 
-0.846715  0.673029   -0.422924  0.00902599
-0.846715  0.673029   -0.422924  0.0325927 
-0.846715  0.673029   -0.422924  0.00896569
-0.822559  0.579564   -0.427318  0.0217546 
-0.822559  0.579564   -0.427318  0.00624967
-0.728441  0.614895   -0.440422  0.0121654 
-0.728441  0.614895   -0.440422  0.00908039
-0.728441  0.614895   -0.440422  0.00914105
-0.728441  0.614895   -0.440422  0.00581088
-0.815831  0.632836   -0.449822  0.00708202
-0.727183  0.65463    -0.436164  0.0068723 
-0.775534  0.632916   -0.440641  0.00632585
-0.806524  0.602401   -0.440815  0.00706132
-0.806524  0.602401   -0.440815  0.00940059
-0.806524  0.602401   -0.440815  0.0128893 
-0.806524  0.602401   -0.440815  0.00728059
-0.9039    0.614437   -0.42426   0.0167766 
-0.809041  0.516771   -0.369947  0.0283066 
-0.809041  0.516771   -0.369947  0.00770192
-0.806543  0.591821   -0.450324  0.0130308 
-0.806543  0.591821   -0.450324  0.00662757
-0.806543  0.591821   -0.450324  0.0156668 
-0.806543  0.591821   -0.450324  0.00661073
-0.830096  0.605688   -0.451042  0.0154108 
-0.830096  0.605688   -0.451042  0.0158918 
-0.830096  0.605688   -0.451042  0.00769908
-0.829384  0.584392   -0.427109  0.0114844 
-0.829384  0.584392   -0.427109  0.00863935
-0.741669  0.677791   -0.421605  0.00656228
-0.740995  0.647738   -0.438289  0.0149323 
-0.740995  0.647738   -0.438289  0.0110533 
-0.740995  0.647738   -0.438289  0.01253   
-0.740995  0.647738   -0.438289  0.00778821
-0.836541  0.632565   -0.437003  0.00775959
-0.836541  0.632565   -0.437003  0.0115293 
-0.836541  0.632565   -0.437003  0.0130215 
-0.836541  0.632565   -0.437003  0.0105704 
-0.836541  0.632565   -0.437003  0.0215119 
-0.836541  0.632565   -0.437003  0.014652  
-0.836541  0.632565   -0.437003  0.00729916
-0.865453  0.600556   -0.423699  0.0108246 
-0.849995  0.62748    -0.42886   0.0116472 
-0.849995  0.62748    -0.42886   0.0151523 
-0.849995  0.62748    -0.42886   0.0196855 
-0.849995  0.62748    -0.42886   0.00856899
-0.778868  0.612836   -0.433735  0.00897509
-0.848131  0.621673   -0.448816  0.0103903 
-0.848131  0.621673   -0.448816  0.00705052
-0.848975  0.614893   -0.441117  0.0162848 
-0.848975  0.614893   -0.441117  0.0142137 
-0.848975  0.614893   -0.441117  0.0188445 
-0.848975  0.614893   -0.441117  0.00746234
-0.8254    0.607697   -0.441151  0.0125132 
-0.8254    0.607697   -0.441151  0.0176254 
-0.8254    0.607697   -0.441151  0.0101286 
-0.8254    0.607697   -0.441151  0.0189131 
-0.8254    0.607697   -0.441151  0.0174756 
-0.8254    0.607697   -0.441151  0.00894556
-0.8254    0.607697   -0.441151  0.0180942 
-0.8254    0.607697   -0.441151  0.0253707 
-0.8254    0.607697   -0.441151  0.00730435
-0.800341  0.587594   -0.4448    0.0111765 
-0.800341  0.587594   -0.4448    0.0139295 
-0.800341  0.587594   -0.4448    0.00955455
-0.800341  0.587594   -0.4448    0.00765001
-0.787994  0.585741   -0.423752  0.0114423 
-0.787994  0.585741   -0.423752  0.0141645 
-0.787994  0.585741   -0.423752  0.00552273
-0.797939  0.617698   -0.457372  0.00672782
-0.797939  0.617698   -0.457372  0.00892564
-0.797939  0.617698   -0.457372  0.0152439 
-0.797939  0.617698   -0.457372  0.00615128
-0.797939  0.617698   -0.457372  0.00839916
-0.797939  0.617698   -0.457372  0.010226  
-0.797939  0.617698   -0.457372  0.00616979
-0.797939  0.617698   -0.457372  0.0165203 
-0.797939  0.617698   -0.457372  0.00780198
-0.744376  0.580579   -0.420239  0.00695791
-0.702384  0.626598   -0.412021  0.00834378
-0.702384  0.626598   -0.412021  0.0096559 
-0.702384  0.626598   -0.412021  0.00771948
-0.690912  0.661665   -0.407232  0.00972121
-0.690912  0.661665   -0.407232  0.0105849 
-0.690912  0.661665   -0.407232  0.00638394
-0.789497  0.627191   -0.449655  0.014017  
-0.789497  0.627191   -0.449655  0.00651267
-0.789497  0.627191   -0.449655  0.0150483 
-0.789497  0.627191   -0.449655  0.00744512
-0.808922  0.632038   -0.4398    0.0139473 
-0.808922  0.632038   -0.4398    0.0188229 
-0.808922  0.632038   -0.4398    0.0119865 
-0.808922  0.632038   -0.4398    0.0104004 
-0.808922  0.632038   -0.4398    0.00673284
-0.821739  0.602718   -0.4531    0.0138252 
-0.821739  0.602718   -0.4531    0.0134286 
-0.821739  0.602718   -0.4531    0.0141004 
-0.821739  0.602718   -0.4531    0.00810658
-0.821739  0.602718   -0.4531    0.0115693 
-0.821739  0.602718   -0.4531    0.00675454
-0.821739  0.602718   -0.4531    0.0118788 
-0.821739  0.602718   -0.4531    0.0198704 
-0.821739  0.602718   -0.4531    0.00974905
-0.821739  0.602718   -0.4531    0.0116376 
-0.821739  0.602718   -0.4531    0.0187487 
-0.821739  0.602718   -0.4531    0.00983205
-0.821739  0.602718   -0.4531    0.0111635 
-0.791402  0.678292   -0.436229  0.00854984
-0.829347  0.653504   -0.438786  0.0128745 
-0.829347  0.653504   -0.438786  0.0141961 
-0.829347  0.653504   -0.438786  0.00905635
-0.822896  0.644121   -0.439996  0.0110943 
-0.822896  0.644121   -0.439996  0.0174357 
-0.822896  0.644121   -0.439996  0.010821  
-0.837825  0.64755    -0.420677  0.0325965 
-0.837825  0.64755    -0.420677  0.00849895
-0.783713  0.664496   -0.435812  0.0210727 
-0.783713  0.664496   -0.435812  0.00860193
-0.783713  0.664496   -0.435812  0.0161365 
-0.783713  0.664496   -0.435812  0.00839686
-0.808449  0.582225   -0.443976  0.0117132 
-0.808449  0.582225   -0.443976  0.0137218 
-0.808449  0.582225   -0.443976  0.00763083
-0.808449  0.582225   -0.443976  0.00753083
-0.808449  0.582225   -0.443976  0.00700922
-0.808449  0.582225   -0.443976  0.0113223 
-0.808449  0.582225   -0.443976  0.0172559 
-0.808449  0.582225   -0.443976  0.0108004 
-0.808449  0.582225   -0.443976  0.006408  
-0.803973  0.609934   -0.443559  0.00657735
-0.769861  0.601939   -0.44249   0.0173418 
-0.769861  0.601939   -0.44249   0.0111966 
-0.769861  0.601939   -0.44249   0.0188432 
-0.769861  0.601939   -0.44249   0.00630644
-0.828631  0.618587   -0.454093  0.00618451
-0.758603  0.602901   -0.443572  0.00711329
-0.758603  0.602901   -0.443572  0.0135336 
-0.758603  0.602901   -0.443572  0.0173169 
-0.758603  0.602901   -0.443572  0.0143169 
-0.758603  0.602901   -0.443572  0.0104159 
-0.758603  0.602901   -0.443572  0.008717  
-0.782737  0.647676   -0.444772  0.0131106 
-0.782737  0.647676   -0.444772  0.0120958 
-0.782737  0.647676   -0.444772  0.00988491
-0.782737  0.647676   -0.444772  0.00820144
-0.782737  0.647676   -0.444772  0.0152886 
-0.782737  0.647676   -0.444772  0.0159645 
-0.782737  0.647676   -0.444772  0.0109153 
-0.782737  0.647676   -0.444772  0.00765359
-0.810241  0.586576   -0.444507  0.00944308
-0.824451  0.567572   -0.406979  0.00816723
-0.790646  0.624937   -0.432601  0.00774465
-0.790646  0.624937   -0.432601  0.0136379 
-0.790646  0.624937   -0.432601  0.00671033
-0.787954  0.59101    -0.444768  0.0156173 
-0.787954  0.59101    -0.444768  0.0151373 
-0.787954  0.59101    -0.444768  0.0108368 
-0.787954  0.59101    -0.444768  0.00689709
-0.787954  0.59101    -0.444768  0.00766904
