#MU        SIGMA      ENERGY     ERROR     
0.832181   0.731362   -0.349375  0.025464  
0.82064    0.780521   -0.306013  0.0302857 
0.851248   0.808975   -0.251002  0.0229573 
0.765632   0.789785   -0.318961  0.0258636 
0.673905   0.838367   -0.280567  0.0141586 
0.663408   0.799223   -0.355112  0.0149281 
0.593481   0.706433   -0.319491  0.0100986 
0.671554   0.698726   -0.377315  0.0194335 
0.627542   0.725182   -0.32766   0.013539  
0.541093   0.704083   -0.298992  0.0154266 
0.484302   0.710736   -0.24007   0.0148525 
0.497666   0.730186   -0.248265  0.0180849 
0.555437   0.825081   -0.29453   0.0200254 
0.621085   0.835722   -0.287134  0.0144601 
0.611514   0.745105   -0.319109  0.0178102 
0.606668   0.765624   -0.29194   0.0167723 
0.555898   0.754068   -0.284772  0.0156211 
0.472089   0.741921   -0.236829  0.0184386 
0.375438   0.701378   -0.124832  0.0161532 
0.373948   0.771865   -0.19121   0.0165145 
0.455754   0.762304   -0.236894  0.0159869 
0.373961   0.842029   -0.257986  0.0181645 
0.464072   0.80719    -0.241931  0.0200227 
0.427783   0.847371   -0.224766  0.0158319 
0.340435   0.823706   -0.215494  0.0175851 
0.349752   0.757374   -0.167673  0.0152642 
0.432866   0.75556    -0.221626  0.015304  
0.465766   0.704399   -0.19755   0.0131312 
0.558215   0.77287    -0.325381  0.0128561 
0.558215   0.77287    -0.325381  0.0132838 
0.511828   0.69783    -0.228962  0.0116301 
0.590103   0.724922   -0.327164  0.0111013 
0.672249   0.697965   -0.377663  0.00640276
0.710823   0.619718   -0.417191  0.0147934 
0.795459   0.713893   -0.3914    0.00812007
0.755161   0.670507   -0.425373  0.00913628
0.848424   0.57772    -0.414366  0.00913306
0.790843   0.568184   -0.422349  0.00646976
0.736974   0.613527   -0.42567   0.00811805
0.723878   0.576311   -0.401564  0.0111044 
0.739991   0.550556   -0.402583  0.0106447 
0.718745   0.613942   -0.416197  0.0127317 
0.718745   0.613942   -0.416197  0.010617  
0.708844   0.702151   -0.396246  0.00837   
0.677042   0.616106   -0.386004  0.0119043 
0.617418   0.554223   -0.321518  0.0136283 
0.53801    0.56352    -0.198426  0.00971071
0.614803   0.635629   -0.345523  0.00672052
0.711198   0.618234   -0.41825   0.0115137 
0.727134   0.670713   -0.414308  0.00667528
0.794604   0.598074   -0.445089  0.00760791
0.800644   0.649574   -0.441266  0.0183091 
0.88146    0.719092   -0.347853  0.0246956 
0.918223   0.758317   -0.264098  0.0302639 
0.87614    0.783643   -0.239898  0.0313571 
0.937059   0.760126   -0.23605   0.04694   
0.975464   0.798092   -0.0250266 0.0317722 
0.877685   0.770313   -0.239878  0.0489857 
0.887375   0.84055    -0.11028   0.0641208 
0.929886   0.870046   0.112843   0.0659783 
0.907105   0.886473   0.00708697 0.0272969 
0.820057   0.807384   -0.258508  0.0307275 
0.820057   0.807384   -0.258508  0.0302778 
0.742857   0.84356    -0.251401  0.0192618 
0.761338   0.770007   -0.33535   0.0444565 
0.761338   0.770007   -0.33535   0.0444577 
0.761338   0.770007   -0.33535   0.0228022 
0.700766   0.846812   -0.315612  0.0258339 
0.737952   0.855763   -0.279227  0.0450446 
0.762206   0.915009   -0.0795074 0.0477014 
0.860358   0.863917   -0.0930582 0.0368056 
0.793474   0.882677   -0.178926  0.0487598 
0.764832   0.910075   -0.0364116 0.0420041 
0.794884   0.939006   -0.0552451 0.0373912 
0.850732   0.871919   -0.144387  0.0262201 
0.79189    0.774552   -0.318474  0.0182771 
0.748593   0.814912   -0.358829  0.0293869 
0.831925   0.78334    -0.290945  0.0177393 
0.785119   0.743777   -0.353625  0.0189667 
0.756168   0.725751   -0.371988  0.0295208 
0.799278   0.761422   -0.284325  0.0097172 
0.777765   0.702195   -0.420962  0.0191141 
0.708911   0.785181   -0.347579  0.0120976 
0.68094    0.72219    -0.384588  0.00867857
0.7522     0.64479    -0.435435  0.010581  
0.757967   0.679892   -0.429433  0.0055863 
0.756187   0.646362   -0.441712  0.0205793 
0.82106    0.744316   -0.320242  0.0165105 
0.725883   0.782001   -0.359033  0.012742  
0.691286   0.733303   -0.353475  0.0255443 
0.759634   0.749529   -0.311946  0.0210918 
0.788748   0.758833   -0.336992  0.0152229 
0.731701   0.774611   -0.3691    0.0102059 
0.666247   0.745201   -0.370096  0.0109668 
0.652692   0.680001   -0.373167  0.0147909 
0.563123   0.751929   -0.30414   0.018684  
0.602798   0.775218   -0.318386  0.018604  
0.624337   0.824629   -0.324559  0.0209666 
0.527067   0.875082   -0.301813  0.0651644 
0.536016   0.963148   -0.135392  0.0371426 
0.471596   1.05282    -0.171197  0.0720402 
0.560342   1.13588    0.0429614  0.0411169 
0.55678    1.09854    -0.0554644 0.0567626 
0.4896     1.12073    -0.0382632 0.0550577 
0.500629   1.10215    0.00828675 0.0493034 
0.492672   1.1147     -0.0521996 0.0431969 
0.578498   1.06121    -0.148035  0.0328981 
0.501231   0.999815   -0.216551  0.037329  
0.591855   1.04651    -0.138406  0.0453004 
0.591855   1.04651    -0.138406  0.0455203 
0.66228    0.996883   -0.110154  0.0510181 
0.687958   0.986131   -0.0295144 0.0579427 
0.589542   1.04224    -0.0747905 0.0457464 
0.666753   0.989767   -0.111922  0.0472855 
0.670094   0.991834   -0.0797707 0.0469239 
0.725052   1.04152    0.00527105 0.0689179 
0.818229   0.987095   0.210531   0.0499724 
0.75371    0.970541   -0.118398  0.0832718 
0.75371    0.970541   -0.118398  0.0422538 
0.787918   1.00144    -0.0468227 0.062194  
0.787918   1.00144    -0.0468227 0.0722159 
0.787918   1.00144    -0.0468227 0.0448131 
0.69677    0.956024   -0.14592   0.0366116 
0.680087   0.91909    -0.233164  0.0389003 
0.760591   0.856263   -0.213395  0.0684184 
0.747019   0.951192   0.0168418  0.0272112 
0.664108   0.881165   -0.265631  0.0142084 
0.6062     0.816992   -0.34213   0.0231052 
0.643081   0.875657   -0.256922  0.0435386 
0.602474   0.953642   -0.204074  0.0229426 
0.543053   0.894217   -0.253459  0.0203828 
0.446131   0.903893   -0.246522  0.0180874 
0.543302   0.862656   -0.280435  0.0197105 
0.494536   0.86364    -0.274202  0.0222806 
0.463518   0.904421   -0.270494  0.0171498 
0.442728   0.856861   -0.28079   0.0216272 
0.421688   0.943248   -0.266812  0.0215869 
0.322883   0.944375   -0.24236   0.0235645 
0.365673   0.997157   -0.227651  0.0289663 
0.352751   1.01058    -0.212287  0.0163288 
0.292036   0.940838   -0.258952  0.0161347 
0.385798   0.924454   -0.288716  0.0227678 
0.319186   0.953796   -0.24745   0.0215957 
0.405307   0.934179   -0.265765  0.0171921 
0.403886   0.903691   -0.29105   0.0182227 
0.438549   0.914829   -0.260299  0.0305058 
0.393743   1.00817    -0.245354  0.0196384 
0.356577   0.976983   -0.287625  0.028853  
0.313153   0.932613   -0.21059   0.0206942 
0.345718   0.961646   -0.225527  0.0300342 
0.286895   1.05301    -0.243106  0.0263149 
0.239867   1.06417    -0.231861  0.0222326 
0.250601   1.01769    -0.249696  0.0248048 
0.190524   0.953229   -0.204512  0.0167697 
0.153538   0.893389   -0.190236  0.0151928 
0.0546845  0.924064   -0.268763  0.018355  
0.149447   0.979244   -0.266706  0.0165236 
0.0964207  0.911667   -0.241076  0.0167897 
0.123001   0.849894   -0.173702  0.0176097 
0.117595   0.880223   -0.192373  0.0167794 
0.0707526  0.950436   -0.246862  0.0160626 
0.00373081 0.945844   -0.276517  0.0165178 
0.02091    0.871227   -0.180254  0.0178646 
0.00691949 0.845833   -0.179295  0.0159493 
0.0686619  0.884656   -0.187651  0.0167212 
0.164802   0.87832    -0.225861  0.0167839 
0.160429   0.927865   -0.224018  0.0181344 
0.0906592  0.835255   -0.211251  0.0178161 
0.132608   0.814247   -0.127938  0.0191298 
0.110187   0.778653   -0.0601077 0.0198634 
0.0485777  0.747685   0.00100831 0.0197168 
0.0220731  0.741392   0.0343955  0.0179575 
0.0119668  0.819496   -0.134696  0.0180446 
-0.0225683 0.826688   -0.126506  0.023139  
0.02612    0.918177   -0.187732  0.0165972 
-0.0684549 0.918942   -0.221632  0.0156035 
-0.0828005 0.926257   -0.217174  0.0156614 
-0.0380878 0.917804   -0.243478  0.0183731 
-0.127453  0.835255   -0.202693  0.0196671 
-0.179775  0.927752   -0.239807  0.0161246 
-0.236882  0.871972   -0.198234  0.0189398 
-0.328539  0.825485   -0.17271   0.0186087 
-0.34968   0.91547    -0.272934  0.0261107 
-0.424372  1.00928    -0.246299  0.0380644 
-0.497264  1.04513    -0.105046  0.0332434 
-0.434408  1.01286    -0.174793  0.0247919 
-0.48543   1.01822    -0.196311  0.0432156 
-0.44087   1.03933    -0.124435  0.0304955 
-0.361714  0.991005   -0.249983  0.0609053 
-0.394555  1.08269    -0.0439804 0.0333652 
-0.303533  1.13068    -0.186724  0.0798314 
-0.340939  1.18475    0.0609426  0.055981  
-0.401143  1.21238    0.0258795  0.182401  
-0.401778  1.26388    0.570625   0.0631767 
-0.308482  1.25589    0.171073   0.0854209 
-0.308482  1.25589    0.171073   0.0621253 
-0.273314  1.23783    -0.00518471 0.0809819 
-0.237297  1.26918    0.202555   0.0584139 
-0.14037   1.22829    0.0471087  0.0542174 
-0.080079  1.29991    0.0584973  0.075592  
-0.080079  1.29991    0.0584973  0.141479  
-0.080079  1.29991    0.0584973  0.0595328 
-0.146198  1.2159     -0.041637  0.0658215 
-0.0578282 1.26136    0.109949   0.0443277 
-0.127185  1.22013    -0.0667687 0.0499266 
-0.0585192 1.24987    0.022786   0.0562975 
-0.118807  1.24497    0.0292316  0.0750785 
-0.050574  1.32848    0.145336   0.12454   
-0.0589814 1.37559    0.578057   0.0951077 
-0.0377378 1.37841    0.445524   0.0681679 
-0.121055  1.34832    0.247027   0.12232   
-0.0819705 1.44037    0.762895   0.194039  
-0.158342  1.44701    1.06433    0.131661  
-0.119716  1.4603     0.787578   0.303483  
-0.119716  1.4603     0.787578   0.15233   
-0.185503  1.49025    0.969691   0.0918031 
-0.176327  1.39625    0.539402   0.1706    
-0.25046   1.41613    1.06608    0.0968061 
-0.345271  1.33155    0.31058    0.0945166 
-0.254251  1.39015    0.402144   0.182796  
-0.254251  1.39015    0.402144   0.152744  
-0.254251  1.39015    0.402144   0.116182  
-0.351055  1.4268     0.646739   0.134726  
-0.436446  1.34107    0.721874   0.124131  
-0.436446  1.34107    0.721874   0.160796  
-0.436446  1.34107    0.721874   0.0992983 
-0.343627  1.28156    0.29086    0.0672338 
-0.348397  1.20829    0.0706161  0.0524491 
-0.306741  1.17081    -0.0120009 0.0365113 
-0.384582  1.12242    -0.181293  0.0344125 
-0.406898  1.04674    -0.152901  0.0265931 
-0.330845  1.09864    -0.251732  0.0431547 
-0.330845  1.09864    -0.251732  0.0244302 
-0.234093  1.03779    -0.259948  0.016538  
-0.270154  0.942867   -0.250171  0.0241311 
-0.195879  0.96923    -0.265001  0.017146  
-0.194892  0.90972    -0.213335  0.0201072 
-0.119042  0.977559   -0.260017  0.0166495 
-0.196454  0.999564   -0.258431  0.0181878 
-0.167621  0.994996   -0.251134  0.0248179 
-0.150602  0.999484   -0.2378    0.0186517 
-0.0771972 0.999944   -0.26088   0.0163766 
-0.083766  0.928078   -0.257674  0.018811  
-0.166919  0.986625   -0.267864  0.0234338 
-0.0707424 1.03477    -0.25645   0.0337836 
-0.0956394 1.04184    -0.23036   0.0676602 
-0.0924742 1.09065    -0.111764  0.037286  
-0.128123  1.10142    -0.184199  0.0363238 
-0.134729  1.1053     -0.212278  0.0263605 
-0.143187  1.05087    -0.208812  0.0280758 
-0.189135  1.08857    -0.218836  0.0457936 
-0.217003  1.1596     -0.102233  0.0340096 
-0.124953  1.10995    -0.197507  0.0526916 
-0.0462533 1.03453    -0.241904  0.0224036 
-0.0703849 1.00892    -0.248114  0.0299749 
-0.107286  1.06519    -0.207439  0.0181404 
-0.203444  0.982293   -0.299305  0.0175209 
-0.192     0.918149   -0.23568   0.0175193 
-0.192     0.918149   -0.23568   0.0151808 
-0.198605  0.92705    -0.27466   0.0194118 
-0.205441  0.973732   -0.262426  0.0272785 
-0.198675  1.04048    -0.213571  0.0419136 
-0.273491  1.0951     -0.159143  0.0315577 
-0.277216  1.07487    -0.180085  0.0261495 
-0.344851  1.04205    -0.226185  0.0365153 
-0.329588  1.10904    -0.195437  0.039053  
-0.339424  1.14883    -0.0820898 0.0480173 
-0.371281  1.16907    -0.0302088 0.0629591 
-0.362173  1.20499    0.0958518  0.0476699 
-0.379725  1.19778    0.0113976  0.0674175 
-0.292884  1.27366    0.168892   0.0774927 
-0.229615  1.17391    -0.0550617 0.16592   
-0.25841   1.25038    0.396544   0.0766792 
-0.250977  1.27375    0.202442   0.0610447 
-0.287249  1.23631    0.0720823  0.0562489 
-0.264619  1.1779     0.0200071  0.0543582 
-0.327781  1.2445     0.0290247  0.078388  
-0.327781  1.2445     0.0290247  0.0668552 
-0.397068  1.17146    0.0226127  0.1699    
-0.397068  1.17146    0.0226127  0.0752034 
-0.404844  1.26466    0.242907   0.0896459 
-0.319753  1.29831    0.275538   0.0809079 
-0.324464  1.22331    0.244547   0.035309  
-0.323131  1.14375    -0.183291  0.0535122 
-0.361922  1.19887    -0.00144532 0.100875  
-0.333413  1.1898     0.0568389  0.0954921 
-0.333413  1.1898     0.0568389  0.0555775 
-0.384804  1.20015    0.0145935  0.0530994 
-0.362139  1.17649    0.0132471  0.0495575 
-0.401061  1.17071    -0.0241162 0.0654318 
-0.359126  1.20668    -0.0752095 0.0434892 
-0.361647  1.15851    -0.0846829 0.0674495 
-0.285633  1.19676    0.0138439  0.0440839 
-0.328952  1.09767    -0.103518  0.0499021 
-0.366843  1.17061    -0.0183421 0.0476474 
-0.271123  1.152      -0.01633   0.0630734 
-0.210119  1.17316    -0.0637065 0.0395707 
-0.178251  1.17426    -0.133757  0.04342   
-0.0939765 1.20528    -0.140633  0.0590877 
-0.0939765 1.20528    -0.140633  0.0468136 
-0.0773986 1.17884    -0.114652  0.0508723 
-0.13769   1.19763    -0.0987891 0.0929403 
-0.0569568 1.21744    0.0513873  0.0342212 
-0.121445  1.15635    -0.156573  0.0511047 
-0.170386  1.19285    -0.089156  0.0957532 
-0.170386  1.19285    -0.089156  0.0277424 
-0.107849  1.10463    -0.216487  0.0436679 
-0.19713   1.18488    -0.11385   0.0604591 
-0.226102  1.19662    0.0013051  0.0251528 
-0.244036  1.11299    -0.213023  0.046959  
-0.201963  1.10844    -0.11585   0.0369312 
-0.281332  1.11456    -0.156108  0.0435065 
-0.27892   1.19013    -0.0957243 0.0491209 
-0.243288  1.12742    -0.146894  0.0587082 
-0.31433   1.14048    -0.0547145 0.0545272 
-0.223665  1.11629    -0.129506  0.0188811 
-0.222537  1.0525     -0.252389  0.0277749 
-0.151923  1.14358    -0.190967  0.0329579 
-0.245574  1.08229    -0.188964  0.0285322 
-0.307597  1.03794    -0.236248  0.0396935 
-0.304935  1.11367    -0.166561  0.0520496 
-0.386772  1.10847    -0.0757015 0.0687845 
-0.386772  1.10847    -0.0757015 0.0402694 
-0.451517  1.10855    -0.127698  0.0409492 
-0.396835  1.10975    -0.16668   0.045255  
-0.378152  1.1666     -0.0473447 0.0989014 
-0.324007  1.23038    0.231192   0.0677891 
-0.410875  1.2449     0.192862   0.055374  
-0.398967  1.22355    0.0151505  0.11452   
-0.398967  1.22355    0.0151505  0.0822536 
-0.457985  1.1501     0.147688   0.0589601 
-0.48628   1.065      -0.0104245 0.030021  
-0.396085  1.06065    -0.214904  0.0412864 
-0.406946  1.13157    -0.111645  0.0593586 
-0.505661  1.08434    0.0367581  0.0248876 
-0.427955  1.01148    -0.21952   0.0195634 
-0.465649  0.992422   -0.27008   0.0213551 
-0.437332  0.944799   -0.267669  0.0214194 
-0.511347  0.866584   -0.2609    0.0193321 
-0.473516  0.892796   -0.274868  0.0310001 
-0.512861  0.913774   -0.239812  0.0295666 
-0.55316   0.878411   -0.264327  0.0155496 
-0.513472  0.867197   -0.289754  0.0220269 
-0.486833  0.907531   -0.261068  0.0158155 
-0.481358  0.813695   -0.261269  0.0173027 
-0.487345  0.821525   -0.26953   0.0212474 
-0.479155  0.853519   -0.246997  0.0158476 
-0.422569  0.781484   -0.21576   0.0139968 
-0.505598  0.773918   -0.265669  0.0167797 
-0.44586   0.762642   -0.24523   0.0147536 
-0.460855  0.714133   -0.177281  0.0137254 
-0.524259  0.615438   -0.229156  0.0130333 
-0.56635   0.708079   -0.306653  0.0100357 
-0.61649   0.655985   -0.359406  0.00932237
-0.642613  0.681696   -0.36384   0.00996226
-0.65864   0.676098   -0.354946  0.0150954 
-0.65864   0.676098   -0.354946  0.0108404 
-0.622295  0.688491   -0.331316  0.00861735
-0.650018  0.598746   -0.373808  0.00816494
-0.726757  0.671442   -0.432878  0.0190817 
-0.637233  0.729127   -0.33319   0.0144188 
-0.580389  0.768788   -0.313262  0.0286049 
-0.559829  0.823396   -0.234124  0.0156765 
-0.462417  0.73814    -0.237307  0.0132199 
-0.541395  0.720761   -0.282436  0.0161527 
-0.442899  0.753563   -0.226804  0.0169219 
-0.353904  0.778766   -0.196611  0.0180591 
-0.269447  0.748981   -0.0905193 0.022936  
-0.186591  0.67623    0.0920536  0.0179025 
-0.285268  0.773005   -0.158087  0.0176778 
-0.325167  0.722211   -0.0854767 0.0175308 
-0.33319   0.781287   -0.196024  0.0148625 
-0.424476  0.813064   -0.266477  0.0171737 
-0.382931  0.76842    -0.1754    0.020383  
-0.312481  0.672985   0.0217394  0.0196813 
-0.404801  0.589954   -0.00671792 0.0220411 
-0.344445  0.600952   0.0219461  0.0210362 
-0.317229  0.634124   0.0546335  0.0206045 
-0.395639  0.565975   0.0230837  0.0207381 
-0.380781  0.612682   -0.0263237 0.0190689 
-0.380781  0.612682   -0.0263237 0.0215687 
-0.380781  0.612682   -0.0263237 0.0160421 
-0.475496  0.579635   -0.10782   0.0167946 
-0.460742  0.664443   -0.176599  0.0131917 
-0.526081  0.620837   -0.207384  0.0161834 
-0.477614  0.533146   -0.0651764 0.0139298 
-0.518844  0.539941   -0.131459  0.0172238 
-0.52508   0.498179   -0.122494  0.0182704 
-0.43382   0.567577   -0.0344441 0.0139368 
-0.515359  0.61422    -0.181359  0.0145553 
-0.505601  0.63442    -0.209579  0.0179351 
-0.505601  0.63442    -0.209579  0.0138231 
-0.523969  0.66578    -0.230848  0.0108875 
-0.597673  0.699609   -0.334544  0.0108934 
-0.67658   0.680959   -0.387043  0.00855074
-0.673699  0.67088    -0.402266  0.00804314
-0.763105  0.575026   -0.400482  0.00793546
-0.663752  0.64896    -0.377092  0.00763734
-0.73651   0.642647   -0.432786  0.00754215
-0.815308  0.637475   -0.438584  0.0104941 
-0.746954  0.701085   -0.395457  0.00917844
-0.728884  0.710909   -0.413733  0.0096865 
-0.639638  0.639622   -0.36672   0.00721921
-0.679239  0.633496   -0.399236  0.0100378 
-0.598199  0.604044   -0.290404  0.0123083 
-0.563998  0.655439   -0.277143  0.0149798 
-0.468973  0.70451    -0.221512  0.0136491 
-0.527814  0.644156   -0.255312  0.0134382 
-0.539534  0.649894   -0.25895   0.0125008 
-0.550217  0.630865   -0.248219  0.0139317 
-0.544883  0.553095   -0.194801  0.0156048 
-0.544883  0.553095   -0.194801  0.0163334 
-0.544883  0.553095   -0.194801  0.013478  
-0.584424  0.52543    -0.230866  0.0200117 
-0.590866  0.470062   -0.147294  0.0220592 
-0.542851  0.457543   -0.0818218 0.0206921 
-0.479834  0.456256   0.018665   0.0369748 
-0.479834  0.456256   0.018665   0.0183045 
-0.479834  0.456256   0.018665   0.0189624 
-0.429731  0.532531   0.00438573 0.0169317 
-0.486027  0.510747   -0.053933  0.0138004 
-0.527011  0.606526   -0.203671  0.0129675 
-0.573218  0.547934   -0.26901   0.0121896 
-0.59184   0.560697   -0.289918  0.0135632 
-0.626554  0.53308    -0.315201  0.0101801 
-0.618634  0.583126   -0.322882  0.00908846
-0.63821   0.665718   -0.359019  0.00865709
-0.651705  0.614094   -0.37768   0.00717706
-0.727368  0.610843   -0.430145  0.00896281
-0.801147  0.667524   -0.434224  0.00798199
-0.754777  0.582177   -0.431695  0.00813747
-0.70815   0.580413   -0.397354  0.00701718
-0.708221  0.630578   -0.424265  0.0120706 
-0.781026  0.721816   -0.411106  0.0114513 
-0.696806  0.72621    -0.3703    0.0151625 
-0.660244  0.806978   -0.326081  0.0109031 
-0.61498   0.725141   -0.350886  0.0125093 
-0.543676  0.711908   -0.270937  0.0137363 
-0.531812  0.783945   -0.302754  0.0163478 
-0.443461  0.711125   -0.207887  0.0194846 
-0.39367   0.627191   -0.035755  0.0238991 
-0.324667  0.573656   0.113331   0.0226385 
-0.339708  0.599611   0.0471091  0.0253657 
-0.278907  0.595628   0.108184   0.0219686 
-0.274084  0.639059   0.0737645  0.0172971 
-0.338457  0.7219     -0.0974733 0.0162245 
-0.423995  0.702315   -0.132345  0.0190289 
-0.352307  0.669521   -0.0248994 0.0191092 
-0.301568  0.725261   -0.0688475 0.0175348 
-0.355656  0.711105   -0.114682  0.0191183 
-0.38056   0.665342   -0.0684475 0.0176213 
-0.405223  0.730582   -0.176151  0.0135291 
-0.496284  0.777154   -0.266178  0.0145598 
-0.487541  0.715771   -0.256824  0.0202404 
-0.57566   0.781644   -0.295548  0.0256928 
-0.57566   0.781644   -0.295548  0.0161446 
-0.570709  0.780905   -0.279574  0.0163364 
-0.635313  0.74296    -0.312597  0.00826974
-0.727536  0.672443   -0.416914  0.00899458
-0.767189  0.68933    -0.41904   0.0224151 
-0.85504   0.757289   -0.314498  0.0267255 
-0.897804  0.78029    -0.287328  0.0360082 
-0.865337  0.75744    -0.240206  0.0200109 
-0.816173  0.771984   -0.34723   0.0264905 
-0.842061  0.743806   -0.29381   0.0236587 
-0.79891   0.768262   -0.317759  0.0214292 
-0.728845  0.793493   -0.346416  0.0204993 
-0.762632  0.790418   -0.316501  0.0404789 
-0.835679  0.842421   -0.151672  0.0308586 
-0.74984   0.784438   -0.306473  0.0249932 
-0.813941  0.774861   -0.318165  0.0662441 
-0.84829   0.8028     -0.135772  0.0450938 
-0.834311  0.902418   -0.058659  0.0284475 
-0.82065   0.807417   -0.267202  0.0182566 
-0.773819  0.754226   -0.358192  0.0115003 
-0.696448  0.71994    -0.361363  0.0125893 
-0.715711  0.71536    -0.388364  0.00896633
-0.799388  0.678711   -0.434784  0.0125038 
-0.892361  0.662559   -0.406277  0.00945289
-0.843026  0.570864   -0.424702  0.0210318 
-0.843026  0.570864   -0.424702  0.00597816
-0.788059  0.617041   -0.454646  0.0101647 
-0.781449  0.559861   -0.421139  0.0203476 
-0.812181  0.496742   -0.269522  0.0287471 
-0.911444  0.453731   -0.0832771 0.0466428 
-0.911444  0.453731   -0.0832771 0.0221177 
-0.918583  0.476846   -0.121539  0.03133   
-0.918583  0.476846   -0.121539  0.0174615 
-0.975763  0.500854   -0.181506  0.032542  
-1.02141   0.415089   0.244999   0.0165609 
-0.976335  0.503356   -0.157051  0.0187339 
-1.04459   0.474197   -0.0111408 0.0346514 
-1.0484    0.401231   0.328626   0.0503258 
-1.0484    0.401231   0.328626   0.0201479 
-1.00757   0.475918   -0.07012   0.0201796 
-1.01005   0.474106   -0.0412942 0.0349892 
-1.01005   0.474106   -0.0412942 0.018415  
-1.07609   0.475541   0.0207728  0.0434487 
-1.06254   0.380176   0.478139   0.0698523 
-1.06254   0.380176   0.478139   0.0553139 
-1.06254   0.380176   0.478139   0.0291298 
-1.02851   0.429459   0.156604   0.0299269 
-0.996575  0.430737   0.120775   0.0336198 
-0.916685  0.432101   0.0272986  0.0185677 
-0.896794  0.501582   -0.236857  0.0107149 
-0.866771  0.570825   -0.401269  0.00897464
-0.827463  0.622161   -0.44786   0.00715841
-0.87016   0.611962   -0.430008  0.0108678 
-0.910646  0.59438    -0.378865  0.0190724 
-0.910646  0.59438    -0.378865  0.0108967 
-0.985163  0.588885   -0.318054  0.0211198 
-0.929808  0.677506   -0.312665  0.00935418
-0.847788  0.631111   -0.433568  0.00868339
-0.770913  0.650915   -0.427584  0.00803274
-0.859799  0.605528   -0.429169  0.0105137 
-0.870989  0.558662   -0.396067  0.0110209 
-0.776245  0.553792   -0.423279  0.017363  
-0.863675  0.508603   -0.258676  0.0266538 
-0.821029  0.471168   -0.223584  0.0150954 
-0.889887  0.526815   -0.329799  0.0338931 
-0.889887  0.526815   -0.329799  0.0132625 
-0.953583  0.532966   -0.273477  0.0250702 
-0.895642  0.467089   -0.0984136 0.0236834 
-0.821681  0.473279   -0.172299  0.0408162 
-0.821681  0.473279   -0.172299  0.0157126 
-0.904256  0.523477   -0.293038  0.0310707 
-0.890133  0.439613   0.0402977  0.0236126 
-0.9848    0.46422    -0.0586211 0.0284919 
-0.9848    0.46422    -0.0586211 0.024623  
-0.949285  0.466353   -0.115781  0.0170246 
-0.958931  0.510395   -0.22044   0.0226546 
-0.978775  0.467746   -0.038578  0.0299873 
-0.986937  0.426442   0.132544   0.0489932 
-0.986937  0.426442   0.132544   0.0145723 
-1.08421   0.510094   -0.0367543 0.0168441 
-1.0565    0.476785   0.0211909  0.0169651 
-1.02636   0.496044   -0.100509  0.0130015 
-1.06499   0.54714    -0.147718  0.0241313 
-1.06141   0.611836   -0.132837  0.0169486 
-1.06141   0.611836   -0.132837  0.018398  
-1.02033   0.598519   -0.217681  0.0302672 
-1.06201   0.664574   -0.100183  0.0128045 
-0.977253  0.601994   -0.320594  0.0173576 
-0.905628  0.665776   -0.376422  0.0128989 
-0.84102   0.694595   -0.415584  0.00930385
-0.834928  0.692481   -0.445803  0.0185025 
-0.777032  0.754853   -0.344008  0.0135951 
-0.710335  0.728317   -0.384035  0.00785096
-0.657748  0.636581   -0.367668  0.00575903
-0.740111  0.620962   -0.434466  0.0115178 
-0.705477  0.545973   -0.339478  0.0131773 
-0.801496  0.5376     -0.405511  0.0164142 
-0.743682  0.517548   -0.366419  0.00646357
-0.774553  0.599349   -0.439239  0.0083578 
-0.718155  0.678407   -0.400012  0.00728395
-0.732212  0.632006   -0.421422  0.0101575 
-0.732335  0.556766   -0.402723  0.0124544 
-0.823297  0.545688   -0.414389  0.00997733
-0.918098  0.62138    -0.405139  0.016169  
-1.00832   0.629488   -0.299637  0.0278086 
-1.00832   0.629488   -0.299637  0.0128161 
-1.00832   0.629488   -0.299637  0.0241176 
-0.976404  0.650061   -0.268365  0.0107832 
-0.897668  0.558625   -0.383266  0.0218716 
-0.935931  0.47784    -0.15582   0.0154689 
-0.859173  0.522448   -0.332505  0.0166931 
-0.927463  0.512025   -0.263678  0.0145914 
-0.868443  0.530884   -0.370256  0.00896574
-0.791775  0.580574   -0.425272  0.00807321
-0.850442  0.608841   -0.421218  0.0195481 
-0.850442  0.608841   -0.421218  0.00586942
-0.793214  0.60946    -0.446139  0.00574024
-0.74472   0.619688   -0.428931  0.00759616
-0.791476  0.583109   -0.435503  0.00702937
-0.780838  0.60069    -0.440765  0.00873188
-0.782625  0.569344   -0.403227  0.0062865 
-0.815027  0.621809   -0.443621  0.0125397 
-0.776279  0.540652   -0.393556  0.00666409
-0.80096   0.610539   -0.447394  0.007538  
-0.831697  0.604952   -0.438603  0.0117293 
-0.868524  0.645235   -0.42722   0.0152265 
-0.930688  0.644189   -0.359176  0.0121617 
-1.01587   0.547305   -0.219695  0.0124492 
-1.11081   0.51798    0.00837204 0.027335  
-1.19934   0.572023   0.205586   0.0434489 
-1.19934   0.572023   0.205586   0.0359536 
-1.19934   0.572023   0.205586   0.045002  
-1.19934   0.572023   0.205586   0.0256621 
-1.24355   0.511008   0.397976   0.0210744 
-1.22156   0.509151   0.293815   0.0288798 
-1.22156   0.509151   0.293815   0.0221985 
-1.2572    0.446051   0.5364     0.0279198 
-1.2572    0.446051   0.5364     0.0226452 
-1.23139   0.440239   0.412274   0.0356396 
-1.27939   0.378992   0.915848   0.0725257 
-1.25445   0.310998   1.51346    0.104372  
-1.25445   0.310998   1.51346    0.152407  
-1.25445   0.310998   1.51346    0.0548966 
-1.27395   0.335107   1.22528    0.140656  
-1.26948   0.246702   3.0038     0.0578719 
-1.17071   0.343542   0.872441   0.0990107 
-1.17071   0.343542   0.872441   0.024764  
-1.10134   0.428841   0.266408   0.0408385 
-1.08349   0.387377   0.449649   0.0754958 
-1.00755   0.310892   1.16714    0.125412  
-1.00755   0.310892   1.16714    0.110405  
-1.00755   0.310892   1.16714    0.05167   
-0.929415  0.346873   0.84584    0.0433582 
-0.958209  0.364548   0.742227   0.0457418 
-0.929845  0.374098   0.525623   0.0291066 
-0.937622  0.444837   0.0268203  0.0142424 
-0.944342  0.526156   -0.288498  0.0242784 
-0.944342  0.526156   -0.288498  0.0287318 
-0.944342  0.526156   -0.288498  0.0157884 
-0.944342  0.526156   -0.288498  0.0129007 
-0.966399  0.612044   -0.338322  0.0148062 
-0.924054  0.530226   -0.336354  0.0227386 
-0.924397  0.480991   -0.145719  0.0297618 
-0.920313  0.445097   0.0252513  0.0362772 
-0.920313  0.445097   0.0252513  0.0189527 
-0.993996  0.484709   -0.095106  0.0363737 
-1.07648   0.392137   0.455305   0.0280137 
-1.00349   0.437884   0.0673626  0.0242809 
-0.957792  0.463226   -0.0284365 0.0239741 
-1.02584   0.455273   0.0280673  0.0275928 
-1.0993    0.42167    0.280441   0.0183225 
-1.14637   0.467963   0.15027    0.0261965 
-1.16242   0.412647   0.452735   0.0192488 
-1.13157   0.468126   0.116046   0.0354988 
-1.16122   0.392707   0.519898   0.0293334 
-1.12021   0.407137   0.369693   0.0272734 
-1.1532    0.414845   0.360702   0.0415692 
-1.1532    0.414845   0.360702   0.0489614 
-1.1532    0.414845   0.360702   0.0267814 
-1.14249   0.41045    0.45595    0.0186529 
-1.09368   0.470713   0.0713216  0.030164  
-1.09368   0.470713   0.0713216  0.0365013 
-1.09368   0.470713   0.0713216  0.0139746 
-1.03993   0.520485   -0.145275  0.0211474 
-1.03993   0.520485   -0.145275  0.0124444 
-1.05766   0.537384   -0.140011  0.0139149 
-0.989517  0.518613   -0.186324  0.0171751 
-1.03051   0.489724   -0.0541639 0.0200759 
-1.12866   0.581957   0.0169197  0.0390095 
-1.12598   0.647711   0.110095   0.0247087 
-1.18424   0.566274   0.209375   0.0285834 
-1.14409   0.589051   0.0980745  0.0370874 
-1.1108    0.616325   -0.00441496 0.0139105 
-1.14816   0.538691   0.0551553  0.0192251 
-1.10689   0.46178    0.108745   0.0305741 
-1.00973   0.422049   0.156525   0.0412731 
-0.946819  0.395967   0.286277   0.0641357 
-0.946819  0.395967   0.286277   0.0675217 
-0.869413  0.315575   1.27919    0.136971  
-0.869413  0.315575   1.27919    0.0787281 
-0.869413  0.315575   1.27919    0.118691  
-0.869413  0.315575   1.27919    0.0489684 
-0.792824  0.381369   0.53975    0.0427364 
-0.781348  0.395314   0.355505   0.0506609 
-0.781348  0.395314   0.355505   0.0353536 
-0.877739  0.424013   0.129215   0.0396616 
-0.964959  0.399112   0.288081   0.0242867 
-0.922747  0.467125   -0.131556  0.0118404 
-0.945148  0.56367    -0.327702  0.0161634 
-1.00855   0.605884   -0.249193  0.0231083 
-1.07173   0.631552   -0.10226   0.0355023 
-1.07173   0.631552   -0.10226   0.0117282 
-1.04695   0.549073   -0.188106  0.0185461 
-1.06596   0.470579   0.0497703  0.0209626 
-1.10274   0.455435   0.110717   0.0472761 
-1.10274   0.455435   0.110717   0.0467098 
-1.07087   0.365948   0.629047   0.0440805 
-1.1475    0.370802   0.645885   0.0555471 
-1.14766   0.350815   0.712574   0.0675041 
-1.09927   0.327483   1.00346    0.0686112 
-1.09927   0.327483   1.00346    0.132262  
-1.09927   0.327483   1.00346    0.0764195 
-1.09927   0.327483   1.00346    0.15317   
-1.09927   0.327483   1.00346    0.0922346 
-1.13768   0.285295   1.74939    0.231113  
-1.13768   0.285295   1.74939    0.158084  
-1.13768   0.285295   1.74939    0.194381  
-1.13768   0.285295   1.74939    0.0640956 
-1.103     0.313483   1.41645    0.0856161 
-1.103     0.313483   1.41645    0.0422395 
-1.04738   0.368785   0.641662   0.0792999 
-1.04738   0.368785   0.641662   0.0418098 
-1.09749   0.37181    0.565726   0.0509792 
-1.09749   0.37181    0.565726   0.0901675 
-1.09749   0.37181    0.565726   0.0212877 
-1.05293   0.451207   0.159418   0.0181593 
-1.08753   0.465377   0.102772   0.0312647 
-1.16736   0.408063   0.390075   0.0380228 
-1.1184    0.386355   0.479646   0.0747326 
-1.1184    0.386355   0.479646   0.0180975 
-1.10362   0.46501    0.143844   0.0253107 
-1.10371   0.429742   0.233158   0.0358551 
-1.08032   0.400407   0.338621   0.0206385 
-1.01695   0.480399   -0.0699958 0.0157384 
-1.04995   0.492889   -0.0329848 0.0164861 
-0.975502  0.592385   -0.294127  0.0132261 
-0.919757  0.541836   -0.357191  0.0148325 
-0.938706  0.523649   -0.261461  0.0168077 
-1.01243   0.504629   -0.148414  0.0308075 
-1.0482    0.417666   0.262285   0.0150819 
-0.999078  0.509883   -0.1583    0.0120499 
-0.96319   0.553378   -0.311667  0.015107  
-1.01755   0.524034   -0.192158  0.028013  
-1.01755   0.524034   -0.192158  0.0092625 
-0.922311  0.591091   -0.382586  0.0119285 
-0.924559  0.601628   -0.382731  0.0108696 
-0.914777  0.55833    -0.369629  0.00855717
-0.880984  0.630989   -0.428033  0.0205948 
-0.882901  0.726813   -0.368995  0.0157317 
-0.850723  0.682335   -0.388306  0.00717145
-0.769918  0.599197   -0.446647  0.0092329 
-0.819533  0.680028   -0.432867  0.0319151 
-0.78805   0.757147   -0.29024   0.018131  
-0.734513  0.770288   -0.356612  0.0171064 
-0.634914  0.832713   -0.302483  0.0285431 
-0.64669   0.896828   -0.241113  0.0282413 
-0.731195  0.861143   -0.225874  0.026752  
-0.676756  0.916401   -0.221906  0.0258585 
-0.696794  0.83356    -0.29941   0.0342806 
-0.743646  0.881875   -0.227189  0.0205326 
-0.645705  0.844939   -0.291401  0.0249106 
-0.653579  0.913711   -0.260184  0.0196702 
-0.66508   0.831337   -0.288414  0.0221998 
-0.709828  0.751198   -0.338804  0.0195542 
-0.686907  0.79672    -0.31609   0.0214532 
-0.686907  0.79672    -0.31609   0.0199245 
-0.668988  0.81569    -0.326098  0.016085  
-0.583158  0.852818   -0.304004  0.024005  
-0.650708  0.847361   -0.295385  0.0236579 
-0.739535  0.805302   -0.305046  0.042776  
-0.77636   0.90332    -0.122388  0.0201291 
-0.681173  0.819126   -0.3023    0.0171138 
-0.693579  0.823402   -0.355046  0.0295277 
-0.633652  0.916506   -0.256676  0.0253979 
-0.724911  0.840185   -0.30106   0.0403237 
-0.783763  0.914828   -0.166885  0.0445616 
-0.734679  0.995965   -0.0356047 0.0422727 
-0.73714   0.925798   -0.199969  0.047419  
-0.714993  0.955605   -0.075311  0.0290161 
-0.693297  0.873681   -0.235866  0.0159076 
-0.699318  0.786101   -0.357608  0.0299677 
-0.6704    0.853644   -0.27168   0.0180769 
-0.674375  0.79214    -0.322633  0.0317798 
-0.62127   0.752815   -0.298289  0.0143307 
-0.556833  0.84637    -0.309484  0.0151227 
-0.465271  0.783118   -0.249226  0.0131003 
-0.523463  0.729687   -0.276333  0.0150742 
-0.480817  0.6325     -0.148968  0.0199575 
-0.401743  0.5506     0.0754783  0.0248385 
-0.347945  0.55168    0.094149   0.0196633 
-0.400195  0.604377   -0.0494398 0.016406  
-0.488422  0.521142   -0.0858709 0.0186661 
-0.439012  0.540332   -0.0406355 0.0218374 
-0.439012  0.540332   -0.0406355 0.0215346 
-0.351091  0.599453   0.0415019  0.0178958 
-0.376372  0.697216   -0.115324  0.0189622 
-0.348667  0.680932   -0.0500472 0.0214559 
-0.346209  0.592734   0.0992089  0.0178313 
-0.441441  0.558497   -0.0347948 0.0151409 
-0.506051  0.5657     -0.163308  0.018656  
-0.412509  0.576446   0.0165545  0.0227137 
-0.320489  0.570312   0.177606   0.0234246 
-0.356429  0.535235   0.132829   0.0242759 
-0.313528  0.583249   0.106307   0.0240195 
-0.2922    0.600643   0.108865   0.0266791 
-0.2922    0.600643   0.108865   0.0281033 
-0.234787  0.565524   0.28879    0.0240633 
-0.23739   0.624825   0.128946   0.023741  
-0.289886  0.59069    0.186063   0.0246692 
-0.287448  0.611136   0.0806399  0.0200362 
-0.34237   0.698403   -0.109288  0.0186024 
-0.321466  0.722559   -0.116557  0.0199813 
-0.327831  0.668485   0.0106242  0.0174197 
-0.331019  0.758422   -0.180657  0.0176098 
-0.418407  0.66507    -0.130242  0.0216705 
-0.418407  0.66507    -0.130242  0.0184589 
-0.368068  0.707641   -0.126212  0.0149719 
-0.462204  0.734607   -0.227218  0.0172247 
-0.399339  0.720207   -0.15825   0.0139451 
-0.498353  0.689943   -0.204662  0.0159463 
-0.429869  0.777613   -0.240344  0.0141512 
-0.459517  0.737078   -0.21576   0.014269  
-0.495293  0.73989    -0.229478  0.013855  
-0.525356  0.68708    -0.281113  0.0152444 
-0.573774  0.756656   -0.321675  0.0143379 
-0.564573  0.769974   -0.32677   0.0154112 
-0.47129   0.687065   -0.19703   0.0150585 
-0.46975   0.712911   -0.216556  0.0132001 
-0.529242  0.694832   -0.263012  0.0158903 
-0.472666  0.603047   -0.12754   0.0192977 
-0.380386  0.645266   -0.0688921 0.0185075 
-0.367359  0.646209   -0.0242772 0.015555  
-0.462978  0.598523   -0.116687  0.0128165 
-0.538565  0.579882   -0.217374  0.0105208 
-0.601263  0.635532   -0.332401  0.00851539
-0.672982  0.609746   -0.395467  0.00788785
-0.667038  0.626604   -0.377149  0.013275  
-0.762358  0.718877   -0.393777  0.00577415
-0.770203  0.620019   -0.448661  0.00732391
-0.799406  0.615609   -0.440977  0.015409  
-0.799406  0.615609   -0.440977  0.0145012 
-0.799406  0.615609   -0.440977  0.0234943 
-0.799406  0.615609   -0.440977  0.0159975 
-0.799669  0.521803   -0.365027  0.0206373 
-0.799669  0.521803   -0.365027  0.0127432 
-0.89127   0.542767   -0.342497  0.0319617 
-0.89127   0.542767   -0.342497  0.0102493 
-0.912042  0.624866   -0.402903  0.0210746 
-0.932698  0.679733   -0.336058  0.0368683 
-0.932698  0.679733   -0.336058  0.014915  
-0.932698  0.679733   -0.336058  0.0305638 
-0.932698  0.679733   -0.336058  0.00901574
-0.874919  0.624736   -0.420705  0.011939  
-0.943676  0.58095    -0.367666  0.011071  
-0.981807  0.552575   -0.280213  0.0129986 
-0.970425  0.603542   -0.323017  0.0156202 
-0.919671  0.67573    -0.380599  0.0324034 
-0.903307  0.774871   -0.183504  0.0432014 
-0.85146   0.80206    -0.20472   0.0487765 
-0.918114  0.809956   -0.0918586 0.0331212 
-0.977264  0.714041   -0.177699  0.035638  
-1.06127   0.670078   -0.0555999 0.0320887 
-1.03682   0.716058   -0.091692  0.0179592 
-0.940275  0.678689   -0.331696  0.0161151 
-0.961126  0.643944   -0.341859  0.0155594 
-0.870861  0.698297   -0.367541  0.0252029 
-0.870861  0.698297   -0.367541  0.0123894 
-0.804308  0.607719   -0.434046  0.0063626 
-0.816024  0.603771   -0.446319  0.0117927 
-0.816024  0.603771   -0.446319  0.0168193 
-0.900503  0.515246   -0.287227  0.0101777 
-0.882853  0.563945   -0.387815  0.0128498 
-0.892484  0.63048    -0.399038  0.0262131 
-0.919389  0.713431   -0.296324  0.0129595 
-0.822973  0.666741   -0.421305  0.0144572 
-0.840837  0.667752   -0.418162  0.00981191
-0.904467  0.589283   -0.394461  0.0103343 
-0.901698  0.568847   -0.400256  0.0146813 
-0.912697  0.532653   -0.331821  0.0253569 
-0.912697  0.532653   -0.331821  0.00620435
-0.817356  0.629488   -0.454907  0.0132417 
-0.850665  0.641413   -0.390806  0.0117489 
-0.862417  0.665273   -0.411562  0.0150096 
-0.779891  0.688332   -0.400105  0.00676749
-0.686871  0.641022   -0.404545  0.0106362 
-0.759785  0.705576   -0.408616  0.0288078 
-0.759785  0.705576   -0.408616  0.00789254
-0.667692  0.618071   -0.38104   0.0117391 
-0.585325  0.669767   -0.329001  0.015448  
-0.585325  0.669767   -0.329001  0.0133639 
-0.667426  0.737119   -0.356224  0.0169622 
-0.669772  0.801881   -0.354895  0.0272719 
-0.669772  0.801881   -0.354895  0.0117963 
-0.591661  0.734677   -0.329589  0.0174681 
-0.536283  0.807586   -0.261213  0.0202102 
-0.499207  0.858383   -0.257332  0.0440981 
-0.533142  0.953513   -0.249988  0.024482  
-0.488192  0.88851    -0.249729  0.0150838 
-0.566192  0.797071   -0.300672  0.0215165 
-0.656652  0.888516   -0.288105  0.0200035 
-0.582017  0.823673   -0.299525  0.0140487 
-0.52758   0.784432   -0.294102  0.0173327 
-0.586124  0.800685   -0.305125  0.0195171 
-0.619481  0.841638   -0.294162  0.0327379 
-0.643746  0.916901   -0.224231  0.0247074 
-0.639383  0.822985   -0.271891  0.025843  
-0.670593  0.865826   -0.247716  0.0318226 
-0.726363  0.899247   -0.226872  0.0320974 
-0.734477  0.824381   -0.292961  0.0232859 
-0.731353  0.798244   -0.302824  0.0144146 
-0.735037  0.728937   -0.372649  0.00919265
-0.687415  0.696419   -0.415003  0.0199057 
-0.687415  0.696419   -0.415003  0.019059  
-0.687415  0.696419   -0.415003  0.0184118 
-0.691039  0.789584   -0.334067  0.0248452 
-0.75743   0.840002   -0.293452  0.0252242 
-0.658636  0.884976   -0.310701  0.0154063 
-0.602938  0.818395   -0.347463  0.0155746 
-0.659241  0.791633   -0.352333  0.0244449 
-0.739364  0.818195   -0.286103  0.0235819 
-0.825714  0.778972   -0.330861  0.0503531 
-0.825714  0.778972   -0.330861  0.021522  
-0.868897  0.724564   -0.357329  0.0196665 
-0.949371  0.701166   -0.319735  0.014038  
-0.909815  0.67101    -0.386276  0.0312575 
-0.877937  0.728254   -0.266     0.0246356 
-0.808841  0.777462   -0.29695   0.0194541 
-0.797108  0.703439   -0.39086   0.0164344 
-0.862948  0.677982   -0.392328  0.00748513
-0.848583  0.596764   -0.435372  0.018852  
-0.784854  0.505206   -0.30844   0.0168404 
-0.854738  0.509973   -0.29403   0.0121465 
-0.829216  0.544509   -0.39649   0.00697868
-0.738378  0.603303   -0.434567  0.0123998 
-0.794677  0.54192    -0.37065   0.0211452 
-0.862659  0.494382   -0.285408  0.0172442 
-0.939869  0.507224   -0.230727  0.0122979 
-0.939869  0.507224   -0.230727  0.0173172 
-0.842079  0.511414   -0.319564  0.0200784 
-0.842079  0.511414   -0.319564  0.0112455 
-0.877252  0.557003   -0.367526  0.0097911 
-0.913212  0.640772   -0.4059    0.0158503 
-0.923422  0.654863   -0.345023  0.0168039 
-0.929607  0.642354   -0.344406  0.0103803 
-0.929544  0.571723   -0.350488  0.0206787 
-0.996847  0.659809   -0.262019  0.0112739 
-0.953229  0.613979   -0.354477  0.0295461 
-0.989936  0.699679   -0.170082  0.0250717 
-1.07866   0.663161   -0.101301  0.030115  
-1.07866   0.663161   -0.101301  0.0590108 
-1.17206   0.73201    0.397688   0.0377213 
-1.22093   0.644285   0.386689   0.0525595 
-1.28311   0.615407   0.722228   0.0445469 
-1.18892   0.682494   0.353925   0.0551779 
-1.18892   0.682494   0.353925   0.0433079 
-1.10749   0.709189   0.140992   0.0614097 
-1.10749   0.709189   0.140992   0.0439648 
-1.16264   0.663162   0.159925   0.0272182 
-1.17406   0.568881   0.184129   0.0446311 
-1.17406   0.568881   0.184129   0.0484348 
-1.17406   0.568881   0.184129   0.0293962 
-1.07738   0.667597   -0.0760004 0.0286092 
-1.07738   0.667597   -0.0760004 0.0224501 
-1.02852   0.6236     -0.21515   0.0131425 
-1.05147   0.526408   -0.151516  0.0159785 
-1.02694   0.580986   -0.22051   0.0121917 
-1.08368   0.539068   -0.0875702 0.0199915 
-1.03975   0.637394   -0.193733  0.0126154 
-0.958379  0.586582   -0.330088  0.0132057 
-1.03319   0.528717   -0.163766  0.0126639 
-1.07782   0.513565   -0.0443984 0.0116968 
-0.980091  0.573523   -0.325022  0.0186067 
-0.913544  0.501042   -0.237949  0.011151  
-0.965146  0.558643   -0.291732  0.0188515 
-1.01117   0.47967    -0.0722343 0.0384379 
-0.914114  0.41124    0.235615   0.0572722 
-0.914114  0.41124    0.235615   0.0221435 
-0.990426  0.466532   -0.0471604 0.0160851 
-0.985014  0.503306   -0.158069  0.0183011 
-1.00677   0.486488   -0.104899  0.0136075 
-1.06891   0.534127   -0.098381  0.0190817 
-1.06891   0.534127   -0.098381  0.0153102 
-1.03586   0.500104   -0.112261  0.030491  
-1.03586   0.500104   -0.112261  0.0162866 
-1.01601   0.494237   -0.0919205 0.0197899 
-0.964509  0.484914   -0.144341  0.0198318 
-1.02147   0.48061    -0.0777338 0.0143534 
-0.946234  0.527425   -0.287061  0.00917188
-0.909436  0.616333   -0.398312  0.00737956
-0.829409  0.64842    -0.447164  0.00904734
-0.855675  0.642841   -0.428057  0.0119167 
-0.76797   0.544869   -0.412414  0.00870951
-0.842263  0.575216   -0.426282  0.0065048 
-0.773523  0.60379    -0.439786  0.00995877
-0.705379  0.556447   -0.376561  0.0104863 
-0.702496  0.557363   -0.380107  0.00994585
-0.613675  0.656972   -0.350837  0.00893092
-0.701441  0.685877   -0.402707  0.00899224
-0.666536  0.642201   -0.397397  0.0119027 
-0.666536  0.642201   -0.397397  0.00814921
-0.651247  0.645104   -0.375151  0.0181404 
-0.732879  0.682572   -0.394632  0.0107564 
-0.642851  0.695846   -0.347114  0.0163425 
-0.680753  0.759588   -0.332528  0.0125858 
-0.612416  0.706323   -0.352152  0.00750019
-0.678399  0.62913    -0.403457  0.0121738 
-0.59813   0.545355   -0.271683  0.0166921 
-0.513571  0.529814   -0.151607  0.017974  
-0.466332  0.567641   -0.113419  0.0218013 
-0.395346  0.544401   0.0560298  0.0193586 
-0.412121  0.550371   0.0238526  0.0175254 
-0.435207  0.629497   -0.116685  0.0171909 
-0.391872  0.709278   -0.132423  0.0186528 
-0.391872  0.709278   -0.132423  0.0160601 
-0.347801  0.8042     -0.2097    0.0193126 
-0.347801  0.8042     -0.2097    0.0167675 
-0.354031  0.835489   -0.200376  0.0158024 
-0.270391  0.880225   -0.221456  0.0320406 
-0.360381  0.944811   -0.239303  0.0201644 
-0.313854  0.908979   -0.251058  0.0258397 
-0.373986  0.930792   -0.244908  0.018304  
-0.431732  0.908731   -0.273124  0.0163805 
-0.523283  0.855832   -0.289058  0.0151892 
-0.535995  0.851516   -0.313177  0.0151928 
-0.4418    0.761684   -0.216901  0.0160046 
-0.344554  0.786889   -0.208002  0.0172549 
-0.332529  0.756609   -0.148701  0.0168913 
-0.275663  0.779593   -0.144347  0.017311  
-0.357254  0.812636   -0.223974  0.0149049 
-0.433787  0.866898   -0.274428  0.0180813 
-0.380985  0.922052   -0.272092  0.0241994 
-0.470963  0.949726   -0.266536  0.0173466 
-0.420537  0.881219   -0.27298   0.0256143 
-0.362892  0.980269   -0.230822  0.0173357 
-0.282846  0.927101   -0.278677  0.0158943 
-0.292278  0.895405   -0.239558  0.0169707 
-0.328488  0.960519   -0.312415  0.0270169 
-0.378516  0.97124    -0.270483  0.0231808 
-0.305037  0.99812    -0.233013  0.0227696 
-0.307229  1.03485    -0.259691  0.0386121 
-0.312735  1.05571    -0.213522  0.039224  
-0.219355  1.1181     -0.186612  0.0165023 
-0.139255  1.03842    -0.273147  0.0342187 
-0.139255  1.03842    -0.273147  0.0298757 
-0.0765579 1.02336    -0.248085  0.0146013 
-0.0765579 1.02336    -0.248085  0.0316359 
-0.104079  1.10303    -0.180549  0.0350642 
-0.132406  1.09438    -0.157844  0.0315741 
-0.22079   1.0486     -0.1972    0.0346122 
-0.30194   0.979431   -0.256317  0.0285613 
-0.256195  0.990913   -0.206684  0.0315947 
-0.225263  1.0408     -0.194152  0.0470355 
-0.247766  1.13569    -0.169717  0.0271248 
-0.293319  1.09762    -0.235763  0.032747  
-0.316556  1.07385    -0.209228  0.0659563 
-0.323463  1.09722    -0.121786  0.0464808 
-0.405035  1.0764     -0.140402  0.0343128 
-0.450532  0.986298   -0.250192  0.0203126 
-0.510057  0.93059    -0.279239  0.0194671 
-0.453803  0.894144   -0.268854  0.024287  
-0.531405  0.905957   -0.26128   0.0217364 
-0.513477  0.992352   -0.279102  0.0383819 
-0.53835   1.03904    -0.122946  0.0352737 
-0.520417  1.02212    -0.217542  0.055082  
-0.545999  1.0734     -0.0621293 0.0496232 
-0.479661  1.14769    -0.041762  0.0653262 
-0.479661  1.14769    -0.041762  0.0940428 
-0.479661  1.14769    -0.041762  0.065394  
-0.471929  1.13783    0.0175462  0.0342572 
-0.429334  1.13324    -0.151365  0.0510171 
-0.381803  1.12286    -0.0114942 0.0450318 
-0.359309  1.18993    -0.0616333 0.0679791 
-0.313593  1.2176     0.0339501  0.0616149 
-0.288641  1.24193    0.117065   0.0480365 
-0.198367  1.14958    -0.106953  0.0573611 
-0.235438  1.1987     0.00648714 0.0779398 
-0.295034  1.18401    0.0608172  0.040807  
-0.231144  1.0988     -0.146603  0.0312289 
-0.219033  1.08798    -0.207327  0.0577954 
-0.317345  1.10401    -0.0505579 0.0262703 
-0.273529  1.01849    -0.241126  0.0554073 
-0.303522  1.09418    -0.137473  0.035298  
-0.329289  1.0572     -0.190244  0.034972  
-0.246527  1.1263     -0.13705   0.0296272 
-0.293188  1.07761    -0.220688  0.0280333 
-0.229781  1.03698    -0.250627  0.0457117 
-0.229781  1.03698    -0.250627  0.035925  
-0.276811  1.03867    -0.202264  0.0188229 
-0.248913  1.04524    -0.277592  0.0232205 
-0.309963  1.03405    -0.218194  0.0268847 
-0.336454  0.995667   -0.202456  0.0353443 
-0.313791  0.999195   -0.212319  0.0464031 
-0.229811  1.05125    -0.198371  0.0453408 
-0.327322  1.07118    -0.166989  0.0344694 
-0.259526  1.08686    -0.225646  0.0305945 
-0.198647  1.09391    -0.186907  0.0612877 
-0.210768  1.18091    -0.113473  0.0770175 
-0.210768  1.18091    -0.113473  0.035902  
-0.15423   1.14217    -0.142302  0.0555681 
-0.098089  1.20739    -0.0119814 0.0630337 
-0.16638   1.24658    -0.00479681 0.0402629 
-0.0952171 1.1931     -0.08824   0.0446379 
-0.0850362 1.13277    -0.154991  0.0407031 
-0.0993508 1.18392    -0.10431   0.0414887 
-0.0829775 1.15492    -0.108993  0.0256319 
-0.170064  1.10694    -0.238251  0.0633611 
-0.170064  1.10694    -0.238251  0.0176128 
-0.189033  1.03459    -0.257947  0.0351665 
-0.0927409 1.04406    -0.229324  0.0173483 
-0.0535511 0.965654   -0.260768  0.0209766 
-0.0475157 1.04644    -0.254054  0.0436752 
-0.111698  1.06595    -0.185727  0.0298147 
-0.0804588 1.04888    -0.230716  0.0291303 
-0.128091  1.09607    -0.236023  0.021602  
-0.227833  1.10961    -0.229977  0.0334273 
-0.227833  1.10961    -0.229977  0.0261314 
-0.193608  1.01258    -0.252771  0.0158137 
-0.118248  0.998001   -0.253387  0.016197  
-0.0869962 0.915624   -0.253864  0.0164556 
-0.0195826 0.84921    -0.167845  0.0189437 
0.00682382 0.896143   -0.194015  0.0206812 
-0.0928481 0.968628   -0.266727  0.0356541 
-0.0597302 1.01556    -0.193329  0.0274577 
0.0317346  1.1122     -0.208302  0.0423827 
0.0988521  1.15102    -0.150293  0.0258589 
0.166765   1.05911    -0.224582  0.0218338 
0.134001   1.01321    -0.24795   0.0337265 
0.134001   1.01321    -0.24795   0.0156228 
0.0412027  0.9643     -0.267786  0.0171465 
0.00490754 0.940281   -0.225849  0.0154924 
0.0299864  0.913716   -0.239696  0.0183215 
0.0921531  0.94044    -0.222372  0.0173349 
0.0281965  0.848831   -0.143553  0.0179445 
-0.0385199 0.845155   -0.176218  0.0165151 
-0.101717  0.887294   -0.177711  0.0169293 
-0.18155   0.884305   -0.164303  0.0169944 
-0.274147  0.896061   -0.232659  0.0159311 
-0.354014  0.822156   -0.207962  0.0152157 
-0.334509  0.855206   -0.228548  0.0174105 
-0.264985  0.785395   -0.151609  0.0182966 
-0.246976  0.741559   -0.0383157 0.0221155 
-0.204809  0.721804   -0.0671425 0.0191531 
-0.230935  0.757671   -0.0629309 0.0166938 
-0.2144    0.804454   -0.127229  0.0173348 
-0.225633  0.823396   -0.132707  0.0190857 
-0.169612  0.782798   -0.108122  0.0186007 
-0.207715  0.765938   -0.0579302 0.0178143 
-0.19147   0.815689   -0.161236  0.0163135 
-0.285973  0.7925     -0.145964  0.0163241 
-0.364791  0.83653    -0.266056  0.019002  
-0.446523  0.893179   -0.266778  0.0202294 
-0.534016  0.975254   -0.295674  0.0242819 
-0.444239  0.960836   -0.251876  0.0375733 
-0.444239  0.960836   -0.251876  0.0189676 
-0.351205  0.919905   -0.243205  0.0212508 
-0.359647  0.974176   -0.260777  0.0361414 
-0.262375  1.01651    -0.212913  0.0197343 
-0.357139  0.962895   -0.257927  0.0285906 
-0.454911  0.930711   -0.235216  0.0196034 
-0.377358  0.908996   -0.270858  0.0219911 
-0.358444  0.961649   -0.22628   0.0197395 
-0.265978  0.925117   -0.251539  0.0191817 
-0.29786   0.94467    -0.281125  0.0228029 
-0.351772  0.928347   -0.251687  0.0171452 
-0.293322  0.874678   -0.219187  0.0180549 
-0.273368  0.895317   -0.256731  0.0172676 
-0.240117  0.960924   -0.291853  0.0163126 
-0.144144  0.867979   -0.211599  0.018189  
-0.165433  0.787005   -0.0866725 0.0199511 
-0.133085  0.758607   -0.0559413 0.0169877 
-0.146724  0.853253   -0.162488  0.0221044 
-0.210493  0.927793   -0.216293  0.0185995 
-0.130467  0.940681   -0.260211  0.0221623 
-0.165104  0.991744   -0.230318  0.0409741 
-0.0869381 1.07938    -0.181455  0.0338659 
-0.093432  1.08781    -0.219954  0.0175976 
-0.133005  1.05695    -0.27866   0.0367445 
-0.0599777 1.12363    -0.189038  0.0514591 
-0.112892  1.16666    -0.0578728 0.0287798 
-0.164951  1.15048    -0.177791  0.0219027 
-0.162043  1.11622    -0.246364  0.0380283 
-0.110735  1.10726    -0.21347   0.0395694 
-0.194463  1.12996    -0.142211  0.0445762 
-0.16442   1.20042    -0.0796577 0.0847545 
-0.199283  1.26393    0.107218   0.0839419 
-0.205984  1.27241    0.271116   0.0832629 
-0.163422  1.27374    0.207921   0.0536646 
-0.0960947 1.25559    -0.0250286 0.0545325 
-0.127405  1.2444     -0.0316866 0.0757224 
-0.127405  1.2444     -0.0316866 0.0978767 
-0.127405  1.2444     -0.0316866 0.038667  
-0.215099  1.15707    -0.135457  0.0389896 
-0.229501  1.09319    -0.143616  0.0325654 
-0.254408  1.11807    -0.18607   0.0463009 
-0.299966  1.09019    -0.128301  0.0421904 
-0.289626  1.09184    -0.19486   0.0361876 
-0.370417  1.02414    -0.207121  0.0254465 
-0.470098  0.95811    -0.22286   0.0424083 
-0.470098  0.95811    -0.22286   0.0395525 
-0.550994  1.02469    -0.153814  0.0351061 
-0.626762  0.934688   -0.19253   0.0230972 
-0.656691  0.884753   -0.273617  0.0379404 
-0.656691  0.884753   -0.273617  0.0628713 
-0.700425  0.894854   -0.105604  0.0460361 
-0.711227  0.92397    -0.0967184 0.0166947 
-0.623118  0.831402   -0.340208  0.0327466 
-0.593321  0.872586   -0.265879  0.0124897 
-0.535466  0.779575   -0.304022  0.0135887 
-0.609364  0.77556    -0.318504  0.0150159 
-0.530127  0.722399   -0.262725  0.0130537 
-0.555879  0.730299   -0.287274  0.0133307 
-0.506216  0.73799    -0.254462  0.0143278 
-0.485135  0.822308   -0.291645  0.0129774 
-0.524808  0.733599   -0.269016  0.016016  
-0.455614  0.654786   -0.148927  0.0178622 
-0.370783  0.663978   -0.0540205 0.018683  
-0.399023  0.646064   -0.0969823 0.0230671 
-0.325836  0.572089   0.146677   0.02132   
-0.36136   0.621565   9.96556e-05 0.0196383 
-0.318563  0.688363   -0.0291126 0.0161067 
-0.340315  0.77444    -0.174756  0.018858  
-0.42299   0.792591   -0.229553  0.0162243 
-0.42299   0.792591   -0.229553  0.0167371 
-0.400319  0.78529    -0.204569  0.0182958 
-0.396944  0.834899   -0.200798  0.0178757 
-0.455774  0.823366   -0.235182  0.013498  
-0.508113  0.754466   -0.269008  0.0128896 
-0.562555  0.739269   -0.286227  0.0134442 
-0.519641  0.698605   -0.249374  0.0150967 
-0.483531  0.697224   -0.20479   0.0147723 
-0.471553  0.700674   -0.219029  0.0171158 
-0.374119  0.759561   -0.194415  0.0162819 
-0.425565  0.728998   -0.218569  0.0136207 
-0.52039   0.719724   -0.270425  0.0158262 
-0.454107  0.723272   -0.223215  0.0178145 
-0.421837  0.679846   -0.125555  0.0219447 
-0.36493   0.624057   -0.0528487 0.0188204 
-0.447802  0.528777   -0.0358834 0.01609   
-0.515298  0.514412   -0.13156   0.0152377 
-0.521685  0.554433   -0.205184  0.0121568 
-0.561897  0.590309   -0.257621  0.0141436 
-0.491091  0.663686   -0.219942  0.0129729 
-0.554105  0.759369   -0.326201  0.0106552 
-0.629419  0.721416   -0.329366  0.0137993 
-0.53089   0.750488   -0.295684  0.0142678 
-0.489621  0.760231   -0.259328  0.0163971 
-0.489621  0.760231   -0.259328  0.018095  
-0.500416  0.809433   -0.260546  0.0163947 
-0.496946  0.796842   -0.253259  0.0192694 
-0.48717   0.888068   -0.258942  0.0168858 
-0.4602    0.88499    -0.291151  0.0173252 
-0.532241  0.803034   -0.301544  0.0174156 
-0.546366  0.806841   -0.315364  0.0121919 
-0.607623  0.711817   -0.34486   0.0121054 
-0.607623  0.711817   -0.34486   0.0135027 
-0.523511  0.667461   -0.256305  0.0139106 
-0.512562  0.710396   -0.249352  0.017305  
-0.43321   0.658074   -0.147684  0.0187401 
-0.425282  0.60026    -0.0340263 0.015406  
-0.484068  0.65983    -0.221703  0.0130736 
-0.527297  0.681674   -0.274336  0.0110802 
-0.601525  0.629601   -0.300305  0.0137564 
-0.53062   0.654092   -0.266439  0.0182475 
-0.456818  0.561017   -0.0951209 0.0141482 
-0.511714  0.60993    -0.185644  0.0157424 
-0.529541  0.670755   -0.249814  0.0124215 
-0.552922  0.727176   -0.307151  0.0141375 
-0.45608   0.821436   -0.292961  0.0151832 
-0.358336  0.891466   -0.2454    0.0182989 
-0.351489  0.904718   -0.241706  0.0300847 
-0.385066  1.00327    -0.233996  0.0189324 
-0.338704  0.982876   -0.27134   0.0237073 
-0.399279  0.969977   -0.254584  0.0166575 
-0.443884  0.946749   -0.312218  0.0305667 
-0.443884  0.946749   -0.312218  0.0213884 
-0.441378  0.961484   -0.288255  0.0260037 
-0.362137  1.00502    -0.242075  0.0362152 
-0.362137  1.00502    -0.242075  0.049953  
-0.362137  1.00502    -0.242075  0.0393647 
-0.367431  0.966909   -0.233901  0.0167515 
-0.434822  0.901271   -0.275203  0.0310224 
-0.434822  0.901271   -0.275203  0.0299554 
-0.445146  0.918419   -0.246279  0.0213232 
-0.377844  0.975521   -0.277771  0.0345483 
-0.376324  0.984008   -0.184471  0.0251033 
-0.460356  0.948611   -0.221331  0.0272498 
-0.450606  0.94911    -0.275771  0.0304069 
-0.513696  1.00591    -0.208782  0.0652171 
-0.56348   1.00127    -0.0714407 0.0258076 
-0.532581  0.993249   -0.192563  0.0427898 
-0.57485   1.07546    -0.0907928 0.0400896 
-0.486417  1.03531    -0.15951   0.0237327 
-0.420953  0.943339   -0.28549   0.0152394 
-0.34267   0.866844   -0.276833  0.0162294 
-0.44057   0.78906    -0.25667   0.0137365 
-0.514275  0.730592   -0.272634  0.0134431 
-0.538378  0.676276   -0.279317  0.0141695 
-0.494197  0.751206   -0.236096  0.0135621 
-0.500479  0.732831   -0.242788  0.0144173 
-0.443318  0.738749   -0.187948  0.0155923 
-0.488543  0.76697    -0.237245  0.0141288 
-0.529166  0.682306   -0.274731  0.00956845
-0.618456  0.624823   -0.336218  0.0116327 
-0.609392  0.553288   -0.286115  0.0211465 
-0.609392  0.553288   -0.286115  0.0151393 
-0.511338  0.548122   -0.157017  0.0163414 
-0.575284  0.503934   -0.210699  0.0282067 
-0.56253   0.425707   -0.00238189 0.0287387 
-0.511701  0.413681   0.131035   0.071763  
-0.511701  0.413681   0.131035   0.0442638 
-0.511701  0.413681   0.131035   0.0531359 
-0.560743  0.35928    0.535537   0.0974798 
-0.560743  0.35928    0.535537   0.0778838 
-0.560743  0.35928    0.535537   0.0378942 
-0.636993  0.402546   0.221059   0.0589058 
-0.706475  0.363255   0.59666    0.0350748 
-0.607783  0.416301   0.0591948  0.0306179 
-0.531369  0.418979   0.051916   0.0204334 
-0.594351  0.471245   -0.127508  0.0120901 
-0.588768  0.560126   -0.30053   0.0149966 
-0.510336  0.533099   -0.126588  0.0172904 
-0.472419  0.559861   -0.103804  0.0183641 
-0.560691  0.47165    -0.112705  0.0168641 
-0.48569   0.485434   -0.0496075 0.0201528 
-0.583105  0.482365   -0.21334   0.0152076 
-0.583105  0.482365   -0.21334   0.0132504 
-0.559309  0.544164   -0.231959  0.0116679 
-0.623597  0.540379   -0.291436  0.0122205 
-0.570751  0.601659   -0.296415  0.0123218 
-0.60718   0.545      -0.28279   0.00897345
-0.652322  0.592613   -0.371249  0.0106775 
-0.670537  0.562803   -0.384527  0.0153954 
-0.619184  0.504998   -0.259271  0.0210998 
-0.614995  0.471365   -0.16991   0.0142217 
-0.709764  0.525215   -0.375017  0.0082812 
-0.784696  0.577889   -0.428813  0.0132006 
-0.796786  0.538956   -0.393845  0.0110814 
-0.774993  0.551076   -0.39262   0.0178271 
-0.840436  0.508535   -0.316867  0.0195112 
-0.789139  0.498442   -0.263577  0.0173007 
-0.829902  0.512194   -0.324701  0.0304358 
-0.829902  0.512194   -0.324701  0.00769991
-0.75267   0.589135   -0.436388  0.0103942 
-0.820944  0.647852   -0.440355  0.00771674
-0.72107   0.606562   -0.430146  0.014434  
-0.818222  0.700297   -0.397701  0.018282  
-0.872213  0.765081   -0.35284   0.0329713 
-0.826809  0.82011    -0.223014  0.0300437 
-0.772251  0.841284   -0.231661  0.0255626 
-0.852672  0.756291   -0.319583  0.0249556 
-0.795971  0.75537    -0.333964  0.0298676 
-0.795971  0.75537    -0.333964  0.0153915 
-0.864019  0.671196   -0.380332  0.0248586 
-0.817754  0.753441   -0.315171  0.0207104 
-0.747091  0.848558   -0.308241  0.0216714 
-0.774529  0.780686   -0.312332  0.0192099 
-0.815905  0.740843   -0.351008  0.0387802 
-0.815905  0.740843   -0.351008  0.031442  
-0.883767  0.779769   -0.237259  0.0148523 
-0.863542  0.708276   -0.395828  0.0196013 
-0.842906  0.748044   -0.350417  0.0145474 
-0.865598  0.707601   -0.387622  0.0151318 
-0.937772  0.654164   -0.354132  0.0138674 
-0.937772  0.654164   -0.354132  0.0433397 
-0.96827   0.737967   -0.138078  0.0403036 
-1.01079   0.757947   -0.0233147 0.031259  
-0.959492  0.781539   -0.183758  0.0345743 
-0.951171  0.772403   -0.165907  0.051845  
-0.951171  0.772403   -0.165907  0.0253174 
-0.888323  0.760821   -0.25476   0.012904  
-0.857526  0.691061   -0.400252  0.0059568 
-0.819001  0.631795   -0.466379  0.0166671 
-0.918986  0.674251   -0.362951  0.0195593 
-0.995038  0.65195    -0.261135  0.0212692 
-0.921884  0.736902   -0.317102  0.0492156 
-0.921884  0.736902   -0.317102  0.0406446 
-0.889029  0.818763   -0.144918  0.0506734 
-0.838805  0.908337   -0.0385955 0.0521137 
-0.871663  0.949902   0.017691   0.0823238 
-0.798722  1.01132    0.0851932  0.0690153 
-0.882111  0.937659   0.148283   0.055612  
-0.790865  0.957395   -0.0300268 0.0834891 
-0.790865  0.957395   -0.0300268 0.0869862 
-0.844222  1.01351    0.319893   0.0907354 
-0.844222  1.01351    0.319893   0.048987  
-0.781054  0.925047   -0.0670773 0.0663147 
-0.801718  0.912031   -0.0146985 0.0417456 
-0.88572   0.910155   -0.0347661 0.0386815 
-0.800199  0.878489   -0.1604    0.0348977 
-0.758165  0.903164   -0.184643  0.0745675 
-0.67069   0.951799   -0.0864297 0.0615228 
-0.63347   1.01967    0.0348869  0.0718847 
-0.692308  1.10538    0.231335   0.0477429 
-0.665329  1.03218    -0.059548  0.0581656 
-0.624178  1.07411    -0.0144297 0.0633918 
-0.624178  1.07411    -0.0144297 0.0579261 
-0.569316  1.04879    0.0305218  0.0333066 
-0.60809   0.966067   -0.211919  0.0330319 
-0.556618  1.03668    -0.174255  0.0286674 
-0.57586   0.976731   -0.207753  0.0207145 
-0.480094  0.927789   -0.245506  0.031029  
-0.499463  1.00407    -0.222114  0.078894  
-0.499463  1.00407    -0.222114  0.0379999 
-0.499463  1.00407    -0.222114  0.0477417 
-0.413317  1.05373    -0.104062  0.0401632 
-0.467416  1.05517    -0.192649  0.0228194 
-0.505148  0.964158   -0.22252   0.0337357 
-0.505148  0.964158   -0.22252   0.0276231 
-0.4333    0.988221   -0.217007  0.0242302 
-0.426729  1.02232    -0.225053  0.0361679 
-0.372759  1.05728    -0.143905  0.0369029 
-0.348183  1.15101    -0.175759  0.0585963 
-0.252294  1.21651    0.0380644  0.0569083 
-0.314909  1.17012    0.00725007 0.0515737 
-0.396447  1.17591    -0.00635939 0.0594343 
-0.391784  1.08617    -0.10187   0.0435241 
-0.292666  1.14367    -0.105768  0.0857417 
-0.323161  1.22133    0.152521   0.0596118 
-0.274526  1.20828    -0.0137747 0.0466646 
-0.199525  1.26726    -0.00285113 0.0699593 
-0.121742  1.26948    0.134343   0.0959083 
-0.121742  1.26948    0.134343   0.055176  
-0.0320245 1.26582    0.0608982  0.0839894 
-0.0796999 1.256      0.133039   0.115378  
-0.100177  1.21783    -0.0044078 0.0538807 
-0.19667   1.24142    0.0453136  0.0529713 
-0.168259  1.17458    -0.120989  0.0495563 
-0.21636   1.18344    -0.0631202 0.0397318 
-0.168167  1.12575    -0.135076  0.0337141 
-0.16626   1.16585    -0.111033  0.0266205 
-0.077808  1.07281    -0.221321  0.03454   
-0.0509376 0.990785   -0.209268  0.0369273 
0.046016   1.08123    -0.261947  0.0218633 
-0.031626  1.00886    -0.233892  0.0345719 
-0.0984191 1.09119    -0.189479  0.0239575 
-0.140151  1.03798    -0.227821  0.0147691 
-0.0476946 0.991366   -0.283096  0.0261623 
-0.0476946 0.991366   -0.283096  0.0213933 
0.0398449  0.944904   -0.227795  0.0188365 
-0.0106289 1.04176    -0.26328   0.0215824 
0.085351   0.975691   -0.250143  0.0226404 
0.0363743  1.02317    -0.243763  0.0176776 
0.0421631  0.979305   -0.290513  0.0215701 
0.0421631  0.979305   -0.290513  0.016611  
0.0289289  0.906751   -0.233419  0.0172077 
-0.0333437 0.839049   -0.163424  0.0191793 
-0.0435615 0.771299   -0.0374928 0.0216707 
-0.13458   0.679338   0.101584   0.0290737 
-0.13458   0.679338   0.101584   0.0258268 
-0.147792  0.609081   0.299349   0.0225955 
-0.206158  0.669803   0.0747018  0.0241446 
-0.206158  0.669803   0.0747018  0.019713  
-0.175997  0.73832    -0.0568807 0.0213271 
-0.105858  0.719192   0.040483   0.024333  
-0.0631099 0.670221   0.127661   0.0226222 
0.0125233  0.688959   0.125754   0.0200472 
0.00411059 0.755271   -0.0287396 0.0204071 
0.000664715 0.763686   -0.0358644 0.0228252 
0.0872492  0.701343   0.0862166  0.0211368 
0.0348176  0.746132   -0.0398445 0.0245088 
0.0348176  0.746132   -0.0398445 0.0234985 
0.0437634  0.67452    0.105037   0.0199429 
-0.0132499 0.76984    -0.0244427 0.0192347 
-0.0477665 0.771905   -0.0273038 0.0201192 
-0.00608801 0.763659   -0.0257343 0.0196029 
-0.0637062 0.753116   -0.0279094 0.0223637 
-0.101267  0.721425   -0.0176277 0.0250271 
-0.0318597 0.639903   0.30109    0.0351724 
-0.0318597 0.639903   0.30109    0.0232707 
-0.0124989 0.696059   0.0710805  0.0240005 
0.0740157  0.650137   0.202877   0.0281697 
0.0740157  0.650137   0.202877   0.0268863 
0.0935311  0.576725   0.469047   0.0345765 
0.0939453  0.523559   0.543256   0.0472087 
0.0939453  0.523559   0.543256   0.0265029 
0.0911152  0.622697   0.264893   0.0228706 
0.00441653 0.678628   0.172496   0.0256667 
0.0234543  0.653364   0.191013   0.0294596 
0.021325   0.605278   0.290234   0.0223165 
0.0195039  0.705194   0.0782011  0.0192015 
0.0142214  0.804695   -0.124264  0.0184011 
0.0130585  0.872852   -0.188628  0.0161986 
0.0368065  0.901576   -0.214799  0.0173879 
0.0368065  0.901576   -0.214799  0.0169581 
0.0368065  0.901576   -0.214799  0.0176034 
0.0968723  0.893086   -0.210161  0.0175199 
0.00477711 0.83377    -0.147787  0.0158469 
-0.0301164 0.885701   -0.202739  0.0160142 
-0.0170013 0.875513   -0.196045  0.0173614 
0.0316047  0.838961   -0.148206  0.0155964 
0.0800911  0.928792   -0.275211  0.0218101 
0.0423966  0.972608   -0.233971  0.0156955 
0.114786   0.93854    -0.205286  0.0171487 
0.0476015  0.900128   -0.210054  0.0169645 
-0.00152009 0.998885   -0.266731  0.0157161 
0.03718    0.943785   -0.217406  0.0159782 
0.0790515  0.984445   -0.2841    0.0151392 
0.15525    0.972914   -0.251064  0.0158732 
0.241099   0.938837   -0.26861   0.0179622 
0.18947    0.98376    -0.267076  0.0335367 
0.265866   0.982091   -0.210132  0.029996  
0.329863   0.985447   -0.222302  0.0278653 
0.244195   1.05404    -0.213369  0.0197302 
0.312667   1.00925    -0.261877  0.0385316 
0.319424   1.01481    -0.188987  0.0187799 
0.410129   0.949251   -0.275156  0.0316939 
0.330449   1.03513    -0.229704  0.0306815 
0.269855   1.09549    -0.227086  0.0411988 
0.272007   1.16288    -0.106588  0.0662387 
0.272007   1.16288    -0.106588  0.0396819 
0.17258    1.19616    -0.151843  0.087352  
0.145121   1.19413    0.0280758  0.056546  
0.191655   1.18861    -0.0984714 0.0774817 
0.11978    1.28742    0.176883   0.0717495 
0.196741   1.30926    0.153417   0.109478  
0.245403   1.31623    0.341223   0.131133  
0.322917   1.39872    0.697258   0.075975  
0.328384   1.33409    0.263724   0.140692  
0.328384   1.33409    0.263724   0.0605914 
0.325552   1.25141    0.0618103  0.0649057 
0.375995   1.20363    0.0619733  0.0518738 
0.289749   1.18092    -0.0265867 0.0894771 
0.358996   1.23837    0.261055   0.0483327 
0.277334   1.14755    -0.129048  0.0759956 
0.293148   1.22359    -0.00910984 0.0341289 
0.295987   1.12771    -0.171261  0.0418973 
0.295027   1.15028    -0.0880128 0.0226846 
0.213071   1.11655    -0.256729  0.0295024 
0.16134    1.073      -0.209316  0.0321379 
0.130486   1.07798    -0.169283  0.0266652 
0.185477   1.07022    -0.198406  0.0547597 
0.224541   1.10875    -0.167564  0.0241086 
0.308836   1.05841    -0.229484  0.0341387 
0.308744   1.14374    -0.136242  0.0388462 
0.264539   1.15501    -0.13249   0.0918903 
