#MU        SIGMA      ENERGY     ERROR     
-0.357914  0.978037   -0.280123  0.0240926 
-0.357914  0.978037   -0.280123  0.0154876 
-0.290186  0.931403   -0.252447  0.0166859 
-0.341008  0.855144   -0.24935   0.0150176 
-0.425147  0.81635    -0.258678  0.0167731 
-0.40441   0.718355   -0.135318  0.0180973 
-0.418059  0.656472   -0.130113  0.0165328 
-0.45827   0.629345   -0.13528   0.0228301 
-0.3603    0.561834   0.12654    0.0196982 
-0.400428  0.593773   -0.0139752 0.0241317 
-0.309583  0.573148   0.186246   0.0225965 
-0.324706  0.575941   0.154622   0.0181533 
-0.417733  0.586655   -0.000474116 0.0188393 
-0.400226  0.603161   0.0227917  0.0174646 
-0.453941  0.545236   -0.043532  0.0194406 
-0.38373   0.642225   -0.0835136 0.0205421 
-0.370883  0.567962   0.132267   0.0238922 
-0.288767  0.592794   0.184746   0.0249455 
-0.318229  0.569261   0.106983   0.0195317 
-0.406616  0.523079   0.0887142  0.0195674 
-0.431099  0.51795    0.0499283  0.0224169 
-0.423737  0.435053   0.198631   0.0226707 
-0.364682  0.534274   0.123148   0.0195047 
-0.394324  0.601593   -0.016278  0.0216337 
-0.33214   0.6038     0.0885054  0.0229131 
-0.23572   0.624026   0.147719   0.0252948 
-0.175921  0.630972   0.160692   0.031759  
-0.202829  0.550968   0.31835    0.0382802 
-0.20378   0.45859    0.679727   0.0377843 
-0.134933  0.460963   0.945053   0.0305429 
-0.186382  0.501791   0.646392   0.035273  
-0.156206  0.485623   0.621551   0.0302315 
-0.10752   0.557347   0.486617   0.0402496 
-0.10752   0.557347   0.486617   0.0448145 
-0.10752   0.557347   0.486617   0.0319094 
-0.155129  0.52898    0.52689    0.0318411 
-0.167231  0.531661   0.501811   0.0289783 
-0.117711  0.585077   0.3659     0.0231034 
-0.205072  0.650738   0.148094   0.0180041 
-0.268482  0.728187   -0.0318966 0.0164192 
-0.266422  0.826343   -0.209043  0.0168327 
-0.222757  0.837115   -0.198684  0.0160129 
-0.29724   0.837831   -0.189527  0.0175439 
-0.367478  0.884247   -0.236094  0.0148676 
-0.371587  0.84256    -0.243632  0.0170903 
-0.371587  0.84256    -0.243632  0.0167222 
-0.352412  0.866195   -0.236268  0.11032   
-0.39968   0.885405   -0.138337  0.0203525 
-0.322793  0.888636   -0.231158  0.0246681 
-0.329282  0.909826   -0.223152  0.0160262 
-0.283688  0.886631   -0.22206   0.0159075 
-0.248244  0.83252    -0.193159  0.0189968 
-0.279079  0.822949   -0.176581  0.015256  
-0.189952  0.921508   -0.243926  0.0172211 
-0.252191  0.882953   -0.212579  0.0168314 
-0.319461  0.827032   -0.21505   0.0170582 
-0.340311  0.804231   -0.175217  0.0163917 
-0.268357  0.89327    -0.222671  0.0154103 
-0.248365  0.905281   -0.234341  0.0193177 
-0.167208  0.921517   -0.222868  0.0168566 
-0.146496  0.84254    -0.170461  0.0188871 
-0.146496  0.84254    -0.170461  0.0181815 
-0.139112  0.793428   -0.0805291 0.0168516 
-0.205426  0.806844   -0.148232  0.0183872 
-0.18481   0.810397   -0.191072  0.017429  
-0.259247  0.801662   -0.174173  0.0158287 
-0.250341  0.841057   -0.187038  0.0166437 
-0.289764  0.796225   -0.171666  0.0182558 
-0.37646   0.871155   -0.264482  0.0165904 
-0.390631  0.787268   -0.203673  0.0171356 
-0.346388  0.7521     -0.135222  0.0160376 
-0.441929  0.69963    -0.204383  0.0172699 
-0.35301   0.751863   -0.185802  0.015807  
-0.318316  0.836985   -0.204417  0.0158657 
-0.315317  0.810986   -0.174572  0.0159185 
-0.237109  0.898868   -0.239413  0.0162983 
-0.321316  0.905301   -0.239002  0.0173695 
-0.319531  0.890915   -0.263014  0.0209742 
-0.333511  0.963257   -0.22545   0.0357723 
-0.402392  1.01795    -0.238962  0.0162248 
-0.304937  0.923512   -0.292322  0.0173647 
-0.2098    0.997284   -0.249823  0.0255131 
-0.173543  1.02413    -0.228387  0.0308011 
-0.175801  1.06782    -0.21555   0.0340557 
-0.108044  1.11612    -0.201749  0.0287964 
-0.0128285 1.01899    -0.223618  0.0194815 
0.0351833  1.01265    -0.27982   0.0240893 
0.117162   1.078      -0.243193  0.0218473 
0.159906   1.03139    -0.263475  0.0182056 
0.16033    1.00122    -0.281119  0.0229178 
0.250253   1.07391    -0.261521  0.0519125 
0.245392   1.11504    -0.176394  0.0408398 
0.290223   1.04428    -0.175649  0.0259909 
0.22913    1.07108    -0.225218  0.0648179 
0.262562   1.05844    -0.112431  0.0180599 
0.282939   1.00875    -0.305673  0.0164529 
0.331152   0.937446   -0.255984  0.020421  
0.365261   0.963484   -0.282403  0.022057  
0.448764   0.959138   -0.233379  0.0179882 
0.507003   0.912244   -0.289631  0.0290842 
0.56907    0.934183   -0.235565  0.0282069 
0.601662   0.8741     -0.276297  0.0160307 
0.596099   0.810307   -0.33149   0.0204563 
0.637456   0.869156   -0.307991  0.0249291 
0.549369   0.921323   -0.279522  0.0184424 
0.471774   0.890504   -0.253839  0.0234262 
0.418619   0.952741   -0.24096   0.0228438 
0.512578   0.927237   -0.275416  0.0176318 
0.497559   0.889379   -0.267393  0.0574604 
0.468039   0.849566   -0.204837  0.0141835 
0.450283   0.804203   -0.254693  0.0137561 
0.48902    0.762306   -0.243661  0.0156579 
0.390975   0.776339   -0.204479  0.0176456 
0.291986   0.803764   -0.151474  0.0235164 
0.244897   0.862721   -0.164611  0.0158592 
0.330574   0.916547   -0.268909  0.0169036 
0.368533   0.937085   -0.270868  0.0157995 
0.336177   0.88551    -0.217312  0.0371025 
0.29019    0.945923   -0.171831  0.0241805 
0.212155   1.03272    -0.254492  0.0319366 
0.269189   1.07646    -0.207257  0.0299518 
0.185241   1.05979    -0.210209  0.029494  
0.249066   1.04231    -0.193756  0.0702368 
0.336661   1.11857    0.0431841  0.0324796 
0.343738   1.03101    -0.209073  0.0459128 
0.440358   1.01588    -0.183584  0.0301783 
0.461291   1.04994    -0.178016  0.0351224 
0.43885    1.00698    -0.177745  0.0449002 
0.489513   1.00971    -0.138654  0.0375462 
0.397012   1.02357    -0.214078  0.0623946 
0.397012   1.02357    -0.214078  0.0419212 
0.446516   1.12278    -0.0969371 0.088332  
0.446516   1.12278    -0.0969371 0.057813  
0.541808   1.184      0.144161   0.0408571 
0.468115   1.11823    -0.126991  0.0398051 
0.47591    1.06308    -0.0959632 0.0310414 
0.442229   1.04597    -0.193777  0.035842  
0.456745   1.04168    -0.198061  0.0467125 
0.374066   1.07826    -0.131254  0.0298849 
0.30857    1.02103    -0.219503  0.0293738 
0.251018   1.0627     -0.207453  0.0524067 
0.251018   1.0627     -0.207453  0.0326458 
0.185161   1.10646    -0.233982  0.0216664 
0.164889   1.01153    -0.25512   0.0185084 
0.0718779  0.9147     -0.220983  0.0204431 
0.167509   0.972905   -0.215934  0.0188469 
0.18536    0.933286   -0.249638  0.0163546 
0.209256   0.859437   -0.211352  0.0154241 
0.149606   0.893983   -0.212218  0.017861  
0.177665   0.8149     -0.143917  0.0155038 
0.165803   0.904869   -0.215285  0.0174971 
0.146292   0.833906   -0.154958  0.0171606 
0.172445   0.902612   -0.264015  0.0175255 
0.14517    0.961107   -0.25704   0.0295945 
0.14517    0.961107   -0.25704   0.0166833 
0.242732   0.878254   -0.25258   0.0163159 
0.177487   0.926871   -0.243994  0.0178521 
0.084383   0.978057   -0.235308  0.0159171 
0.152074   0.993049   -0.268449  0.0175318 
0.0522913  0.925873   -0.252416  0.0158371 
-0.0291894 0.918009   -0.223638  0.0177755 
0.0570601  0.850213   -0.159494  0.0176714 
0.0456064  0.816744   -0.0896788 0.0211603 
0.0456064  0.816744   -0.0896788 0.0188424 
0.0164468  0.8352     -0.141792  0.0201631 
-0.0282906 0.75087    -0.0333227 0.0224058 
-0.106406  0.716285   0.00925182 0.0214189 
-0.0545286 0.738059   -0.0143109 0.0216827 
-0.10711   0.711556   0.0548866  0.0247058 
-0.116909  0.651785   0.151862   0.0280296 
-0.159224  0.573401   0.326785   0.0235114 
-0.259168  0.595603   0.181967   0.0308053 
-0.183853  0.531346   0.534947   0.0292625 
-0.200194  0.540098   0.429544   0.0358429 
-0.196007  0.467785   0.744197   0.0545865 
-0.196007  0.467785   0.744197   0.0348132 
-0.184009  0.463057   0.783859   0.0273088 
-0.265202  0.549315   0.308529   0.026948  
-0.183727  0.558824   0.443552   0.030868  
-0.125448  0.564407   0.400625   0.0373779 
-0.089307  0.491922   0.789729   0.0282481 
-0.174979  0.555332   0.463722   0.0371058 
-0.115077  0.509871   0.589772   0.035656  
-0.115077  0.509871   0.589772   0.0354743 
-0.0440987 0.521052   0.601804   0.0323054 
-0.121134  0.542589   0.486831   0.0346158 
-0.121134  0.542589   0.486831   0.0305326 
-0.209562  0.503239   0.553395   0.028556  
-0.189236  0.583011   0.280013   0.025821  
-0.145021  0.643738   0.129916   0.0251033 
-0.109806  0.653238   0.12035    0.0288912 
-0.109806  0.653238   0.12035    0.0210056 
-0.068863  0.74543    -0.0242898 0.0218399 
-0.0659306 0.728085   0.0131355  0.0180075 
-0.125295  0.806738   -0.0958914 0.0183488 
-0.0733978 0.879388   -0.200462  0.0158414 
-0.0422706 0.915105   -0.217064  0.0170201 
-0.022708  0.870651   -0.169491  0.0188762 
-0.0417538 0.771269   0.014907   0.0207725 
-0.138348  0.727202   -0.00880964 0.0240003 
-0.0625666 0.667645   0.163997   0.0286012 
-0.0625666 0.667645   0.163997   0.0232295 
-0.11742   0.647321   0.265771   0.0274446 
-0.120811  0.603622   0.296956   0.0344409 
-0.120811  0.603622   0.296956   0.024191  
-0.0371984 0.663158   0.15553    0.0266371 
-0.0211904 0.644372   0.17869    0.0251278 
-0.0985143 0.649905   0.145171   0.023819  
-0.188423  0.64145    0.160445   0.0219995 
-0.286377  0.659834   0.0327787  0.0261688 
-0.286377  0.659834   0.0327787  0.022804  
-0.286377  0.659834   0.0327787  0.0231656 
-0.200285  0.64225    0.149342   0.0211126 
-0.206605  0.713288   -0.0401559 0.0182175 
-0.21199   0.777868   -0.140314  0.0177469 
-0.291454  0.830486   -0.188254  0.0167824 
-0.378444  0.9285     -0.259942  0.0238883 
-0.379984  0.993161   -0.25386   0.0196407 
-0.330436  0.977102   -0.257183  0.0173755 
-0.371707  0.886666   -0.246642  0.0168271 
-0.334583  0.916133   -0.254282  0.0207179 
-0.433474  0.89268    -0.269998  0.0158047 
-0.344919  0.823907   -0.220689  0.0191471 
-0.427072  0.890353   -0.271451  0.022405  
-0.476954  0.911676   -0.272879  0.0247777 
-0.507602  0.885076   -0.257043  0.0133901 
-0.591322  0.799696   -0.330594  0.015625  
-0.511088  0.767413   -0.282328  0.0153959 
-0.447934  0.752659   -0.194619  0.014832  
-0.400536  0.824467   -0.249032  0.0176207 
-0.350971  0.725834   -0.156918  0.0191327 
-0.293925  0.699004   -0.0158363 0.018743  
-0.204198  0.756358   -0.0838821 0.0190081 
-0.207875  0.758661   -0.0979934 0.0175668 
-0.26135   0.792926   -0.194734  0.0163839 
-0.248308  0.83364    -0.206322  0.0162458 
-0.232077  0.888992   -0.238772  0.0170785 
-0.280032  0.849972   -0.205755  0.0172588 
-0.220952  0.85198    -0.200182  0.0180162 
-0.311835  0.792475   -0.183973  0.0170388 
-0.295779  0.872234   -0.225166  0.0174374 
-0.339274  0.892524   -0.216966  0.0177064 
-0.412384  0.853963   -0.223578  0.018262  
-0.356185  0.776138   -0.186705  0.0185572 
-0.314572  0.741711   -0.13451   0.0188534 
-0.262151  0.732114   -0.0519872 0.0170014 
-0.260415  0.809273   -0.177149  0.0220533 
-0.166592  0.710955   0.0190194  0.0239392 
-0.241161  0.619025   0.130273   0.023708  
-0.249006  0.613519   0.132784   0.0213885 
-0.299621  0.638979   0.0638501  0.0193194 
-0.279764  0.733347   -0.0915319 0.0185781 
-0.182517  0.80541    -0.166845  0.0186894 
-0.279255  0.76447    -0.133228  0.0163108 
-0.363433  0.735751   -0.115045  0.0179639 
-0.349186  0.806798   -0.193656  0.0172139 
-0.266323  0.798881   -0.181817  0.0170198 
-0.25105   0.830164   -0.189186  0.0161296 
-0.19609   0.846323   -0.176454  0.0161908 
-0.285746  0.915157   -0.235185  0.0190771 
-0.245059  0.871952   -0.212549  0.0175697 
-0.191942  0.792803   -0.143795  0.0192944 
-0.113724  0.853053   -0.160486  0.0198231 
-0.113724  0.853053   -0.160486  0.0179173 
-0.208736  0.804422   -0.122091  0.0170442 
-0.265798  0.822687   -0.176735  0.0180558 
-0.287212  0.755197   -0.100145  0.0158321 
-0.374913  0.833804   -0.252761  0.0174109 
-0.29829   0.777987   -0.150641  0.0158507 
-0.310923  0.832317   -0.237072  0.0187703 
-0.237848  0.743104   -0.070358  0.0199771 
-0.227521  0.744768   -0.112021  0.0228105 
-0.215955  0.66327    0.0913949  0.0219083 
-0.203449  0.681801   0.0473308  0.0247557 
-0.142034  0.632117   0.209981   0.0227097 
-0.173717  0.663871   0.132059   0.0204514 
-0.245663  0.729646   -0.0716728 0.0231572 
-0.183461  0.653314   0.147092   0.0278052 
-0.110561  0.571695   0.460012   0.0357385 
-0.0469299 0.531983   0.526742   0.0452416 
-0.0469299 0.531983   0.526742   0.0279535 
-0.105025  0.592183   0.343151   0.0333541 
-0.186463  0.521691   0.456058   0.0351327 
-0.135759  0.533868   0.436241   0.0319532 
-0.184114  0.487347   0.605932   0.033245  
-0.232941  0.47741    0.566184   0.0335632 
-0.205551  0.482829   0.602186   0.0582212 
-0.205551  0.482829   0.602186   0.0409259 
-0.205551  0.482829   0.602186   0.0315036 
-0.226832  0.526433   0.387159   0.0272423 
-0.265216  0.570971   0.202528   0.0209135 
-0.288646  0.648244   0.0553598  0.0220467 
-0.288646  0.648244   0.0553598  0.0212939 
-0.30289   0.604172   0.132083   0.0184149 
-0.393148  0.65955    -0.0918722 0.0205112 
-0.297073  0.669534   0.00356622 0.0180168 
-0.355523  0.695586   -0.0872464 0.0195118 
-0.33273   0.650856   0.0291533  0.0203717 
-0.359663  0.597546   0.0720747  0.0166895 
-0.42304   0.650755   -0.103786  0.0154038 
-0.455767  0.716407   -0.203347  0.0172694 
-0.455767  0.716407   -0.203347  0.0170273 
-0.44385   0.631946   -0.126113  0.0192157 
-0.399922  0.58593    0.0188991  0.0206976 
-0.392355  0.583907   0.00526756 0.0192396 
-0.381743  0.616047   -0.000213321 0.018535  
-0.366443  0.671119   -0.0403566 0.0167639 
-0.376735  0.738392   -0.156918  0.0162223 
-0.456558  0.673359   -0.213331  0.0174396 
-0.433702  0.610698   -0.0576558 0.0151617 
-0.524053  0.530564   -0.164806  0.0131954 
-0.546756  0.565976   -0.220097  0.0179008 
-0.546756  0.565976   -0.220097  0.0141653 
-0.531058  0.527254   -0.143253  0.0229372 
-0.501096  0.45066    -0.0316305 0.0160095 
-0.481885  0.533553   -0.0466905 0.0190744 
-0.44949   0.497068   0.013341   0.0178261 
-0.461111  0.548493   -0.0808857 0.0158148 
-0.52632   0.513796   -0.144556  0.0189964 
-0.498888  0.500622   -0.118     0.0243489 
-0.498888  0.500622   -0.118     0.0178039 
-0.451061  0.530204   -0.0336065 0.0196188 
-0.507112  0.472849   -0.0173372 0.0326424 
-0.452964  0.38947    0.243488   0.0324605 
-0.403273  0.369005   0.433639   0.0531958 
-0.403273  0.369005   0.433639   0.0257954 
-0.406407  0.387904   0.386762   0.0194824 
-0.41592   0.442572   0.229458   0.0512497 
-0.498242  0.353444   0.491077   0.0865292 
-0.498242  0.353444   0.491077   0.112665  
-0.498242  0.353444   0.491077   0.120955  
-0.498242  0.353444   0.491077   0.0344384 
-0.594323  0.420368   0.0143526  0.0603704 
-0.607456  0.352614   0.627677   0.0955747 
-0.607456  0.352614   0.627677   0.0979726 
-0.607456  0.352614   0.627677   0.0704483 
-0.607456  0.352614   0.627677   0.0994325 
-0.607456  0.352614   0.627677   0.0301817 
-0.570948  0.424066   -0.028009  0.0158901 
-0.600047  0.502294   -0.200867  0.0135344 
-0.590226  0.532791   -0.255693  0.0151805 
-0.508434  0.508511   -0.0830932 0.0142523 
-0.527599  0.577818   -0.215631  0.014337  
-0.538126  0.536722   -0.168195  0.0174796 
-0.492467  0.496425   -0.036333  0.0156437 
-0.494037  0.531473   -0.0619704 0.0226519 
-0.528761  0.441631   0.000288589 0.021357  
-0.571922  0.464148   -0.118173  0.0144572 
-0.534764  0.523896   -0.160533  0.0186912 
-0.438516  0.582377   -0.0506491 0.0192411 
-0.429218  0.556188   -0.021149  0.0182427 
-0.451034  0.54298    -0.0415724 0.0190489 
-0.415774  0.568373   0.00844418 0.0162241 
-0.461503  0.609899   -0.112187  0.012013  
-0.557109  0.596018   -0.254378  0.0101267 
-0.636806  0.67517    -0.362779  0.0143391 
-0.603875  0.740919   -0.325185  0.0108923 
-0.58919   0.643863   -0.306666  0.00972581
-0.639726  0.663442   -0.356094  0.0130069 
-0.544899  0.710327   -0.290096  0.0166202 
-0.633756  0.747555   -0.331551  0.0150353 
-0.672414  0.767635   -0.346639  0.0103552 
-0.69834   0.687948   -0.391487  0.00701092
-0.74253   0.589302   -0.423173  0.01354   
-0.841598  0.533525   -0.348975  0.0226359 
-0.913109  0.481149   -0.185115  0.0402654 
-0.913109  0.481149   -0.185115  0.0114256 
-0.901103  0.555886   -0.346717  0.0107011 
-0.81524   0.554668   -0.415597  0.00690407
-0.761247  0.596228   -0.438521  0.00889079
-0.814509  0.570644   -0.435422  0.00690746
-0.783025  0.601831   -0.448228  0.0118243 
-0.717266  0.660762   -0.39766   0.0111427 
-0.787308  0.639832   -0.435343  0.00729076
-0.877589  0.614912   -0.436825  0.0103194 
-0.806518  0.676694   -0.431016  0.0060271 
-0.751716  0.638273   -0.437664  0.0128703 
-0.77147   0.662105   -0.410048  0.00692699
-0.75473   0.654735   -0.445698  0.0117146 
-0.730764  0.688414   -0.388057  0.00755109
-0.674934  0.63139    -0.389491  0.00803138
-0.759612  0.579495   -0.419885  0.00683687
-0.739414  0.623907   -0.431985  0.0107496 
-0.784038  0.555349   -0.425125  0.00746593
-0.842063  0.597079   -0.434565  0.0075657 
-0.823821  0.592746   -0.444902  0.0155859 
-0.737028  0.516301   -0.334506  0.0250532 
-0.657618  0.455688   -0.127153  0.0325422 
-0.657618  0.455688   -0.127153  0.0162785 
-0.587244  0.509925   -0.206675  0.0248423 
-0.675738  0.469368   -0.209518  0.0181454 
-0.682977  0.497968   -0.266341  0.0267335 
-0.682977  0.497968   -0.266341  0.0185747 
-0.650799  0.495335   -0.247388  0.0405168 
-0.680989  0.406011   0.191137   0.0636536 
-0.680989  0.406011   0.191137   0.021616  
-0.686923  0.475063   -0.193699  0.0330323 
-0.686923  0.475063   -0.193699  0.0394878 
-0.686923  0.475063   -0.193699  0.00963532
-0.654126  0.570703   -0.36231   0.0122744 
-0.615567  0.548411   -0.324427  0.0178641 
-0.542405  0.486513   -0.119698  0.015556  
-0.501967  0.56439    -0.147446  0.0168264 
-0.501967  0.56439    -0.147446  0.020713  
-0.416242  0.485812   0.136768   0.0253013 
-0.341883  0.492256   0.246847   0.0271743 
-0.351125  0.437169   0.393707   0.0170549 
-0.443848  0.5279     0.0368793  0.0246718 
-0.478054  0.430963   0.085783   0.0253182 
-0.431605  0.452772   0.09109    0.0213165 
-0.438032  0.48957    0.0331063  0.0171699 
-0.448693  0.502904   0.0298797  0.0191812 
-0.409318  0.58714    -0.0294479 0.0201487 
-0.416083  0.508606   0.0739125  0.0225327 
-0.463344  0.453222   0.0182101  0.0285653 
-0.55555   0.427139   0.054003   0.0532703 
-0.55555   0.427139   0.054003   0.022488  
-0.510552  0.459849   -0.0473899 0.0236922 
-0.432809  0.465601   0.0715252  0.0164159 
-0.480594  0.500452   -0.0245545 0.0135392 
-0.537832  0.58586    -0.214494  0.012327  
-0.571003  0.651814   -0.289309  0.0186641 
-0.603326  0.7363     -0.312303  0.0272355 
-0.70119   0.780312   -0.315638  0.0212917 
-0.604892  0.872347   -0.295754  0.0279606 
-0.514538  0.910729   -0.238678  0.0223847 
-0.445293  0.966031   -0.258279  0.0243468 
-0.465804  0.957815   -0.258238  0.048171  
-0.560428  1.02382    -0.124563  0.0651927 
-0.648126  1.00925    -0.108445  0.125904  
-0.574534  1.09526    0.0904967  0.0391457 
-0.512876  1.04948    -0.0866562 0.0664265 
-0.535232  1.11958    0.107878   0.0405317 
-0.509912  1.04212    -0.141858  0.0489492 
-0.571418  1.02561    -0.078067  0.0533889 
-0.599731  1.04046    -0.059841  0.052252  
-0.559079  1.0011     -0.132574  0.0259922 
-0.571933  0.964319   -0.207847  0.0254798 
-0.535862  0.942952   -0.240025  0.0204401 
-0.45124   0.909733   -0.243886  0.017024  
-0.354521  0.941806   -0.272024  0.0189957 
-0.385555  0.943378   -0.233586  0.0202076 
-0.352462  1.01743    -0.255265  0.0309647 
-0.428864  0.995082   -0.196561  0.0168632 
-0.418016  0.898464   -0.250419  0.0186497 
-0.358829  0.939947   -0.273195  0.0252661 
-0.453047  0.963412   -0.249056  0.0174302 
-0.377116  0.890438   -0.23025   0.0167629 
-0.290953  0.797355   -0.146727  0.0172827 
-0.217985  0.805398   -0.151521  0.0218183 
-0.155338  0.709447   -0.00643488 0.0257643 
-0.226225  0.623448   0.136036   0.0232108 
-0.25278   0.624154   0.138133   0.0334934 
-0.15324   0.535383   0.46945    0.0404794 
-0.15324   0.535383   0.46945    0.0278896 
-0.071667  0.579705   0.425243   0.0261645 
-0.13904   0.628905   0.198789   0.0278617 
-0.229708  0.57025    0.269995   0.0246539 
-0.211261  0.612552   0.222162   0.0266561 
-0.211261  0.612552   0.222162   0.0273202 
-0.211261  0.612552   0.222162   0.0267709 
-0.238735  0.562412   0.31038    0.0313586 
-0.270268  0.474572   0.491634   0.0291949 
-0.193834  0.537288   0.451157   0.0386503 
-0.195982  0.453285   0.668728   0.0310885 
-0.122912  0.543071   0.580062   0.0418148 
-0.126283  0.461551   0.856178   0.0401615 
-0.18047   0.460934   0.758861   0.0443269 
-0.269393  0.370239   0.796228   0.0644605 
-0.338132  0.303533   0.797625   0.0298153 
-0.386524  0.378486   0.48464    0.0364346 
-0.419414  0.364658   0.46466    0.0253368 
-0.363382  0.413437   0.406116   0.0422803 
-0.264006  0.3338     1.04838    0.0970735 
-0.347476  0.276374   0.914413   0.286876  
-0.347476  0.276374   0.914413   0.0298894 
-0.328867  0.375594   0.613849   0.0295358 
-0.328867  0.375594   0.613849   0.0394702 
-0.259739  0.378698   0.916671   0.056038  
-0.163084  0.372109   1.33192    0.108926  
-0.163084  0.372109   1.33192    0.0795133 
-0.163084  0.372109   1.33192    0.05555   
-0.226646  0.289808   1.53566    0.110239  
-0.226646  0.289808   1.53566    0.0348264 
-0.295312  0.380939   0.728963   0.0352371 
-0.311485  0.328035   0.916006   0.0501763 
-0.311485  0.328035   0.916006   0.060853  
-0.311485  0.328035   0.916006   0.0575248 
-0.243165  0.271382   1.51843    0.0983414 
-0.243165  0.271382   1.51843    0.231325  
-0.243165  0.271382   1.51843    0.0979199 
-0.243165  0.271382   1.51843    0.0530876 
-0.255981  0.339109   0.950165   0.0439955 
-0.28674   0.309518   1.09495    0.0532554 
-0.28674   0.309518   1.09495    0.0380505 
-0.268428  0.357403   0.924917   0.02992   
-0.309959  0.417062   0.60432    0.0231496 
-0.391428  0.457488   0.194632   0.0284903 
-0.32296   0.520108   0.165812   0.0288182 
-0.249926  0.533921   0.334865   0.0241723 
-0.334178  0.474105   0.395757   0.03212   
-0.334178  0.474105   0.395757   0.0265202 
-0.291191  0.526448   0.27624    0.0262639 
-0.229759  0.589858   0.226722   0.0230112 
-0.298646  0.616027   0.0962208  0.0222116 
-0.235141  0.622025   0.186058   0.0246935 
-0.235141  0.622025   0.186058   0.0226004 
-0.284826  0.612706   0.173753   0.0287336 
-0.25311   0.54392    0.270164   0.0236102 
-0.340499  0.493319   0.285185   0.0251886 
-0.340499  0.493319   0.285185   0.0239942 
-0.293591  0.581216   0.187647   0.0236238 
-0.264635  0.586017   0.279784   0.020691  
-0.362936  0.603737   -0.0142025 0.0204817 
-0.293937  0.674064   -0.000439111 0.0211824 
-0.320748  0.603879   0.121693   0.0274921 
-0.26287   0.539837   0.298042   0.0233034 
-0.292549  0.618571   0.046521   0.0293381 
-0.26348   0.527265   0.334048   0.0351502 
-0.211394  0.490684   0.482776   0.0289462 
-0.162903  0.576513   0.36286    0.0282865 
-0.222705  0.54153    0.325149   0.0277306 
-0.156584  0.585448   0.367039   0.0365462 
-0.156584  0.585448   0.367039   0.0261142 
-0.148262  0.594568   0.344511   0.0338821 
-0.132871  0.545723   0.426528   0.0247449 
-0.108489  0.642836   0.175346   0.0265846 
-0.128424  0.637226   0.139616   0.0296974 
-0.128424  0.637226   0.139616   0.0260114 
-0.0730733 0.657406   0.15484    0.0214192 
-0.0497739 0.721553   0.047414   0.0228381 
-0.0674258 0.7077     0.0378778  0.0207924 
-0.135019  0.725474   -0.0412139 0.0215979 
-0.135019  0.725474   -0.0412139 0.0178708 
-0.0839818 0.809429   -0.0909203 0.0185174 
-0.0127715 0.825934   -0.15364   0.0197738 
-0.0127715 0.825934   -0.15364   0.0173425 
0.0448065  0.848413   -0.175363  0.0178913 
0.0320873  0.930118   -0.213566  0.0168203 
-0.0358804 0.862567   -0.173074  0.0153337 
-0.0583664 0.915315   -0.197844  0.0161007 
-0.149907  0.829848   -0.130679  0.0201871 
-0.0874522 0.746522   -0.027995  0.021654  
-0.0609612 0.69855    0.136309   0.021192  
-0.148892  0.704804   0.0650034  0.02316   
-0.148866  0.668708   0.106785   0.0187414 
-0.223603  0.764138   -0.0560837 0.0193254 
-0.177746  0.754273   -0.0534977 0.0192783 
-0.204261  0.761841   -0.113036  0.0179363 
-0.267237  0.790246   -0.184475  0.0186595 
-0.249735  0.766165   -0.123059  0.0173433 
-0.17912   0.819375   -0.170087  0.0204187 
-0.223111  0.723345   -0.0356644 0.0229863 
-0.294772  0.626527   0.0543102  0.0223829 
-0.224138  0.67329    0.031203   0.024688  
-0.2734    0.603087   0.165533   0.0215991 
-0.299314  0.615485   0.112759   0.0217145 
-0.373986  0.545139   0.107799   0.0260611 
-0.311479  0.504956   0.332755   0.0303723 
-0.278124  0.485418   0.405775   0.0272274 
-0.203886  0.581055   0.261684   0.0222509 
-0.231606  0.670071   0.0322929  0.0257719 
-0.231606  0.670071   0.0322929  0.0280078 
-0.20572   0.572278   0.327444   0.0260354 
-0.20572   0.572278   0.327444   0.02682   
-0.280552  0.520521   0.337407   0.0246768 
-0.363534  0.46712    0.266146   0.0269598 
-0.323206  0.561526   0.107578   0.0344469 
-0.248768  0.489929   0.481898   0.0299087 
-0.248768  0.489929   0.481898   0.0340282 
-0.248768  0.489929   0.481898   0.0274358 
-0.302143  0.505008   0.370302   0.0219111 
-0.380736  0.600959   -0.0448823 0.0171374 
-0.436755  0.659466   -0.12821   0.0182312 
-0.398397  0.640829   -0.100376  0.0193706 
-0.318496  0.70163    -0.0767413 0.0236758 
-0.318496  0.70163    -0.0767413 0.018959  
-0.366655  0.661947   -0.0678295 0.0192735 
-0.426637  0.572906   -0.0193636 0.0200475 
-0.438032  0.520548   0.014688   0.0203341 
-0.438032  0.520548   0.014688   0.027053  
-0.438032  0.520548   0.014688   0.0151978 
-0.493628  0.597411   -0.142955  0.0126309 
-0.542869  0.672183   -0.249445  0.0106545 
-0.599852  0.675231   -0.337729  0.0137571 
-0.524623  0.654039   -0.264551  0.0118537 
-0.577892  0.689595   -0.306377  0.0116041 
-0.60108   0.710599   -0.342186  0.0141465 
-0.51251   0.649772   -0.244914  0.0147958 
-0.578692  0.745258   -0.309419  0.0137353 
-0.512981  0.67013    -0.224844  0.0202106 
-0.512981  0.67013    -0.224844  0.0135815 
-0.511994  0.721355   -0.25956   0.0100206 
-0.603682  0.641332   -0.329404  0.00788735
-0.676866  0.635425   -0.387772  0.0124584 
-0.676866  0.635425   -0.387772  0.0110504 
-0.599176  0.585702   -0.299774  0.0118629 
-0.574222  0.657047   -0.300314  0.014862  
-0.496698  0.640852   -0.189823  0.0140068 
-0.511381  0.587466   -0.167825  0.01621   
-0.561605  0.507778   -0.204729  0.0128961 
-0.601279  0.544199   -0.274     0.0228787 
-0.671405  0.472509   -0.179121  0.0171129 
-0.602267  0.498243   -0.206763  0.0172625 
-0.61345   0.506334   -0.273557  0.0292619 
-0.610435  0.4351     -0.035471  0.0478579 
-0.610435  0.4351     -0.035471  0.0544754 
-0.610435  0.4351     -0.035471  0.0575458 
-0.610435  0.4351     -0.035471  0.0581065 
-0.610435  0.4351     -0.035471  0.0321734 
-0.563067  0.418048   0.0677526  0.0333288 
-0.481526  0.394143   0.276569   0.0223186 
-0.436592  0.455698   0.0880354  0.046834  
-0.488426  0.358376   0.386615   0.0423542 
-0.547954  0.392012   0.152379   0.0203767 
-0.476667  0.454494   0.0527993  0.0279002 
-0.447011  0.409326   0.17297    0.060652  
-0.447011  0.409326   0.17297    0.0254445 
-0.447011  0.409326   0.17297    0.0514727 
-0.428331  0.343188   0.538944   0.0342286 
-0.510642  0.396915   0.244387   0.0197539 
-0.469033  0.460399   0.0523269  0.0232265 
-0.469033  0.460399   0.0523269  0.0220075 
-0.436082  0.471533   0.0628336  0.0322831 
-0.373403  0.378952   0.424046   0.0269264 
-0.414016  0.406629   0.267605   0.0194175 
-0.49613   0.45876    0.00606449 0.0183416 
-0.492815  0.475511   -0.0248518 0.0128407 
-0.558307  0.554712   -0.218477  0.0124563 
-0.568658  0.615663   -0.281275  0.0150977 
-0.479567  0.598591   -0.130209  0.0165455 
-0.462768  0.633578   -0.156667  0.0118621 
-0.56026   0.66769    -0.293522  0.0118992 
-0.559539  0.616655   -0.244682  0.011442  
-0.574172  0.597723   -0.273121  0.0103915 
-0.64125   0.578795   -0.356436  0.0142902 
-0.611916  0.518316   -0.256469  0.0202763 
-0.656288  0.485953   -0.25407   0.0226713 
-0.728696  0.481645   -0.246511  0.0289671 
-0.728696  0.481645   -0.246511  0.0175383 
-0.766277  0.505364   -0.277568  0.0243775 
-0.823324  0.473539   -0.14694   0.0288617 
-0.758403  0.451752   -0.109211  0.0174062 
-0.718963  0.5105     -0.326574  0.0214418 
-0.718963  0.5105     -0.326574  0.0111459 
-0.633155  0.553715   -0.32994   0.0125787 
-0.67838   0.534721   -0.344579  0.0169952 
-0.616703  0.50702    -0.279439  0.0140905 
-0.646728  0.519699   -0.279999  0.00753875
-0.688347  0.594673   -0.37731   0.00731728
-0.778242  0.59157    -0.434199  0.0143736 
-0.819851  0.527534   -0.371398  0.00910617
-0.870434  0.589274   -0.413044  0.009017  
-0.882869  0.590929   -0.407261  0.0199196 
-0.835524  0.501121   -0.288161  0.00707111
-0.825835  0.592436   -0.453402  0.00909592
-0.900182  0.604535   -0.405938  0.0225772 
-0.963529  0.631033   -0.310334  0.0129749 
-0.968472  0.61322    -0.348877  0.0111533 
-0.94191   0.55265    -0.298801  0.0100969 
-0.895319  0.569691   -0.395879  0.0224435 
-0.895319  0.569691   -0.395879  0.0133114 
-0.912844  0.536013   -0.323558  0.01665   
-0.962843  0.623742   -0.325101  0.00957557
-0.868187  0.568849   -0.423853  0.0119182 
-0.930438  0.580408   -0.361103  0.0176065 
-0.960304  0.65564    -0.315256  0.0371374 
-0.960304  0.65564    -0.315256  0.031922  
-0.937252  0.738838   -0.217515  0.0335711 
-1.01872   0.731419   -0.125039  0.0182571 
-0.962338  0.651189   -0.308058  0.0230393 
-0.962338  0.651189   -0.308058  0.0186234 
-0.91717   0.6701     -0.345732  0.0131909 
-0.950793  0.628575   -0.356563  0.0138449 
-0.950793  0.628575   -0.356563  0.0217678 
-1.03733   0.635173   -0.192556  0.0103665 
-0.949807  0.56924    -0.333588  0.0221644 
-0.939699  0.473569   -0.132124  0.0239232 
-0.940826  0.46317    -0.0748695 0.0258147 
-0.940826  0.46317    -0.0748695 0.0352385 
-0.955809  0.416368   0.152781   0.0369295 
-0.955809  0.416368   0.152781   0.0667358 
-1.03983   0.319197   1.03655    0.0303526 
-1.12282   0.405342   0.389495   0.0312919 
-1.1266    0.405931   0.385096   0.0265509 
-1.07924   0.419714   0.325738   0.0219505 
-0.997724  0.461787   -0.00498651 0.0254884 
-0.930847  0.460589   -0.0446677 0.0167399 
-0.956019  0.506862   -0.202372  0.0307637 
-0.956019  0.506862   -0.202372  0.0326761 
-0.86959   0.438686   -0.0179518 0.0239398 
-0.8534    0.479408   -0.192932  0.0429697 
-0.8534    0.479408   -0.192932  0.0146794 
-0.89048   0.53086    -0.35304   0.0220586 
-0.943857  0.627442   -0.331743  0.0131022 
-0.939529  0.623016   -0.364457  0.00912919
-0.930051  0.60566    -0.399312  0.0124116 
-0.930051  0.60566    -0.399312  0.0127037 
-0.920899  0.541736   -0.334764  0.0103414 
-0.945845  0.570028   -0.330955  0.0146411 
-0.916759  0.635785   -0.395189  0.022611  
-0.974719  0.666936   -0.303915  0.0271102 
-0.974719  0.666936   -0.303915  0.0201471 
-0.884501  0.700174   -0.353891  0.0247859 
-0.823713  0.770624   -0.319567  0.0228411 
-0.742509  0.853091   -0.292726  0.0192774 
-0.736176  0.802475   -0.323351  0.0327034 
-0.679217  0.846304   -0.254165  0.0379811 
-0.61361   0.945509   -0.186558  0.0319627 
-0.61721   0.937242   -0.22381   0.0228238 
-0.596568  0.84042    -0.293939  0.013241  
-0.603694  0.773105   -0.316286  0.0180299 
-0.640591  0.817581   -0.330958  0.0311049 
-0.686542  0.894789   -0.211039  0.022206  
-0.608674  0.835881   -0.286575  0.0189834 
-0.565999  0.866351   -0.276362  0.0162584 
-0.526329  0.847553   -0.289747  0.0153714 
-0.467608  0.82427    -0.252172  0.0171532 
-0.455062  0.853814   -0.265904  0.103884  
-0.455062  0.853814   -0.265904  0.0158355 
-0.35553   0.934014   -0.265511  0.0189301 
-0.454606  0.94481    -0.291209  0.020803  
-0.363833  0.928089   -0.263921  0.0170599 
-0.294085  0.946589   -0.245104  0.0204971 
-0.393397  0.90861    -0.232753  0.0154285 
-0.374004  0.824766   -0.238291  0.0344502 
-0.431664  0.920602   -0.229648  0.0143743 
-0.43967   0.870754   -0.277621  0.0186199 
-0.43967   0.870754   -0.277621  0.0151674 
-0.37688   0.833733   -0.238418  0.0163162 
-0.410361  0.866604   -0.270689  0.0247207 
-0.400791  0.960324   -0.230989  0.0224062 
-0.324499  1.05047    -0.2553    0.0157903 
-0.30086   0.961092   -0.284849  0.0148394 
-0.376557  0.861541   -0.248834  0.01548   
-0.281495  0.908771   -0.240849  0.0164882 
-0.185313  0.88914    -0.197603  0.0182849 
-0.188237  0.975304   -0.247622  0.0180229 
-0.182234  0.959296   -0.247345  0.0155719 
-0.226959  0.919723   -0.258419  0.0180882 
-0.152525  0.931894   -0.271154  0.0165317 
-0.245009  0.972145   -0.249069  0.0186021 
-0.237236  0.962099   -0.246277  0.01842   
-0.275327  0.876873   -0.183052  0.015631  
-0.348026  0.817739   -0.2008    0.0215626 
-0.249823  0.907115   -0.210192  0.0183099 
-0.159866  0.878411   -0.196306  0.0201548 
-0.147177  0.793811   -0.139215  0.0184104 
-0.229925  0.77529    -0.0901128 0.0173962 
-0.156649  0.807653   -0.108402  0.0177522 
-0.112499  0.82822    -0.137382  0.0160783 
-0.155152  0.895533   -0.225585  0.0173126 
-0.0586361 0.901593   -0.21616   0.0174849 
-0.126111  0.964792   -0.269008  0.016593  
-0.0480073 0.957673   -0.245607  0.0209171 
-0.0797558 0.945619   -0.205738  0.0169047 
0.0102845  0.984268   -0.261137  0.0178991 
-0.000288033 0.903374   -0.215893  0.0176303 
0.0453364  0.882489   -0.172344  0.0164673 
0.0410602  0.907026   -0.238371  0.0167717 
0.107882   0.997582   -0.291991  0.015353  
0.0966746  0.919105   -0.241002  0.0171862 
0.000127638 0.890916   -0.219114  0.0175311 
-0.047958  0.918177   -0.207982  0.0168812 
-0.0518002 0.948023   -0.225642  0.017012  
-0.00374174 0.950331   -0.241341  0.0160797 
0.0600944  0.968978   -0.266685  0.0168897 
0.0600944  0.968978   -0.266685  0.0193878 
0.126221   0.961659   -0.230315  0.0177934 
0.100048   1.02696    -0.260239  0.0210995 
0.11869    1.01508    -0.221967  0.0219598 
0.038387   1.04708    -0.231972  0.0318016 
-0.0580179 1.14274    -0.205943  0.0318234 
-0.136236  1.15831    -0.177529  0.0971886 
-0.215273  1.16631    -0.0440485 0.0328152 
-0.152609  1.15943    -0.214029  0.034328  
-0.182529  1.06377    -0.195204  0.0361323 
-0.108494  1.05402    -0.206829  0.0259495 
-0.109195  1.04261    -0.212378  0.0212468 
-0.0594798 1.06076    -0.277076  0.0702387 
-0.0594798 1.06076    -0.277076  0.0228873 
-0.0245745 0.995098   -0.243681  0.0173986 
-0.00701806 0.996296   -0.282064  0.0223934 
0.0593418  1.04962    -0.262884  0.0174836 
0.149501   0.99682    -0.293927  0.0263258 
0.106477   1.06158    -0.220099  0.0513726 
0.151419   1.08112    -0.170982  0.0194685 
0.128542   1.09108    -0.256523  0.0405755 
0.0822602  1.18094    -0.152313  0.081497  
0.180463   1.21354    -0.000931592 0.0269216 
0.101179   1.11531    -0.186963  0.0297785 
0.0366914  1.11131    -0.216229  0.0281349 
0.0845589  1.09252    -0.194266  0.0276742 
-0.0122862 1.08861    -0.222413  0.0204266 
0.0286913  1.01663    -0.25027   0.0171148 
0.0162636  0.931457   -0.244234  0.0177379 
0.0141543  1.00606    -0.247651  0.0157776 
0.0680981  0.926656   -0.248339  0.0156716 
-0.0288976 0.955325   -0.259377  0.0421774 
-0.00143585 1.0396     -0.218782  0.0269621 
0.0656363  1.10549    -0.208516  0.0265424 
0.00241002 1.08761    -0.244506  0.030153  
-0.0416917 1.02776    -0.21246   0.0175392 
0.00371979 0.934536   -0.243885  0.0224467 
-0.0208263 0.875518   -0.171639  0.0204049 
0.0167417  0.896191   -0.175444  0.0204034 
0.073537   0.980887   -0.248118  0.031896  
-0.016392  1.05749    -0.211491  0.0165729 
0.0387628  1.00986    -0.259267  0.0212739 
0.0039237  1.02281    -0.270671  0.0180745 
0.0497746  0.973009   -0.265611  0.0165875 
0.101781   1.06726    -0.296928  0.0247612 
0.122229   1.07623    -0.234527  0.150967  
0.122229   1.07623    -0.234527  0.0264651 
0.17278    1.06102    -0.229511  0.0266704 
0.220621   1.03172    -0.23158   0.0283909 
0.190474   1.07565    -0.182951  0.028265  
0.130597   1.11627    -0.223653  0.0313491 
0.154861   1.05852    -0.234734  0.0317956 
0.166053   1.14529    -0.170691  0.0454171 
0.166053   1.14529    -0.170691  0.0450348 
0.262986   1.1165     -0.15837   0.0289544 
0.285795   1.03746    -0.22116   0.0280978 
0.31024    1.04838    -0.235229  0.0337999 
0.292565   1.0332     -0.22951   0.0254046 
0.213047   1.01058    -0.254476  0.0179112 
0.213047   1.01058    -0.254476  0.0168472 
0.236058   1.01145    -0.288028  0.0173379 
0.221748   0.939242   -0.265032  0.015923  
0.248832   0.91586    -0.234239  0.0173026 
0.17531    0.837804   -0.170384  0.0161885 
0.156143   0.933553   -0.233818  0.0167571 
0.20427    0.955648   -0.259014  0.0187523 
0.247844   0.867488   -0.19236   0.0163526 
0.314202   0.873235   -0.248482  0.0167363 
0.347736   0.933014   -0.268831  0.018811  
0.36445    0.932497   -0.287754  0.0164803 
0.318854   0.839446   -0.210147  0.0151358 
0.359157   0.849693   -0.240666  0.0177231 
0.345125   0.778717   -0.173773  0.0166747 
0.431641   0.711197   -0.222113  0.0172713 
0.436137   0.660694   -0.176695  0.0212179 
0.343325   0.601681   0.0937756  0.0198121 
0.381027   0.643946   -0.0624884 0.0203371 
0.353478   0.633444   -0.00664977 0.0168108 
0.445947   0.64658    -0.148595  0.0172454 
0.402156   0.711883   -0.206161  0.0151965 
0.459777   0.665975   -0.143364  0.0150015 
0.504367   0.681888   -0.230818  0.0138641 
0.599784   0.770137   -0.322238  0.016095  
0.599784   0.770137   -0.322238  0.0147007 
0.563545   0.794828   -0.307104  0.0301454 
0.525344   0.887647   -0.247103  0.0224271 
0.532605   0.86787    -0.265622  0.0242089 
0.463069   0.939069   -0.284061  0.0334772 
0.463069   0.939069   -0.284061  0.0246388 
0.549585   0.968848   -0.257662  0.0197889 
0.522853   0.900083   -0.275132  0.0150076 
0.432668   0.80273    -0.264423  0.0159    
0.394675   0.739396   -0.149539  0.0174107 
0.412884   0.694659   -0.14994   0.0163452 
0.433081   0.681315   -0.15601   0.0151375 
0.486553   0.639969   -0.185403  0.0132594 
0.545571   0.614528   -0.238836  0.0126146 
0.544796   0.587131   -0.214076  0.0174993 
0.447445   0.605949   -0.105404  0.0214194 
0.349968   0.619952   0.012121   0.0175761 
0.427177   0.634178   -0.0996931 0.0155215 
0.449354   0.709792   -0.189773  0.0177895 
0.380014   0.69981    -0.125935  0.0179883 
0.42724    0.645075   -0.126656  0.0254295 
0.330749   0.567358   0.118353   0.0215512 
0.375395   0.490553   0.219115   0.0219306 
0.437214   0.41875    0.221856   0.0237885 
0.385118   0.496876   0.154619   0.0234442 
0.288309   0.582578   0.186845   0.0208993 
0.368595   0.62671    -0.0533526 0.0185295 
0.383397   0.668128   -0.0626075 0.0175226 
0.424725   0.602743   -0.0363309 0.0156176 
0.476659   0.56113    -0.0907065 0.0246009 
0.476659   0.56113    -0.0907065 0.0161129 
0.479777   0.604601   -0.154414  0.0160696 
0.556808   0.525761   -0.236829  0.0176038 
0.55654    0.489845   -0.195652  0.0304187 
0.619456   0.426341   0.0823795  0.02291   
0.561672   0.455173   -0.061195  0.035144  
0.569381   0.409163   0.113807   0.0165909 
0.495309   0.496354   -0.041756  0.0215575 
0.454373   0.432381   0.17656    0.0237718 
0.379603   0.473155   0.234203   0.0233596 
0.391565   0.423891   0.310751   0.0238589 
0.38761    0.469762   0.173993   0.0262914 
0.38761    0.469762   0.173993   0.021373  
0.386889   0.504968   0.175023   0.0202983 
0.437905   0.497085   0.0394282  0.0163797 
0.486223   0.578445   -0.150728  0.0126034 
0.542714   0.598617   -0.238939  0.0110942 
0.585879   0.661017   -0.293568  0.0129067 
0.528356   0.683628   -0.244263  0.0133718 
0.540127   0.613696   -0.242402  0.0167521 
0.450814   0.635204   -0.145118  0.0153716 
0.468597   0.705417   -0.195314  0.0130736 
0.524543   0.647832   -0.228505  0.0119808 
0.585189   0.57963    -0.29537   0.0133625 
0.575121   0.541325   -0.241867  0.0106078 
0.608014   0.611935   -0.347679  0.00982035
0.681714   0.566746   -0.389346  0.00649075
0.777253   0.638902   -0.444389  0.00663539
0.816875   0.630528   -0.449174  0.0279384 
0.896579   0.725608   -0.283972  0.0412921 
0.981115   0.789569   -0.0901238 0.0298004 
1.02552    0.697909   -0.149228  0.0245146 
0.986408   0.668915   -0.241958  0.0290021 
1.06747    0.645071   -0.114945  0.0261807 
1.02133    0.685771   -0.166416  0.0287372 
1.03413    0.662321   -0.144054  0.0213141 
1.0478     0.640095   -0.161685  0.0316883 
1.05155    0.648035   -0.113451  0.0285983 
1.04736    0.689501   -0.13963   0.0411986 
1.02675    0.751395   -0.0818131 0.0671839 
1.02675    0.751395   -0.0818131 0.0617464 
1.02675    0.751395   -0.0818131 0.0343313 
0.941301   0.764208   -0.213945  0.0335896 
0.850067   0.771417   -0.262116  0.0358381 
0.826421   0.834727   -0.189374  0.0271379 
0.84294    0.827468   -0.269279  0.0495125 
0.869853   0.784693   -0.160655  0.0287613 
0.867929   0.753306   -0.287658  0.0204065 
0.79271    0.791073   -0.338144  0.0365624 
0.829287   0.823521   -0.200956  0.0380975 
0.829287   0.823521   -0.200956  0.0196404 
0.758247   0.78327    -0.357809  0.0290506 
0.831506   0.816401   -0.267127  0.0305657 
0.902613   0.774171   -0.223267  0.041015  
0.831733   0.856287   -0.165451  0.0471047 
0.831733   0.856287   -0.165451  0.0563277 
0.764983   0.954245   0.0783274  0.0416045 
0.695135   0.982526   -0.0954206 0.0538651 
0.685298   1.00555    -0.138507  0.0681532 
0.684269   1.09513    0.126951   0.0627866 
0.693068   1.05618    0.0915786  0.0430471 
0.690859   0.956581   -0.102261  0.04626   
0.690859   0.956581   -0.102261  0.0366994 
0.692981   0.897065   -0.215084  0.0397401 
0.7432     0.920323   -0.161164  0.0271222 
0.750174   0.835917   -0.30255   0.0294432 
0.702829   0.777418   -0.315131  0.010452  
0.749528   0.706659   -0.405247  0.0255126 
0.745381   0.788686   -0.280637  0.0167679 
0.802156   0.72139    -0.380126  0.0232562 
0.736932   0.815534   -0.267563  0.0146617 
0.735852   0.747482   -0.369006  0.0240501 
0.790246   0.839066   -0.282895  0.0217892 
0.718945   0.795894   -0.341046  0.0160755 
0.660861   0.751594   -0.317757  0.00989877
0.655354   0.705951   -0.374404  0.0151038 
0.655354   0.705951   -0.374404  0.0125589 
0.565124   0.694114   -0.261948  0.0118283 
0.567502   0.617058   -0.258324  0.0118621 
0.57877    0.610624   -0.306434  0.014928  
0.596188   0.534521   -0.300969  0.0273488 
0.596188   0.534521   -0.300969  0.00987628
0.683028   0.563909   -0.378049  0.0136422 
0.73824    0.535051   -0.379439  0.0227692 
0.751646   0.483062   -0.271866  0.0459901 
0.751646   0.483062   -0.271866  0.0173014 
0.676644   0.50537    -0.291372  0.019881  
0.730466   0.491912   -0.268575  0.024241  
0.704218   0.467408   -0.165511  0.0267869 
0.779168   0.466535   -0.18296   0.0481735 
0.845396   0.381929   0.459235   0.044669  
0.880819   0.381696   0.468912   0.0648011 
0.880819   0.381696   0.468912   0.0403706 
0.880862   0.405507   0.236348   0.0317047 
0.926239   0.426812   0.162822   0.0553597 
0.926239   0.426812   0.162822   0.0197786 
0.985841   0.47651    -0.105563  0.0158705 
1.07822    0.482072   0.0359402  0.0142099 
1.03017    0.56552    -0.212021  0.0183442 
1.1107     0.581926   -0.0446617 0.0284529 
1.03165    0.675052   -0.128474  0.0149688 
1.01154    0.624797   -0.275797  0.0427914 
1.02601    0.717521   -0.0803773 0.0234049 
1.04359    0.657359   -0.181342  0.0248029 
1.12344    0.621467   0.0266073  0.0343447 
1.12918    0.632792   0.0870514  0.0314685 
1.08194    0.660203   0.00335698 0.0226722 
1.07274    0.653234   -0.12114   0.0348015 
1.12065    0.635112   0.107943   0.0264439 
1.04925    0.671051   -0.0956257 0.0163391 
1.01362    0.579932   -0.238869  0.0163255 
0.987771   0.503349   -0.156879  0.0312218 
0.900884   0.437859   0.0580665  0.0369402 
0.870466   0.422878   0.0554971  0.0317704 
0.806435   0.442564   -0.0917829 0.0222289 
0.900436   0.480235   -0.174079  0.0308186 
0.900436   0.480235   -0.174079  0.0349142 
0.918285   0.40956    0.285962   0.0465645 
0.918285   0.40956    0.285962   0.0558318 
0.856224   0.358938   0.721505   0.0862657 
0.856224   0.358938   0.721505   0.0495836 
0.847596   0.382462   0.393659   0.0892707 
0.847596   0.382462   0.393659   0.0225086 
0.926751   0.471507   -0.117551  0.0201637 
0.985058   0.482729   -0.138197  0.0224158 
0.887179   0.484119   -0.18843   0.0182596 
0.885246   0.502171   -0.248786  0.0266466 
0.983898   0.455129   -0.055922  0.0117754 
1.00012    0.53695    -0.201012  0.0168926 
1.00816    0.626023   -0.254992  0.020526  
0.983038   0.648127   -0.258921  0.0113143 
0.961144   0.606227   -0.341665  0.0165874 
0.894928   0.51473    -0.28561   0.0268294 
0.88746    0.463782   -0.112156  0.0119606 
0.842961   0.547732   -0.376021  0.0160415 
0.809759   0.520413   -0.358748  0.0149702 
0.848691   0.529338   -0.381652  0.010394  
0.919344   0.588978   -0.39738   0.0120533 
0.95494    0.551577   -0.318261  0.0193695 
0.98012    0.486821   -0.15794   0.0136037 
1.04764    0.562189   -0.206896  0.0197484 
1.13449    0.580108   0.0103955  0.0324887 
1.13212    0.646022   0.112809   0.0214052 
1.15709    0.578686   0.0767778  0.0334554 
1.08717    0.670142   -0.0380192 0.0465491 
1.16649    0.705451   0.325285   0.0330468 
1.07098    0.653876   -0.0515107 0.0509709 
1.10322    0.749505   0.206485   0.0906074 
1.19339    0.792156   0.903163   0.12143   
1.19339    0.792156   0.903163   0.0760391 
1.1649     0.812765   0.675721   0.0641451 
1.15311    0.762563   0.412996   0.0947893 
1.15311    0.762563   0.412996   0.0504455 
1.15471    0.722633   0.323212   0.0313947 
1.05797    0.633307   -0.136731  0.0208946 
1.0434     0.669418   -0.198165  0.0210616 
1.06208    0.618098   -0.167989  0.0125116 
1.05733    0.541116   -0.161438  0.0128879 
1.05033    0.564699   -0.208339  0.0167422 
1.00061    0.497492   -0.139148  0.0141767 
1.00061    0.497492   -0.139148  0.0285706 
1.00061    0.497492   -0.139148  0.0259708 
0.982509   0.447175   0.0329497  0.0167342 
0.983957   0.513274   -0.218715  0.0102947 
0.892258   0.569048   -0.389624  0.0119671 
0.951002   0.549616   -0.328365  0.0213314 
0.951002   0.549616   -0.328365  0.0257725 
0.906593   0.472085   -0.179933  0.0192244 
0.922099   0.495127   -0.199258  0.0211252 
0.920217   0.488238   -0.230176  0.0402589 
0.920217   0.488238   -0.230176  0.0134335 
0.895929   0.539004   -0.329889  0.0172982 
0.86861    0.624495   -0.40165   0.0135931 
0.91049    0.644348   -0.405186  0.0228379 
1.00683    0.665225   -0.239434  0.0197838 
0.96858    0.657865   -0.298295  0.0263359 
0.96858    0.657865   -0.298295  0.0133068 
0.954869   0.58434    -0.332083  0.00961201
0.892333   0.595877   -0.404631  0.0105907 
0.903115   0.564547   -0.375882  0.0115062 
0.952907   0.571112   -0.340491  0.015988  
0.978057   0.507966   -0.210556  0.012942  
0.912103   0.534976   -0.31011   0.0156808 
0.858048   0.523291   -0.320059  0.0284507 
0.858048   0.523291   -0.320059  0.0256209 
0.780928   0.464337   -0.0742105 0.0202374 
0.736577   0.489742   -0.261525  0.0237676 
0.769791   0.486829   -0.266926  0.0227282 
0.693943   0.474853   -0.211645  0.0118539 
0.657633   0.546091   -0.364131  0.0148333 
0.586331   0.51527    -0.235842  0.0303558 
0.644684   0.438174   -0.0242104 0.0320134 
0.639476   0.432279   -0.067518  0.0273412 
0.662491   0.453594   -0.185993  0.0214989 
0.680766   0.478687   -0.197023  0.0285602 
0.768996   0.455672   -0.0969017 0.037561  
0.704528   0.4266     0.00961812 0.0176805 
0.672068   0.502068   -0.306973  0.0124734 
0.62258    0.537202   -0.294154  0.0079409 
0.661487   0.625698   -0.375696  0.0166339 
0.617024   0.714408   -0.33598   0.019399  
0.523933   0.761277   -0.273322  0.0131071 
0.550241   0.66247    -0.275461  0.0114381 
0.596106   0.69823    -0.339308  0.0144602 
0.507966   0.613982   -0.194234  0.0184892 
0.408161   0.636571   -0.0737472 0.0162189 
0.463744   0.621886   -0.141989  0.0157891 
0.452858   0.675133   -0.160664  0.0183707 
0.415973   0.623082   -0.0611078 0.0186595 
0.317231   0.696152   -0.0447375 0.0167136 
0.301246   0.791212   -0.170808  0.0168196 
0.360151   0.750713   -0.148304  0.0189715 
0.319083   0.799129   -0.16936   0.0177979 
0.397521   0.713851   -0.135662  0.0157535 
0.471078   0.642315   -0.154175  0.0153476 
0.499522   0.569598   -0.16955   0.0165351 
0.439201   0.663497   -0.156539  0.0150224 
0.505165   0.571052   -0.187928  0.0179141 
0.505165   0.571052   -0.187928  0.0109687 
0.587216   0.578807   -0.28002   0.0128381 
0.609153   0.535291   -0.28825   0.0117793 
0.637826   0.550088   -0.326797  0.0118681 
0.655495   0.549317   -0.349712  0.0135553 
0.655495   0.549317   -0.349712  0.0123076 
0.583345   0.563053   -0.280868  0.0183964 
0.583345   0.563053   -0.280868  0.0144857 
0.499554   0.656097   -0.218963  0.0111414 
0.592933   0.708529   -0.322491  0.0109071 
0.596688   0.686597   -0.327499  0.0178024 
0.686478   0.758725   -0.351689  0.018183  
0.629067   0.787152   -0.289654  0.0162957 
0.704066   0.809127   -0.361763  0.0284472 
0.736287   0.807808   -0.279115  0.0463771 
0.820466   0.907636   -0.0489105 0.0281156 
0.805954   0.810456   -0.271709  0.0202528 
0.759261   0.809064   -0.326474  0.0202101 
0.741669   0.788586   -0.324905  0.0110622 
0.691472   0.736541   -0.38874   0.0165315 
0.733837   0.764841   -0.35329   0.0176546 
0.738043   0.781705   -0.3382    0.0166654 
0.65874    0.850413   -0.321093  0.035232  
0.748124   0.907214   -0.19594   0.0372574 
0.749874   0.871003   -0.254984  0.0379449 
0.842828   0.879755   -0.128694  0.0185129 
0.757765   0.813707   -0.308178  0.0182609 
0.72107    0.783868   -0.350108  0.0141354 
0.656104   0.793109   -0.361688  0.017589  
0.56201    0.774712   -0.312807  0.0140187 
0.515244   0.676263   -0.257094  0.0159866 
0.450468   0.700624   -0.198457  0.0153274 
0.419183   0.780727   -0.254309  0.0157631 
0.462036   0.683707   -0.198486  0.0152054 
0.40947    0.774887   -0.202092  0.0188988 
0.328515   0.731764   -0.123181  0.0200784 
0.35078    0.632844   0.0194283  0.0229878 
0.314235   0.566607   0.224511   0.0211544 
0.345937   0.610893   0.0650668  0.0276532 
0.264314   0.543071   0.322691   0.0295966 
0.215961   0.535278   0.334237   0.0278005 
0.210648   0.581949   0.267651   0.0244775 
0.281509   0.552682   0.296325   0.0229814 
0.293186   0.599452   0.148731   0.0258862 
0.293186   0.599452   0.148731   0.0212092 
0.365068   0.612298   0.0178891  0.0232613 
0.365068   0.612298   0.0178891  0.0259878 
0.27636    0.566651   0.184131   0.0226131 
0.319438   0.615323   0.0548005  0.0211164 
0.252246   0.678252   0.0298955  0.0255619 
0.221958   0.591235   0.23774    0.0262053 
0.140994   0.650575   0.126455   0.0274129 
0.140994   0.650575   0.126455   0.0303329 
0.162629   0.555025   0.393461   0.0344434 
0.162629   0.555025   0.393461   0.0346631 
0.115308   0.524922   0.583765   0.0424336 
0.131262   0.463881   0.77044    0.0371304 
0.110236   0.484928   0.709445   0.032109  
0.015736   0.574515   0.342352   0.0247274 
0.11174    0.656107   0.174929   0.0291097 
0.11174    0.656107   0.174929   0.0262064 
0.179151   0.607729   0.186922   0.0214478 
0.273131   0.65083    0.032933   0.0223    
0.30338    0.625231   0.0539542  0.0248732 
0.378767   0.538358   0.101746   0.018877  
0.441621   0.49167    0.0665008  0.0264465 
0.401095   0.394531   0.353252   0.0591775 
0.469455   0.33254    0.734971   0.0693702 
0.539784   0.331485   0.949682   0.111163  
0.539784   0.331485   0.949682   0.0900948 
0.539784   0.331485   0.949682   0.0828758 
0.539784   0.331485   0.949682   0.0491338 
0.595584   0.383934   0.250999   0.0335036 
0.658094   0.425085   -0.0065792 0.0306556 
0.658094   0.425085   -0.0065792 0.0509568 
0.658094   0.425085   -0.0065792 0.0638965 
0.658094   0.425085   -0.0065792 0.0278222 
0.680928   0.443847   -0.0400232 0.0268952 
0.666494   0.456375   -0.137876  0.0261413 
0.65773    0.452004   -0.104993  0.0156847 
0.591002   0.507232   -0.223737  0.0169591 
0.591002   0.507232   -0.223737  0.0116266 
0.619527   0.54688    -0.277835  0.0219513 
0.619527   0.54688    -0.277835  0.00961591
0.630176   0.646029   -0.369299  0.0118792 
0.630176   0.646029   -0.369299  0.0066841 
0.713414   0.639034   -0.427484  0.0107383 
0.677471   0.727164   -0.377939  0.0202995 
0.677471   0.727164   -0.377939  0.0107545 
0.736912   0.685405   -0.406922  0.0071209 
0.831208   0.596475   -0.431161  0.00674453
0.77055    0.604022   -0.436974  0.0105461 
0.728168   0.555299   -0.404431  0.0109113 
0.704124   0.553521   -0.387483  0.0102477 
0.704124   0.553521   -0.387483  0.0194576 
0.653167   0.486516   -0.228668  0.00840994
0.666547   0.58039    -0.361921  0.00754825
0.691144   0.599178   -0.403638  0.00864262
0.708887   0.690376   -0.406169  0.0195679 
0.74747    0.784058   -0.340492  0.0108422 
0.797958   0.695929   -0.427993  0.0127622 
0.808387   0.686499   -0.407364  0.00767048
0.866292   0.590553   -0.442045  0.00808948
0.866156   0.631623   -0.44224   0.00987754
0.847502   0.612751   -0.429219  0.0140727 
0.841016   0.659123   -0.419956  0.0104041 
0.90173    0.591848   -0.421239  0.0123497 
0.914088   0.632704   -0.397843  0.018874  
0.918379   0.702669   -0.332194  0.0313401 
0.918379   0.702669   -0.332194  0.0291014 
0.889911   0.75627    -0.243394  0.0401114 
0.967497   0.786982   -0.0846265 0.0306008 
0.959008   0.765483   -0.200905  0.0306758 
0.907367   0.770535   -0.218199  0.0210408 
0.813863   0.756967   -0.341808  0.0414718 
0.813863   0.756967   -0.341808  0.0145188 
0.855142   0.661962   -0.39143   0.0262175 
0.855142   0.661962   -0.39143   0.00833012
0.846215   0.598841   -0.45465   0.0274988 
0.899162   0.672383   -0.337632  0.0105128 
0.91027    0.637816   -0.404137  0.0238445 
0.854312   0.737686   -0.319899  0.0386891 
0.853117   0.81137    -0.203281  0.0321367 
0.85567    0.765418   -0.237999  0.0360492 
0.805203   0.810605   -0.223117  0.027399  
0.817773   0.770691   -0.294161  0.0289491 
0.85881    0.85319    -0.222497  0.0372116 
0.85881    0.85319    -0.222497  0.0343158 
0.764454   0.826892   -0.231043  0.0289956 
0.723432   0.846807   -0.250684  0.0177497 
0.625834   0.758443   -0.318389  0.0115631 
0.596179   0.725081   -0.320348  0.0114626 
0.583322   0.700858   -0.331691  0.0147278 
0.498817   0.727094   -0.261461  0.0129967 
0.57877    0.770645   -0.309786  0.00974669
0.630254   0.704423   -0.363281  0.00918113
0.653567   0.642853   -0.369602  0.0104356 
0.662061   0.713783   -0.385427  0.0196489 
0.751106   0.803731   -0.315846  0.0193444 
0.664207   0.747214   -0.343536  0.0153602 
0.690414   0.741213   -0.380219  0.00986612
0.613322   0.655398   -0.344408  0.0129335 
0.626647   0.705221   -0.33404   0.0091662 
0.631682   0.612481   -0.350706  0.0103453 
0.61447    0.605396   -0.343588  0.00879633
0.676827   0.67943    -0.39007   0.0121106 
0.676827   0.67943    -0.39007   0.00931436
0.689184   0.689548   -0.391668  0.017276  
0.786864   0.728964   -0.36641   0.0226567 
0.786864   0.728964   -0.36641   0.0227527 
0.774967   0.742935   -0.331364  0.010118  
0.817428   0.649792   -0.429108  0.0144584 
0.896558   0.637394   -0.396332  0.0149381 
0.86108    0.708157   -0.382153  0.0198429 
0.821395   0.7522     -0.359388  0.0228666 
0.839117   0.698861   -0.375732  0.00884524
0.891471   0.621181   -0.41259   0.011997  
0.900937   0.634343   -0.414433  0.022806  
0.955924   0.700733   -0.322262  0.045974  
1.02796    0.742823   -0.0470989 0.0363256 
0.948548   0.781779   -0.184628  0.0219558 
0.92091    0.707617   -0.319645  0.0283967 
0.896803   0.701446   -0.329689  0.0471334 
0.896803   0.701446   -0.329689  0.00992457
0.891942   0.630996   -0.418955  0.0189844 
0.850744   0.716171   -0.349093  0.0106444 
0.861774   0.669489   -0.433132  0.0159684 
0.763681   0.57355    -0.422395  0.00935493
0.858335   0.57536    -0.432349  0.00816274
0.772582   0.633082   -0.439355  0.0124773 
0.790024   0.715125   -0.409394  0.0384254 
0.850257   0.799696   -0.231464  0.042806  
0.929272   0.805917   -0.127467  0.0416963 
0.880668   0.815045   -0.183017  0.0357087 
0.829403   0.870034   -0.159822  0.0405769 
0.85089    0.781998   -0.257473  0.039929  
0.88554    0.791229   -0.144558  0.0152611 
0.794071   0.744423   -0.382202  0.00991842
0.80549    0.666876   -0.420456  0.0204675 
0.902755   0.680035   -0.350398  0.033607  
0.864644   0.773558   -0.264655  0.0163442 
0.862348   0.682881   -0.379888  0.0250709 
0.90129    0.74826    -0.262946  0.0162025 
0.839411   0.69783    -0.387582  0.0287848 
0.858329   0.734606   -0.292647  0.0425184 
0.951923   0.77047    -0.0829198 0.0204368 
0.858043   0.763891   -0.32272   0.0195489 
0.950822   0.671132   -0.301895  0.00767276
0.884669   0.617984   -0.426588  0.0187859 
0.856956   0.690301   -0.359683  0.00763532
0.820483   0.612696   -0.436255  0.0125917 
0.735308   0.701322   -0.411912  0.0144336 
0.717753   0.724758   -0.361552  0.0255035 
0.717753   0.724758   -0.361552  0.0119075 
0.704679   0.736363   -0.376497  0.00725341
0.766488   0.664515   -0.437799  0.0174582 
0.780622   0.729713   -0.378908  0.00986735
0.687684   0.693007   -0.383745  0.0102706 
0.677775   0.680092   -0.399122  0.0115054 
0.585969   0.580524   -0.285913  0.0126987 
0.542474   0.599974   -0.234227  0.0147774 
0.471991   0.687334   -0.200486  0.0130276 
0.535636   0.711384   -0.28785   0.00923851
0.633725   0.664811   -0.343318  0.0112337 
0.630152   0.696667   -0.347466  0.0244418 
0.617297   0.779954   -0.303162  0.0145834 
0.561769   0.722698   -0.308974  0.0142439 
0.483481   0.671359   -0.19343   0.012282  
0.558352   0.602905   -0.237287  0.0110032 
0.601085   0.692024   -0.33245   0.0143233 
0.501545   0.641138   -0.213103  0.0136207 
0.569082   0.731847   -0.30004   0.0107019 
0.656902   0.730003   -0.374569  0.00808985
0.683756   0.654102   -0.39633   0.0106342 
0.771872   0.673646   -0.419457  0.00705743
0.840036   0.609391   -0.427482  0.0129887 
0.835738   0.708472   -0.405105  0.0168341 
0.763644   0.770697   -0.375426  0.0131031 
0.767546   0.683363   -0.401499  0.0190363 
0.808593   0.718731   -0.382167  0.0259784 
0.849818   0.754785   -0.300906  0.0141976 
0.841197   0.689946   -0.405301  0.008321  
0.787178   0.63751    -0.442389  0.00839517
0.763064   0.679524   -0.418318  0.00784785
0.849319   0.639446   -0.437874  0.0104147 
0.849358   0.560657   -0.400811  0.00972244
0.766019   0.565182   -0.435473  0.0231489 
0.786303   0.479872   -0.194478  0.0146422 
0.708951   0.52195    -0.343008  0.0229261 
0.78895    0.483436   -0.237554  0.0442442 
0.78895    0.483436   -0.237554  0.0132793 
0.766045   0.534429   -0.372057  0.00727381
0.769183   0.587239   -0.426892  0.0137723 
0.844177   0.636001   -0.416701  0.0162628 
0.92922    0.657113   -0.364374  0.0183724 
1.02411    0.61667    -0.226711  0.0262931 
1.10828    0.6109     -0.0292812 0.0307621 
1.10789    0.655231   -0.0224776 0.0370475 
1.13949    0.673017   0.140653   0.0589786 
1.13949    0.673017   0.140653   0.027353  
1.11332    0.62636    0.00983589 0.0196431 
1.1639     0.549026   0.0960076  0.0142016 
1.1391     0.51286    0.0848349  0.0170459 
1.15594    0.542905   0.076233   0.0179674 
1.0861     0.58804    -0.109859  0.014921  
1.01886    0.584085   -0.254561  0.0250549 
1.02491    0.650429   -0.234882  0.0759915 
1.02491    0.650429   -0.234882  0.0282762 
0.970738   0.704018   -0.20372   0.0224068 
0.90582    0.752216   -0.320884  0.0301923 
0.914116   0.680877   -0.29804   0.0374485 
1.00148    0.775339   -0.0535463 0.0470433 
1.07018    0.754157   0.1138     0.0444111 
1.01234    0.722234   -0.0572912 0.0514209 
0.976278   0.795285   -0.0459846 0.0319428 
1.02402    0.736929   -0.100477  0.0351082 
1.04164    0.70769    -0.0863146 0.0203481 
0.986918   0.634016   -0.290142  0.0137378 
1.05399    0.584999   -0.21075   0.0196221 
1.07829    0.606861   -0.146957  0.0155616 
1.11008    0.572039   -0.0708152 0.0148861 
1.06431    0.49799    -0.0333186 0.01621   
1.14568    0.538503   0.0604119  0.0138463 
1.10337    0.513245   0.00722906 0.0132007 
1.10497    0.52148    0.00574216 0.0179381 
1.03235    0.498409   -0.14087   0.0225023 
1.02869    0.459145   0.0227463  0.0111864 
0.940821   0.555273   -0.320858  0.0240009 
0.868197   0.470589   -0.167743  0.0425865 
0.868197   0.470589   -0.167743  0.0153535 
0.876351   0.524199   -0.334963  0.021094  
0.976099   0.469781   -0.0348225 0.0116034 
0.967683   0.5624     -0.282656  0.0109084 
1.01647    0.574681   -0.249774  0.029435  
1.09363    0.631074   -0.00345783 0.0539937 
1.12849    0.72634    0.311088   0.0547041 
1.08142    0.798913   0.253296   0.043884  
1.014      0.769669   -0.010649  0.0484402 
1.06623    0.677402   -0.00624642 0.0309084 
1.02684    0.673439   -0.137404  0.0236287 
1.04558    0.646892   -0.159517  0.0278822 
1.01039    0.666698   -0.214786  0.041719  
1.01039    0.666698   -0.214786  0.0164246 
0.961151   0.669299   -0.34497   0.0197364 
1.0159     0.637526   -0.2429    0.0119942 
0.990436   0.571958   -0.296038  0.0195827 
0.962895   0.662107   -0.314655  0.0245631 
0.936151   0.700078   -0.307594  0.0294291 
0.936151   0.700078   -0.307594  0.0419489 
1.02022    0.764302   -0.0373263 0.036642  
1.01173    0.757184   -0.0950677 0.0485843 
1.00306    0.784286   0.0197865  0.028389  
0.961778   0.711745   -0.234388  0.0215045 
0.967939   0.692447   -0.294211  0.00933742
0.878735   0.59771    -0.418381  0.0159599 
0.878735   0.59771    -0.418381  0.0109093 
0.864741   0.655322   -0.431487  0.0118222 
0.864741   0.655322   -0.431487  0.0161682 
0.844134   0.661915   -0.415501  0.0148888 
0.894698   0.670036   -0.405484  0.00643162
0.822421   0.600383   -0.458615  0.016461  
0.857142   0.520459   -0.345352  0.0238598 
0.857142   0.520459   -0.345352  0.0339872 
0.857142   0.520459   -0.345352  0.0225315 
0.78671    0.486521   -0.26684   0.0281387 
0.787283   0.461037   -0.176095  0.00981234
0.755105   0.560286   -0.405104  0.00761894
0.833777   0.625653   -0.433992  0.00752746
0.751569   0.639914   -0.428458  0.00887645
0.718453   0.699874   -0.411465  0.0202056 
0.718453   0.699874   -0.411465  0.00871693
0.696012   0.642643   -0.401776  0.0102233 
0.769655   0.558749   -0.398631  0.0111597 
0.793664   0.553055   -0.427507  0.0199535 
0.793664   0.553055   -0.427507  0.0228874 
0.793664   0.553055   -0.427507  0.0177714 
0.702719   0.501261   -0.262607  0.0246062 
0.694071   0.466231   -0.149298  0.0244946 
0.692596   0.469129   -0.162859  0.0501943 
0.752347   0.39365    0.205074   0.0262413 
0.761602   0.46334    -0.145555  0.0129286 
0.760575   0.53473    -0.365061  0.0306094 
0.760575   0.53473    -0.365061  0.0241465 
0.837477   0.472014   -0.150274  0.0195586 
0.917168   0.488283   -0.154398  0.0300412 
0.911212   0.440543   0.0354686  0.0145097 
0.84455    0.529155   -0.348386  0.0245024 
0.823334   0.47719    -0.179611  0.0146547 
0.729952   0.525298   -0.339959  0.0327677 
0.729952   0.525298   -0.339959  0.016174  
0.815228   0.519193   -0.346501  0.00769139
0.787907   0.584363   -0.438651  0.00651744
0.758083   0.600852   -0.422899  0.00677573
0.82242    0.628392   -0.453481  0.0204913 
0.865103   0.686473   -0.381129  0.0164058 
0.877019   0.646667   -0.382284  0.016344  
0.864097   0.648965   -0.369694  0.0263315 
0.909194   0.690702   -0.333711  0.0166471 
0.856671   0.715252   -0.390345  0.0173601 
0.827324   0.742254   -0.353642  0.0259493 
0.879294   0.75535    -0.293841  0.015656  
0.855494   0.69267    -0.376901  0.0100991 
0.767549   0.674994   -0.408983  0.0121339 
0.747089   0.74456    -0.391295  0.0207911 
0.777948   0.74708    -0.364218  0.0109703 
0.693991   0.758018   -0.385385  0.0120137 
0.765113   0.71413    -0.40516   0.0302305 
0.772962   0.803357   -0.278659  0.0215354 
0.742069   0.777582   -0.323223  0.0196888 
0.658057   0.847984   -0.310941  0.0172013 
0.744638   0.755222   -0.34672   0.010782  
0.73934    0.704833   -0.412584  0.00824579
0.675846   0.617316   -0.388856  0.0130457 
0.581859   0.54023    -0.250587  0.0153658 
0.493209   0.597332   -0.150498  0.0182055 
0.403939   0.681159   -0.135048  0.0181451 
0.366868   0.664972   -0.034298  0.0146812 
0.445845   0.751513   -0.204842  0.0141256 
0.505242   0.746686   -0.262747  0.0109536 
0.589977   0.654247   -0.321879  0.0115524 
0.62345    0.555201   -0.321274  0.00717251
0.685775   0.633207   -0.396546  0.0102155 
0.714258   0.559542   -0.410081  0.00959483
0.616088   0.598631   -0.328072  0.00849422
0.635564   0.634213   -0.347427  0.00697607
0.705287   0.616799   -0.409601  0.0077318 
0.701165   0.646217   -0.413114  0.00867628
0.646695   0.669172   -0.365586  0.0139458 
0.569058   0.763368   -0.306642  0.0169473 
0.610048   0.800373   -0.314279  0.016887  
0.62629    0.853088   -0.292256  0.0150596 
0.549224   0.775019   -0.287489  0.0371229 
0.645133   0.873615   -0.251119  0.0234342 
0.561743   0.900009   -0.258199  0.0202492 
0.56094    0.807542   -0.290396  0.0141539 
0.578394   0.796669   -0.307259  0.0154276 
0.656271   0.782197   -0.296061  0.0108699 
0.600277   0.711062   -0.344447  0.00748669
0.680217   0.623614   -0.402826  0.01093   
0.606746   0.683636   -0.343293  0.0116224 
0.593307   0.671701   -0.317005  0.0126693 
0.542216   0.667881   -0.273971  0.016167  
0.542216   0.667881   -0.273971  0.0112028 
0.605192   0.575614   -0.301068  0.00796261
0.702719   0.669262   -0.403089  0.00959646
0.682916   0.710237   -0.394256  0.00809461
0.718824   0.634906   -0.418496  0.0146333 
0.778326   0.707397   -0.36932   0.0126557 
0.759395   0.689079   -0.392676  0.0148549 
0.744441   0.746998   -0.36017   0.00977731
0.664341   0.681333   -0.379172  0.0140553 
0.743875   0.77202    -0.379836  0.0158296 
0.658678   0.771327   -0.334323  0.00926193
0.668071   0.701155   -0.368603  0.00964799
0.641419   0.675736   -0.367727  0.00724021
0.73928    0.661822   -0.424082  0.0188869 
0.785582   0.752756   -0.341761  0.018423  
0.829234   0.748573   -0.330274  0.0301359 
0.833745   0.776941   -0.24898   0.0188778 
0.930987   0.692633   -0.341629  0.0289584 
0.930987   0.692633   -0.341629  0.0128687 
0.854913   0.658794   -0.413663  0.0242752 
