#MU        SIGMA      ENERGY     ERROR     
1.06914    0.923159   0.676767   0.0709996 
1.10122    0.835937   0.514593   0.104255  
1.10122    0.835937   0.514593   0.0852384 
1.02446    0.928634   0.557104   0.104559  
0.980057   0.985706   0.617916   0.102155  
1.01525    0.962405   0.682939   0.0777547 
1.03491    0.944308   0.623311   0.0903284 
1.0343     0.955037   0.640827   0.11291   
1.09152    0.998028   1.06368    0.127145  
1.09152    0.998028   1.06368    0.163343  
1.12583    1.0544     1.67026    0.122879  
1.02759    1.11257    1.10592    0.243979  
0.971975   1.21167    1.72512    0.136232  
0.953272   1.16418    1.23622    0.229241  
0.953272   1.16418    1.23622    0.192572  
1.00897    1.20314    1.83733    0.230772  
1.00897    1.20314    1.83733    0.19035   
1.03853    1.28545    2.11981    0.257567  
1.03853    1.28545    2.11981    0.387219  
1.03515    1.32803    2.90304    0.304307  
0.978699   1.3658     2.9283     0.255538  
0.881277   1.28205    1.95181    0.126233  
0.800505   1.23957    0.915646   0.180116  
0.800505   1.23957    0.915646   0.112857  
0.712055   1.26495    0.719868   0.110979  
0.798652   1.18113    0.71252    0.111008  
0.764523   1.14755    0.46422    0.0918157 
0.728697   1.14199    0.228759   0.15638   
0.728697   1.14199    0.228759   0.100069  
0.797061   1.14118    0.475914   0.0772277 
0.782052   1.11827    0.284546   0.0797417 
0.831685   1.0462     0.332523   0.0934517 
0.887692   1.01508    0.416411   0.0742578 
0.807006   1.07912    0.279074   0.0826055 
0.758245   1.17768    0.485298   0.0878327 
0.770753   1.18429    0.551028   0.145169  
0.851052   1.25071    1.18991    0.119364  
0.759266   1.1833     0.764737   0.165194  
0.800446   1.21315    0.857295   0.177094  
0.766348   1.19959    0.869501   0.100324  
0.704072   1.25032    0.527497   0.135536  
0.801462   1.30048    1.05678    0.140738  
0.724756   1.3571     1.31062    0.200872  
0.724756   1.3571     1.31062    0.107184  
0.666962   1.28216    0.691535   0.13847   
0.752948   1.28368    0.961702   0.188879  
0.838191   1.34843    1.69464    0.223917  
0.758998   1.39018    1.86291    0.334324  
0.676438   1.41123    1.96144    0.173402  
0.614628   1.44702    1.36452    0.139068  
0.571382   1.41443    1.21074    0.103828  
0.547166   1.32681    0.58084    0.108444  
0.548621   1.2885     0.509264   0.0804392 
0.479838   1.20611    0.18064    0.102949  
0.558289   1.28246    0.588871   0.167398  
0.633182   1.37846    1.17831    0.162305  
0.715586   1.41216    1.56033    0.250965  
0.680957   1.5037     2.17993    0.267356  
0.680957   1.5037     2.17993    0.212897  
0.711603   1.47597    2.02264    0.310984  
0.656465   1.40677    1.64802    0.210539  
0.571948   1.4188     1.61726    0.213692  
0.582092   1.46673    1.8219     0.213341  
0.554343   1.4539     1.5893     0.125388  
0.461405   1.36925    0.816028   0.157443  
0.381527   1.36754    0.703054   0.082667  
0.307486   1.27434    0.294834   0.125105  
0.357482   1.36582    0.653394   0.128392  
0.443679   1.36959    0.738189   0.128032  
0.42734    1.42959    0.905572   0.184675  
0.397455   1.37346    0.844813   0.106683  
0.427487   1.38269    0.656831   0.113616  
0.397826   1.41395    0.823263   0.123347  
0.317342   1.35259    0.548797   0.0589902 
0.309614   1.25774    0.0753793  0.0585454 
0.221761   1.1781     -0.0185006 0.0780676 
0.296465   1.22279    0.118176   0.0570675 
0.231245   1.16953    -0.056658  0.03537   
0.199911   1.12867    -0.162371  0.0312334 
0.106682   1.12327    -0.192286  0.0496812 
0.140455   1.11226    -0.162469  0.0453706 
0.140455   1.11226    -0.162469  0.0503441 
0.21973    1.18299    -0.0664892 0.0402472 
0.243045   1.1217     -0.160469  0.0335024 
0.33278    1.0285     -0.209448  0.0329624 
0.4272     1.09846    -0.184571  0.0322733 
0.487876   1.01373    -0.221875  0.0831211 
0.447779   1.10324    0.0884     0.0801595 
0.533767   1.1092     0.0789653  0.0319027 
0.526287   1.01369    -0.218817  0.026971  
0.473085   1.00476    -0.221017  0.0195379 
0.508475   0.922103   -0.283814  0.0164272 
0.41882    0.863678   -0.280641  0.0239635 
0.449198   0.910798   -0.240448  0.018785  
0.383518   0.847471   -0.23416   0.0189196 
0.424312   0.907248   -0.281957  0.0147024 
0.37192    0.921277   -0.291443  0.035655  
0.408817   0.990912   -0.201278  0.0451877 
0.478132   1.08256    -0.16805   0.0838022 
0.540365   1.16986    0.273748   0.0840102 
0.571486   1.2104     0.253752   0.0644942 
0.607081   1.16672    0.138054   0.0505962 
0.523929   1.11413    -0.0426948 0.0521342 
0.599901   1.17368    0.106085   0.0701004 
0.506841   1.25786    0.284852   0.094042  
0.463222   1.22226    0.360767   0.0626681 
0.472471   1.21281    0.102953   0.0915604 
0.526807   1.26722    0.405988   0.0606386 
0.592253   1.18838    0.150475   0.0847916 
0.529335   1.17598    0.25419    0.0831881 
0.458507   1.27396    0.32598    0.122882  
0.504664   1.25222    0.442807   0.0684371 
0.525029   1.17859    0.163937   0.15091   
0.579617   1.27528    0.727558   0.139794  
0.501026   1.31162    0.766987   0.0935665 
0.586809   1.28497    0.529167   0.147939  
0.621644   1.30661    0.936909   0.195131  
0.621644   1.30661    0.936909   0.130868  
0.709417   1.26978    0.818822   0.0749646 
0.609451   1.22026    0.267502   0.118891  
0.572069   1.27496    0.606171   0.0719918 
0.507404   1.27869    0.347372   0.0698853 
0.448173   1.20079    0.0972034  0.105651  
0.412328   1.25966    0.29154    0.170766  
0.40018    1.34507    0.839119   0.110369  
0.350985   1.38438    0.581316   0.16115   
0.357732   1.43052    1.10152    0.213695  
0.385409   1.40171    1.09302    0.259319  
0.436142   1.30685    0.908141   0.120244  
0.393135   1.36255    0.668632   0.103928  
0.397016   1.35633    0.540454   0.0953774 
0.390124   1.31943    0.389413   0.0921996 
0.314732   1.41413    0.562324   0.103167  
0.247843   1.41817    0.631003   0.0903606 
0.242453   1.39877    0.555424   0.128963  
0.211292   1.40264    0.679691   0.157534  
0.302977   1.35539    0.581107   0.0643724 
0.319457   1.2576     0.208206   0.0727034 
0.359205   1.21656    0.061068   0.0934691 
0.458218   1.30311    0.45301    0.108216  
0.480909   1.35656    0.722028   0.103684  
0.440658   1.35764    0.609408   0.16074   
0.510437   1.39981    1.18076    0.126201  
0.554724   1.30058    0.702249   0.224378  
0.572065   1.39842    1.35468    0.154871  
0.473596   1.4486     1.28292    0.151129  
0.512627   1.4012     1.1125     0.115977  
0.589819   1.3176     0.717359   0.158461  
0.657702   1.3412     1.05134    0.119359  
0.748134   1.26423    0.861049   0.169074  
0.783563   1.22575    1.04967    0.106115  
0.757264   1.30114    0.932505   0.255088  
0.828858   1.37613    2.20148    0.232891  
0.907249   1.36667    2.37357    0.187248  
0.978254   1.29589    1.89371    0.216511  
0.978254   1.29589    1.89371    0.426924  
0.966088   1.28026    2.80687    0.143796  
1.00538    1.18895    1.47104    0.166064  
0.964117   1.16489    1.34425    0.176619  
1.04569    1.13884    1.87775    0.147374  
1.04885    1.12528    1.54052    0.149329  
1.04885    1.12528    1.54052    0.147758  
1.1146     1.05133    1.52244    0.155402  
1.17215    1.0111     1.6879     0.123486  
1.24155    0.92436    1.44941    0.116776  
1.19777    0.954239   1.30747    0.163662  
1.28912    0.917232   2.12814    0.13567   
1.28203    0.905277   1.92088    0.201106  
1.28203    0.905277   1.92088    0.0940203 
1.24006    0.820564   1.31204    0.0901527 
1.15463    0.900674   0.971159   0.119896  
1.13015    0.954247   1.15872    0.102075  
1.14033    0.932229   0.949706   0.118828  
1.09619    0.965485   1.16098    0.087718  
1.04326    0.934108   0.609647   0.0866781 
1.02676    0.866752   0.442205   0.0785421 
0.941499   0.956721   0.271308   0.113881  
1.01299    0.99113    0.856864   0.0894494 
0.977703   0.973345   0.576516   0.0833974 
1.0424     0.91601    0.647941   0.131999  
1.0424     0.91601    0.647941   0.134888  
1.12065    0.999794   1.51354    0.127739  
1.04051    1.07378    1.23168    0.0938157 
1.01526    1.05778    0.83329    0.159789  
1.01526    1.05778    0.83329    0.166014  
0.991589   1.10579    0.878308   0.179746  
0.991589   1.10579    0.878308   0.104462  
0.909994   1.12147    0.691651   0.117302  
0.98118    1.1458     1.06332    0.13234   
1.00636    1.12539    1.19721    0.130028  
1.08544    1.06479    1.3269     0.132607  
1.03663    1.09381    1.23129    0.131123  
0.956235   1.09243    0.977389   0.116804  
0.961392   1.07674    0.89688    0.123071  
1.01846    1.01421    0.930157   0.0814526 
1.0277     0.964308   0.565722   0.130702  
1.07282    0.970652   1.12229    0.0740426 
1.01112    0.989281   0.581303   0.0874875 
1.03239    0.90955    0.581443   0.0438324 
0.961323   0.832522   -0.00984755 0.0333532 
0.918403   0.818003   -0.206213  0.060315  
0.860989   0.89248    -0.0109654 0.0418072 
0.913223   0.894839   -0.0126137 0.0490591 
0.87338    0.935172   0.0713557  0.049824  
0.883484   0.906895   0.0125436  0.0610871 
0.953547   0.902562   0.175856   0.0753382 
1.03997    0.871808   0.465351   0.055857  
0.95644    0.856107   0.0689585  0.0724767 
0.981888   0.891041   0.293654   0.0830246 
1.04335    0.943552   0.551936   0.0791519 
1.03094    0.914248   0.49028    0.0753724 
1.0993     0.859616   0.54106    0.0937113 
1.0993     0.859616   0.54106    0.115579  
1.14485    0.952883   1.46572    0.118566  
1.20904    0.973185   1.65199    0.12711   
1.19334    0.949135   1.48364    0.160109  
1.12706    1.00879    1.66641    0.1196    
1.1853     0.908845   1.33931    0.088495  
1.10003    0.9002     0.72893    0.0858537 
1.14755    0.822827   0.666376   0.0983095 
1.18087    0.9068     1.10322    0.0821252 
1.10412    0.810871   0.491462   0.0397132 
1.02322    0.805508   -0.00767381 0.0632981 
1.02135    0.834845   0.3117     0.0320277 
0.945645   0.772099   -0.193583  0.0557264 
0.969541   0.827114   0.0658816  0.0356009 
0.972768   0.743467   -0.182299  0.0123272 
0.895245   0.659518   -0.4083    0.0244288 
0.829386   0.692274   -0.365168  0.0358904 
0.864474   0.774012   -0.242616  0.0225086 
0.92055    0.748996   -0.305514  0.039101  
0.891052   0.811421   -0.16308   0.0351217 
0.958795   0.769601   -0.136382  0.0225282 
0.998899   0.676657   -0.223838  0.0452875 
0.998899   0.676657   -0.223838  0.0249807 
0.94167    0.731678   -0.272086  0.0476376 
1.01995    0.788697   0.0496675  0.0434226 
1.04041    0.754893   -0.00266968 0.0592097 
1.06731    0.818879   0.284469   0.0454629 
1.01591    0.844588   0.0673159  0.0678768 
0.941242   0.905338   0.133212   0.0678145 
0.847761   0.900306   0.0658911  0.0809946 
0.885693   0.994343   0.272404   0.0994476 
0.960699   0.991277   0.616998   0.0954872 
0.971581   1.05993    0.742503   0.158439  
0.938435   1.02428    0.703456   0.0776876 
0.883014   0.998245   0.25612    0.113855  
0.964654   0.978007   0.519599   0.124065  
1.04769    1.07766    1.25085    0.103541  
1.13123    0.977732   1.05236    0.101681  
1.18729    0.883869   1.09708    0.0891032 
1.18729    0.883869   1.09708    0.17815   
1.26771    0.949121   2.08482    0.173993  
1.19664    1.0395     2.03414    0.226986  
1.22401    1.12909    2.92477    0.326783  
1.22285    1.09457    3.19882    0.267916  
1.32253    1.18595    4.1143     0.293869  
1.29839    1.18268    4.12498    0.344701  
1.21319    1.2151     3.78126    0.300853  
1.21319    1.2151     3.78126    0.272568  
1.21319    1.2151     3.78126    0.253348  
1.13345    1.29561    3.11836    0.286197  
1.13345    1.29561    3.11836    0.284842  
1.21292    1.36866    4.48422    0.4306    
1.25084    1.30857    4.59109    0.370073  
1.23656    1.2838     4.84128    0.254238  
1.18287    1.27401    3.65416    0.328053  
1.18287    1.27401    3.65416    0.462191  
1.18287    1.27401    3.65416    0.330467  
1.13992    1.36877    3.62702    0.32342   
1.13992    1.36877    3.62702    0.345982  
1.14937    1.41696    4.40689    0.352346  
1.20992    1.38507    4.82569    0.350531  
1.14062    1.37933    4.38159    0.268547  
1.217      1.32471    3.9285     0.369851  
1.217      1.32471    3.9285     0.435469  
1.217      1.32471    3.9285     0.336831  
1.217      1.32471    3.9285     0.266395  
1.13291    1.34891    3.69822    0.288692  
1.12712    1.34279    3.55463    0.370445  
1.12712    1.34279    3.55463    0.376636  
1.17662    1.39205    4.93749    0.318372  
1.17962    1.32493    4.38286    0.212355  
1.09586    1.26653    2.44508    0.254369  
1.19376    1.29206    3.75947    0.372919  
1.19376    1.29206    3.75947    0.286719  
1.10801    1.21325    2.35614    0.220292  
1.04354    1.24684    2.30319    0.168618  
0.945883   1.25542    1.72437    0.148111  
0.855916   1.31532    1.40554    0.137336  
0.810023   1.23338    1.01765    0.139132  
0.832726   1.16547    1.16983    0.106105  
0.778585   1.10436    0.489907   0.0461157 
0.786148   1.00838    -0.0181422 0.0586989 
0.846091   0.953016   0.121712   0.0783864 
0.826578   0.949564   0.131027   0.0450849 
0.834067   0.874382   -0.089315  0.0659549 
0.922036   0.958711   0.198486   0.0984382 
0.968086   1.0465     0.630682   0.101187  
1.04484    0.986079   0.79242    0.172291  
1.13191    1.04386    1.64087    0.112343  
1.1287     0.957522   1.11832    0.07991   
1.04202    0.890073   0.434431   0.0739686 
0.955318   0.958446   0.35791    0.0415595 
0.877339   0.892206   -0.071038  0.0487436 
0.97673    0.851464   0.088658   0.100233  
0.964597   0.912228   0.270998   0.0672634 
1.02421    0.829928   0.211244   0.0874376 
0.97351    0.92201    0.418238   0.124174  
1.0695     0.967434   1.00638    0.135427  
1.08685    0.969264   1.20477    0.117515  
1.17344    0.889263   1.27513    0.0705234 
1.17715    0.835085   0.73469    0.0711234 
1.12741    0.779744   0.550159   0.0525186 
1.11392    0.748778   0.264292   0.0287553 
1.03953    0.673632   -0.109119  0.0196661 
1.05051    0.58487    -0.161767  0.0181151 
1.00525    0.549458   -0.228729  0.0145229 
1.05117    0.558007   -0.185312  0.0252502 
1.02742    0.643495   -0.206731  0.0256107 
1.07356    0.630125   -0.0985485 0.0216733 
1.07961    0.648554   -0.123047  0.0270003 
1.0861     0.637072   -0.0656062 0.0281748 
1.08027    0.664645   -0.0724428 0.0364098 
1.05075    0.736721   -0.0637494 0.0591883 
1.15025    0.738474   0.444346   0.0465447 
1.10693    0.741605   0.194352   0.0277021 
1.10142    0.645694   -0.0344668 0.0497725 
1.06407    0.725329   0.090166   0.0363046 
1.15271    0.646017   0.209402   0.0832727 
1.17571    0.729934   0.677187   0.0709409 
1.14712    0.790576   0.539824   0.0638342 
1.14164    0.799832   0.41646    0.087679  
1.17681    0.852407   0.939717   0.0671236 
1.20251    0.753211   0.691683   0.0432572 
1.11114    0.727634   0.135108   0.045133  
1.09831    0.768079   0.143463   0.0631191 
1.07159    0.857311   0.354195   0.0856924 
1.05186    0.941234   0.622488   0.0845725 
1.01814    0.957125   0.616832   0.0632225 
0.995613   0.883646   0.235366   0.0734566 
0.932626   0.912961   0.246618   0.0832117 
0.990011   0.982303   0.616764   0.143211  
1.07865    0.970815   1.14239    0.0784472 
1.11321    0.89217    0.642419   0.10487   
1.10067    0.949083   0.983381   0.10546   
1.12869    0.864576   0.836073   0.110401  
1.12869    0.864576   0.836073   0.137047  
1.12869    0.864576   0.836073   0.0772189 
1.12593    0.834482   0.631276   0.0857899 
1.12593    0.834482   0.631276   0.0892646 
1.16993    0.855373   0.884023   0.14688   
1.22232    0.947107   1.8146     0.221809  
1.22625    1.04565    2.54388    0.148083  
1.28255    0.947007   2.1725     0.199643  
1.28255    0.947007   2.1725     0.147978  
1.34185    0.924677   2.2838     0.153718  
1.34185    0.924677   2.2838     0.248329  
1.34185    0.924677   2.2838     0.164298  
1.25322    0.967527   2.27606    0.237223  
1.25322    0.967527   2.27606    0.107562  
1.22734    0.886736   1.36257    0.115945  
1.21243    0.949528   1.51116    0.124794  
1.24464    0.882407   1.60908    0.100759  
1.20417    0.927156   1.47231    0.102103  
1.23848    0.885449   1.27194    0.122758  
1.30823    0.862013   1.93757    0.111363  
1.22509    0.876382   1.26661    0.153181  
1.25384    0.909796   1.89682    0.127225  
1.31774    0.877427   1.98995    0.143487  
1.31774    0.877427   1.98995    0.168226  
1.37716    0.940322   3.07735    0.22968   
1.29263    1.02934    3.06406    0.153035  
1.2916     0.976506   2.51783    0.174939  
1.27033    1.05141    2.55262    0.14186   
1.23292    1.02761    1.9894     0.161922  
1.31204    0.96022    2.4062     0.146916  
1.34443    0.897852   2.47433    0.16699   
1.38216    0.94433    3.03235    0.187412  
1.3238     1.01345    3.18982    0.196426  
1.35721    0.91615    2.97992    0.176102  
1.37556    0.977466   3.23002    0.240249  
1.37556    0.977466   3.23002    0.153796  
1.35045    0.899375   2.52953    0.129967  
1.41785    0.802699   2.76308    0.104222  
1.35324    0.790087   1.89146    0.088133  
1.32076    0.744838   1.29639    0.0757847 
1.33168    0.674709   1.2944     0.0981232 
1.40467    0.721493   1.97534    0.0918043 
1.33388    0.719612   1.31101    0.108795  
1.34254    0.794414   1.81989    0.118294  
1.24421    0.869199   1.47428    0.12628   
1.28249    0.911294   1.83983    0.103537  
1.22091    0.871908   1.19964    0.0939166 
1.22091    0.871908   1.19964    0.115749  
1.17819    0.933824   1.28656    0.11601   
1.23823    0.873062   1.56405    0.126226  
1.226      0.892182   1.56135    0.129263  
1.226      0.892182   1.56135    0.0959823 
1.28595    0.818863   1.46168    0.0629928 
1.27689    0.722348   0.8786     0.0955098 
1.27689    0.722348   0.8786     0.0774224 
1.27689    0.722348   0.8786     0.0665758 
1.33611    0.663529   1.19227    0.0498371 
1.26484    0.640134   0.653111   0.0285935 
1.20688    0.573893   0.273273   0.0288225 
1.10972    0.644415   0.00368753 0.0268505 
1.01903    0.660466   -0.195771  0.0191185 
1.09805    0.587179   -0.0840244 0.0132969 
1.03779    0.543686   -0.172576  0.0162646 
1.00527    0.612175   -0.267168  0.0249572 
1.00527    0.612175   -0.267168  0.0097115 
0.93408    0.583502   -0.374676  0.018816  
0.858004   0.499808   -0.245012  0.0102935 
0.87526    0.560099   -0.392902  0.0206015 
0.87526    0.560099   -0.392902  0.0121493 
0.822412   0.545495   -0.398735  0.0260618 
0.779101   0.466775   -0.153329  0.0212866 
0.848225   0.491789   -0.241092  0.031575  
0.90372    0.437526   0.0169015  0.0272543 
0.919866   0.453217   -0.0175031 0.0358115 
0.945781   0.409914   0.221759   0.0170552 
0.961725   0.506818   -0.235039  0.0129293 
1.02899    0.514393   -0.121096  0.0198175 
1.1001     0.598366   -0.037227  0.0492029 
1.1977     0.696755   0.492807   0.0521018 
1.25369    0.676641   0.703557   0.0285203 
1.15673    0.615973   0.113273   0.0259697 
1.17126    0.590323   0.141701   0.0384932 
1.13296    0.684285   0.180485   0.0547279 
1.17349    0.728893   0.373711   0.0473857 
1.25075    0.641891   0.58698    0.0910467 
1.25075    0.641891   0.58698    0.0666708 
1.29058    0.686409   1.01967    0.0739507 
1.35842    0.694048   1.3354     0.0937782 
1.38933    0.732381   1.78191    0.0867223 
1.38371    0.693188   1.74156    0.0668786 
1.39102    0.60973    1.27822    0.0720502 
1.39102    0.60973    1.27822    0.0497776 
1.30458    0.609071   0.799154   0.0452984 
1.31491    0.588789   0.764263   0.0258614 
1.22778    0.556888   0.307578   0.04097   
1.24612    0.625203   0.504445   0.0527116 
1.31082    0.610593   0.782236   0.0569593 
1.36938    0.579943   1.20654    0.0549005 
1.44867    0.51671    1.47129    0.0389699 
1.4127     0.472071   1.16842    0.0537555 
1.42111    0.535268   1.38137    0.0724011 
1.43017    0.619695   1.53982    0.124718  
1.43017    0.619695   1.53982    0.0792113 
1.37527    0.66279    1.41935    0.0629761 
1.35705    0.626936   1.13631    0.0381524 
1.31545    0.539304   0.724933   0.0198174 
1.2439     0.496702   0.379016   0.0331907 
1.24235    0.563249   0.395769   0.0338486 
1.2736     0.580999   0.532827   0.0616997 
1.34543    0.640274   1.1919     0.0410998 
1.30136    0.555686   0.737247   0.0344493 
1.31202    0.541007   0.651721   0.0472639 
1.41111    0.529257   1.19645    0.079201  
1.49361    0.583308   2.13059    0.0916891 
1.50637    0.629409   2.28496    0.0838344 
1.48669    0.578917   1.94549    0.117169  
1.51796    0.631985   2.77015    0.0646445 
1.45547    0.58242    1.61136    0.0874393 
1.37957    0.672381   1.53763    0.0712983 
1.3149     0.681424   1.13189    0.105787  
1.3149     0.681424   1.13189    0.0623412 
1.28344    0.716381   0.974285   0.0955083 
1.34336    0.735713   1.58981    0.059534  
1.30693    0.651977   0.901509   0.0632066 
1.33525    0.621798   1.04208    0.0589669 
1.23973    0.717524   0.632492   0.0318271 
1.16045    0.625831   0.167436   0.0153262 
1.0634     0.575932   -0.133696  0.0200026 
1.12056    0.556219   0.00492899 0.0141543 
1.10376    0.504181   -0.0161428 0.0142974 
1.14416    0.514293   0.0908067  0.0207544 
1.24113    0.495485   0.407693   0.0202159 
1.26029    0.475849   0.458914   0.034205  
1.26029    0.475849   0.458914   0.0348243 
1.28527    0.378676   0.985593   0.0310915 
1.31441    0.388849   1.03554    0.0346061 
1.3753     0.472032   1.05037    0.0414307 
1.37313    0.526635   0.96163    0.0416989 
1.41637    0.481396   1.14284    0.0475913 
1.39131    0.5186     1.13768    0.0340656 
1.35803    0.484618   0.91148    0.0351135 
1.39744    0.405254   1.21198    0.068708  
1.42089    0.315519   1.95208    0.0516062 
1.3377     0.347602   1.2541     0.067913  
1.3377     0.347602   1.2541     0.112248  
1.3377     0.347602   1.2541     0.027564  
1.32019    0.429261   0.759473   0.0467258 
1.2332     0.353446   0.952643   0.0686844 
1.13577    0.3153     1.14597    0.105378  
1.22824    0.271614   2.08728    0.0833586 
1.17322    0.294643   1.65524    0.0547783 
1.22004    0.349693   0.890395   0.0248454 
1.18375    0.418885   0.422139   0.0222009 
1.1795     0.431977   0.384221   0.0478762 
1.13844    0.352674   0.787098   0.0345083 
1.09143    0.402223   0.417528   0.0701112 
1.08962    0.312373   1.2724     0.0348879 
1.0761     0.394893   0.435132   0.0769626 
1.0761     0.394893   0.435132   0.0521629 
1.0761     0.394893   0.435132   0.0196405 
1.13262    0.454408   0.180428   0.0161833 
1.13549    0.536552   0.0522079  0.0172109 
1.19699    0.511639   0.204452   0.0245166 
1.15361    0.426496   0.314646   0.0132695 
1.10262    0.507662   0.0165539  0.0284608 
1.14051    0.412751   0.355283   0.0152862 
1.06562    0.491832   -0.0105421 0.0251466 
1.06562    0.491832   -0.0105421 0.0175373 
1.11913    0.570454   -0.0345479 0.0415037 
1.11913    0.570454   -0.0345479 0.0227659 
1.13453    0.578232   0.067665   0.026646  
1.22331    0.537347   0.308611   0.0321213 
1.22331    0.537347   0.308611   0.0602303 
1.31516    0.615754   0.963807   0.0325457 
1.30042    0.528998   0.587162   0.0343205 
1.23654    0.604629   0.411683   0.0494036 
1.20179    0.699339   0.508118   0.0807103 
1.20179    0.699339   0.508118   0.0778795 
1.17008    0.792093   0.63429    0.0428288 
1.09042    0.740594   0.120551   0.092619  
1.09042    0.740594   0.120551   0.0659178 
1.12203    0.789965   0.397696   0.0751049 
1.07791    0.833062   0.37398    0.086037  
1.07791    0.833062   0.37398    0.0805613 
1.13912    0.852913   0.788977   0.117222  
1.13912    0.852913   0.788977   0.0779368 
1.19274    0.819947   0.79666    0.0811734 
1.29031    0.743848   1.26682    0.0766536 
1.3122     0.664341   1.07302    0.0363208 
1.24245    0.568109   0.418639   0.0340115 
1.24843    0.579603   0.45955    0.016529  
1.18669    0.488418   0.222919   0.0313632 
1.22793    0.574186   0.35322    0.0307403 
1.19116    0.589454   0.248325   0.024147  
1.17055    0.581719   0.159139   0.0401309 
1.20002    0.643522   0.365378   0.0286843 
1.1893     0.596617   0.216832   0.0309477 
1.24358    0.581783   0.387068   0.0488592 
1.24358    0.581783   0.387068   0.0369844 
1.24965    0.595959   0.435026   0.0364806 
1.18202    0.648998   0.253974   0.0275784 
1.16023    0.594551   0.138444   0.0227712 
1.12368    0.589865   0.00285387 0.0159935 
1.0597     0.500559   -0.0777251 0.0244781 
1.10123    0.578315   -0.0160514 0.0118605 
1.00648    0.544463   -0.243747  0.0195024 
1.02866    0.476506   -0.0418834 0.016307  
1.10298    0.510121   -0.000991928 0.0256369 
1.10298    0.510121   -0.000991928 0.0151538 
1.07166    0.518628   -0.0769889 0.0146246 
1.14256    0.523964   0.0684115  0.0193273 
1.22221    0.458256   0.360394   0.0127048 
1.12444    0.517816   0.0368169  0.0248644 
1.07308    0.441826   0.144089   0.0147383 
1.00009    0.511395   -0.167991  0.0177698 
0.962225   0.500947   -0.188409  0.0131744 
1.06043    0.572447   -0.183829  0.0448037 
1.06043    0.572447   -0.183829  0.0234413 
1.06683    0.612772   -0.130742  0.0154408 
1.13604    0.537329   0.0504627  0.0181916 
1.18979    0.526636   0.178728   0.0225273 
1.22097    0.434441   0.443392   0.0180959 
1.14353    0.471276   0.134931   0.0196296 
1.14173    0.532644   0.0857955  0.022041  
1.18675    0.562113   0.18438    0.0186544 
1.14034    0.567356   0.0205668  0.0285142 
1.14034    0.567356   0.0205668  0.0260005 
1.12003    0.608921   0.0449249  0.0154125 
1.08374    0.56764    -0.0990451 0.0221364 
1.00955    0.648496   -0.24231   0.0471114 
1.08028    0.685199   0.0396673  0.0559291 
1.11332    0.776992   0.268437   0.0425505 
1.03197    0.779102   0.0314163  0.0738852 
0.950356   0.862858   0.137074   0.0449357 
0.890834   0.849065   -0.0785645 0.0498915 
0.964017   0.843065   0.0388704  0.0387649 
1.04806    0.755076   -0.0346982 0.0310389 
1.01792    0.737751   -0.0991443 0.0505244 
1.01792    0.737751   -0.0991443 0.0478678 
1.01792    0.737751   -0.0991443 0.038197  
0.981471   0.700367   -0.186734  0.0412441 
0.966422   0.789783   -0.0808172 0.0344559 
0.984944   0.721495   -0.174142  0.0262026 
0.920319   0.714603   -0.280429  0.0603636 
0.903162   0.773792   -0.170257  0.0242111 
0.879134   0.750228   -0.278131  0.0405812 
0.879134   0.750228   -0.278131  0.0462473 
0.972685   0.847673   0.0868659  0.0596397 
1.00307    0.845831   0.0809686  0.0874068 
0.950779   0.88856    0.257068   0.0477708 
0.893092   0.86915    -0.0440845 0.054205  
0.893092   0.86915    -0.0440845 0.041666  
0.9374     0.825471   -0.0721689 0.0484181 
0.9374     0.825471   -0.0721689 0.0542482 
0.884202   0.841739   -0.116018  0.0448411 
0.902003   0.786451   -0.182732  0.058506  
0.98705    0.828154   0.106018   0.089278  
1.0843     0.900393   0.703977   0.0648691 
0.990934   0.890838   0.306712   0.0521685 
0.901322   0.878365   -0.0263792 0.0432437 
0.911375   0.843832   -0.0872999 0.0464681 
0.817868   0.893248   -0.115589  0.0441819 
0.842537   0.854207   -0.0816377 0.0365865 
0.801106   0.858614   -0.208894  0.0598583 
0.833674   0.95671    0.00992036 0.06528   
0.809948   0.960354   0.130511   0.0951085 
0.831812   1.02442    0.42078    0.115821  
0.736602   1.11869    0.446211   0.0576955 
0.772181   1.02057    0.0952443  0.0677406 
0.835664   1.03125    0.295609   0.0713805 
0.744862   1.0481     0.209337   0.046982  
0.722212   0.95436    -0.0617014 0.0455281 
0.663057   1.03162    -0.0943206 0.115993  
0.760253   1.05977    0.440954   0.0564142 
0.827696   0.987539   0.0910017  0.0599734 
0.727857   1.00554    0.0413679  0.111161  
0.826274   1.06405    0.406997   0.102064  
0.857425   1.1377     0.661072   0.0783287 
0.872931   1.04615    0.419415   0.089562  
0.774013   1.12856    0.423217   0.119983  
0.817067   1.15218    0.718301   0.158185  
0.817067   1.15218    0.718301   0.13575   
0.742124   1.1152     0.381094   0.0697328 
0.722092   1.017      0.147662   0.0686343 
0.642039   1.0847     0.0409545  0.261673  
0.691077   1.17416    0.662867   0.0666267 
0.623984   1.15269    0.161127   0.0680748 
0.539845   1.17576    0.127204   0.127855  
0.494256   1.27011    0.532642   0.0613371 
0.528248   1.21807    0.141693   0.0579914 
0.460511   1.11988    -9.98444e-05 0.0445733 
0.515127   1.08064    -0.0519361 0.0597672 
0.565872   1.09822    0.0100452  0.0693233 
0.599741   1.07409    0.0925329  0.0263319 
0.539587   0.984669   -0.236761  0.0407496 
0.489338   0.990038   -0.176421  0.0644352 
0.447359   1.08055    -0.12393   0.0364857 
0.366533   1.12892    -0.13358   0.0434768 
0.386173   1.13567    -0.0634891 0.0234528 
0.336682   1.03919    -0.236409  0.0374122 
0.356417   1.12449    -0.148883  0.025728  
0.298322   1.0364     -0.239753  0.0284363 
0.30694    1.0485     -0.230021  0.0414471 
0.362471   1.07511    -0.145284  0.0571815 
0.358655   1.15863    -0.012968  0.0549264 
0.442149   1.13821    -0.0273864 0.0455959 
0.421411   1.09307    -0.127572  0.0341437 
0.407175   1.07247    -0.212677  0.0451806 
0.467433   1.15436    -0.0593443 0.0411503 
0.497783   1.10341    -0.0918569 0.0493166 
0.461301   1.12558    -0.0708127 0.0378177 
0.438539   1.04893    -0.17676   0.0220482 
0.386261   0.954632   -0.248187  0.0275731 
0.41518    1.04678    -0.192494  0.0485982 
0.374769   1.07658    -0.100288  0.0364772 
0.323033   1.1453     -0.158538  0.0230003 
0.224673   1.06867    -0.241764  0.028389  
0.282305   1.08656    -0.186801  0.034659  
0.282305   1.08656    -0.186801  0.0354112 
0.327239   1.15735    -0.157487  0.0527902 
0.405699   1.14471    -0.00320964 0.12949   
0.500479   1.17121    0.179935   0.0623728 
0.592089   1.17113    0.126597   0.0694965 
0.688164   1.14903    0.258966   0.0766462 
0.740812   1.0993     0.219639   0.140192  
0.691896   1.15617    0.548126   0.128462  
0.631937   1.21168    0.500218   0.132996  
0.722104   1.24379    0.887819   0.121281  
0.743313   1.26777    0.923505   0.0871068 
0.752275   1.19015    0.631645   0.148963  
0.752275   1.19015    0.631645   0.131273  
0.844303   1.19833    0.854138   0.112437  
0.747976   1.21057    0.683053   0.129374  
0.794649   1.20949    0.887289   0.129921  
0.778933   1.19033    0.834006   0.189079  
0.778933   1.19033    0.834006   0.161137  
0.852095   1.23604    1.14733    0.108098  
0.799624   1.21052    0.75001    0.192457  
0.874278   1.25695    1.44683    0.173613  
0.937835   1.19198    1.60044    0.146822  
0.975185   1.10956    1.32702    0.150055  
1.04434    1.13406    1.51392    0.173986  
1.11818    1.08054    1.63249    0.252585  
1.04984    1.17839    2.40541    0.164746  
1.04268    1.21612    1.82048    0.321836  
1.02846    1.2182     2.54579    0.183093  
0.949745   1.19483    1.49491    0.140424  
0.995452   1.1627     1.54301    0.151304  
0.958157   1.17934    1.461      0.188103  
0.930287   1.20353    1.6261     0.148881  
0.863101   1.19231    1.00712    0.213274  
0.899513   1.22511    1.46595    0.122745  
0.934805   1.14844    1.12356    0.102518  
0.903446   1.06516    0.63434    0.12107   
0.880859   1.14114    0.724287   0.124981  
0.80035    1.19428    0.842751   0.11356   
0.876176   1.14031    0.92015    0.121535  
0.872444   1.15139    0.779357   0.170096  
0.812217   1.24667    1.16216    0.223013  
0.812217   1.24667    1.16216    0.193729  
0.812217   1.24667    1.16216    0.154278  
0.872984   1.29709    1.312      0.1829    
0.8405     1.22602    1.14207    0.299427  
0.840102   1.2669     1.63526    0.0969561 
0.840546   1.17221    0.676261   0.16284   
0.840546   1.17221    0.676261   0.115961  
0.852618   1.11442    0.75305    0.105269  
0.793934   1.20457    0.63424    0.146985  
0.808819   1.14777    0.761252   0.11167   
0.765381   1.19548    0.666083   0.150063  
0.765381   1.19548    0.666083   0.127273  
0.820136   1.14938    0.823451   0.160259  
0.794816   1.21948    1.07826    0.152543  
0.765304   1.27859    1.06249    0.195051  
0.794463   1.34649    1.63146    0.160153  
0.840439   1.36226    1.58073    0.181504  
0.929015   1.32939    1.95013    0.200372  
0.866854   1.35812    1.97387    0.37215   
0.878518   1.35204    2.41953    0.328239  
0.839274   1.43236    3.03042    0.243153  
0.864917   1.49814    2.84656    0.372763  
0.864917   1.49814    2.84656    0.347213  
0.830196   1.45725    3.13237    0.277532  
0.730521   1.43152    2.41185    0.306117  
0.670805   1.48062    2.46507    0.24416   
0.732535   1.47688    2.38068    0.373441  
0.732535   1.47688    2.38068    0.315201  
0.723208   1.53105    3.21295    0.23108   
0.634619   1.56426    2.807      0.317417  
0.593672   1.58045    3.22644    0.449287  
0.68648    1.5245     3.14292    0.233151  
0.591565   1.53072    1.92085    0.364626  
0.591565   1.53072    1.92085    0.284129  
0.535397   1.51887    2.12983    0.216586  
0.561002   1.53522    2.0063     0.221223  
0.499293   1.63134    1.99998    0.301115  
0.509647   1.54399    2.42765    0.207241  
0.606246   1.44474    1.75136    0.18812   
0.677278   1.43504    1.51621    0.170984  
0.662999   1.34273    0.803937   0.208485  
0.662999   1.34273    0.803937   0.129582  
0.734587   1.41064    1.12801    0.198839  
0.68739    1.35994    1.27909    0.174672  
0.737717   1.31429    1.35991    0.118236  
0.638341   1.26918    0.680829   0.193231  
0.638093   1.29357    0.90325    0.156401  
0.638093   1.29357    0.90325    0.328895  
0.638093   1.29357    0.90325    0.122075  
0.683704   1.22487    0.601658   0.137799  
0.623931   1.32416    0.855881   0.159921  
0.564613   1.38681    0.982157   0.231317  
0.474291   1.40522    1.08217    0.112269  
0.572337   1.34332    0.626537   0.110207  
0.578822   1.31052    0.709608   0.0619112 
0.486035   1.26509    0.170744   0.0528317 
0.465852   1.18426    -0.00367461 0.0617539 
0.560543   1.14894    0.153405   0.054985  
0.509141   1.11596    -0.0052699 0.0635453 
0.507622   1.06222    -0.0436816 0.0410312 
0.473895   1.0346     -0.144732  0.018257  
0.382404   0.961252   -0.274794  0.0191208 
0.286704   0.933685   -0.24089   0.0178589 
0.228917   1.02921    -0.264121  0.0284693 
0.229075   1.07458    -0.242376  0.0598919 
0.309105   1.1745     0.0845009  0.0676335 
0.233679   1.25885    0.0874632  0.0347038 
0.264316   1.185      -0.129566  0.0408282 
0.218201   1.19527    -0.130103  0.0689591 
0.219595   1.24811    0.0349645  0.0298472 
0.183038   1.16027    -0.183267  0.0396112 
0.108129   1.10801    -0.236802  0.044487  
0.0315223  1.1329     -0.168694  0.0438187 
0.107487   1.13852    -0.179325  0.040404  
0.107487   1.13852    -0.179325  0.0314025 
0.0356025  1.09124    -0.174118  0.0424534 
-0.00380574 1.14739    -0.15671   0.0328055 
-0.080412  1.08248    -0.184769  0.0283711 
-0.133294  1.08866    -0.230531  0.0165163 
-0.0566446 0.989749   -0.270545  0.0237478 
-0.153755  1.04715    -0.229683  0.0191131 
-0.125691  1.05777    -0.304193  0.0251781 
-0.105606  1.02968    -0.240273  0.0177908 
-0.0700297 0.934662   -0.222727  0.0160786 
-0.032713  0.947464   -0.250122  0.0165678 
-0.0851582 0.913407   -0.242866  0.016621  
-0.0279255 0.843163   -0.146447  0.0157241 
0.0259901  0.904815   -0.20144   0.0181896 
-0.0136957 0.882811   -0.177586  0.0161813 
0.0846081  0.882136   -0.21374   0.0184583 
0.00023584 0.894408   -0.19852   0.0176076 
-0.0443144 0.85141    -0.17663   0.0174931 
-0.111091  0.858295   -0.176048  0.0163107 
-0.120902  0.868953   -0.147892  0.0257435 
-0.0579065 0.961622   -0.240136  0.0331784 
0.0140732  1.02908    -0.198736  0.0165138 
-0.0218255 0.99628    -0.271258  0.0211642 
0.0219938  1.02995    -0.26223   0.0160373 
0.0738136  1.02457    -0.290007  0.0179595 
-0.00388774 1.03828    -0.263761  0.0167609 
0.0346307  0.943592   -0.241271  0.0171499 
0.0633684  0.99576    -0.263845  0.0210922 
0.0990975  1.07772    -0.276858  0.0483324 
0.155409   1.12651    -0.151915  0.0369388 
0.0946494  1.12121    -0.164067  0.0289044 
0.118105   1.11417    -0.17882   0.0505792 
0.176703   1.19662    -0.0476056 0.0457648 
0.0922953  1.16744    -0.089448  0.0472983 
0.186801   1.21414    -0.0716221 0.0609871 
0.103346   1.21468    0.000405605 0.0408451 
0.0803827  1.14761    -0.153503  0.0207823 
0.0148693  1.05512    -0.27154   0.0210604 
-0.0569242 0.966141   -0.216381  0.0371475 
-0.0364841 1.06476    -0.194757  0.0194331 
-0.0285756 1.01508    -0.268402  0.136259  
0.0477034  1.10459    -0.0347715 0.02214   
0.14525    1.06785    -0.243274  0.0293404 
0.0611392  1.12284    -0.199825  0.0279356 
0.0397105  1.15074    -0.17788   0.0306008 
0.0945065  1.1195     -0.197376  0.0457167 
0.0278902  1.08403    -0.193102  0.0562218 
0.054058   1.13877    -0.0970037 0.0375723 
0.0507295  1.09411    -0.197649  0.0491502 
0.103055   1.19353    -0.0794734 0.0790814 
0.180926   1.25631    0.201919   0.106791  
0.239441   1.32035    0.310599   0.10039   
0.229795   1.33943    0.329205   0.0824623 
0.290009   1.26524    0.225096   0.055725  
0.259397   1.2114     0.0169077  0.0960199 
0.308621   1.29788    0.307761   0.134352  
0.292862   1.34456    0.459571   0.0904356 
0.3135     1.29851    0.290567   0.200538  
0.38947    1.29546    0.430368   0.1036    
0.382766   1.36945    0.496061   0.128466  
0.383523   1.40189    0.8825     0.150296  
0.333246   1.45419    1.14761    0.151356  
0.272492   1.40677    0.812477   0.129334  
0.367896   1.40371    0.904279   0.163743  
0.367896   1.40371    0.904279   0.125815  
0.285453   1.46393    0.969071   0.113672  
0.354084   1.42519    0.707982   0.205146  
0.354084   1.42519    0.707982   0.124753  
0.399012   1.35593    0.79866    0.144719  
0.324009   1.45468    1.09036    0.113553  
0.245436   1.36312    0.495514   0.12607   
0.154074   1.45252    0.737973   0.158917  
0.0651469  1.40236    0.870797   0.138424  
0.12254    1.49356    1.06291    0.25915   
0.12254    1.49356    1.06291    0.236452  
0.194471   1.47835    1.39335    0.220786  
0.154101   1.47781    1.22817    0.0994468 
0.103078   1.39675    0.613988   0.151377  
0.0183495  1.29841    0.393871   0.126301  
0.0877195  1.31396    0.351428   0.196672  
-0.0114135 1.33373    0.29052    0.0664908 
0.0167912  1.29458    0.0852362  0.100001  
0.00157652 1.35802    0.277783   0.0540107 
-0.00976821 1.2854     0.0149506  0.0836401 
-0.0186766 1.35178    0.342972   0.111945  
-0.0847924 1.44048    0.594314   0.143479  
-0.144376  1.50134    0.873849   0.126077  
-0.128316  1.41253    0.678265   0.11783   
-0.0683477 1.46978    0.771306   0.142254  
-0.142026  1.47344    0.91574    0.172464  
-0.175376  1.53999    1.33886    0.204765  
-0.236037  1.48028    1.31613    0.129786  
-0.197327  1.45526    0.963562   0.116354  
-0.267615  1.43946    0.754123   0.0982039 
-0.246262  1.38141    0.476031   0.0976114 
-0.159095  1.3515     0.550109   0.0734333 
-0.233766  1.32424    0.206116   0.0861871 
-0.20791   1.37188    0.402126   0.0980513 
-0.162113  1.34911    0.340837   0.12369   
-0.090665  1.39842    0.461194   0.0773867 
-0.00961523 1.30316    0.121294   0.0599083 
-0.00933066 1.28135    0.0721389  0.057923  
0.00196783 1.27271    0.0227891  0.0854881 
0.00196783 1.27271    0.0227891  0.0683982 
0.0315059  1.18776    0.00214662 0.0380855 
0.108236   1.09378    -0.163614  0.0190321 
0.0252374  1.02523    -0.290679  0.0150847 
-0.0708793 0.926576   -0.184378  0.0194957 
-0.0890984 0.992199   -0.201989  0.0183654 
-0.0366305 0.984444   -0.236335  0.0198664 
-0.0164973 1.00072    -0.258542  0.0169495 
0.0233858  0.927619   -0.231352  0.0151828 
0.0560329  0.918776   -0.215031  0.0175283 
0.0405194  0.954106   -0.236857  0.0206387 
0.00578709 1.03087    -0.234502  0.0182397 
0.0178372  0.943413   -0.207005  0.0186742 
0.0297357  0.935003   -0.249938  0.0186447 
-0.0451367 0.94497    -0.212407  0.0184805 
-0.0359764 0.862427   -0.16021   0.016892  
-0.0850367 0.82445    -0.108929  0.0175981 
-0.0766443 0.824866   -0.106952  0.0208878 
-0.0291887 0.743332   -0.0152423 0.0209014 
-0.0969144 0.740627   -0.0294215 0.019234  
-0.10574   0.786089   -0.104138  0.0182919 
-0.0550594 0.803743   -0.130962  0.021773  
-0.107093  0.7136     0.00702917 0.0185969 
-0.206058  0.742125   -0.0366395 0.01574   
-0.302123  0.831624   -0.230445  0.0159903 
-0.308927  0.852471   -0.237004  0.0175812 
-0.29736   0.78167    -0.200015  0.0153867 
-0.39391   0.804224   -0.210841  0.0192773 
-0.3704    0.851589   -0.259085  0.0146698 
-0.428838  0.798892   -0.223082  0.0143157 
-0.482471  0.71794    -0.237863  0.0168859 
-0.556241  0.773372   -0.319177  0.0135492 
-0.548578  0.776581   -0.282229  0.0197781 
-0.534825  0.76554    -0.285053  0.0144755 
-0.584416  0.785823   -0.315105  0.0149306 
-0.515541  0.835789   -0.275966  0.0168769 
-0.565067  0.837799   -0.294521  0.0186594 
-0.484816  0.839631   -0.265047  0.016599  
-0.387922  0.757525   -0.215759  0.0176811 
-0.299967  0.780729   -0.178198  0.0179266 
-0.360492  0.720024   -0.1494    0.0179923 
-0.356558  0.70047    -0.108166  0.0197875 
-0.36869   0.650711   -0.0894244 0.0190772 
-0.353151  0.706375   -0.0670569 0.0208536 
-0.264514  0.66065    0.0656625  0.0199798 
-0.263421  0.751068   -0.143866  0.018734  
-0.334292  0.693489   -0.0662589 0.0175915 
-0.358784  0.705657   -0.106858  0.0198073 
-0.320341  0.655571   0.0332987  0.0186564 
-0.416179  0.583265   -0.0251249 0.0174116 
-0.463214  0.507757   0.00758282 0.02005   
-0.462984  0.482071   0.0149715  0.0225001 
-0.534086  0.444287   0.0241981  0.0184143 
-0.630233  0.493821   -0.230065  0.0340141 
-0.630233  0.493821   -0.230065  0.0162492 
-0.538668  0.497681   -0.128636  0.0299102 
-0.501997  0.407889   0.174087   0.0272972 
-0.49567   0.408864   0.210467   0.0186956 
-0.504401  0.48343    -0.0993399 0.0116891 
-0.572721  0.581505   -0.266495  0.00888631
-0.651688  0.594934   -0.361429  0.00924427
-0.724912  0.567515   -0.410578  0.00849284
-0.758083  0.660115   -0.437519  0.0166061 
-0.776112  0.717289   -0.367127  0.0337559 
-0.752776  0.761679   -0.326867  0.0177581 
-0.688042  0.795482   -0.340446  0.0109675 
-0.73352   0.73014    -0.39254   0.01744   
-0.676156  0.706533   -0.355397  0.0131223 
-0.704918  0.719068   -0.391302  0.020498  
-0.782004  0.804405   -0.349043  0.0294137 
-0.762205  0.820419   -0.256822  0.0593255 
-0.762205  0.820419   -0.256822  0.0520562 
-0.769526  0.840993   -0.176348  0.0198138 
-0.731004  0.829857   -0.327139  0.0410589 
-0.68111   0.827688   -0.252053  0.0194734 
-0.676489  0.820161   -0.327098  0.011711  
-0.608345  0.724203   -0.298607  0.0140669 
-0.672881  0.744345   -0.357736  0.0126555 
-0.609326  0.725171   -0.314387  0.0144007 
-0.637036  0.757925   -0.337394  0.0168444 
-0.59068   0.773024   -0.31548   0.0113501 
-0.627321  0.712528   -0.349718  0.00868848
-0.674783  0.657257   -0.403077  0.0105695 
-0.607161  0.606165   -0.313652  0.0123742 
-0.603967  0.545915   -0.28632   0.0152112 
-0.510053  0.547368   -0.159728  0.0156434 
-0.478833  0.589312   -0.125398  0.0161868 
-0.439879  0.667168   -0.128385  0.0170644 
-0.437765  0.652955   -0.158367  0.0151874 
-0.46755   0.635706   -0.151601  0.0146232 
-0.497672  0.671417   -0.248778  0.01831   
-0.436717  0.585506   -0.0784836 0.0232124 
-0.372574  0.517789   0.161307   0.0276338 
-0.372574  0.517789   0.161307   0.0273577 
-0.304531  0.493683   0.370344   0.0266485 
-0.330544  0.453785   0.395906   0.0301937 
-0.325548  0.37355    0.680228   0.0619309 
-0.325548  0.37355    0.680228   0.0401687 
-0.232193  0.416396   0.82289    0.0399174 
-0.154773  0.479063   0.684669   0.0348089 
-0.0989183 0.535331   0.491343   0.036401  
-0.192638  0.454606   0.797913   0.0315392 
-0.186147  0.523731   0.478971   0.0394789 
-0.134273  0.463866   0.848933   0.0309353 
-0.190441  0.498981   0.629933   0.0291227 
-0.121797  0.573357   0.415447   0.0313981 
-0.03872   0.544649   0.591564   0.0272226 
0.053179   0.632103   0.229152   0.0280491 
0.093624   0.598188   0.338851   0.0329057 
0.093624   0.598188   0.338851   0.0307842 
0.023175   0.582718   0.391324   0.0243862 
-0.041833  0.681841   0.0740969  0.0223646 
0.00314025 0.698661   0.0908406  0.023108  
-0.0149933 0.706974   0.0723921  0.0191142 
-0.111862  0.787047   -0.134204  0.0187884 
-0.166847  0.753885   -0.0415694 0.0169654 
-0.177635  0.847932   -0.187334  0.0181681 
-0.153022  0.931317   -0.246727  0.0155411 
-0.20345   0.873152   -0.205735  0.0189753 
-0.191853  0.833525   -0.159792  0.0171067 
-0.24501   0.789658   -0.147426  0.0179006 
-0.30086   0.753521   -0.136503  0.0205158 
-0.240815  0.713895   -0.0543928 0.0187339 
-0.221295  0.754761   -0.0543235 0.018514  
-0.319607  0.730054   -0.127747  0.0206434 
-0.346483  0.660699   -0.0401441 0.0189643 
-0.300539  0.699976   -0.0151811 0.0234505 
-0.326029  0.619788   0.0553842  0.0272694 
-0.273019  0.55846    0.235026   0.0217425 
-0.353271  0.62528    -0.025272  0.0207243 
-0.259092  0.690265   -0.0110466 0.0191737 
-0.169892  0.771106   -0.100661  0.0233431 
-0.169892  0.771106   -0.100661  0.0212558 
-0.201229  0.704419   -0.023891  0.0254373 
-0.217754  0.62772    0.129797   0.030352  
-0.143789  0.54962    0.443736   0.0342694 
-0.125629  0.539821   0.451415   0.0361802 
-0.201893  0.45954    0.634769   0.0529643 
-0.168321  0.365118   1.26895    0.0587091 
-0.193944  0.296518   1.82617    0.0603595 
-0.118971  0.372122   1.4465     0.0434657 
-0.198347  0.404852   1.03785    0.0442344 
-0.224042  0.384651   0.977089   0.0709336 
-0.224042  0.384651   0.977089   0.0582317 
-0.183588  0.324907   1.65209    0.0487928 
-0.167668  0.378203   1.34794    0.0709505 
-0.167668  0.378203   1.34794    0.0567878 
-0.18781   0.338873   1.45141    0.0461822 
-0.10832   0.429263   1.14915    0.0414619 
-0.20378   0.427633   0.805819   0.0485655 
-0.154039  0.402336   1.1697     0.0612284 
-0.209448  0.334234   1.22413    0.111743  
-0.194046  0.236665   1.92304    0.0732054 
-0.192974  0.250532   2.21465    0.0571948 
-0.214861  0.260755   2.02055    0.0697548 
-0.194364  0.234013   2.44595    0.0466556 
-0.254181  0.308732   1.23231    0.0478877 
-0.193671  0.393057   1.02817    0.0473192 
-0.119293  0.406621   1.19847    0.0867064 
-0.0849992 0.314791   2.07699    0.0484482 
-0.134437  0.411076   1.12523    0.0637947 
-0.134437  0.411076   1.12523    0.0396421 
-0.205838  0.446798   0.672213   0.0426155 
-0.149496  0.469268   0.692564   0.0322975 
-0.093946  0.554732   0.450837   0.0346538 
-0.173405  0.515595   0.499575   0.0299139 
-0.209975  0.53461    0.363986   0.032679  
-0.209975  0.53461    0.363986   0.0250561 
-0.263024  0.584191   0.224641   0.0259781 
-0.251648  0.586185   0.213015   0.031037  
-0.261233  0.509084   0.277726   0.0359363 
-0.261233  0.509084   0.277726   0.0263929 
-0.312032  0.528249   0.247709   0.0291429 
-0.262464  0.544405   0.295678   0.0249909 
-0.307296  0.586241   0.124919   0.0216656 
-0.342814  0.612782   0.047136   0.0182429 
-0.420565  0.633415   -0.10033   0.0157042 
-0.515711  0.699985   -0.268218  0.0154363 
-0.469178  0.75822    -0.219789  0.0159897 
-0.409586  0.764401   -0.231897  0.017785  
-0.393626  0.682457   -0.121021  0.0214471 
-0.332552  0.615465   0.0908333  0.0187955 
-0.388642  0.641093   -0.0529258 0.0225397 
-0.388642  0.641093   -0.0529258 0.0232135 
-0.306145  0.610401   0.0749825  0.0269933 
-0.32654   0.529971   0.187612   0.0263292 
-0.309897  0.513653   0.298248   0.0255397 
-0.331224  0.423038   0.526382   0.0318165 
-0.389403  0.363241   0.479615   0.10411   
-0.389403  0.363241   0.479615   0.0520488 
-0.294403  0.300142   1.02008    0.0708874 
-0.305366  0.276702   1.10001    0.115007  
-0.305366  0.276702   1.10001    0.0429238 
-0.330163  0.310405   0.969381   0.0459199 
-0.2697    0.357371   0.751618   0.0433112 
-0.205778  0.419421   0.894552   0.031592  
-0.274152  0.438743   0.646786   0.0314586 
-0.182053  0.531595   0.48296    0.0273423 
-0.140297  0.58327    0.381142   0.0230258 
-0.0594263 0.681148   0.149945   0.0282352 
-0.0594263 0.681148   0.149945   0.0261088 
0.0309885  0.644964   0.236785   0.0273322 
0.102324   0.627871   0.24757    0.0264687 
0.194703   0.603776   0.207972   0.0204813 
0.260888   0.701058   -0.0480241 0.0216648 
0.264878   0.664426   0.0439858  0.0202487 
0.170223   0.720917   0.0100769  0.020041  
0.178799   0.721222   -0.00714219 0.021921  
0.103389   0.705736   0.115116   0.017662  
0.139417   0.796728   -0.114304  0.0164989 
0.0594546  0.884092   -0.198179  0.0155435 
0.0539106  0.926927   -0.247022  0.016394  
0.114905   0.884122   -0.230848  0.0178523 
0.186424   0.808632   -0.166892  0.0168324 
0.168519   0.884657   -0.216109  0.0180493 
0.0828045  0.949134   -0.222731  0.0181075 
0.132046   1.00332    -0.242963  0.0154975 
0.160333   0.935272   -0.230573  0.0160947 
0.253826   0.878741   -0.235188  0.0205061 
0.310794   0.922104   -0.22689   0.0156039 
0.322339   0.839555   -0.254234  0.0192336 
0.25605    0.742677   -0.0538698 0.0186543 
0.264798   0.723988   -0.0443927 0.0209102 
0.23531    0.682174   0.0223024  0.026553  
0.167247   0.583119   0.341699   0.0287174 
0.134125   0.572667   0.369542   0.0345041 
0.15447    0.518012   0.498357   0.0293023 
0.0705607  0.60253    0.304636   0.0305375 
0.056224   0.569479   0.444597   0.0283172 
0.154194   0.57753    0.336738   0.0276614 
0.198874   0.539375   0.468013   0.0299126 
0.11023    0.555278   0.521659   0.0351902 
0.132951   0.525531   0.452933   0.0380323 
0.0692556  0.511568   0.658061   0.0428434 
0.154366   0.449131   0.83889    0.0468165 
0.154366   0.449131   0.83889    0.0628858 
0.115532   0.378324   1.411      0.0728428 
0.172784   0.29126    1.80304    0.0797443 
0.173922   0.252907   2.49864    0.071333  
0.119367   0.352808   1.61685    0.0608011 
0.121402   0.361095   1.66245    0.0563405 
0.073346   0.410609   1.18929    0.0733215 
-0.0217513 0.359726   1.7264     0.0486896 
0.0582232  0.418039   1.31117    0.0724024 
0.0657566  0.355942   1.83065    0.075105  
-0.0228053 0.360255   1.71382    0.0686975 
-0.121776  0.343963   1.76012    0.0610064 
-0.202542  0.266468   2.03601    0.128924  
-0.299069  0.230259   1.78433    0.128581  
-0.357089  0.244944   2.17279    0.044155  
-0.279619  0.293749   1.30373    0.0820399 
-0.279619  0.293749   1.30373    0.0336706 
-0.306435  0.382848   0.605388   0.0621216 
-0.229572  0.283173   1.44488    0.0588551 
-0.160707  0.342111   1.60489    0.0693795 
-0.138338  0.351556   1.55247    0.0601334 
-0.138338  0.351556   1.55247    0.0396403 
-0.22451   0.404426   0.909418   0.0357706 
-0.317935  0.388769   0.599064   0.0339403 
-0.304525  0.36559    0.712381   0.0446655 
-0.2392    0.370272   0.978852   0.0376193 
-0.32005   0.350256   0.73757    0.0335909 
-0.291123  0.405407   0.639081   0.026631  
-0.353797  0.452519   0.317337   0.0332496 
-0.26795   0.456593   0.537983   0.0418661 
-0.169355  0.418616   1.03234    0.0340603 
-0.198853  0.509312   0.452818   0.0267541 
-0.24588   0.596132   0.165501   0.0249055 
-0.24588   0.596132   0.165501   0.0230627 
-0.162698  0.656429   0.127121   0.0198774 
-0.231941  0.724741   -0.0372392 0.0167137 
-0.298305  0.806718   -0.170257  0.0150055 
-0.379223  0.800558   -0.238844  0.0167801 
-0.379673  0.82666    -0.231676  0.0167984 
-0.357957  0.790266   -0.200308  0.0179207 
-0.357957  0.790266   -0.200308  0.0170914 
-0.329693  0.781746   -0.207827  0.0164632 
-0.409529  0.700005   -0.145611  0.0155087 
-0.384915  0.792651   -0.200463  0.016616  
-0.392424  0.720906   -0.170084  0.0157549 
-0.448291  0.758814   -0.238947  0.0162089 
-0.357816  0.752978   -0.164415  0.0178866 
-0.367281  0.745295   -0.175244  0.017378  
-0.314356  0.761489   -0.121921  0.0181664 
-0.279703  0.779254   -0.181315  0.016648  
-0.354227  0.756289   -0.142177  0.0174937 
-0.278724  0.764256   -0.138023  0.0184204 
-0.258094  0.754613   -0.0942903 0.0226397 
-0.216172  0.688988   0.0421333  0.020609  
-0.198963  0.722032   -0.0342507 0.0191099 
-0.186118  0.753142   -0.0524354 0.0250474 
-0.276244  0.836683   -0.17977   0.0247862 
-0.351486  0.89445    -0.214462  0.0170351 
-0.449376  0.854825   -0.280101  0.0287782 
-0.416421  0.906715   -0.220301  0.0174408 
-0.443504  0.826194   -0.234295  0.030423  
-0.50902   0.910871   -0.206791  0.0284183 
-0.558382  0.98437    -0.227989  0.040986  
-0.546641  1.04662    -0.108446  0.0545134 
-0.615108  1.00498    -0.0510286 0.0288965 
-0.56504   0.953901   -0.22298   0.0304132 
-0.511809  1.02051    -0.190638  0.0691184 
-0.547108  1.08189    -0.0198213 0.0683512 
-0.496037  1.18107    0.114526   0.0506088 
-0.442196  1.14248    -0.0522934 0.0494644 
-0.42046   1.1407     -0.0358029 0.0932298 
-0.385273  1.20424    0.216938   0.0580878 
-0.441049  1.17742    0.0223264  0.0617589 
-0.477185  1.1713     -0.0352369 0.0541368 
-0.477185  1.1713     -0.0352369 0.104134  
-0.46125   1.2437     0.287343   0.159611  
-0.379665  1.33623    0.560019   0.11967   
-0.409958  1.37647    0.670534   0.1749    
-0.470682  1.38763    0.844786   0.142089  
-0.384101  1.42926    0.949368   0.142831  
-0.313123  1.48404    0.886447   0.0980813 
-0.370916  1.41534    0.645114   0.148887  
-0.318357  1.47142    1.06538    0.173157  
-0.346495  1.42966    1.07733    0.159948  
-0.247615  1.51372    1.25479    0.199561  
-0.264495  1.53302    1.62545    0.232687  
-0.264495  1.53302    1.62545    0.179556  
-0.28213   1.46102    0.981517   0.20775   
-0.33252   1.4876     1.36064    0.127532  
-0.425147  1.40249    0.864874   0.0742434 
-0.350055  1.34166    0.302032   0.112203  
-0.270307  1.40796    0.715494   0.122543  
-0.200016  1.42022    0.653865   0.107143  
-0.150259  1.43338    0.609839   0.177489  
-0.118795  1.40132    0.481507   0.106197  
-0.0882086 1.35855    0.481831   0.067713  
-0.124083  1.27957    0.0445776  0.0696152 
-0.142374  1.28197    0.109841   0.131626  
-0.141551  1.37615    0.600646   0.15367   
-0.213866  1.45624    0.962822   0.1294    
-0.216286  1.37038    0.678358   0.0856955 
-0.300509  1.33003    0.228555   0.0704058 
-0.209505  1.35092    0.234207   0.1172    
-0.162919  1.40898    0.653035   0.115674  
-0.244482  1.45569    0.806163   0.114797  
-0.194171  1.457      0.86215    0.118366  
-0.260539  1.41799    0.753429   0.130232  
-0.279699  1.40525    0.634486   0.133641  
-0.364566  1.39631    0.671069   0.14473   
-0.333846  1.31287    0.550656   0.122642  
-0.371263  1.38686    0.713336   0.2112    
-0.364503  1.47248    1.2375     0.219262  
-0.353812  1.54709    1.67655    0.195324  
-0.330042  1.49728    1.52044    0.155699  
-0.267089  1.48636    1.1346     0.184253  
-0.267089  1.48636    1.1346     0.228205  
-0.288964  1.54173    1.35579    0.241652  
-0.242844  1.59288    1.95805    0.219778  
-0.315149  1.56701    2.15235    0.20267   
-0.226554  1.57573    1.68106    0.183934  
-0.243275  1.66467    1.88694    0.394318  
-0.243275  1.66467    1.88694    0.237225  
-0.243275  1.66467    1.88694    0.335747  
-0.2121    1.58022    1.86158    0.141646  
-0.117673  1.51079    1.08318    0.105461  
-0.202559  1.45015    0.63366    0.148953  
-0.122707  1.38773    0.494651   0.11685   
-0.16777   1.427      0.536671   0.11328   
-0.239839  1.41978    0.713332   0.109312  
-0.336408  1.36567    0.566918   0.0938035 
-0.283536  1.33406    0.386504   0.109692  
-0.21139   1.41223    0.662827   0.165117  
-0.209273  1.46487    1.1688     0.246096  
-0.231772  1.55769    1.54467    0.187814  
-0.146427  1.61996    1.72306    0.189093  
-0.233672  1.57129    1.48277    0.25624   
-0.216617  1.63611    2.3246     0.263254  
-0.131368  1.61422    2.27643    0.140172  
-0.165209  1.52118    1.07751    0.178202  
-0.242134  1.51623    1.35162    0.122015  
-0.312166  1.47485    0.699592   0.177942  
-0.365853  1.49477    1.46118    0.12699   
-0.417407  1.40805    0.949621   0.152219  
-0.40602   1.49348    1.2874     0.160132  
-0.40602   1.49348    1.2874     0.168456  
-0.484702  1.4507     1.3718     0.184916  
-0.501241  1.50743    1.31649    0.384752  
-0.501241  1.50743    1.31649    0.172235  
-0.499882  1.45584    1.57961    0.169318  
-0.493765  1.45997    1.24821    0.235292  
-0.545349  1.41252    1.50053    0.123305  
-0.502822  1.38182    0.59766    0.103286  
-0.538672  1.3443     0.611297   0.134277  
-0.506477  1.29001    0.508102   0.069343  
-0.475446  1.22903    0.228244   0.0576291 
-0.381535  1.18739    -0.00280514 0.0532182 
-0.428941  1.15641    -0.0014436 0.0353164 
-0.339025  1.10223    -0.173836  0.065758  
-0.339025  1.10223    -0.173836  0.0400228 
-0.375015  1.01125    -0.154664  0.0160452 
-0.29049   0.960277   -0.284782  0.0286716 
-0.262841  1.00065    -0.237878  0.0282215 
-0.334322  1.06695    -0.215652  0.0510278 
-0.281027  1.13062    -0.109098  0.0603215 
-0.346372  1.2263     0.0622132  0.0645069 
-0.325733  1.29157    0.181086   0.111909  
-0.325733  1.29157    0.181086   0.0607041 
-0.234055  1.20728    -0.00720988 0.0884087 
-0.145656  1.27376    0.192494   0.0806622 
-0.11223   1.29048    0.158135   0.0670308 
-0.0378242 1.28822    0.169373   0.106735  
-0.0868355 1.36387    0.446741   0.142065  
-0.133867  1.43606    0.73204    0.113692  
-0.149008  1.43924    0.71282    0.159427  
-0.0528822 1.37748    0.661805   0.12467   
0.0355117  1.30757    0.461771   0.0744075 
0.0999756  1.34267    0.262088   0.094197  
0.112301   1.25189    0.131021   0.246283  
0.132453   1.34749    0.675429   0.0752888 
0.0726232  1.34639    0.216043   0.0934889 
0.145435   1.36963    0.358873   0.164724  
0.095955   1.45086    0.985634   0.0676632 
0.0348664  1.358      0.243895   0.143392  
0.0348664  1.358      0.243895   0.119237  
0.0587428  1.41787    0.746454   0.161748  
0.158136   1.45332    0.889931   0.179981  
0.124753   1.4965     1.20045    0.172841  
0.101671   1.55992    1.59708    0.209826  
0.180202   1.62431    1.76427    0.18942   
0.1273     1.62307    1.68273    0.308102  
0.210221   1.60272    2.55737    0.197508  
0.220306   1.58982    1.74773    0.275023  
0.220306   1.58982    1.74773    0.266942  
0.129208   1.66999    2.17559    0.249754  
0.0342259  1.60169    1.98147    0.310792  
0.0342259  1.60169    1.98147    0.147955  
0.0570072  1.51244    1.10942    0.212425  
0.0570072  1.51244    1.10942    0.156205  
-0.00386114 1.52659    1.04231    0.144188  
-0.0892561 1.44631    0.748633   0.106974  
-0.0748164 1.43769    0.579931   0.195132  
-0.00363208 1.48755    1.17051    0.0885958 
-0.102781  1.42113    0.518774   0.107362  
-0.0669865 1.41026    0.539166   0.0927002 
-0.029422  1.33346    0.40629    0.055612  
-0.120761  1.31209    0.0641636  0.109585  
-0.215134  1.40669    0.648202   0.2055    
-0.276779  1.5035     1.53843    0.226677  
-0.213273  1.52836    1.53348    0.179105  
-0.292994  1.51948    1.54977    0.178383  
-0.210124  1.57096    1.63671    0.202221  
-0.168611  1.51559    1.19665    0.463028  
-0.168611  1.51559    1.19665    0.183835  
-0.197697  1.47489    1.09777    0.0887294 
-0.127732  1.39396    0.423207   0.100073  
-0.0729261 1.42743    0.508282   0.164292  
-0.0449796 1.41788    0.984769   0.0726519 
0.0337659  1.35358    0.249078   0.061059  
0.0841522  1.32153    0.138656   0.113325  
-0.0153557 1.22889    0.157986   0.0902318 
-0.0440671 1.26632    0.181017   0.0745891 
0.0308261  1.3327     0.227163   0.164248  
0.0308261  1.3327     0.227163   0.0732807 
-0.0523723 1.23445    0.0521208  0.0932472 
-0.0523723 1.23445    0.0521208  0.0470814 
0.0215178  1.22742    -0.0597252 0.0823254 
0.0723626  1.24422    0.0781415  0.0791519 
0.0723626  1.24422    0.0781415  0.047243  
0.0453334  1.26626    -0.035642  0.10231   
0.0453334  1.26626    -0.035642  0.0681303 
0.000737062 1.33535    0.207555   0.0879155 
0.0854903  1.34598    0.362294   0.0773505 
0.016587   1.2589     0.0668438  0.0994798 
0.086603   1.31386    0.334631   0.0684409 
0.0923794  1.27183    0.155308   0.0811651 
0.0923794  1.27183    0.155308   0.0768053 
0.147322   1.25063    0.0745798  0.0427678 
0.130023   1.19548    -0.118281  0.0541906 
0.189446   1.21945    -0.0123658 0.0406518 
0.225516   1.13557    -0.127817  0.0375426 
0.217946   1.12598    -0.178218  0.0733379 
0.13219    1.13805    -0.0557361 0.0320205 
0.209106   1.09746    -0.195644  0.0484238 
0.209106   1.09746    -0.195644  0.0176028 
0.160822   1.02956    -0.285002  0.0215092 
0.229892   1.08108    -0.246784  0.020982  
0.232999   1.03188    -0.288887  0.0180022 
0.193274   0.975926   -0.248147  0.0200739 
0.204105   0.976218   -0.258807  0.0277719 
0.172905   1.0732     -0.25445   0.0215073 
0.138348   1.04765    -0.229061  0.0212218 
0.195219   1.05012    -0.251765  0.017013  
0.184      0.973781   -0.244032  0.0251813 
0.126611   0.978056   -0.222123  0.0183258 
0.0941657  0.909246   -0.248788  0.0164737 
0.148197   0.890518   -0.207141  0.0168142 
0.0520014  0.92077    -0.211632  0.0161524 
0.0925828  0.902892   -0.207636  0.0192914 
0.0185528  0.853315   -0.162451  0.0209289 
-0.0506988 0.76103    -0.0871342 0.0236376 
0.0458542  0.680902   0.0994472  0.0243873 
-0.00733951 0.657444   0.226047   0.0221851 
0.0501039  0.72121    0.0193404  0.0199831 
0.0526633  0.772921   -0.0374711 0.0228806 
0.0808885  0.708156   0.0443049  0.0258188 
7.59764e-05 0.658851   0.148296   0.0232694 
-0.0468371 0.672696   0.144778   0.0237155 
-0.0610535 0.686027   0.0926779  0.0262626 
-0.0211272 0.618241   0.298367   0.0225863 
-0.0736725 0.69898    0.0940383  0.0283789 
0.0227011  0.623883   0.221351   0.025739  
-0.0085873 0.665356   0.13603    0.0209243 
0.0284688  0.748694   -0.0235474 0.0187597 
0.0259763  0.792551   -0.0677753 0.0205509 
-0.0121012 0.742644   -0.0294805 0.0183095 
0.0195478  0.798498   -0.064245  0.0197342 
0.112162   0.741709   0.0189078  0.0200377 
0.189194   0.728656   -0.00303666 0.0168517 
0.270513   0.817443   -0.188842  0.0188391 
0.178717   0.790426   -0.12782   0.0186649 
0.269531   0.766683   -0.138814  0.0206262 
0.243866   0.723113   -0.0436473 0.0213186 
0.279242   0.653063   0.0670907  0.0205593 
0.201646   0.707229   0.0211025  0.0208302 
0.197657   0.700484   0.0414163  0.0199605 
0.228146   0.708545   -0.00725234 0.0231456 
0.155373   0.658606   0.147999   0.0209701 
0.144674   0.709643   0.0594246  0.025153  
0.108771   0.65165    0.168745   0.0243522 
0.0351495  0.662736   0.161221   0.0292107 
-0.0155215 0.595564   0.329738   0.0244996 
0.0655042  0.661977   0.135042   0.0306867 
0.105866   0.571008   0.426577   0.0322569 
0.110612   0.538817   0.548399   0.0271608 
0.175837   0.609723   0.227996   0.0332473 
0.0933372  0.524018   0.592614   0.0404519 
0.022629   0.478318   0.91423    0.0395519 
0.022629   0.478318   0.91423    0.0342248 
0.0359611  0.55452    0.424023   0.0329668 
0.0899361  0.539275   0.564047   0.0270021 
0.181489   0.58144    0.352594   0.0357888 
0.13726    0.488163   0.752541   0.0413804 
0.215084   0.403587   1.001      0.0486211 
0.265619   0.327295   1.00355    0.0369638 
0.294491   0.379331   0.648115   0.0829995 
0.379763   0.280738   1.3471     0.0319479 
0.357679   0.363787   0.611568   0.0807962 
0.4546     0.307612   0.984531   0.041846  
0.414524   0.344693   0.545121   0.134917  
0.414524   0.344693   0.545121   0.103596  
0.476464   0.282363   1.60135    0.267789  
0.476464   0.282363   1.60135    0.0942619 
0.540976   0.296458   1.49735    0.0340541 
0.50355    0.394095   0.173459   0.0295406 
0.464419   0.397953   0.25139    0.0232519 
0.485704   0.446007   0.0424241  0.0161252 
0.553696   0.505991   -0.147714  0.0141357 
0.577291   0.539192   -0.261211  0.0151824 
0.582723   0.494944   -0.163053  0.0255057 
0.582723   0.494944   -0.163053  0.0141715 
0.518214   0.583612   -0.199277  0.0123059 
0.563561   0.613703   -0.280837  0.0117066 
0.597038   0.670747   -0.326442  0.012309  
0.619306   0.710569   -0.334886  0.0165421 
0.541381   0.806811   -0.283366  0.0147115 
0.618323   0.785556   -0.317915  0.0152195 
0.563665   0.758413   -0.311573  0.0160124 
0.470139   0.682789   -0.201141  0.0145368 
0.520876   0.765862   -0.29088   0.0137561 
0.544506   0.7856     -0.298967  0.0170963 
0.628412   0.846962   -0.338046  0.0274683 
0.59095    0.881657   -0.258671  0.0294503 
0.619285   0.943021   -0.218304  0.0228384 
0.693094   0.856189   -0.260408  0.0429291 
0.738989   0.953348   -0.114533  0.0608163 
0.753135   1.04347    0.0579078  0.067674  
0.771209   1.03258    0.204078   0.10838   
0.842621   1.09816    0.688039   0.102807  
0.881189   1.10434    0.70923    0.0992297 
0.882975   1.04614    0.520325   0.0963905 
0.899753   1.01725    0.430636   0.0538599 
0.820571   0.998112   0.11662    0.0597695 
0.812314   0.964127   0.0756855  0.0499905 
0.83349    0.924954   -0.0250868 0.0428088 
0.914567   0.875611   0.0120009  0.060268  
0.973025   0.878309   0.162651   0.080153  
1.04652    0.918544   0.666865   0.104752  
0.987374   0.985243   0.615271   0.195725  
1.03472    1.06449    1.5785     0.158878  
1.10453    1.04648    1.57232    0.179346  
1.14143    1.14239    2.15679    0.281605  
1.14143    1.14239    2.15679    0.207818  
1.16969    1.11672    2.46046    0.173794  
1.26419    1.06169    2.71504    0.235163  
1.35063    1.01847    3.66834    0.346813  
1.34078    1.07935    4.04498    0.202193  
1.41102    0.996052   3.86435    0.211107  
1.46071    0.905426   4.09876    0.247926  
1.46071    0.905426   4.09876    0.181538  
1.53945    0.869422   4.20647    0.156206  
1.48048    0.810154   3.18868    0.219093  
1.47722    0.906574   4.31032    0.189186  
1.50366    0.819345   3.64134    0.187042  
1.57932    0.855689   4.96458    0.165524  
1.57753    0.809723   4.43107    0.192456  
1.52357    0.865696   4.60544    0.183683  
1.59753    0.78672    4.66774    0.180143  
1.57587    0.814974   4.53951    0.162996  
1.55215    0.80787    3.94734    0.191518  
1.53646    0.855918   4.21667    0.233541  
1.62809    0.897911   6.14236    0.253495  
1.68982    0.803454   6.72749    0.163653  
1.61127    0.762536   4.33164    0.155334  
1.66095    0.696236   4.62155    0.179644  
1.66095    0.696236   4.62155    0.129959  
1.63295    0.647192   4.02136    0.150226  
1.62904    0.70733    4.24422    0.148994  
1.60803    0.703763   4.16796    0.113808  
1.51475    0.710642   2.89778    0.136235  
1.51318    0.746764   3.21423    0.124393  
1.46978    0.781883   2.73791    0.17022   
1.37162    0.839637   2.76648    0.181758  
