#MU        SIGMA      ENERGY     ERROR     
-0.898717  0.633032   -0.402214  0.0099931 
-0.897469  0.566128   -0.384989  0.0129525 
-0.921283  0.636737   -0.388089  0.0151096 
-0.921283  0.636737   -0.388089  0.0259154 
-0.921283  0.636737   -0.388089  0.0103925 
-0.898857  0.624497   -0.404501  0.0179675 
-0.883927  0.669251   -0.391361  0.01737   
-0.883927  0.669251   -0.391361  0.00759968
-0.80173   0.597098   -0.436198  0.00803131
-0.866347  0.583126   -0.412814  0.0135327 
-0.866347  0.583126   -0.412814  0.00810702
-0.811777  0.67522    -0.436604  0.0126239 
-0.811777  0.67522    -0.436604  0.00729628
-0.783386  0.586201   -0.449548  0.0186594 
-0.783386  0.586201   -0.449548  0.0118337 
-0.783386  0.586201   -0.449548  0.00854447
-0.807221  0.582697   -0.440944  0.0115709 
-0.807221  0.582697   -0.440944  0.0117251 
-0.807221  0.582697   -0.440944  0.0116165 
-0.877592  0.664377   -0.417265  0.0134764 
-0.831476  0.68033    -0.418262  0.00882193
-0.808674  0.64446    -0.422312  0.0104112 
-0.808674  0.64446    -0.422312  0.0098038 
-0.767793  0.674944   -0.424069  0.0104639 
-0.771609  0.726906   -0.413397  0.0180646 
-0.771609  0.726906   -0.413397  0.0180799 
-0.771609  0.726906   -0.413397  0.00898786
-0.762255  0.691369   -0.432552  0.0195669 
-0.762255  0.691369   -0.432552  0.00947189
-0.762255  0.691369   -0.432552  0.0158192 
-0.762255  0.691369   -0.432552  0.00875662
-0.762255  0.691369   -0.432552  0.00701415
-0.717112  0.607816   -0.40674   0.00902817
-0.65936   0.7034     -0.402829  0.00995112
-0.661131  0.685183   -0.374037  0.00924016
-0.628361  0.614786   -0.356478  0.0141626 
-0.628361  0.614786   -0.356478  0.00886944
-0.657625  0.610282   -0.38809   0.0122842 
-0.657625  0.610282   -0.38809   0.0120985 
-0.657625  0.610282   -0.38809   0.0130062 
-0.657625  0.610282   -0.38809   0.0101757 
-0.696859  0.6217     -0.400569  0.0102881 
-0.696859  0.6217     -0.400569  0.0118735 
-0.696859  0.6217     -0.400569  0.00991131
-0.696859  0.6217     -0.400569  0.00898761
-0.660334  0.688712   -0.387693  0.0127065 
-0.660334  0.688712   -0.387693  0.0105024 
-0.726329  0.707506   -0.405743  0.0163755 
-0.726329  0.707506   -0.405743  0.00900584
-0.726329  0.707506   -0.405743  0.00764812
-0.666969  0.618823   -0.389857  0.0134161 
-0.666969  0.618823   -0.389857  0.0101094 
-0.666969  0.618823   -0.389857  0.0111284 
-0.666969  0.618823   -0.389857  0.00840988
-0.722034  0.576405   -0.40962   0.0141341 
-0.722034  0.576405   -0.40962   0.00699795
-0.717895  0.639417   -0.412444  0.0107454 
-0.692302  0.688655   -0.390823  0.00943371
-0.692302  0.688655   -0.390823  0.00742176
-0.777101  0.595654   -0.428759  0.00813055
-0.764516  0.647513   -0.42941   0.00675493
-0.816478  0.622085   -0.448085  0.0110443 
-0.816478  0.622085   -0.448085  0.0133363 
-0.816478  0.622085   -0.448085  0.00853715
-0.837642  0.576507   -0.434161  0.00946585
-0.837642  0.576507   -0.434161  0.01761   
-0.837642  0.576507   -0.434161  0.0196775 
-0.837642  0.576507   -0.434161  0.0107333 
-0.756125  0.55364    -0.399578  0.00753211
-0.712754  0.620487   -0.421495  0.0122188 
-0.712754  0.620487   -0.421495  0.00963069
-0.712754  0.620487   -0.421495  0.00808803
-0.712754  0.620487   -0.421495  0.011135  
-0.734595  0.720155   -0.398831  0.0297674 
-0.734595  0.720155   -0.398831  0.010161  
-0.685451  0.693153   -0.389351  0.0110384 
-0.685451  0.693153   -0.389351  0.00867812
-0.685451  0.693153   -0.389351  0.00940984
-0.73284   0.670657   -0.418979  0.01619   
-0.73284   0.670657   -0.418979  0.0103022 
-0.75965   0.70258    -0.433598  0.018128  
-0.75965   0.70258    -0.433598  0.0205987 
-0.75965   0.70258    -0.433598  0.0104665 
-0.75965   0.70258    -0.433598  0.015396  
-0.799559  0.698553   -0.41212   0.0204877 
-0.799559  0.698553   -0.41212   0.0242321 
-0.799559  0.698553   -0.41212   0.0228712 
-0.799559  0.698553   -0.41212   0.00715505
-0.756343  0.602713   -0.433734  0.00978576
-0.756343  0.602713   -0.433734  0.00735284
-0.803857  0.588236   -0.443401  0.0199966 
-0.803857  0.588236   -0.443401  0.0139386 
-0.803857  0.588236   -0.443401  0.0196563 
-0.803857  0.588236   -0.443401  0.011362  
-0.803857  0.588236   -0.443401  0.00833518
-0.789011  0.575168   -0.426377  0.0127903 
-0.789011  0.575168   -0.426377  0.021858  
-0.789011  0.575168   -0.426377  0.0138157 
-0.86965   0.647215   -0.41705   0.0172087 
-0.881882  0.673061   -0.405562  0.00890797
-0.830751  0.644338   -0.444094  0.00776119
-0.830751  0.644338   -0.444094  0.0108629 
-0.830751  0.644338   -0.444094  0.00718217
-0.763671  0.628322   -0.432044  0.0111122 
-0.763671  0.628322   -0.432044  0.0172932 
-0.858879  0.696482   -0.374542  0.0319561 
-0.858879  0.696482   -0.374542  0.0399992 
-0.858879  0.696482   -0.374542  0.023222  
-0.868825  0.705395   -0.322902  0.0148642 
-0.818448  0.702594   -0.385368  0.00658682
-0.762778  0.639337   -0.442405  0.0148911 
-0.762778  0.639337   -0.442405  0.0147874 
-0.762778  0.639337   -0.442405  0.0113278 
-0.762778  0.639337   -0.442405  0.00667282
-0.796996  0.627176   -0.44466   0.0136668 
-0.796996  0.627176   -0.44466   0.0154272 
-0.796996  0.627176   -0.44466   0.00764851
-0.763429  0.583685   -0.448114  0.0224916 
-0.763429  0.583685   -0.448114  0.00673871
-0.763429  0.583685   -0.448114  0.00745431
-0.838785  0.595252   -0.436827  0.0119339 
-0.838785  0.595252   -0.436827  0.0144586 
-0.838785  0.595252   -0.436827  0.012318  
-0.838785  0.595252   -0.436827  0.0080323 
-0.838785  0.595252   -0.436827  0.0168938 
-0.838785  0.595252   -0.436827  0.00755566
-0.74099   0.655886   -0.421021  0.00774815
-0.666338  0.628811   -0.398651  0.0111439 
-0.666338  0.628811   -0.398651  0.00980384
-0.651764  0.719048   -0.368253  0.0231037 
-0.651764  0.719048   -0.368253  0.00802519
-0.704556  0.65475    -0.405943  0.00685713
-0.703649  0.612164   -0.413408  0.0100601 
-0.776948  0.680385   -0.422003  0.0158806 
-0.776948  0.680385   -0.422003  0.0134456 
-0.776948  0.680385   -0.422003  0.0141989 
-0.776948  0.680385   -0.422003  0.0109002 
-0.819307  0.581853   -0.416031  0.00624527
-0.747827  0.608679   -0.423942  0.00710933
-0.734849  0.648222   -0.427896  0.00761945
-0.752935  0.666501   -0.42736   0.0148412 
-0.752935  0.666501   -0.42736   0.0167298 
-0.752935  0.666501   -0.42736   0.0126348 
-0.741263  0.723492   -0.400918  0.019025  
-0.741263  0.723492   -0.400918  0.0251624 
-0.741263  0.723492   -0.400918  0.0344722 
-0.741263  0.723492   -0.400918  0.0304691 
-0.741263  0.723492   -0.400918  0.010197  
-0.741263  0.723492   -0.400918  0.0337982 
-0.741263  0.723492   -0.400918  0.01441   
-0.741263  0.723492   -0.400918  0.028221  
-0.741263  0.723492   -0.400918  0.0109582 
-0.788246  0.675361   -0.418454  0.0130257 
-0.822153  0.688147   -0.402448  0.028018  
-0.822153  0.688147   -0.402448  0.0196893 
-0.822153  0.688147   -0.402448  0.0147167 
-0.822153  0.688147   -0.402448  0.0222703 
-0.822153  0.688147   -0.402448  0.0230596 
-0.822153  0.688147   -0.402448  0.00708145
-0.771396  0.669979   -0.443372  0.0132065 
-0.771396  0.669979   -0.443372  0.0336825 
-0.771396  0.669979   -0.443372  0.0297682 
-0.771396  0.669979   -0.443372  0.0175948 
-0.771396  0.669979   -0.443372  0.0210002 
-0.771396  0.669979   -0.443372  0.01292   
-0.771396  0.669979   -0.443372  0.0104045 
-0.771396  0.669979   -0.443372  0.0105149 
-0.816429  0.678482   -0.411153  0.00971522
-0.857332  0.663221   -0.438208  0.0130197 
-0.857332  0.663221   -0.438208  0.0127445 
-0.857332  0.663221   -0.438208  0.0178086 
-0.857332  0.663221   -0.438208  0.026913  
-0.857332  0.663221   -0.438208  0.00906643
-0.817763  0.569509   -0.415162  0.0123704 
-0.871418  0.545705   -0.375406  0.0109504 
-0.919817  0.592362   -0.381052  0.0201653 
-0.919817  0.592362   -0.381052  0.013904  
-0.874429  0.686696   -0.390886  0.0111931 
-0.874429  0.686696   -0.390886  0.023454  
-0.874429  0.686696   -0.390886  0.0188832 
-0.874429  0.686696   -0.390886  0.0280346 
-0.874429  0.686696   -0.390886  0.0281086 
-0.874429  0.686696   -0.390886  0.00785407
-0.835674  0.605675   -0.432332  0.00805727
-0.8341    0.621083   -0.443162  0.0154752 
-0.8341    0.621083   -0.443162  0.00569686
-0.793214  0.614853   -0.450696  0.00845983
-0.86908   0.603375   -0.423116  0.0116375 
-0.86908   0.603375   -0.423116  0.0109305 
-0.86908   0.603375   -0.423116  0.0137459 
-0.86908   0.603375   -0.423116  0.0160478 
-0.86908   0.603375   -0.423116  0.0141835 
-0.86908   0.603375   -0.423116  0.010684  
-0.901046  0.571792   -0.410603  0.0100944 
-0.885116  0.631848   -0.412499  0.0160146 
-0.867133  0.699344   -0.38193   0.01609   
-0.875216  0.698389   -0.352807  0.0372723 
-0.875216  0.698389   -0.352807  0.0105505 
-0.793257  0.686399   -0.432277  0.0143016 
-0.793257  0.686399   -0.432277  0.0124044 
-0.793257  0.686399   -0.432277  0.00828217
-0.809266  0.637187   -0.429425  0.0112394 
-0.895126  0.629248   -0.402211  0.0122257 
-0.895126  0.629248   -0.402211  0.0130769 
-0.895126  0.629248   -0.402211  0.00871705
-0.904775  0.599165   -0.39284   0.00848088
-0.843942  0.574178   -0.405115  0.0116346 
-0.843942  0.574178   -0.405115  0.0131959 
-0.843942  0.574178   -0.405115  0.0198103 
-0.843942  0.574178   -0.405115  0.0163276 
-0.826057  0.514478   -0.279011  0.0149709 
-0.924724  0.526623   -0.313783  0.00995403
-0.945203  0.582546   -0.382257  0.0150095 
-0.945203  0.582546   -0.382257  0.0100527 
-0.920737  0.604698   -0.38385   0.0156962 
-0.920737  0.604698   -0.38385   0.0125896 
-0.866073  0.540715   -0.38428   0.0229823 
-0.866073  0.540715   -0.38428   0.0266306 
-0.866073  0.540715   -0.38428   0.0127357 
-0.866073  0.540715   -0.38428   0.00655984
-0.795105  0.601625   -0.445647  0.00837768
-0.795105  0.601625   -0.445647  0.00608419
-0.75107   0.655516   -0.450515  0.00922831
-0.75107   0.655516   -0.450515  0.0100676 
-0.728514  0.557464   -0.395882  0.0217038 
-0.728514  0.557464   -0.395882  0.00773208
-0.693535  0.609385   -0.407807  0.00762207
-0.764508  0.675263   -0.424758  0.00688699
-0.841873  0.616213   -0.441539  0.0134985 
-0.841873  0.616213   -0.441539  0.00754917
-0.833224  0.645376   -0.439833  0.00808847
-0.853626  0.586604   -0.419299  0.0151114 
-0.791784  0.680233   -0.407426  0.0110253 
-0.791784  0.680233   -0.407426  0.00721457
-0.730169  0.623274   -0.422587  0.00718678
-0.735106  0.643341   -0.420165  0.0114695 
-0.725018  0.545892   -0.369679  0.00945606
-0.725018  0.545892   -0.369679  0.00623758
-0.786954  0.598875   -0.450572  0.00750161
-0.786954  0.598875   -0.450572  0.0144441 
-0.786954  0.598875   -0.450572  0.00896244
-0.786954  0.598875   -0.450572  0.0098518 
-0.786954  0.598875   -0.450572  0.00845847
-0.786954  0.598875   -0.450572  0.010249  
-0.786954  0.598875   -0.450572  0.0061524 
-0.786954  0.598875   -0.450572  0.00964616
-0.783657  0.679789   -0.440474  0.0105471 
-0.783657  0.679789   -0.440474  0.00740912
-0.766248  0.617162   -0.433932  0.0213635 
-0.766248  0.617162   -0.433932  0.0136972 
-0.766248  0.617162   -0.433932  0.0076386 
-0.73887   0.583704   -0.419419  0.00807379
-0.73887   0.583704   -0.419419  0.00821217
-0.731391  0.584925   -0.423655  0.00542715
-0.776931  0.632207   -0.457495  0.00952428
-0.788624  0.564441   -0.423406  0.0070383 
-0.865003  0.601741   -0.440612  0.0138985 
-0.865003  0.601741   -0.440612  0.014249  
-0.865003  0.601741   -0.440612  0.00970735
-0.865003  0.601741   -0.440612  0.0150061 
-0.865003  0.601741   -0.440612  0.00952118
-0.865003  0.601741   -0.440612  0.01483   
-0.865003  0.601741   -0.440612  0.0213266 
-0.865003  0.601741   -0.440612  0.0150751 
-0.865003  0.601741   -0.440612  0.0122946 
-0.865003  0.601741   -0.440612  0.0189701 
-0.865003  0.601741   -0.440612  0.0112614 
-0.865003  0.601741   -0.440612  0.0150863 
-0.881572  0.662007   -0.403364  0.0221146 
-0.881572  0.662007   -0.403364  0.0226882 
-0.881572  0.662007   -0.403364  0.0227517 
-0.881572  0.662007   -0.403364  0.012203  
-0.881572  0.662007   -0.403364  0.0105803 
-0.962573  0.57188    -0.344998  0.0218441 
-0.962573  0.57188    -0.344998  0.0146813 
-0.962573  0.57188    -0.344998  0.0186546 
-0.962573  0.57188    -0.344998  0.0195746 
-0.962573  0.57188    -0.344998  0.0137832 
-0.962573  0.57188    -0.344998  0.0213664 
-0.962573  0.57188    -0.344998  0.0204846 
-0.962573  0.57188    -0.344998  0.0166318 
-0.962573  0.57188    -0.344998  0.0255473 
-0.962573  0.57188    -0.344998  0.01013   
-0.865166  0.565155   -0.40078   0.0172615 
-0.865166  0.565155   -0.40078   0.013326  
-0.865166  0.565155   -0.40078   0.0134843 
-0.899324  0.637567   -0.401157  0.0245742 
-0.899324  0.637567   -0.401157  0.0218516 
-0.899324  0.637567   -0.401157  0.0172599 
-0.839744  0.67664    -0.400762  0.00758333
-0.827447  0.634886   -0.449169  0.0124008 
-0.827447  0.634886   -0.449169  0.0116636 
-0.827447  0.634886   -0.449169  0.0130372 
-0.827447  0.634886   -0.449169  0.0135297 
-0.827447  0.634886   -0.449169  0.0104489 
-0.827447  0.634886   -0.449169  0.0144426 
-0.827447  0.634886   -0.449169  0.0090408 
-0.754792  0.652865   -0.424943  0.00931758
-0.754792  0.652865   -0.424943  0.00725549
-0.718763  0.596096   -0.425651  0.0075438 
-0.718763  0.596096   -0.425651  0.00892791
-0.718763  0.596096   -0.425651  0.0119233 
-0.718763  0.596096   -0.425651  0.0094197 
-0.756206  0.686435   -0.422874  0.00831013
-0.756206  0.686435   -0.422874  0.00831703
-0.756206  0.686435   -0.422874  0.0134061 
-0.756206  0.686435   -0.422874  0.0157751 
-0.756206  0.686435   -0.422874  0.0080413 
-0.756206  0.686435   -0.422874  0.0176375 
-0.756206  0.686435   -0.422874  0.00770614
-0.756206  0.686435   -0.422874  0.00738342
-0.722392  0.591112   -0.402641  0.0122956 
-0.697954  0.681377   -0.388825  0.0103361 
-0.697954  0.681377   -0.388825  0.015832  
-0.758581  0.639979   -0.406591  0.00689727
-0.733938  0.605139   -0.436399  0.0077758 
-0.701094  0.600679   -0.415796  0.00935947
-0.701094  0.600679   -0.415796  0.0121927 
-0.793658  0.542883   -0.393025  0.00617028
-0.781122  0.61898    -0.456656  0.0108219 
-0.781122  0.61898    -0.456656  0.0121868 
-0.781122  0.61898    -0.456656  0.010734  
-0.781122  0.61898    -0.456656  0.0078205 
-0.781122  0.61898    -0.456656  0.00668404
-0.781122  0.61898    -0.456656  0.0115982 
-0.781122  0.61898    -0.456656  0.0079737 
-0.781122  0.61898    -0.456656  0.00774099
-0.817349  0.608459   -0.451362  0.0118922 
-0.817349  0.608459   -0.451362  0.00631859
-0.745512  0.648492   -0.43406   0.0180696 
-0.745512  0.648492   -0.43406   0.00634903
-0.766027  0.646039   -0.449823  0.0158816 
-0.828167  0.664849   -0.410941  0.0174399 
-0.828167  0.664849   -0.410941  0.0151007 
-0.828167  0.664849   -0.410941  0.0133412 
-0.834805  0.64481    -0.423517  0.0320405 
-0.834805  0.64481    -0.423517  0.00877459
-0.788089  0.572499   -0.4278    0.0204244 
-0.788089  0.572499   -0.4278    0.00887941
-0.821402  0.609762   -0.443759  0.0146805 
-0.821402  0.609762   -0.443759  0.0149085 
-0.821402  0.609762   -0.443759  0.00799518
-0.837105  0.624307   -0.440711  0.0104407 
-0.817578  0.582047   -0.42094   0.0178021 
-0.817578  0.582047   -0.42094   0.02019   
-0.817578  0.582047   -0.42094   0.0163251 
-0.843295  0.650399   -0.4266    0.0119921 
-0.843295  0.650399   -0.4266    0.0137532 
-0.843295  0.650399   -0.4266    0.0109655 
-0.843295  0.650399   -0.4266    0.0185067 
-0.843295  0.650399   -0.4266    0.0084397 
-0.783659  0.6824     -0.424146  0.00980716
-0.71428   0.679905   -0.410881  0.0073176 
-0.753713  0.58987    -0.431034  0.00884087
-0.753713  0.58987    -0.431034  0.0091471 
-0.740376  0.568116   -0.417081  0.0142036 
-0.740376  0.568116   -0.417081  0.00662393
-0.752948  0.604533   -0.418344  0.0165582 
-0.752948  0.604533   -0.418344  0.00610327
-0.738928  0.639481   -0.43123   0.00613884
-0.743164  0.622034   -0.444558  0.0129185 
-0.80408   0.643218   -0.434423  0.00913367
-0.777654  0.688693   -0.433062  0.0261214 
-0.777654  0.688693   -0.433062  0.0108609 
-0.777654  0.688693   -0.433062  0.0166526 
-0.777654  0.688693   -0.433062  0.00818908
-0.685113  0.664332   -0.407268  0.016747  
-0.685113  0.664332   -0.407268  0.0100645 
-0.685113  0.664332   -0.407268  0.010463  
-0.685113  0.664332   -0.407268  0.00816552
-0.685113  0.664332   -0.407268  0.0223103 
-0.685113  0.664332   -0.407268  0.012517  
-0.685113  0.664332   -0.407268  0.00912556
-0.664481  0.681437   -0.397543  0.00829385
-0.703422  0.659162   -0.402954  0.0151803 
-0.703422  0.659162   -0.402954  0.00971454
-0.703422  0.659162   -0.402954  0.00688333
-0.690124  0.616441   -0.390131  0.0077748 
-0.716844  0.585529   -0.407253  0.00880305
-0.716844  0.585529   -0.407253  0.0100223 
-0.716844  0.585529   -0.407253  0.00703529
-0.699225  0.612672   -0.410368  0.00847977
-0.695831  0.642042   -0.403839  0.00999783
-0.695831  0.642042   -0.403839  0.00905594
-0.695831  0.642042   -0.403839  0.00980113
-0.779818  0.670465   -0.434692  0.016039  
-0.779818  0.670465   -0.434692  0.0197313 
-0.779818  0.670465   -0.434692  0.00832626
-0.779818  0.670465   -0.434692  0.00969692
-0.850759  0.640417   -0.435273  0.00596796
-0.751927  0.635432   -0.441233  0.00844654
-0.751927  0.635432   -0.441233  0.00652087
-0.706632  0.631176   -0.424581  0.00967997
-0.706632  0.631176   -0.424581  0.00835312
-0.776651  0.582495   -0.427521  0.0106394 
-0.776651  0.582495   -0.427521  0.0218916 
-0.776651  0.582495   -0.427521  0.00748795
-0.823088  0.633823   -0.443036  0.00750504
-0.823088  0.633823   -0.443036  0.00811349
-0.867668  0.629039   -0.433326  0.0179541 
-0.845612  0.645519   -0.399881  0.0108024 
-0.834126  0.651552   -0.435555  0.0092795 
-0.834126  0.651552   -0.435555  0.00637873
-0.734818  0.637047   -0.425445  0.0112266 
-0.734818  0.637047   -0.425445  0.00697886
-0.749289  0.594263   -0.43644   0.0125646 
-0.749289  0.594263   -0.43644   0.0160969 
-0.749289  0.594263   -0.43644   0.0137957 
-0.814284  0.685358   -0.412502  0.0255183 
-0.814284  0.685358   -0.412502  0.0169901 
-0.814284  0.685358   -0.412502  0.0184743 
-0.803348  0.726746   -0.374219  0.0138687 
-0.70789   0.694462   -0.395681  0.017873  
-0.70789   0.694462   -0.395681  0.00833048
-0.70789   0.694462   -0.395681  0.018008  
-0.70789   0.694462   -0.395681  0.0224282 
-0.70789   0.694462   -0.395681  0.00711044
-0.692207  0.609768   -0.413461  0.00965976
-0.711888  0.562691   -0.389304  0.00805665
-0.688539  0.654063   -0.402781  0.00828163
-0.688539  0.654063   -0.402781  0.00870095
-0.769109  0.629171   -0.427688  0.0100999 
-0.769109  0.629171   -0.427688  0.0128975 
-0.839998  0.617894   -0.41865   0.013383  
-0.834584  0.682685   -0.415803  0.00853193
-0.884035  0.617579   -0.429158  0.0126949 
-0.838294  0.632213   -0.418624  0.00985624
-0.777507  0.562217   -0.423452  0.0249931 
-0.777507  0.562217   -0.423452  0.0219544 
-0.777507  0.562217   -0.423452  0.0167808 
-0.777507  0.562217   -0.423452  0.0144978 
-0.777507  0.562217   -0.423452  0.0073984 
-0.787612  0.634119   -0.443625  0.00979474
-0.759955  0.702548   -0.429251  0.0265547 
-0.759955  0.702548   -0.429251  0.00985082
-0.759955  0.702548   -0.429251  0.0204038 
-0.759955  0.702548   -0.429251  0.0202602 
-0.759955  0.702548   -0.429251  0.017141  
-0.759955  0.702548   -0.429251  0.00641798
-0.746574  0.624494   -0.426278  0.00974536
-0.746574  0.624494   -0.426278  0.0110333 
-0.655453  0.710061   -0.36589   0.00902435
-0.671289  0.680249   -0.377283  0.0091698 
-0.657495  0.679586   -0.365405  0.00632667
-0.746675  0.630709   -0.426105  0.0112598 
-0.746675  0.630709   -0.426105  0.0082759 
-0.746675  0.630709   -0.426105  0.0148468 
-0.746675  0.630709   -0.426105  0.00740051
-0.821501  0.643912   -0.443069  0.00705425
-0.797656  0.638591   -0.440658  0.0192521 
-0.797656  0.638591   -0.440658  0.00743011
-0.797656  0.638591   -0.440658  0.022689  
-0.797656  0.638591   -0.440658  0.00746486
-0.85317   0.588654   -0.439235  0.0230298 
-0.85317   0.588654   -0.439235  0.00925095
-0.764579  0.568742   -0.425584  0.0127755 
-0.802533  0.660026   -0.413678  0.0080077 
-0.836599  0.589265   -0.43594   0.0131872 
-0.836599  0.589265   -0.43594   0.0175301 
-0.836599  0.589265   -0.43594   0.00812888
-0.85889   0.587609   -0.433336  0.00862848
-0.859937  0.616535   -0.428399  0.0205723 
-0.859937  0.616535   -0.428399  0.0165046 
-0.859937  0.616535   -0.428399  0.00737216
-0.829923  0.592443   -0.443855  0.0119744 
-0.829923  0.592443   -0.443855  0.0141503 
-0.829923  0.592443   -0.443855  0.0147449 
-0.829923  0.592443   -0.443855  0.0124127 
-0.829923  0.592443   -0.443855  0.0162069 
-0.829923  0.592443   -0.443855  0.00880878
-0.829923  0.592443   -0.443855  0.00810552
-0.87928   0.585581   -0.423658  0.0128083 
-0.87928   0.585581   -0.423658  0.0118574 
-0.87928   0.585581   -0.423658  0.0123567 
-0.87928   0.585581   -0.423658  0.00746505
-0.857147  0.63624    -0.452363  0.0118024 
-0.857147  0.63624    -0.452363  0.0125191 
-0.857147  0.63624    -0.452363  0.00985531
-0.857147  0.63624    -0.452363  0.00914528
-0.857147  0.63624    -0.452363  0.00646979
-0.788176  0.648767   -0.45079   0.0176298 
-0.788176  0.648767   -0.45079   0.00831125
-0.788176  0.648767   -0.45079   0.00639143
-0.74047   0.603066   -0.427167  0.0129394 
-0.74047   0.603066   -0.427167  0.00676326
-0.733476  0.60173    -0.431276  0.00910659
-0.799947  0.573056   -0.429626  0.0165981 
-0.799947  0.573056   -0.429626  0.0136913 
-0.799947  0.573056   -0.429626  0.00731635
-0.799947  0.573056   -0.429626  0.0107609 
-0.83773   0.668762   -0.41866   0.0144209 
-0.83773   0.668762   -0.41866   0.0184149 
-0.83773   0.668762   -0.41866   0.0239792 
-0.909591  0.715877   -0.337612  0.0214484 
-0.909591  0.715877   -0.337612  0.0148979 
-0.954323  0.651395   -0.339303  0.0344009 
-0.954323  0.651395   -0.339303  0.0369632 
-0.954323  0.651395   -0.339303  0.0089072 
-0.874663  0.603351   -0.423354  0.00906882
-0.845546  0.617976   -0.439893  0.00995317
-0.870722  0.624368   -0.428726  0.00793763
-0.835868  0.59204    -0.428901  0.0139409 
-0.835868  0.59204    -0.428901  0.0076382 
-0.763128  0.615345   -0.433148  0.00895055
-0.686844  0.649616   -0.398649  0.00679669
-0.71732   0.608204   -0.425188  0.00724277
-0.733901  0.634616   -0.414311  0.00847102
-0.694573  0.664727   -0.408494  0.0102157 
-0.694573  0.664727   -0.408494  0.0115046 
-0.694573  0.664727   -0.408494  0.0174838 
-0.694573  0.664727   -0.408494  0.0100184 
-0.694573  0.664727   -0.408494  0.0110809 
-0.694573  0.664727   -0.408494  0.0102475 
-0.784383  0.667171   -0.419009  0.00812069
-0.774664  0.617149   -0.439825  0.00735427
-0.845594  0.603535   -0.441771  0.0120993 
-0.845594  0.603535   -0.441771  0.0145148 
-0.845594  0.603535   -0.441771  0.0103295 
-0.845594  0.603535   -0.441771  0.00790752
-0.845594  0.603535   -0.441771  0.0126308 
-0.845594  0.603535   -0.441771  0.014831  
-0.834563  0.673399   -0.399595  0.0176497 
-0.834563  0.673399   -0.399595  0.0075797 
-0.777291  0.595084   -0.427002  0.0121117 
-0.803003  0.545732   -0.413301  0.00985243
-0.803003  0.545732   -0.413301  0.00652744
-0.762873  0.603663   -0.431562  0.0102092 
-0.860894  0.61834    -0.428894  0.0157343 
-0.860894  0.61834    -0.428894  0.015828  
-0.860894  0.61834    -0.428894  0.0150709 
-0.860894  0.61834    -0.428894  0.0166923 
-0.860894  0.61834    -0.428894  0.0138507 
-0.860894  0.61834    -0.428894  0.00783737
-0.855582  0.608634   -0.440763  0.0116931 
-0.948565  0.607019   -0.357787  0.0126136 
-0.948565  0.607019   -0.357787  0.027024  
-0.948565  0.607019   -0.357787  0.0153876 
-0.948565  0.607019   -0.357787  0.0251768 
-0.948565  0.607019   -0.357787  0.0136798 
-0.95666   0.61451    -0.338123  0.0102247 
-0.861704  0.562407   -0.393588  0.0110512 
-0.911334  0.624003   -0.390887  0.0217119 
-0.911334  0.624003   -0.390887  0.0117996 
-0.911334  0.624003   -0.390887  0.00591925
-0.830407  0.619172   -0.449422  0.0101776 
-0.768419  0.671438   -0.430263  0.00781495
-0.768419  0.671438   -0.430263  0.027592  
-0.768419  0.671438   -0.430263  0.00808148
-0.793385  0.663172   -0.443147  0.00811432
-0.804597  0.577944   -0.435323  0.0248323 
-0.804597  0.577944   -0.435323  0.00859728
-0.788833  0.57157    -0.439208  0.0239117 
-0.788833  0.57157    -0.439208  0.0146095 
-0.788833  0.57157    -0.439208  0.024702  
-0.788833  0.57157    -0.439208  0.0095482 
-0.788833  0.57157    -0.439208  0.01152   
-0.853167  0.64095    -0.418237  0.0109698 
-0.853167  0.64095    -0.418237  0.0294942 
-0.853167  0.64095    -0.418237  0.0131132 
-0.853167  0.64095    -0.418237  0.0146804 
-0.836817  0.651156   -0.411445  0.00922827
-0.874807  0.595863   -0.419296  0.0185187 
-0.874807  0.595863   -0.419296  0.00794694
-0.820413  0.612428   -0.446188  0.00939012
-0.820413  0.612428   -0.446188  0.00877185
-0.753313  0.65773    -0.432752  0.0167176 
-0.753313  0.65773    -0.432752  0.0142135 
-0.753313  0.65773    -0.432752  0.0151901 
-0.796824  0.733037   -0.372779  0.0258443 
-0.796824  0.733037   -0.372779  0.0179523 
-0.796824  0.733037   -0.372779  0.0299803 
-0.796824  0.733037   -0.372779  0.0138462 
-0.865544  0.662783   -0.42272   0.0093589 
-0.887999  0.627083   -0.425974  0.0232174 
-0.887999  0.627083   -0.425974  0.0294851 
-0.887999  0.627083   -0.425974  0.0127807 
-0.887999  0.627083   -0.425974  0.0147698 
-0.887999  0.627083   -0.425974  0.010805  
-0.887999  0.627083   -0.425974  0.0123885 
-0.887999  0.627083   -0.425974  0.0163262 
-0.887999  0.627083   -0.425974  0.0142435 
-0.887999  0.627083   -0.425974  0.010599  
-0.887999  0.627083   -0.425974  0.00956144
-0.887999  0.627083   -0.425974  0.00915992
-0.869566  0.601414   -0.41675   0.0105136 
-0.819061  0.558098   -0.397177  0.0143985 
-0.819061  0.558098   -0.397177  0.00905089
-0.897435  0.586489   -0.407735  0.00994154
-0.846807  0.586492   -0.415501  0.00925465
-0.892598  0.582977   -0.405522  0.013217  
-0.892598  0.582977   -0.405522  0.00997546
-0.866371  0.617669   -0.417834  0.00827771
-0.795305  0.639392   -0.432291  0.0122772 
-0.795305  0.639392   -0.432291  0.00675524
-0.775294  0.627555   -0.438266  0.00870747
-0.775294  0.627555   -0.438266  0.00899881
-0.832896  0.589968   -0.434507  0.0113701 
-0.873555  0.656199   -0.435238  0.0262072 
-0.873555  0.656199   -0.435238  0.00672378
-0.833547  0.596951   -0.4567    0.00877266
-0.800741  0.682673   -0.435491  0.0221758 
-0.800741  0.682673   -0.435491  0.0224634 
-0.800741  0.682673   -0.435491  0.00930599
-0.800741  0.682673   -0.435491  0.0108252 
-0.886393  0.608986   -0.414312  0.00981957
-0.862715  0.638976   -0.435965  0.0170745 
-0.862715  0.638976   -0.435965  0.0241357 
-0.862715  0.638976   -0.435965  0.00768368
-0.860426  0.603084   -0.413986  0.0104976 
-0.860426  0.603084   -0.413986  0.00747319
-0.760939  0.642448   -0.433948  0.00885291
-0.760939  0.642448   -0.433948  0.00833637
-0.743089  0.578517   -0.432199  0.0061169 
-0.712155  0.643739   -0.430133  0.00825907
-0.752823  0.674002   -0.426128  0.0134566 
-0.752823  0.674002   -0.426128  0.0105224 
-0.752823  0.674002   -0.426128  0.0118189 
-0.752823  0.674002   -0.426128  0.00954249
-0.752823  0.674002   -0.426128  0.0160491 
-0.752823  0.674002   -0.426128  0.00835374
-0.801944  0.595487   -0.441401  0.0121771 
-0.801944  0.595487   -0.441401  0.0170062 
-0.801944  0.595487   -0.441401  0.00916058
-0.868459  0.586518   -0.423057  0.00828162
-0.812129  0.62834    -0.434284  0.00627837
-0.721576  0.624132   -0.424688  0.0103708 
-0.795069  0.559681   -0.41409   0.0120482 
-0.795069  0.559681   -0.41409   0.00913803
-0.709944  0.569506   -0.40027   0.00891422
-0.677048  0.573364   -0.368421  0.00850881
-0.651104  0.60417    -0.361077  0.0136766 
-0.651104  0.60417    -0.361077  0.00996031
-0.725265  0.702039   -0.406398  0.00830229
-0.725265  0.702039   -0.406398  0.00825814
-0.725265  0.702039   -0.406398  0.0119403 
-0.734651  0.695105   -0.402044  0.0161844 
-0.734651  0.695105   -0.402044  0.00712633
-0.801695  0.640829   -0.456367  0.00694501
-0.801695  0.640829   -0.456367  0.00882473
-0.784101  0.643049   -0.442642  0.00718415
-0.724014  0.601217   -0.427313  0.0110311 
-0.724014  0.601217   -0.427313  0.0100421 
-0.724014  0.601217   -0.427313  0.0210092 
-0.724014  0.601217   -0.427313  0.00780201
-0.707766  0.591836   -0.414631  0.0174659 
-0.707766  0.591836   -0.414631  0.00817593
-0.707766  0.591836   -0.414631  0.0106954 
-0.741807  0.551139   -0.398509  0.0263287 
-0.741807  0.551139   -0.398509  0.00798564
-0.833549  0.577389   -0.421516  0.0166997 
-0.833549  0.577389   -0.421516  0.00665129
-0.741578  0.623827   -0.428639  0.0113809 
-0.741578  0.623827   -0.428639  0.00947758
-0.68558   0.711108   -0.396276  0.0154834 
-0.68558   0.711108   -0.396276  0.0182838 
-0.68558   0.711108   -0.396276  0.017729  
-0.68558   0.711108   -0.396276  0.00685844
-0.765396  0.648451   -0.446901  0.00907019
-0.765396  0.648451   -0.446901  0.00880804
-0.765396  0.648451   -0.446901  0.00834252
-0.839376  0.632812   -0.433529  0.00902021
-0.740716  0.696691   -0.42128   0.016643  
-0.74748   0.795677   -0.372484  0.0269742 
-0.74748   0.795677   -0.372484  0.0114674 
-0.787784  0.702837   -0.426311  0.00678242
-0.787784  0.702837   -0.426311  0.0148172 
-0.787784  0.702837   -0.426311  0.0079446 
-0.816573  0.627967   -0.439918  0.00832371
-0.816573  0.627967   -0.439918  0.00561088
-0.81887   0.61504    -0.448516  0.013052  
-0.81887   0.61504    -0.448516  0.0101365 
-0.81887   0.61504    -0.448516  0.0114417 
-0.80638   0.685284   -0.420691  0.00883624
-0.764138  0.625847   -0.440745  0.0213167 
-0.764138  0.625847   -0.440745  0.00585317
-0.765668  0.616487   -0.456815  0.0119312 
-0.765668  0.616487   -0.456815  0.00924047
-0.792953  0.648244   -0.441911  0.00849963
-0.836083  0.60426    -0.433256  0.0104195 
-0.836083  0.60426    -0.433256  0.0114332 
-0.836083  0.60426    -0.433256  0.0126993 
-0.836083  0.60426    -0.433256  0.013202  
-0.836083  0.60426    -0.433256  0.0102486 
-0.78461   0.686135   -0.419985  0.0213108 
-0.78461   0.686135   -0.419985  0.0107882 
-0.708996  0.729576   -0.415869  0.0224032 
-0.708996  0.729576   -0.415869  0.0153671 
-0.708996  0.729576   -0.415869  0.0195839 
-0.708996  0.729576   -0.415869  0.01345   
-0.708996  0.729576   -0.415869  0.0125553 
-0.708996  0.729576   -0.415869  0.0155276 
-0.708996  0.729576   -0.415869  0.00887254
-0.708996  0.729576   -0.415869  0.0132663 
-0.708996  0.729576   -0.415869  0.0203005 
-0.708996  0.729576   -0.415869  0.0311934 
-0.708996  0.729576   -0.415869  0.00947415
-0.739878  0.666388   -0.423944  0.00949126
-0.739878  0.666388   -0.423944  0.00600405
-0.721995  0.636357   -0.416428  0.00876665
-0.799803  0.570861   -0.435801  0.00994563
-0.799803  0.570861   -0.435801  0.00835405
-0.799803  0.570861   -0.435801  0.00943932
-0.799803  0.570861   -0.435801  0.0236347 
-0.799803  0.570861   -0.435801  0.0112507 
-0.799803  0.570861   -0.435801  0.0151229 
-0.799803  0.570861   -0.435801  0.00896821
-0.824483  0.647719   -0.447023  0.0304138 
-0.824483  0.647719   -0.447023  0.0137986 
-0.824483  0.647719   -0.447023  0.0155845 
-0.824483  0.647719   -0.447023  0.0083242 
-0.824483  0.647719   -0.447023  0.0080678 
-0.831901  0.647089   -0.446487  0.0214125 
-0.831901  0.647089   -0.446487  0.0155326 
-0.799644  0.671672   -0.412925  0.00854151
-0.710027  0.690063   -0.413138  0.0112411 
-0.710027  0.690063   -0.413138  0.0211741 
-0.710027  0.690063   -0.413138  0.00887278
-0.710027  0.690063   -0.413138  0.0169478 
-0.710027  0.690063   -0.413138  0.00886722
-0.720168  0.657229   -0.421425  0.00763997
-0.672357  0.626825   -0.401206  0.00869723
-0.672828  0.661355   -0.380614  0.0121792 
-0.672828  0.661355   -0.380614  0.00770558
-0.758713  0.583985   -0.425088  0.00567472
-0.729348  0.637807   -0.437021  0.00876047
-0.729348  0.637807   -0.437021  0.00852062
-0.791004  0.574967   -0.452982  0.0100896 
-0.798099  0.65286    -0.429701  0.0118936 
-0.881147  0.635496   -0.412123  0.0220068 
-0.881147  0.635496   -0.412123  0.0116152 
-0.881147  0.635496   -0.412123  0.0175583 
-0.881147  0.635496   -0.412123  0.0175294 
-0.881147  0.635496   -0.412123  0.0155307 
-0.881147  0.635496   -0.412123  0.0212894 
-0.881147  0.635496   -0.412123  0.0107914 
-0.881147  0.635496   -0.412123  0.00897224
-0.861644  0.623816   -0.42962   0.0131136 
-0.861644  0.623816   -0.42962   0.0198734 
-0.861644  0.623816   -0.42962   0.0075174 
-0.799671  0.642915   -0.442736  0.00946906
-0.799671  0.642915   -0.442736  0.0091039 
-0.727399  0.684855   -0.420045  0.00794741
-0.718299  0.588575   -0.405964  0.00902327
-0.718299  0.588575   -0.405964  0.00716772
-0.782554  0.590039   -0.433921  0.0108841 
-0.869042  0.659026   -0.41377   0.00961779
-0.817846  0.648059   -0.431899  0.0080268 
-0.763373  0.627849   -0.434619  0.0125558 
-0.743822  0.703118   -0.416602  0.0181338 
-0.743822  0.703118   -0.416602  0.0176921 
-0.743822  0.703118   -0.416602  0.0229211 
-0.743822  0.703118   -0.416602  0.00699203
-0.752751  0.649505   -0.429323  0.00943611
-0.752751  0.649505   -0.429323  0.0132432 
-0.80112   0.655931   -0.43678   0.0101057 
-0.811446  0.680296   -0.433552  0.00688042
-0.79191   0.612952   -0.439951  0.00646208
-0.775132  0.594594   -0.443015  0.0123209 
-0.775132  0.594594   -0.443015  0.00767365
-0.775132  0.594594   -0.443015  0.00890924
-0.796326  0.678979   -0.427547  0.00577804
-0.771129  0.61674    -0.446629  0.010426  
-0.771129  0.61674    -0.446629  0.00908916
-0.771129  0.61674    -0.446629  0.0173748 
-0.771129  0.61674    -0.446629  0.00867168
-0.834751  0.580859   -0.439059  0.012343  
-0.834751  0.580859   -0.439059  0.00702547
-0.857315  0.607671   -0.439589  0.014071  
-0.858099  0.533052   -0.37069   0.0141046 
-0.858099  0.533052   -0.37069   0.009008  
-0.837661  0.572559   -0.416141  0.0125139 
-0.837661  0.572559   -0.416141  0.00686012
-0.775242  0.619269   -0.441219  0.0063442 
-0.722438  0.63074    -0.42971   0.00824551
-0.722438  0.63074    -0.42971   0.00763245
-0.689485  0.593081   -0.393685  0.0163811 
-0.689485  0.593081   -0.393685  0.0138239 
-0.689485  0.593081   -0.393685  0.0121477 
-0.689485  0.593081   -0.393685  0.0124276 
-0.779201  0.643148   -0.435064  0.0109245 
-0.779201  0.643148   -0.435064  0.0178903 
-0.779201  0.643148   -0.435064  0.00906094
-0.779201  0.643148   -0.435064  0.00702004
-0.739061  0.603456   -0.426959  0.0100543 
-0.739061  0.603456   -0.426959  0.00827176
-0.674476  0.595361   -0.383558  0.0108042 
-0.674476  0.595361   -0.383558  0.00893059
-0.644226  0.64409    -0.375245  0.00662023
-0.714327  0.628774   -0.408499  0.0134109 
-0.775201  0.696772   -0.411752  0.0157328 
-0.872235  0.648446   -0.405221  0.0245607 
-0.872235  0.648446   -0.405221  0.00858295
-0.777342  0.572111   -0.422616  0.00960677
-0.777342  0.572111   -0.422616  0.00737081
-0.861886  0.615659   -0.451293  0.0101591 
-0.861886  0.615659   -0.451293  0.00910958
-0.861886  0.615659   -0.451293  0.0118175 
-0.861886  0.615659   -0.451293  0.0209732 
-0.861886  0.615659   -0.451293  0.0206808 
-0.861886  0.615659   -0.451293  0.0109722 
-0.861886  0.615659   -0.451293  0.00660743
-0.783738  0.629314   -0.449867  0.00765294
-0.783738  0.629314   -0.449867  0.00891782
-0.770116  0.57136    -0.433026  0.0057737 
-0.746269  0.638946   -0.436385  0.0105476 
-0.746269  0.638946   -0.436385  0.0104587 
-0.729006  0.682661   -0.393477  0.00831581
-0.64806   0.640969   -0.365958  0.0104353 
-0.607167  0.624759   -0.361636  0.00855324
-0.66666   0.6727     -0.396653  0.0105616 
-0.66666   0.6727     -0.396653  0.0106223 
-0.66666   0.6727     -0.396653  0.0127986 
-0.66666   0.6727     -0.396653  0.0116445 
-0.66666   0.6727     -0.396653  0.00758996
-0.694     0.598233   -0.410464  0.0117046 
-0.694     0.598233   -0.410464  0.00545933
-0.767394  0.630481   -0.449427  0.0089186 
-0.796742  0.630078   -0.434979  0.0077716 
-0.752661  0.583352   -0.432511  0.0102649 
-0.846632  0.66322    -0.42695   0.00974052
-0.846632  0.66322    -0.42695   0.00753655
-0.787968  0.639283   -0.438339  0.0209308 
-0.787968  0.639283   -0.438339  0.00669819
-0.735393  0.650422   -0.43175   0.00722647
-0.746332  0.59884    -0.429554  0.0176656 
-0.746332  0.59884    -0.429554  0.0145287 
-0.746332  0.59884    -0.429554  0.00957569
-0.747359  0.666184   -0.414061  0.0108016 
-0.747359  0.666184   -0.414061  0.00806834
-0.779417  0.577525   -0.447454  0.00641038
-0.779417  0.577525   -0.447454  0.0194184 
-0.779417  0.577525   -0.447454  0.019514  
-0.779417  0.577525   -0.447454  0.0172134 
-0.779417  0.577525   -0.447454  0.0118759 
-0.813023  0.548101   -0.403132  0.0122752 
-0.810329  0.542513   -0.390727  0.0109439 
-0.832182  0.554861   -0.416492  0.00804604
-0.830796  0.629797   -0.436147  0.0103335 
-0.830796  0.629797   -0.436147  0.00877638
-0.830796  0.629797   -0.436147  0.00727921
-0.794994  0.589457   -0.448514  0.00852732
-0.79211   0.576054   -0.425662  0.0235799 
-0.79211   0.576054   -0.425662  0.0120399 
-0.79211   0.576054   -0.425662  0.00737747
-0.70263   0.642756   -0.404321  0.0115486 
-0.70263   0.642756   -0.404321  0.0123304 
-0.801186  0.682518   -0.415506  0.0146855 
-0.801186  0.682518   -0.415506  0.0141592 
-0.801186  0.682518   -0.415506  0.00824315
-0.858475  0.638364   -0.442041  0.0128515 
-0.858475  0.638364   -0.442041  0.011572  
-0.858475  0.638364   -0.442041  0.0117966 
-0.858475  0.638364   -0.442041  0.0176708 
-0.858475  0.638364   -0.442041  0.0213179 
-0.858475  0.638364   -0.442041  0.0098286 
-0.77001   0.566403   -0.432181  0.00774176
-0.714998  0.590355   -0.412257  0.00811642
-0.714998  0.590355   -0.412257  0.0109243 
-0.714998  0.590355   -0.412257  0.00638466
-0.773317  0.605176   -0.441982  0.0141619 
-0.773317  0.605176   -0.441982  0.0119814 
-0.773317  0.605176   -0.441982  0.00713874
-0.857176  0.595576   -0.435274  0.0160611 
-0.857176  0.595576   -0.435274  0.0113288 
-0.857176  0.595576   -0.435274  0.0113515 
-0.857176  0.595576   -0.435274  0.0118831 
-0.857176  0.595576   -0.435274  0.0177116 
-0.857176  0.595576   -0.435274  0.0133969 
-0.857176  0.595576   -0.435274  0.00942365
-0.81136   0.66332    -0.438197  0.0164818 
-0.81136   0.66332    -0.438197  0.0120902 
-0.81136   0.66332    -0.438197  0.00841097
-0.816287  0.579197   -0.436055  0.00988757
-0.816287  0.579197   -0.436055  0.0124968 
-0.768381  0.671083   -0.419235  0.0138082 
-0.825738  0.661377   -0.408792  0.00726065
-0.777867  0.660827   -0.441347  0.00728461
-0.762252  0.643244   -0.450552  0.0119944 
-0.813295  0.67997    -0.413029  0.0193646 
-0.813295  0.67997    -0.413029  0.0104006 
-0.819919  0.683686   -0.433834  0.0212673 
-0.819919  0.683686   -0.433834  0.00704052
-0.720738  0.606972   -0.430233  0.0105875 
-0.720738  0.606972   -0.430233  0.00722325
-0.727233  0.648827   -0.413449  0.0145164 
-0.804123  0.712346   -0.403992  0.0135919 
-0.733764  0.729508   -0.379177  0.0209103 
-0.733764  0.729508   -0.379177  0.0146084 
-0.824057  0.740049   -0.390804  0.0204369 
-0.824057  0.740049   -0.390804  0.0133003 
-0.730995  0.727083   -0.374558  0.00939863
-0.730995  0.727083   -0.374558  0.0192303 
-0.67656   0.80808    -0.32508   0.0148874 
-0.768272  0.731717   -0.389715  0.0126822 
-0.702922  0.735763   -0.398756  0.0195201 
-0.702922  0.735763   -0.398756  0.0352806 
-0.702922  0.735763   -0.398756  0.00826423
-0.703583  0.665738   -0.4122    0.0123337 
-0.724838  0.635774   -0.415713  0.00983787
-0.772674  0.580261   -0.433571  0.0114058 
-0.772674  0.580261   -0.433571  0.00797052
-0.772674  0.580261   -0.433571  0.00775948
-0.772674  0.580261   -0.433571  0.00893107
-0.74115   0.570064   -0.421397  0.0173771 
-0.74115   0.570064   -0.421397  0.00880562
-0.807821  0.581188   -0.440567  0.00577048
-0.793492  0.625172   -0.453554  0.0128318 
-0.793492  0.625172   -0.453554  0.0070843 
-0.741941  0.67439    -0.432945  0.0160134 
-0.741941  0.67439    -0.432945  0.0104966 
-0.741941  0.67439    -0.432945  0.011474  
-0.737093  0.689115   -0.396999  0.0112949 
-0.774052  0.735439   -0.424833  0.0265467 
-0.774052  0.735439   -0.424833  0.0262542 
-0.774052  0.735439   -0.424833  0.0094271 
-0.774052  0.735439   -0.424833  0.0130798 
-0.698552  0.729801   -0.361122  0.0280563 
-0.698552  0.729801   -0.361122  0.0226749 
-0.698552  0.729801   -0.361122  0.0080515 
-0.734833  0.654285   -0.425248  0.013887  
-0.734833  0.654285   -0.425248  0.0126212 
-0.734833  0.654285   -0.425248  0.00847716
-0.734833  0.654285   -0.425248  0.00832897
-0.734833  0.654285   -0.425248  0.00875745
-0.734833  0.654285   -0.425248  0.00897428
-0.711532  0.638167   -0.411431  0.0123681 
-0.700621  0.543963   -0.388755  0.0286207 
-0.700621  0.543963   -0.388755  0.0183646 
-0.700621  0.543963   -0.388755  0.00881346
-0.700621  0.543963   -0.388755  0.0222819 
-0.700621  0.543963   -0.388755  0.00769485
-0.700771  0.590792   -0.400941  0.0113069 
-0.700771  0.590792   -0.400941  0.00866593
-0.659049  0.611104   -0.408076  0.0083958 
-0.659049  0.611104   -0.408076  0.0115734 
-0.659049  0.611104   -0.408076  0.00910366
-0.700798  0.691027   -0.402238  0.00654812
-0.717089  0.624816   -0.410501  0.00824437
-0.717089  0.624816   -0.410501  0.00673292
-0.763908  0.604577   -0.450049  0.0134989 
-0.763908  0.604577   -0.450049  0.00918624
-0.763908  0.604577   -0.450049  0.0108539 
-0.763908  0.604577   -0.450049  0.00715065
-0.764516  0.648144   -0.442695  0.0083079 
-0.764516  0.648144   -0.442695  0.0192647 
-0.764516  0.648144   -0.442695  0.00750397
-0.764516  0.648144   -0.442695  0.011485  
-0.764516  0.648144   -0.442695  0.00787571
-0.818435  0.629379   -0.447152  0.0129433 
-0.818435  0.629379   -0.447152  0.0138851 
-0.818435  0.629379   -0.447152  0.0102752 
-0.818435  0.629379   -0.447152  0.0178796 
-0.818435  0.629379   -0.447152  0.0144397 
-0.818435  0.629379   -0.447152  0.00666321
-0.728887  0.600908   -0.438473  0.0114375 
-0.728887  0.600908   -0.438473  0.00619543
-0.791667  0.603543   -0.444068  0.0106934 
-0.791667  0.603543   -0.444068  0.00857658
-0.866433  0.58304    -0.40755   0.0220918 
-0.866433  0.58304    -0.40755   0.0197692 
-0.866433  0.58304    -0.40755   0.0104378 
-0.812419  0.672397   -0.425561  0.0134107 
-0.797313  0.667805   -0.409084  0.00763067
-0.777223  0.601335   -0.444589  0.00792165
-0.81462   0.586221   -0.448224  0.0186661 
-0.81462   0.586221   -0.448224  0.00724642
-0.81462   0.586221   -0.448224  0.0134118 
-0.81462   0.586221   -0.448224  0.0193371 
-0.81462   0.586221   -0.448224  0.012117  
-0.81462   0.586221   -0.448224  0.00892181
-0.81462   0.586221   -0.448224  0.0175899 
-0.81462   0.586221   -0.448224  0.0192744 
-0.81462   0.586221   -0.448224  0.0224403 
-0.81462   0.586221   -0.448224  0.0209288 
-0.81462   0.586221   -0.448224  0.0134565 
-0.81462   0.586221   -0.448224  0.0143074 
-0.81462   0.586221   -0.448224  0.00847815
-0.81462   0.586221   -0.448224  0.013977  
-0.81462   0.586221   -0.448224  0.00981185
-0.81462   0.586221   -0.448224  0.0117731 
-0.81462   0.586221   -0.448224  0.0181111 
-0.81462   0.586221   -0.448224  0.0180936 
-0.81462   0.586221   -0.448224  0.0136043 
-0.81462   0.586221   -0.448224  0.0084752 
-0.787098  0.623519   -0.437173  0.0120543 
-0.787098  0.623519   -0.437173  0.00800443
-0.787098  0.623519   -0.437173  0.00671483
-0.785761  0.593809   -0.444987  0.00835812
-0.788996  0.574265   -0.415617  0.023289  
-0.788996  0.574265   -0.415617  0.00910672
-0.714986  0.574411   -0.416981  0.0107144 
-0.714986  0.574411   -0.416981  0.0124829 
-0.714986  0.574411   -0.416981  0.0117855 
-0.714986  0.574411   -0.416981  0.00944259
-0.714986  0.574411   -0.416981  0.00652863
-0.742838  0.615402   -0.436477  0.00946957
-0.742838  0.615402   -0.436477  0.00717471
-0.712187  0.617545   -0.426926  0.00775133
-0.801284  0.58443    -0.431811  0.0145371 
-0.801284  0.58443    -0.431811  0.0130909 
-0.801284  0.58443    -0.431811  0.00677137
-0.801284  0.58443    -0.431811  0.00868648
-0.801284  0.58443    -0.431811  0.00947367
-0.801284  0.58443    -0.431811  0.0163966 
-0.801284  0.58443    -0.431811  0.00565273
-0.781989  0.620537   -0.464728  0.00795318
-0.781989  0.620537   -0.464728  0.0112338 
-0.781989  0.620537   -0.464728  0.00794275
-0.781989  0.620537   -0.464728  0.0114729 
-0.781989  0.620537   -0.464728  0.0102631 
-0.781989  0.620537   -0.464728  0.00772596
-0.781989  0.620537   -0.464728  0.011465  
-0.781989  0.620537   -0.464728  0.0140889 
-0.781989  0.620537   -0.464728  0.00880195
-0.744559  0.580295   -0.425551  0.00945545
-0.744559  0.580295   -0.425551  0.00795899
-0.740873  0.654049   -0.424361  0.00661038
-0.740873  0.654049   -0.424361  0.00677546
-0.745416  0.597292   -0.444808  0.0159101 
-0.745416  0.597292   -0.444808  0.00842204
-0.745416  0.597292   -0.444808  0.00780899
-0.845116  0.592528   -0.435008  0.0175036 
-0.845116  0.592528   -0.435008  0.0122567 
-0.845116  0.592528   -0.435008  0.0163285 
-0.845116  0.592528   -0.435008  0.0155259 
-0.845116  0.592528   -0.435008  0.00845377
-0.826604  0.640611   -0.443815  0.007858  
-0.754934  0.581296   -0.429268  0.0187312 
-0.754934  0.581296   -0.429268  0.0186259 
-0.754934  0.581296   -0.429268  0.00621624
-0.754934  0.581296   -0.429268  0.00858515
-0.754934  0.581296   -0.429268  0.00861678
-0.754934  0.581296   -0.429268  0.00727007
-0.799779  0.602977   -0.451097  0.00986121
-0.799779  0.602977   -0.451097  0.0099794 
-0.768071  0.649516   -0.422936  0.00576381
-0.788042  0.613055   -0.445864  0.00817554
-0.861645  0.587583   -0.423585  0.00836474
-0.787252  0.631118   -0.441151  0.00846355
-0.787252  0.631118   -0.441151  0.0105845 
-0.830816  0.662022   -0.421343  0.00790897
-0.825795  0.597457   -0.456232  0.00982239
-0.825795  0.597457   -0.456232  0.0109414 
-0.825795  0.597457   -0.456232  0.00790988
-0.825795  0.597457   -0.456232  0.0094482 
-0.825795  0.597457   -0.456232  0.0142823 
-0.825795  0.597457   -0.456232  0.0121265 
-0.825795  0.597457   -0.456232  0.0151672 
-0.825795  0.597457   -0.456232  0.012393  
-0.825795  0.597457   -0.456232  0.0102588 
-0.825795  0.597457   -0.456232  0.00944401
-0.825795  0.597457   -0.456232  0.00954029
-0.825795  0.597457   -0.456232  0.0135218 
-0.825795  0.597457   -0.456232  0.00680329
-0.825795  0.597457   -0.456232  0.00729969
-0.819258  0.595164   -0.4321    0.00575962
-0.819258  0.595164   -0.4321    0.0100554 
-0.819258  0.595164   -0.4321    0.006416  
-0.735118  0.638012   -0.428501  0.0161697 
-0.816936  0.660269   -0.412429  0.0200844 
-0.816936  0.660269   -0.412429  0.0122487 
-0.766333  0.718046   -0.420507  0.0212756 
-0.766333  0.718046   -0.420507  0.0284083 
-0.766333  0.718046   -0.420507  0.0177681 
-0.766333  0.718046   -0.420507  0.0134788 
-0.766333  0.718046   -0.420507  0.014377  
-0.766333  0.718046   -0.420507  0.00967458
-0.687613  0.684464   -0.39353   0.0112743 
-0.687613  0.684464   -0.39353   0.00910454
-0.642087  0.61854    -0.389476  0.00842975
-0.669078  0.663231   -0.38954   0.00961204
-0.676581  0.702448   -0.383408  0.00856512
-0.73509   0.661476   -0.426449  0.0138733 
-0.73509   0.661476   -0.426449  0.0253897 
-0.824665  0.692895   -0.391357  0.0161367 
-0.824665  0.692895   -0.391357  0.0149195 
-0.871431  0.708431   -0.380969  0.00657274
-0.799818  0.638544   -0.447136  0.0073745 
-0.729392  0.684141   -0.412909  0.0169634 
-0.729392  0.684141   -0.412909  0.0127726 
-0.748547  0.715032   -0.386679  0.0305984 
-0.748547  0.715032   -0.386679  0.0190771 
-0.781002  0.693137   -0.38649   0.0148075 
-0.706859  0.709311   -0.381088  0.0116558 
-0.800938  0.722836   -0.41701   0.0177407 
-0.800938  0.722836   -0.41701   0.00738962
-0.775855  0.673086   -0.423242  0.0137426 
-0.775855  0.673086   -0.423242  0.00752335
-0.812966  0.587927   -0.438972  0.010947  
-0.812966  0.587927   -0.438972  0.00676885
-0.802193  0.647583   -0.455131  0.0135556 
-0.815538  0.691384   -0.41472   0.0128566 
-0.826029  0.683617   -0.403334  0.0112391 
-0.829559  0.67976    -0.430345  0.0135531 
-0.826228  0.685751   -0.414743  0.0156039 
-0.826228  0.685751   -0.414743  0.0190185 
-0.826228  0.685751   -0.414743  0.0268901 
-0.826228  0.685751   -0.414743  0.0228043 
-0.826228  0.685751   -0.414743  0.0328079 
-0.826228  0.685751   -0.414743  0.0177953 
-0.826228  0.685751   -0.414743  0.0104242 
-0.89821   0.637285   -0.401182  0.0199419 
-0.89821   0.637285   -0.401182  0.0141609 
-0.817672  0.670153   -0.41504   0.0164032 
-0.86213   0.687723   -0.388343  0.0148787 
-0.86213   0.687723   -0.388343  0.0142523 
-0.837954  0.64239    -0.420284  0.011722  
-0.837954  0.64239    -0.420284  0.00729474
-0.79306   0.585306   -0.431419  0.0205756 
-0.79306   0.585306   -0.431419  0.0111215 
-0.879877  0.625446   -0.406022  0.00914979
-0.811507  0.642548   -0.446722  0.00871102
-0.770246  0.670419   -0.438762  0.00867329
-0.755116  0.573267   -0.431461  0.0163532 
-0.755116  0.573267   -0.431461  0.0178542 
-0.755116  0.573267   -0.431461  0.00770429
-0.680708  0.62478    -0.402111  0.0102696 
-0.680708  0.62478    -0.402111  0.00989537
-0.680708  0.62478    -0.402111  0.00945285
-0.680708  0.62478    -0.402111  0.00982562
-0.680708  0.62478    -0.402111  0.00710107
-0.732515  0.588413   -0.425924  0.0067325 
-0.732659  0.596471   -0.405861  0.0116408 
-0.732659  0.596471   -0.405861  0.0070744 
-0.814689  0.624373   -0.450427  0.015925  
-0.814689  0.624373   -0.450427  0.0128778 
-0.814689  0.624373   -0.450427  0.0188071 
-0.814689  0.624373   -0.450427  0.00807487
-0.754169  0.578505   -0.429913  0.0073204 
-0.814712  0.587098   -0.448168  0.00634718
-0.817497  0.607786   -0.449727  0.00854756
-0.808066  0.576181   -0.445895  0.0153425 
-0.808066  0.576181   -0.445895  0.0084028 
-0.806199  0.609153   -0.440363  0.0103727 
-0.806199  0.609153   -0.440363  0.0154973 
-0.859625  0.693066   -0.393089  0.0270698 
-0.859625  0.693066   -0.393089  0.0179277 
-0.808453  0.765745   -0.370029  0.0277604 
-0.808453  0.765745   -0.370029  0.0189812 
-0.840941  0.740505   -0.369146  0.00852191
-0.776489  0.66828    -0.443486  0.0140391 
-0.776489  0.66828    -0.443486  0.0104757 
-0.776489  0.66828    -0.443486  0.0191306 
-0.776489  0.66828    -0.443486  0.00785957
-0.73248   0.582901   -0.419011  0.00647854
-0.714335  0.626686   -0.426802  0.00983796
-0.714335  0.626686   -0.426802  0.01136   
-0.714335  0.626686   -0.426802  0.0166543 
-0.738299  0.715378   -0.392505  0.0101311 
-0.660767  0.645993   -0.389741  0.0077593 
-0.698893  0.685181   -0.40542   0.00941701
-0.71527   0.654283   -0.414732  0.0168234 
-0.806475  0.729465   -0.364336  0.0124792 
-0.734944  0.723251   -0.384085  0.0216732 
-0.734944  0.723251   -0.384085  0.0144678 
-0.770518  0.676675   -0.430537  0.0101316 
-0.823188  0.590676   -0.422788  0.0199748 
-0.823188  0.590676   -0.422788  0.00906384
-0.827766  0.686875   -0.434957  0.0116995 
-0.87928   0.678175   -0.417141  0.0115187 
-0.854815  0.668242   -0.423547  0.0122128 
-0.854815  0.668242   -0.423547  0.00860495
-0.846631  0.575751   -0.426046  0.00689632
-0.752978  0.612896   -0.442735  0.00813177
-0.752978  0.612896   -0.442735  0.0115954 
-0.752978  0.612896   -0.442735  0.011751  
-0.752978  0.612896   -0.442735  0.0079296 
-0.752978  0.612896   -0.442735  0.00802061
-0.800277  0.624276   -0.437951  0.00926338
-0.800277  0.624276   -0.437951  0.00899312
-0.744107  0.649233   -0.414341  0.0104721 
-0.744107  0.649233   -0.414341  0.0213486 
-0.710332  0.729742   -0.360901  0.0115315 
-0.753239  0.719515   -0.407943  0.0146554 
-0.775158  0.752152   -0.374212  0.0199296 
-0.775158  0.752152   -0.374212  0.0185656 
-0.770581  0.733107   -0.387812  0.0139019 
-0.769436  0.656319   -0.415976  0.00833058
-0.724112  0.578185   -0.408861  0.00615855
-0.774905  0.606084   -0.439509  0.00724602
-0.774905  0.606084   -0.439509  0.0120918 
-0.774905  0.606084   -0.439509  0.00655927
-0.774905  0.606084   -0.439509  0.0073801 
-0.774905  0.606084   -0.439509  0.00728479
-0.805525  0.6054     -0.456377  0.00971792
-0.805525  0.6054     -0.456377  0.00942376
-0.805525  0.6054     -0.456377  0.0230047 
-0.805525  0.6054     -0.456377  0.00593329
-0.818294  0.61195    -0.452295  0.0106576 
-0.871636  0.591296   -0.417115  0.00965517
-0.928302  0.577864   -0.358773  0.0120625 
-0.979298  0.621899   -0.32329   0.0126376 
-0.979298  0.621899   -0.32329   0.0108679 
-0.892302  0.668137   -0.414027  0.0157424 
-0.892302  0.668137   -0.414027  0.0359191 
-0.892302  0.668137   -0.414027  0.0268628 
-0.892302  0.668137   -0.414027  0.0188141 
-0.892302  0.668137   -0.414027  0.0104566 
-0.874439  0.668369   -0.410873  0.0132645 
-0.781148  0.672091   -0.421971  0.0107918 
-0.717787  0.705466   -0.396829  0.0138791 
-0.725843  0.728375   -0.385759  0.0204538 
-0.725843  0.728375   -0.385759  0.018042  
-0.725843  0.728375   -0.385759  0.0207867 
-0.725843  0.728375   -0.385759  0.0272852 
-0.725843  0.728375   -0.385759  0.021979  
-0.725843  0.728375   -0.385759  0.00981346
-0.736549  0.68078    -0.414116  0.0127595 
-0.745461  0.729365   -0.397545  0.0219793 
-0.745461  0.729365   -0.397545  0.00766261
-0.819497  0.651788   -0.447369  0.00901997
-0.819497  0.651788   -0.447369  0.0123121 
-0.819497  0.651788   -0.447369  0.0183443 
-0.819497  0.651788   -0.447369  0.00690952
-0.819497  0.651788   -0.447369  0.00677116
-0.739843  0.676677   -0.435296  0.00766631
-0.774299  0.674244   -0.436404  0.00903666
-0.731989  0.575236   -0.409295  0.0143097 
-0.731989  0.575236   -0.409295  0.00712092
-0.802918  0.622016   -0.445289  0.0115658 
-0.802918  0.622016   -0.445289  0.0162088 
-0.802918  0.622016   -0.445289  0.00983994
-0.802918  0.622016   -0.445289  0.0109298 
-0.802918  0.622016   -0.445289  0.0244457 
-0.867513  0.672397   -0.389674  0.00749059
-0.815295  0.655404   -0.439214  0.0112044 
-0.815295  0.655404   -0.439214  0.00910822
-0.815295  0.655404   -0.439214  0.007903  
-0.815295  0.655404   -0.439214  0.00757461
-0.784329  0.609958   -0.429847  0.00772553
-0.826508  0.58641    -0.427277  0.0205749 
-0.826508  0.58641    -0.427277  0.0129718 
-0.826508  0.58641    -0.427277  0.00610111
-0.738104  0.627014   -0.429745  0.00731089
-0.805599  0.621298   -0.442414  0.00729731
-0.805599  0.621298   -0.442414  0.0100676 
-0.805599  0.621298   -0.442414  0.0158305 
-0.805599  0.621298   -0.442414  0.0121319 
-0.805599  0.621298   -0.442414  0.0119358 
-0.805599  0.621298   -0.442414  0.00807037
-0.788841  0.662225   -0.434565  0.0105413 
-0.788841  0.662225   -0.434565  0.00801538
-0.788841  0.662225   -0.434565  0.0120269 
-0.788841  0.662225   -0.434565  0.00737556
-0.788841  0.662225   -0.434565  0.00692238
-0.786356  0.620742   -0.441856  0.00871466
-0.786356  0.620742   -0.441856  0.00901909
-0.786356  0.620742   -0.441856  0.00600617
-0.833173  0.617495   -0.439298  0.00612984
-0.800991  0.611684   -0.444312  0.0136643 
-0.800991  0.611684   -0.444312  0.00711836
-0.84705   0.632291   -0.455018  0.00708148
-0.84705   0.632291   -0.455018  0.00881335
-0.84705   0.632291   -0.455018  0.0116745 
-0.84705   0.632291   -0.455018  0.00935629
-0.84705   0.632291   -0.455018  0.0127901 
-0.84705   0.632291   -0.455018  0.0190069 
-0.84705   0.632291   -0.455018  0.00786748
-0.7521    0.630238   -0.433794  0.00960484
-0.827445  0.662347   -0.439589  0.0197027 
-0.827445  0.662347   -0.439589  0.0192937 
-0.827445  0.662347   -0.439589  0.00763212
-0.827445  0.662347   -0.439589  0.011429  
-0.827445  0.662347   -0.439589  0.0109488 
-0.833888  0.611887   -0.441464  0.00965719
-0.807733  0.682498   -0.427866  0.0100437 
-0.828729  0.65677    -0.424018  0.00938018
-0.828729  0.65677    -0.424018  0.0203557 
-0.828729  0.65677    -0.424018  0.0291581 
-0.828729  0.65677    -0.424018  0.0103364 
-0.828729  0.65677    -0.424018  0.00860359
-0.75429   0.627237   -0.426695  0.00903022
-0.75429   0.627237   -0.426695  0.00804017
-0.75429   0.627237   -0.426695  0.00770265
-0.75429   0.627237   -0.426695  0.0146587 
-0.75429   0.627237   -0.426695  0.00987052
-0.789278  0.587059   -0.420649  0.00801532
-0.80818   0.63677    -0.435128  0.00809276
-0.776372  0.576904   -0.432819  0.0102667 
-0.749376  0.616995   -0.42697   0.0104656 
-0.791953  0.681031   -0.426585  0.00712755
-0.737972  0.603356   -0.42934   0.0126705 
-0.737972  0.603356   -0.42934   0.0181691 
-0.737972  0.603356   -0.42934   0.00901603
-0.737972  0.603356   -0.42934   0.00862385
-0.80061   0.574054   -0.419815  0.016761  
-0.80061   0.574054   -0.419815  0.0146731 
-0.80061   0.574054   -0.419815  0.0113254 
-0.80061   0.574054   -0.419815  0.0127891 
-0.80061   0.574054   -0.419815  0.0141381 
-0.80061   0.574054   -0.419815  0.00871813
-0.818727  0.651207   -0.4325    0.00862011
-0.780955  0.570531   -0.432451  0.0210473 
-0.780955  0.570531   -0.432451  0.00995479
-0.836871  0.648384   -0.430818  0.0169058 
-0.836871  0.648384   -0.430818  0.0109587 
-0.90481   0.600995   -0.418214  0.00778334
-0.860141  0.602731   -0.434664  0.00753407
-0.808583  0.612427   -0.444642  0.00888296
-0.808583  0.612427   -0.444642  0.00757806
-0.802714  0.635603   -0.434703  0.0125046 
-0.802714  0.635603   -0.434703  0.00835944
-0.864269  0.610874   -0.44766   0.0120653 
-0.864269  0.610874   -0.44766   0.0159244 
-0.864269  0.610874   -0.44766   0.00998134
-0.864269  0.610874   -0.44766   0.0090412 
-0.864269  0.610874   -0.44766   0.0136112 
-0.864269  0.610874   -0.44766   0.0169997 
-0.864269  0.610874   -0.44766   0.0072348 
-0.864269  0.610874   -0.44766   0.00871586
-0.839982  0.643298   -0.424855  0.0113808 
-0.852745  0.550091   -0.396598  0.00869078
-0.817743  0.617816   -0.440981  0.0123751 
-0.817743  0.617816   -0.440981  0.0107937 
-0.817743  0.617816   -0.440981  0.0237564 
-0.817743  0.617816   -0.440981  0.0124955 
-0.78546   0.702728   -0.407907  0.0111476 
-0.767342  0.669021   -0.420363  0.0152773 
-0.861245  0.65995    -0.395964  0.0171724 
-0.854582  0.670099   -0.409519  0.0133582 
-0.854695  0.69267    -0.405119  0.0205367 
-0.854695  0.69267    -0.405119  0.0208424 
-0.854695  0.69267    -0.405119  0.00953557
-0.92307   0.605929   -0.39205   0.019012  
-0.92307   0.605929   -0.39205   0.012373  
-0.92307   0.605929   -0.39205   0.0246622 
-0.92307   0.605929   -0.39205   0.014724  
-0.92307   0.605929   -0.39205   0.0207563 
-0.92307   0.605929   -0.39205   0.0193495 
-0.88251   0.669231   -0.389237  0.0159725 
-0.88251   0.669231   -0.389237  0.0185105 
-0.915465  0.668863   -0.351193  0.014994  
-0.93288   0.671941   -0.354548  0.00993262
-0.893032  0.646162   -0.425321  0.0150934 
-0.893032  0.646162   -0.425321  0.0175577 
-0.893032  0.646162   -0.425321  0.0140941 
-0.832581  0.681197   -0.408099  0.0102623 
-0.859732  0.655529   -0.417811  0.0178677 
-0.859732  0.655529   -0.417811  0.00741845
-0.773409  0.592936   -0.435967  0.0175489 
-0.773409  0.592936   -0.435967  0.011584  
-0.773409  0.592936   -0.435967  0.0177212 
-0.773409  0.592936   -0.435967  0.0129706 
-0.751471  0.675356   -0.408571  0.00799122
-0.797609  0.590003   -0.441524  0.00595067
-0.762238  0.635148   -0.451317  0.0102904 
-0.762238  0.635148   -0.451317  0.00961142
-0.762238  0.635148   -0.451317  0.0096396 
-0.83949   0.656157   -0.435324  0.0154745 
-0.83949   0.656157   -0.435324  0.00905739
-0.83949   0.656157   -0.435324  0.00927327
-0.816981  0.56755    -0.435937  0.00787917
-0.79173   0.60706    -0.442611  0.00972705
-0.809251  0.656423   -0.434403  0.0104399 
-0.811994  0.561825   -0.428873  0.0129201 
-0.811994  0.561825   -0.428873  0.00751547
-0.730842  0.634997   -0.429068  0.0073969 
-0.771889  0.586986   -0.442694  0.00913353
-0.840535  0.623874   -0.432584  0.00836027
-0.799983  0.577934   -0.42583   0.00903511
-0.799983  0.577934   -0.42583   0.00679162
-0.738972  0.604242   -0.42794   0.00716386
-0.738972  0.604242   -0.42794   0.0143472 
-0.738972  0.604242   -0.42794   0.00748088
-0.675249  0.636502   -0.388593  0.00734783
-0.756954  0.598286   -0.424929  0.00860796
-0.756954  0.598286   -0.424929  0.00738455
-0.756954  0.598286   -0.424929  0.00725969
-0.756954  0.598286   -0.424929  0.00891708
-0.756954  0.598286   -0.424929  0.0182407 
-0.756954  0.598286   -0.424929  0.0122064 
-0.756954  0.598286   -0.424929  0.0102438 
-0.756954  0.598286   -0.424929  0.0185107 
-0.765485  0.696801   -0.399042  0.00734137
-0.746821  0.630474   -0.429751  0.0140153 
-0.746821  0.630474   -0.429751  0.00873138
-0.746821  0.630474   -0.429751  0.0128622 
-0.761874  0.673141   -0.408252  0.00947746
-0.788338  0.678998   -0.414022  0.0100674 
-0.757527  0.658894   -0.421951  0.00988204
-0.757527  0.658894   -0.421951  0.00867298
-0.73699   0.657114   -0.424566  0.00991977
-0.834173  0.631222   -0.438686  0.0135336 
-0.834173  0.631222   -0.438686  0.0100377 
-0.834173  0.631222   -0.438686  0.00744466
-0.865159  0.594332   -0.427864  0.0130745 
-0.865159  0.594332   -0.427864  0.00749053
-0.79029   0.586028   -0.432717  0.00733429
-0.847923  0.597793   -0.446341  0.019537  
-0.847923  0.597793   -0.446341  0.0129723 
-0.847923  0.597793   -0.446341  0.0140444 
-0.847923  0.597793   -0.446341  0.0161459 
-0.847923  0.597793   -0.446341  0.0147164 
-0.847923  0.597793   -0.446341  0.00963759
-0.847923  0.597793   -0.446341  0.0154359 
-0.847923  0.597793   -0.446341  0.00823767
-0.847923  0.597793   -0.446341  0.0173255 
-0.847923  0.597793   -0.446341  0.0167051 
-0.847923  0.597793   -0.446341  0.0118395 
-0.847923  0.597793   -0.446341  0.0207917 
-0.847923  0.597793   -0.446341  0.0127969 
-0.847923  0.597793   -0.446341  0.00683536
-0.847923  0.597793   -0.446341  0.0107061 
-0.822432  0.606275   -0.427794  0.0103721 
-0.867921  0.646774   -0.42783   0.0138612 
-0.867921  0.646774   -0.42783   0.0147415 
-0.867921  0.646774   -0.42783   0.0246556 
-0.867921  0.646774   -0.42783   0.0208056 
-0.867921  0.646774   -0.42783   0.0137442 
-0.867921  0.646774   -0.42783   0.0188382 
-0.867921  0.646774   -0.42783   0.0110594 
-0.867921  0.646774   -0.42783   0.0281648 
-0.867921  0.646774   -0.42783   0.0129672 
-0.867921  0.646774   -0.42783   0.0114154 
-0.826777  0.696519   -0.413104  0.0443058 
-0.826777  0.696519   -0.413104  0.0125779 
-0.837435  0.709904   -0.406242  0.0211251 
-0.849806  0.652169   -0.424009  0.00785689
-0.810809  0.621801   -0.439774  0.00978724
-0.810809  0.621801   -0.439774  0.0149651 
-0.810809  0.621801   -0.439774  0.0101217 
-0.811303  0.582778   -0.430519  0.00630275
-0.772094  0.617453   -0.441231  0.0135939 
-0.772094  0.617453   -0.441231  0.00923858
-0.772094  0.617453   -0.441231  0.00821012
-0.733478  0.581252   -0.407667  0.0107662 
-0.741643  0.548145   -0.392213  0.0175012 
-0.761966  0.509585   -0.370021  0.012653  
-0.748443  0.542182   -0.406159  0.00861118
-0.710368  0.5774     -0.40302   0.0142005 
-0.801768  0.528158   -0.357522  0.00885162
-0.737396  0.571494   -0.426297  0.0091113 
-0.737396  0.571494   -0.426297  0.00788429
-0.751941  0.634581   -0.437919  0.00892858
-0.751941  0.634581   -0.437919  0.00874226
-0.845529  0.581725   -0.424508  0.00872786
-0.910019  0.601444   -0.403116  0.00915649
-0.93224   0.590523   -0.387862  0.0113563 
-0.93224   0.590523   -0.387862  0.0116254 
-0.93224   0.590523   -0.387862  0.018127  
-0.874434  0.679713   -0.38275   0.00699574
-0.790608  0.625998   -0.446368  0.0104614 
-0.790608  0.625998   -0.446368  0.0233971 
-0.790608  0.625998   -0.446368  0.009535  
-0.790608  0.625998   -0.446368  0.00829721
-0.790608  0.625998   -0.446368  0.0133146 
-0.790608  0.625998   -0.446368  0.0113796 
-0.763674  0.668543   -0.428383  0.0138707 
-0.763674  0.668543   -0.428383  0.0208872 
-0.840458  0.729669   -0.395027  0.0121503 
-0.906817  0.633418   -0.403608  0.0146784 
-0.906817  0.633418   -0.403608  0.00868565
-0.851259  0.575375   -0.404879  0.00871115
-0.853978  0.580198   -0.443475  0.0132966 
-0.853978  0.580198   -0.443475  0.012585  
-0.853978  0.580198   -0.443475  0.0115984 
-0.758495  0.547822   -0.394394  0.00977224
-0.752866  0.562556   -0.410479  0.00842067
-0.787939  0.577245   -0.433222  0.0120704 
-0.84913   0.543332   -0.370094  0.00640329
-0.753493  0.604095   -0.437909  0.00801133
-0.813255  0.578057   -0.433678  0.0176255 
-0.813255  0.578057   -0.433678  0.0156719 
-0.890594  0.669068   -0.393183  0.00853984
-0.815281  0.656317   -0.444555  0.0293035 
-0.815281  0.656317   -0.444555  0.00721636
-0.782053  0.595661   -0.453666  0.00736881
-0.856384  0.617916   -0.437841  0.0367281 
-0.856384  0.617916   -0.437841  0.0122988 
-0.856384  0.617916   -0.437841  0.021986  
-0.856384  0.617916   -0.437841  0.0135405 
-0.856384  0.617916   -0.437841  0.0102069 
-0.856384  0.617916   -0.437841  0.0135574 
-0.856384  0.617916   -0.437841  0.00778338
-0.856384  0.617916   -0.437841  0.0138915 
-0.869013  0.656866   -0.40596   0.0211924 
-0.869013  0.656866   -0.40596   0.0208503 
-0.869013  0.656866   -0.40596   0.0108781 
-0.896506  0.617493   -0.412525  0.0168072 
-0.896506  0.617493   -0.412525  0.0214569 
-0.896506  0.617493   -0.412525  0.0133605 
-0.896506  0.617493   -0.412525  0.0114986 
-0.840419  0.548868   -0.386239  0.0262898 
-0.840419  0.548868   -0.386239  0.0104908 
-0.848591  0.630539   -0.434864  0.0162614 
-0.848591  0.630539   -0.434864  0.0144445 
-0.848591  0.630539   -0.434864  0.0200118 
-0.930085  0.666351   -0.35542   0.0173265 
-0.859936  0.680278   -0.373321  0.0222024 
-0.859936  0.680278   -0.373321  0.00615533
-0.764538  0.616972   -0.440407  0.00760033
-0.764538  0.616972   -0.440407  0.00867824
-0.832633  0.616207   -0.439707  0.011282  
-0.832633  0.616207   -0.439707  0.0123302 
-0.861661  0.666366   -0.426194  0.0253332 
-0.861661  0.666366   -0.426194  0.0196438 
-0.832813  0.75721    -0.339017  0.00826644
-0.786971  0.662452   -0.438734  0.00864338
-0.860468  0.602464   -0.424907  0.0123685 
-0.860468  0.602464   -0.424907  0.0213114 
