#MU        SIGMA      ENERGY     ERROR     
-0.790651  0.572786   -0.438236  0.0163567 
-0.772398  0.518263   -0.345514  0.00933926
-0.865839  0.606192   -0.42234   0.00953461
-0.769979  0.566681   -0.431212  0.00628326
-0.74192   0.607679   -0.435194  0.0064278 
-0.720303  0.63509    -0.433811  0.00911339
-0.720303  0.63509    -0.433811  0.00734332
-0.682681  0.65627    -0.393899  0.00614133
-0.766941  0.61098    -0.444017  0.00719839
-0.804359  0.62921    -0.446263  0.016409  
-0.804359  0.62921    -0.446263  0.0118777 
-0.874463  0.622914   -0.411321  0.0165541 
-0.874463  0.622914   -0.411321  0.0214692 
-0.874463  0.622914   -0.411321  0.0155569 
-0.874463  0.622914   -0.411321  0.0163519 
-0.874463  0.622914   -0.411321  0.0093446 
-0.888008  0.570491   -0.386582  0.0177196 
-0.888008  0.570491   -0.386582  0.0114579 
-0.917483  0.55818    -0.355469  0.0100364 
-0.89461   0.566532   -0.400681  0.0121225 
-0.918295  0.554612   -0.389232  0.0207389 
-0.918295  0.554612   -0.389232  0.0155146 
-0.936565  0.638747   -0.368187  0.0211686 
-0.936565  0.638747   -0.368187  0.011265  
-0.99222   0.566298   -0.275741  0.0148421 
-0.952385  0.523017   -0.267998  0.0110956 
-0.963894  0.570472   -0.338968  0.0211092 
-0.984813  0.662692   -0.260415  0.0303396 
-0.984813  0.662692   -0.260415  0.0289175 
-0.950232  0.728892   -0.24027   0.0351319 
-0.950232  0.728892   -0.24027   0.0298875 
-0.950232  0.728892   -0.24027   0.0383603 
-0.950232  0.728892   -0.24027   0.0289612 
-0.911613  0.724037   -0.286723  0.041759  
-0.911613  0.724037   -0.286723  0.0323035 
-0.917766  0.724628   -0.241655  0.0242363 
-0.898266  0.676886   -0.350552  0.00781887
-0.84807   0.587858   -0.430001  0.0116787 
-0.84807   0.587858   -0.430001  0.00913116
-0.78853   0.682783   -0.427572  0.00752091
-0.802676  0.591198   -0.440994  0.00748125
-0.801233  0.633225   -0.443859  0.0103823 
-0.729951  0.5592     -0.429766  0.00889911
-0.699746  0.626638   -0.406758  0.0134251 
-0.679531  0.535929   -0.350341  0.0143732 
-0.637948  0.524726   -0.297434  0.0116254 
-0.620193  0.552828   -0.312131  0.00746733
-0.710344  0.594146   -0.416673  0.00725745
-0.754312  0.637576   -0.44077   0.0166253 
-0.754312  0.637576   -0.44077   0.0101274 
-0.754312  0.637576   -0.44077   0.00828333
-0.662807  0.632888   -0.400924  0.0079568 
-0.752186  0.583254   -0.428163  0.0115791 
-0.752186  0.583254   -0.428163  0.0105307 
-0.752186  0.583254   -0.428163  0.0215042 
-0.752186  0.583254   -0.428163  0.0106263 
-0.659294  0.557484   -0.364091  0.0125784 
-0.659294  0.557484   -0.364091  0.0107108 
-0.592229  0.604402   -0.302549  0.0102067 
-0.644008  0.686483   -0.381841  0.0127632 
-0.623422  0.748378   -0.352532  0.00904944
-0.720588  0.6898     -0.40431   0.0100181 
-0.720588  0.6898     -0.40431   0.0228069 
-0.720588  0.6898     -0.40431   0.0114629 
-0.720588  0.6898     -0.40431   0.0178414 
-0.818407  0.768103   -0.347601  0.0109128 
-0.774464  0.686049   -0.427637  0.0150658 
-0.774464  0.686049   -0.427637  0.010822  
-0.774464  0.686049   -0.427637  0.0146913 
-0.821296  0.707083   -0.402327  0.022795  
-0.821296  0.707083   -0.402327  0.00872058
-0.794286  0.6472     -0.441779  0.0101759 
-0.794286  0.6472     -0.441779  0.00747182
-0.715953  0.649574   -0.421692  0.00821159
-0.672849  0.607033   -0.389501  0.00717433
-0.741266  0.614578   -0.43519   0.00732844
-0.791341  0.602409   -0.429099  0.0191166 
-0.791341  0.602409   -0.429099  0.0089915 
-0.791341  0.602409   -0.429099  0.00857797
-0.875436  0.58971    -0.424368  0.0106044 
-0.893102  0.645788   -0.415266  0.00654532
-0.807824  0.617546   -0.448666  0.0143244 
-0.807824  0.617546   -0.448666  0.0134701 
-0.807824  0.617546   -0.448666  0.0136607 
-0.807824  0.617546   -0.448666  0.0110335 
-0.815659  0.655537   -0.442104  0.0211122 
-0.846452  0.696659   -0.39027   0.00809358
-0.814835  0.629162   -0.431866  0.0141634 
-0.80294   0.695957   -0.409352  0.0122657 
-0.80294   0.695957   -0.409352  0.0258634 
-0.80294   0.695957   -0.409352  0.0149542 
-0.748024  0.716435   -0.404037  0.00749935
-0.689284  0.654935   -0.406302  0.00713308
-0.720611  0.619318   -0.422661  0.00791938
-0.790847  0.66383    -0.448359  0.0181784 
-0.790847  0.66383    -0.448359  0.0162458 
-0.790847  0.66383    -0.448359  0.0153969 
-0.790847  0.66383    -0.448359  0.0125533 
-0.887964  0.656339   -0.412643  0.0142087 
-0.887964  0.656339   -0.412643  0.00731608
-0.792924  0.648307   -0.444035  0.00691112
-0.768432  0.597445   -0.443153  0.00816289
-0.814741  0.656365   -0.44274   0.00923304
-0.90075   0.578892   -0.391255  0.0169866 
-0.90075   0.578892   -0.391255  0.00718183
-0.823502  0.610524   -0.445765  0.00570176
-0.812633  0.610705   -0.463367  0.0111985 
-0.812633  0.610705   -0.463367  0.0100124 
-0.826238  0.561404   -0.409124  0.00849706
-0.889458  0.593574   -0.407515  0.0145754 
-0.87665   0.660765   -0.405157  0.0249128 
-0.87665   0.660765   -0.405157  0.020202  
-0.87665   0.660765   -0.405157  0.0118575 
-0.87665   0.660765   -0.405157  0.0217799 
-0.87665   0.660765   -0.405157  0.0151309 
-0.91341   0.587749   -0.373032  0.00853529
-0.892364  0.594155   -0.392776  0.0180868 
-0.892364  0.594155   -0.392776  0.0105581 
-0.907156  0.594314   -0.396008  0.0105248 
-0.90846   0.600715   -0.404568  0.0183004 
-0.90846   0.600715   -0.404568  0.015795  
-0.90846   0.600715   -0.404568  0.0165469 
-0.90846   0.600715   -0.404568  0.016161  
-0.90846   0.600715   -0.404568  0.021195  
-0.90846   0.600715   -0.404568  0.0154352 
-0.90846   0.600715   -0.404568  0.0129955 
-0.948909  0.63157    -0.375049  0.0113317 
-0.964429  0.565833   -0.290381  0.0259255 
-1.0545    0.651154   -0.135754  0.0392975 
-1.0545    0.651154   -0.135754  0.0385745 
-1.0545    0.651154   -0.135754  0.022642  
-1.05167   0.631756   -0.165044  0.0194065 
-1.00972   0.642145   -0.25263   0.0218057 
-0.928102  0.677024   -0.323196  0.0188113 
-0.928102  0.677024   -0.323196  0.0274475 
-0.928102  0.677024   -0.323196  0.0280456 
-0.928102  0.677024   -0.323196  0.0106398 
-0.886061  0.638227   -0.418903  0.0335996 
-0.886061  0.638227   -0.418903  0.0132127 
-0.889727  0.662591   -0.391793  0.0207065 
-0.889727  0.662591   -0.391793  0.00959708
-0.874322  0.581734   -0.394849  0.0186215 
-0.874322  0.581734   -0.394849  0.0105254 
-0.828383  0.677716   -0.42158   0.00951695
-0.752308  0.717605   -0.414781  0.0280529 
-0.752308  0.717605   -0.414781  0.0102379 
-0.764287  0.697034   -0.422768  0.016845  
-0.803528  0.679871   -0.402814  0.0066052 
-0.814232  0.59913    -0.443107  0.00694808
-0.808357  0.637433   -0.44706   0.0119466 
-0.808357  0.637433   -0.44706   0.00789248
-0.832276  0.590378   -0.434884  0.00981204
-0.87979   0.613252   -0.41461   0.0120552 
-0.87979   0.613252   -0.41461   0.0134751 
-0.963462  0.623862   -0.327359  0.00997214
-0.933576  0.577807   -0.347557  0.0135029 
-0.941392  0.616652   -0.361351  0.0107358 
-0.883482  0.555414   -0.37119   0.0198614 
-0.883482  0.555414   -0.37119   0.0101412 
-0.89462   0.637186   -0.396781  0.031347  
-0.839569  0.694702   -0.380537  0.0176391 
-0.88139   0.693934   -0.394916  0.0128862 
-0.894679  0.651057   -0.398524  0.00887133
-0.862952  0.594522   -0.430899  0.0146727 
-0.862952  0.594522   -0.430899  0.0152688 
-0.862952  0.594522   -0.430899  0.0117267 
-0.819408  0.546056   -0.380855  0.0105663 
-0.896273  0.614056   -0.39859   0.0110088 
-0.896273  0.614056   -0.39859   0.0166289 
-0.917057  0.514869   -0.265882  0.0160252 
-0.945373  0.515065   -0.258585  0.030311  
-0.945373  0.515065   -0.258585  0.0224547 
-0.945373  0.515065   -0.258585  0.0166728 
-0.945373  0.515065   -0.258585  0.0121949 
-0.84557   0.544727   -0.383796  0.0293967 
-0.84557   0.544727   -0.383796  0.0230842 
-0.84557   0.544727   -0.383796  0.0105041 
-0.889885  0.5589     -0.39684   0.0182096 
-0.889885  0.5589     -0.39684   0.0118398 
-0.915261  0.604623   -0.399051  0.0124099 
-0.915261  0.604623   -0.399051  0.0117884 
-0.876806  0.546605   -0.386057  0.009109  
-0.930055  0.605907   -0.391708  0.00978896
-0.871199  0.597135   -0.408028  0.0137479 
-0.887008  0.671646   -0.403848  0.0156632 
-0.824035  0.710753   -0.378256  0.0118948 
-0.824845  0.64773    -0.419298  0.0264324 
-0.824845  0.64773    -0.419298  0.00746397
-0.746935  0.587379   -0.422001  0.0216674 
-0.746935  0.587379   -0.422001  0.00888177
-0.836966  0.600597   -0.447432  0.00673203
-0.748343  0.610993   -0.43322   0.00619618
-0.755891  0.623109   -0.432389  0.0147283 
-0.755891  0.623109   -0.432389  0.0267648 
-0.674517  0.708326   -0.349285  0.0140441 
-0.74895   0.751985   -0.377984  0.0129396 
-0.656692  0.770707   -0.359001  0.0115284 
-0.656692  0.770707   -0.359001  0.0288635 
-0.637309  0.851286   -0.240582  0.0127824 
-0.675875  0.755616   -0.368485  0.0103184 
-0.624541  0.656801   -0.344682  0.00661277
-0.712252  0.604279   -0.405976  0.0123805 
-0.712252  0.604279   -0.405976  0.00950668
-0.712252  0.604279   -0.405976  0.00758771
-0.673126  0.62383    -0.379057  0.0128096 
-0.673126  0.62383    -0.379057  0.0100972 
-0.665415  0.682691   -0.382996  0.0100176 
-0.665415  0.682691   -0.382996  0.0119449 
-0.632566  0.675439   -0.355519  0.00921965
-0.6789    0.706199   -0.378587  0.0150683 
-0.637955  0.765093   -0.341776  0.0223686 
-0.57679   0.827959   -0.268396  0.0269707 
-0.560478  0.883358   -0.214     0.038295  
-0.560478  0.883358   -0.214     0.0179988 
-0.487816  0.892809   -0.256318  0.0269848 
-0.430919  0.950627   -0.25316   0.0246557 
-0.407363  1.02208    -0.271265  0.0230235 
-0.361721  0.974449   -0.228492  0.0263285 
-0.452597  0.918784   -0.235092  0.021472  
-0.545017  0.882458   -0.27779   0.0297798 
-0.545017  0.882458   -0.27779   0.0213312 
-0.504025  0.818334   -0.258851  0.0154841 
-0.504025  0.818334   -0.258851  0.0153579 
-0.465273  0.883326   -0.302075  0.0475054 
-0.52886   0.869699   -0.240419  0.0165502 
-0.457833  0.801316   -0.249291  0.0261676 
-0.457833  0.801316   -0.249291  0.0177883 
-0.413014  0.879376   -0.245039  0.0184769 
-0.413014  0.879376   -0.245039  0.0149293 
-0.495178  0.808525   -0.293726  0.0165777 
-0.456878  0.837802   -0.259048  0.0163019 
-0.522627  0.86785    -0.268463  0.0157862 
-0.617529  0.840919   -0.33988   0.0214227 
-0.629826  0.865094   -0.282898  0.0253131 
-0.573782  0.933408   -0.247079  0.0317556 
-0.477533  0.951485   -0.220237  0.0430077 
-0.568393  0.982358   -0.161878  0.0165607 
-0.489766  0.923011   -0.288569  0.0201673 
-0.513469  0.853757   -0.293085  0.0215065 
-0.530921  0.847      -0.268518  0.0136069 
-0.577516  0.807396   -0.301804  0.0144281 
-0.523495  0.748487   -0.291375  0.0119363 
-0.57316   0.714636   -0.304362  0.0152872 
-0.484312  0.755554   -0.263439  0.0201429 
-0.571174  0.797307   -0.287904  0.0210799 
-0.615991  0.839537   -0.29183   0.026914  
-0.612012  0.934569   -0.217702  0.0500904 
-0.612012  0.934569   -0.217702  0.0393486 
-0.553602  0.94992    -0.190709  0.0240259 
-0.596897  0.863566   -0.27735   0.0149063 
-0.501452  0.825309   -0.288474  0.0164091 
-0.600703  0.814988   -0.287202  0.0212553 
-0.678576  0.772787   -0.340118  0.0196291 
-0.678576  0.772787   -0.340118  0.038389  
-0.678576  0.772787   -0.340118  0.0173424 
-0.678576  0.772787   -0.340118  0.00989833
-0.638721  0.674325   -0.378914  0.0125503 
-0.552603  0.685483   -0.290368  0.0124826 
-0.626406  0.749351   -0.342031  0.00864209
-0.661109  0.680978   -0.376527  0.0105704 
-0.601277  0.612121   -0.318667  0.0144723 
-0.601277  0.612121   -0.318667  0.012796  
-0.601277  0.612121   -0.318667  0.00916695
-0.669294  0.58169    -0.379124  0.00797745
-0.759999  0.593202   -0.420779  0.0104084 
-0.727681  0.641378   -0.416164  0.0139831 
-0.682237  0.711417   -0.370893  0.00773843
-0.732197  0.681547   -0.417944  0.0163173 
-0.697388  0.732361   -0.36957   0.0105524 
-0.660568  0.70768    -0.367965  0.00605339
-0.741298  0.645848   -0.432486  0.00603081
-0.773358  0.604509   -0.44476   0.0117792 
-0.773358  0.604509   -0.44476   0.0122466 
-0.773358  0.604509   -0.44476   0.00772731
-0.773358  0.604509   -0.44476   0.0166483 
-0.773358  0.604509   -0.44476   0.00733419
-0.800708  0.58966    -0.453707  0.0111604 
-0.799634  0.689218   -0.417155  0.0169752 
-0.799634  0.689218   -0.417155  0.0117434 
-0.715725  0.711008   -0.389423  0.0236567 
-0.715725  0.711008   -0.389423  0.0137344 
-0.791393  0.734838   -0.392396  0.0310093 
-0.791393  0.734838   -0.392396  0.0116598 
-0.839546  0.660123   -0.415423  0.0232732 
-0.752682  0.686932   -0.393207  0.0206159 
-0.752682  0.686932   -0.393207  0.00575913
-0.765591  0.628151   -0.445359  0.00791624
-0.801893  0.630917   -0.449551  0.0118471 
-0.801893  0.630917   -0.449551  0.0114827 
-0.772426  0.546373   -0.391561  0.00897569
-0.861016  0.581536   -0.428744  0.00724811
-0.890901  0.60415    -0.434899  0.0110777 
-0.890901  0.60415    -0.434899  0.00584093
-0.826497  0.625732   -0.461255  0.011402  
-0.826497  0.625732   -0.461255  0.0149975 
-0.826497  0.625732   -0.461255  0.00851018
-0.826497  0.625732   -0.461255  0.00908567
-0.864048  0.65483    -0.431495  0.00716828
-0.833551  0.596021   -0.434891  0.0116024 
-0.833551  0.596021   -0.434891  0.0114159 
-0.840227  0.61771    -0.428574  0.011372  
-0.838922  0.577147   -0.414782  0.00656139
-0.761245  0.644022   -0.430882  0.00832836
-0.84984   0.587669   -0.429872  0.0112212 
-0.868911  0.620198   -0.414005  0.00989181
-0.933172  0.576972   -0.391923  0.0212278 
-0.933172  0.576972   -0.391923  0.0188448 
-0.933172  0.576972   -0.391923  0.015523  
-0.8641    0.657983   -0.387867  0.0126794 
-0.883268  0.626972   -0.402143  0.0109483 
-0.786676  0.551808   -0.404977  0.00869924
-0.835872  0.572494   -0.422366  0.0110689 
-0.835872  0.572494   -0.422366  0.00692275
-0.808358  0.608801   -0.441785  0.0104736 
-0.718006  0.550841   -0.382134  0.0123763 
-0.760778  0.543323   -0.402103  0.0179109 
-0.760778  0.543323   -0.402103  0.0091872 
-0.829041  0.603716   -0.456345  0.0107258 
-0.797944  0.554298   -0.396402  0.0196727 
-0.875225  0.505361   -0.30399   0.016402  
-0.875225  0.505361   -0.30399   0.012213  
-0.876539  0.545014   -0.3734    0.00816354
-0.833494  0.609494   -0.436515  0.00948328
-0.877798  0.574445   -0.430098  0.0227428 
-0.877798  0.574445   -0.430098  0.0230475 
-0.877798  0.574445   -0.430098  0.0106841 
-0.784537  0.609622   -0.431372  0.00840684
-0.722088  0.636995   -0.420895  0.00995678
-0.690229  0.566679   -0.391631  0.0104195 
-0.690229  0.566679   -0.391631  0.0152793 
-0.690229  0.566679   -0.391631  0.012012  
-0.754619  0.546215   -0.40397   0.0209451 
-0.754619  0.546215   -0.40397   0.0159808 
-0.725634  0.51729    -0.360538  0.0300325 
-0.725634  0.51729    -0.360538  0.00944098
-0.745775  0.563735   -0.402546  0.00968302
-0.798231  0.563672   -0.419293  0.0105647 
-0.798231  0.563672   -0.419293  0.026874  
-0.798231  0.563672   -0.419293  0.00922732
-0.855932  0.576315   -0.419179  0.0238045 
-0.855932  0.576315   -0.419179  0.0200594 
-0.855932  0.576315   -0.419179  0.0176756 
-0.855932  0.576315   -0.419179  0.0142607 
-0.855932  0.576315   -0.419179  0.00770367
-0.784713  0.653452   -0.448874  0.00631682
-0.82727   0.627964   -0.443348  0.0153384 
-0.82727   0.627964   -0.443348  0.00815922
-0.735404  0.580918   -0.427434  0.00803932
-0.809755  0.612517   -0.439178  0.00926601
-0.82528   0.569236   -0.42631   0.00794411
-0.86091   0.594097   -0.437352  0.00878598
-0.872187  0.584211   -0.431351  0.0110113 
-0.971393  0.556178   -0.312378  0.0160389 
-1.04908   0.578213   -0.164905  0.0285577 
-1.06106   0.636004   -0.141598  0.0367699 
-1.06106   0.636004   -0.141598  0.0202063 
-1.06106   0.636004   -0.141598  0.0177318 
-1.06106   0.636004   -0.141598  0.0215101 
-1.0255    0.663627   -0.228561  0.0228741 
-1.0255    0.663627   -0.228561  0.0137091 
-1.02332   0.600497   -0.247126  0.0251266 
-1.01629   0.658348   -0.183829  0.0278653 
-0.922115  0.719521   -0.285746  0.0193814 
-0.936186  0.673204   -0.314786  0.0275554 
-0.936186  0.673204   -0.314786  0.0226569 
-0.933634  0.692962   -0.280963  0.0271217 
-0.933634  0.692962   -0.280963  0.0285173 
-0.940853  0.727754   -0.254911  0.0409809 
-0.940853  0.727754   -0.254911  0.0185246 
-0.855039  0.743817   -0.362014  0.0265064 
-0.767696  0.644521   -0.3921    0.0116537 
-0.813093  0.551273   -0.442657  0.0186296 
-0.813093  0.551273   -0.442657  0.0233552 
-0.813093  0.551273   -0.442657  0.00626748
-0.798126  0.619235   -0.448374  0.0173995 
-0.798126  0.619235   -0.448374  0.00722801
-0.728413  0.634525   -0.417138  0.00709879
-0.697936  0.613712   -0.407478  0.0134006 
-0.776537  0.701964   -0.40384   0.0255385 
-0.776537  0.701964   -0.40384   0.0180706 
-0.813402  0.651393   -0.422276  0.0155089 
-0.836034  0.688094   -0.41986   0.0122    
-0.819025  0.662375   -0.423715  0.00629931
-0.763478  0.606197   -0.428874  0.011468  
-0.750744  0.675659   -0.432337  0.0101086 
-0.783861  0.643119   -0.437452  0.011081  
-0.771115  0.670638   -0.414826  0.00716629
-0.715139  0.603098   -0.412921  0.0105659 
-0.715139  0.603098   -0.412921  0.00687139
-0.80411   0.654843   -0.448839  0.0206077 
-0.80411   0.654843   -0.448839  0.01819   
-0.80411   0.654843   -0.448839  0.0190522 
-0.821231  0.735722   -0.346385  0.0299129 
-0.81654   0.820249   -0.240723  0.0334227 
-0.883858  0.843353   -0.210594  0.0279963 
-0.846232  0.814155   -0.264338  0.0399216 
-0.846232  0.814155   -0.264338  0.0399684 
-0.787767  0.762372   -0.288031  0.0242841 
-0.763714  0.774998   -0.345461  0.0154227 
-0.744278  0.747562   -0.380129  0.00799435
-0.755152  0.683278   -0.440057  0.0165737 
-0.794074  0.724732   -0.390383  0.0323814 
-0.794074  0.724732   -0.390383  0.0117726 
-0.872107  0.669121   -0.42329   0.0160847 
-0.872107  0.669121   -0.42329   0.00974954
-0.814553  0.669371   -0.434813  0.0231027 
-0.814553  0.669371   -0.434813  0.00879335
-0.759694  0.571969   -0.421137  0.0071522 
-0.69823   0.598037   -0.400997  0.00774242
-0.745594  0.58336    -0.420012  0.0105411 
-0.743305  0.555312   -0.393499  0.0203796 
-0.716078  0.488709   -0.290643  0.0110114 
-0.783046  0.547753   -0.398873  0.0272412 
-0.783046  0.547753   -0.398873  0.00771526
-0.860855  0.604174   -0.432277  0.00683372
-0.812023  0.615545   -0.445615  0.0155378 
-0.874515  0.687716   -0.386007  0.0299067 
-0.928888  0.738182   -0.255187  0.0326182 
-0.883151  0.762726   -0.25579   0.0246242 
-0.902013  0.728761   -0.296129  0.036086  
-0.902013  0.728761   -0.296129  0.0155086 
-0.953782  0.6556     -0.353017  0.0147542 
-0.947347  0.627307   -0.338565  0.0104752 
-0.934259  0.563043   -0.338201  0.0135946 
-0.857659  0.538663   -0.368178  0.026395  
-0.857659  0.538663   -0.368178  0.0147142 
-0.910517  0.526286   -0.274357  0.018569  
-0.910517  0.526286   -0.274357  0.00662746
-0.815616  0.622703   -0.456166  0.0090216 
-0.824104  0.661527   -0.438811  0.019603  
-0.915614  0.703011   -0.338849  0.0212014 
-0.950445  0.691623   -0.308985  0.0170648 
-0.878324  0.673084   -0.390998  0.0256021 
-0.878324  0.673084   -0.390998  0.0254524 
-0.878324  0.673084   -0.390998  0.0246524 
-0.878324  0.673084   -0.390998  0.0374097 
-0.878324  0.673084   -0.390998  0.0223492 
-0.878324  0.673084   -0.390998  0.0172601 
-0.803555  0.748577   -0.360641  0.0296833 
-0.803555  0.748577   -0.360641  0.0244128 
-0.803555  0.748577   -0.360641  0.0291282 
-0.803555  0.748577   -0.360641  0.0249257 
-0.803555  0.748577   -0.360641  0.0119718 
-0.780351  0.710661   -0.424738  0.00838255
-0.766589  0.650073   -0.421922  0.00851018
-0.808832  0.64438    -0.441161  0.00904411
-0.808832  0.64438    -0.441161  0.00843877
-0.808832  0.64438    -0.441161  0.00866365
-0.882865  0.600425   -0.423276  0.0293263 
-0.882865  0.600425   -0.423276  0.0175198 
-0.882865  0.600425   -0.423276  0.0172073 
-0.864398  0.513283   -0.305344  0.0318313 
-0.864398  0.513283   -0.305344  0.0152181 
-0.864398  0.513283   -0.305344  0.0119923 
-0.957114  0.557293   -0.317854  0.0128026 
-0.957114  0.557293   -0.317854  0.0125697 
-0.909878  0.544158   -0.351209  0.010452  
-0.912996  0.618384   -0.397418  0.0157485 
-0.912996  0.618384   -0.397418  0.0122429 
-0.912996  0.618384   -0.397418  0.00794524
-0.821519  0.647421   -0.438751  0.00897942
-0.785599  0.572124   -0.443128  0.00760039
-0.739269  0.582442   -0.416943  0.00889062
-0.792509  0.570227   -0.436958  0.00719008
-0.763478  0.590075   -0.441244  0.0155291 
-0.763478  0.590075   -0.441244  0.0201559 
-0.763478  0.590075   -0.441244  0.012053  
-0.847137  0.626321   -0.424419  0.0146529 
-0.887961  0.641686   -0.393015  0.010733  
-0.822479  0.556954   -0.419185  0.0162036 
-0.822479  0.556954   -0.419185  0.011848  
-0.768559  0.548308   -0.410373  0.00722371
-0.716091  0.640855   -0.410691  0.00604584
-0.751269  0.623478   -0.435993  0.00966984
-0.808726  0.565874   -0.428333  0.0150586 
-0.775714  0.525725   -0.378778  0.00771206
-0.708676  0.589887   -0.411201  0.00990079
-0.796169  0.560148   -0.420192  0.0137295 
-0.711867  0.529082   -0.361431  0.0156297 
-0.711867  0.529082   -0.361431  0.012107  
-0.761822  0.541598   -0.365197  0.0201648 
-0.707105  0.49389    -0.350633  0.0235305 
-0.707105  0.49389    -0.350633  0.0447674 
-0.707105  0.49389    -0.350633  0.0459773 
-0.707105  0.49389    -0.350633  0.0373658 
-0.707105  0.49389    -0.350633  0.0115647 
-0.788924  0.551924   -0.412119  0.00732288
-0.836079  0.612104   -0.441376  0.00900419
-0.82797   0.569999   -0.421688  0.00855537
-0.802057  0.572987   -0.428531  0.024343  
-0.802057  0.572987   -0.428531  0.0089307 
-0.873314  0.611567   -0.429989  0.0210128 
-0.873314  0.611567   -0.429989  0.00728557
-0.850273  0.617113   -0.445004  0.0133609 
-0.918415  0.654159   -0.369346  0.0107042 
-0.861579  0.558301   -0.419442  0.00954933
-0.836331  0.569875   -0.419736  0.0134994 
-0.836331  0.569875   -0.419736  0.0232721 
-0.755393  0.658471   -0.412588  0.00744642
-0.689151  0.602941   -0.405151  0.015293  
-0.689151  0.602941   -0.405151  0.0125644 
-0.689151  0.602941   -0.405151  0.0112772 
-0.689151  0.602941   -0.405151  0.0100596 
-0.787992  0.560624   -0.428913  0.00881056
-0.805169  0.655362   -0.434402  0.0081235 
-0.787407  0.578456   -0.42376   0.0209527 
-0.787407  0.578456   -0.42376   0.0150029 
-0.828274  0.527312   -0.357195  0.0195443 
-0.755563  0.497706   -0.306465  0.041954  
-0.755563  0.497706   -0.306465  0.00932078
-0.659648  0.572635   -0.368273  0.0113866 
-0.643064  0.649632   -0.341605  0.00856857
-0.645498  0.637453   -0.371009  0.00688633
-0.700881  0.649702   -0.414191  0.00960053
-0.700881  0.649702   -0.414191  0.00653147
-0.744689  0.645909   -0.427736  0.00708819
-0.805773  0.599961   -0.444777  0.0120579 
-0.745858  0.679107   -0.415604  0.0065054 
-0.763146  0.599406   -0.448546  0.00760643
-0.822722  0.611012   -0.446631  0.00845614
-0.795406  0.622723   -0.439881  0.00539795
-0.74795   0.633388   -0.443198  0.00741969
-0.789719  0.599733   -0.433579  0.0117272 
-0.789719  0.599733   -0.433579  0.00852783
-0.853204  0.608239   -0.428635  0.0100083 
-0.853204  0.608239   -0.428635  0.00745864
-0.826352  0.59691    -0.438314  0.0168251 
-0.908997  0.693255   -0.360755  0.0280784 
-0.908997  0.693255   -0.360755  0.010898  
-0.818897  0.65967    -0.434336  0.00791709
-0.818897  0.65967    -0.434336  0.0151483 
-0.771125  0.644925   -0.42958   0.00625117
-0.782219  0.610809   -0.438312  0.00799838
-0.776408  0.590437   -0.433746  0.00539229
-0.753677  0.645189   -0.439109  0.00679262
-0.746594  0.658713   -0.433748  0.00846486
-0.81724   0.575666   -0.442441  0.0191084 
-0.81724   0.575666   -0.442441  0.0085361 
-0.849972  0.620514   -0.428778  0.00931312
-0.785101  0.686578   -0.421146  0.00673753
-0.829288  0.615636   -0.447236  0.0105395 
-0.81739   0.564601   -0.413314  0.014531  
-0.81739   0.564601   -0.413314  0.0158478 
-0.885147  0.520499   -0.334358  0.0101161 
-0.950901  0.569376   -0.346962  0.0133491 
-0.950901  0.569376   -0.346962  0.0173574 
-0.950901  0.569376   -0.346962  0.0137887 
-0.96473   0.537186   -0.301044  0.0242269 
-0.96473   0.537186   -0.301044  0.0249407 
-0.96473   0.537186   -0.301044  0.0108328 
-0.889651  0.588121   -0.406384  0.014138  
-0.864209  0.67919    -0.409125  0.0190278 
-0.813924  0.708993   -0.368819  0.00792093
-0.807294  0.646306   -0.436213  0.00956937
-0.771139  0.696753   -0.421976  0.0138277 
-0.712705  0.704147   -0.388554  0.0172717 
-0.712705  0.704147   -0.388554  0.0189622 
-0.794285  0.715534   -0.393108  0.00845691
-0.852082  0.632511   -0.441183  0.0178035 
-0.852082  0.632511   -0.441183  0.0116695 
-0.852082  0.632511   -0.441183  0.0157837 
-0.881263  0.671928   -0.375977  0.0275168 
-0.881263  0.671928   -0.375977  0.0362614 
-0.881263  0.671928   -0.375977  0.0243727 
-0.944201  0.720372   -0.271109  0.0246437 
-0.93079   0.728143   -0.264439  0.0100161 
-0.875407  0.655908   -0.422035  0.0139364 
-0.878839  0.645305   -0.391362  0.0125091 
-0.962299  0.592136   -0.329932  0.0207657 
-0.917108  0.680874   -0.341801  0.0110056 
-0.927039  0.58216    -0.374564  0.0177541 
-0.927039  0.58216    -0.374564  0.018971  
-0.927039  0.58216    -0.374564  0.0115665 
-0.927039  0.58216    -0.374564  0.0184047 
-0.927039  0.58216    -0.374564  0.00958782
-0.876479  0.605072   -0.425345  0.0100896 
-0.876479  0.605072   -0.425345  0.0160586 
-0.876408  0.64763    -0.394439  0.00868709
-0.810143  0.573426   -0.413129  0.0228422 
-0.810143  0.573426   -0.413129  0.0180771 
-0.810143  0.573426   -0.413129  0.0126824 
-0.787144  0.540508   -0.388075  0.0232308 
-0.787144  0.540508   -0.388075  0.0298158 
-0.787144  0.540508   -0.388075  0.0120344 
-0.847642  0.547997   -0.391649  0.00888128
-0.907906  0.581566   -0.401764  0.0115106 
-0.873145  0.552824   -0.38433   0.0173021 
-0.873451  0.512147   -0.319539  0.0369175 
-0.873451  0.512147   -0.319539  0.0210082 
-0.873451  0.512147   -0.319539  0.0373165 
-0.873451  0.512147   -0.319539  0.0118595 
-0.804939  0.545837   -0.398998  0.0208219 
-0.804939  0.545837   -0.398998  0.00631584
-0.807638  0.604578   -0.456655  0.00812707
-0.807638  0.604578   -0.456655  0.0108487 
-0.733235  0.553118   -0.401883  0.0114479 
-0.733235  0.553118   -0.401883  0.0248069 
-0.733235  0.553118   -0.401883  0.0130601 
-0.733235  0.553118   -0.401883  0.0165753 
-0.680639  0.510881   -0.309125  0.04005   
-0.680639  0.510881   -0.309125  0.0171159 
-0.647818  0.502922   -0.272669  0.0296665 
-0.647818  0.502922   -0.272669  0.0101184 
-0.68372   0.563193   -0.385114  0.0105631 
-0.68372   0.563193   -0.385114  0.00905808
-0.646591  0.656758   -0.380318  0.00970741
-0.623751  0.632018   -0.335101  0.0128203 
-0.623751  0.632018   -0.335101  0.011743  
-0.623751  0.632018   -0.335101  0.00797128
-0.664561  0.62415    -0.374465  0.00829503
-0.656864  0.607474   -0.365218  0.00735147
-0.720446  0.63503    -0.415228  0.00688743
-0.719078  0.602093   -0.423693  0.00751151
-0.664317  0.632081   -0.380107  0.0103975 
-0.755565  0.677      -0.410432  0.00680771
-0.832819  0.614286   -0.448617  0.0197584 
-0.80138   0.700093   -0.387058  0.00754555
-0.702458  0.655661   -0.41954   0.00928298
-0.710154  0.648253   -0.414301  0.0181792 
-0.78373   0.705186   -0.379673  0.0295371 
-0.78373   0.705186   -0.379673  0.010504  
-0.79768   0.686411   -0.41903   0.0103338 
-0.876953  0.633804   -0.424184  0.00630705
-0.799058  0.602202   -0.442156  0.0115321 
-0.813022  0.668617   -0.405114  0.0118531 
-0.797094  0.70134    -0.417778  0.0199836 
-0.797094  0.70134    -0.417778  0.0165503 
-0.797094  0.70134    -0.417778  0.00671988
-0.849138  0.604453   -0.433037  0.0148794 
-0.848848  0.527435   -0.362085  0.0131708 
-0.848848  0.527435   -0.362085  0.020519  
-0.848848  0.527435   -0.362085  0.0165217 
-0.848848  0.527435   -0.362085  0.017922  
-0.848848  0.527435   -0.362085  0.00730681
-0.759703  0.596835   -0.438567  0.00811361
-0.759815  0.597127   -0.434742  0.0103424 
-0.713079  0.555537   -0.382246  0.0113265 
-0.680124  0.551397   -0.364048  0.00749272
-0.743843  0.583793   -0.417079  0.0234925 
-0.743843  0.583793   -0.417079  0.0132746 
-0.743843  0.583793   -0.417079  0.0106185 
-0.836951  0.631847   -0.431174  0.00804408
-0.789926  0.623426   -0.443346  0.0125578 
-0.789926  0.623426   -0.443346  0.0100503 
-0.810264  0.560049   -0.408899  0.0170752 
-0.810264  0.560049   -0.408899  0.0251704 
-0.810264  0.560049   -0.408899  0.0105912 
-0.810264  0.560049   -0.408899  0.00847163
-0.799609  0.620025   -0.429856  0.02114   
-0.799609  0.620025   -0.429856  0.00893797
-0.716101  0.672851   -0.427077  0.0165957 
-0.771337  0.729815   -0.345239  0.0139426 
-0.799635  0.723745   -0.377515  0.0143186 
-0.859121  0.683023   -0.379956  0.0147001 
-0.857566  0.678261   -0.405383  0.0131236 
-0.857566  0.678261   -0.405383  0.00879861
-0.793945  0.584311   -0.425301  0.00948059
-0.72198   0.562078   -0.391538  0.00792658
-0.681139  0.598976   -0.392642  0.0121438 
-0.681139  0.598976   -0.392642  0.00762637
-0.773913  0.638394   -0.443803  0.0100392 
-0.746568  0.608569   -0.428262  0.0138313 
-0.746568  0.608569   -0.428262  0.00595998
-0.775698  0.629802   -0.453076  0.0114769 
-0.775698  0.629802   -0.453076  0.0107798 
-0.785884  0.697919   -0.4192    0.00727395
-0.694108  0.617749   -0.403922  0.00792475
-0.731395  0.676935   -0.423398  0.0279189 
-0.731395  0.676935   -0.423398  0.0103575 
-0.731395  0.676935   -0.423398  0.0080179 
-0.691847  0.596117   -0.417078  0.00795803
-0.691847  0.596117   -0.417078  0.0135201 
-0.763011  0.529568   -0.364062  0.0120657 
-0.834185  0.546458   -0.394268  0.0203353 
-0.834185  0.546458   -0.394268  0.0159627 
-0.815857  0.522072   -0.36229   0.0127654 
-0.815857  0.522072   -0.36229   0.0279192 
-0.815857  0.522072   -0.36229   0.0206995 
-0.815857  0.522072   -0.36229   0.0261283 
-0.815857  0.522072   -0.36229   0.0212546 
-0.914757  0.486495   -0.194908  0.0202452 
-0.822408  0.492579   -0.24468   0.00990193
-0.807728  0.567985   -0.42563   0.0188648 
-0.810924  0.505105   -0.299356  0.0279004 
-0.810924  0.505105   -0.299356  0.0424554 
-0.810924  0.505105   -0.299356  0.0108996 
-0.901801  0.58619    -0.402805  0.0123751 
-0.901801  0.58619    -0.402805  0.0208622 
-0.873255  0.685126   -0.347849  0.0307963 
-0.873255  0.685126   -0.347849  0.0226513 
-0.873255  0.685126   -0.347849  0.00951843
-0.862664  0.621514   -0.428296  0.0148088 
-0.862664  0.621514   -0.428296  0.0184685 
-0.862664  0.621514   -0.428296  0.0076753 
-0.858069  0.591556   -0.422271  0.0126385 
-0.805519  0.659752   -0.436453  0.0138096 
-0.779917  0.684825   -0.40475   0.00907363
-0.863305  0.591044   -0.41801   0.0135    
-0.863305  0.591044   -0.41801   0.0114454 
-0.843282  0.547925   -0.386611  0.0182585 
-0.843282  0.547925   -0.386611  0.023901  
-0.843282  0.547925   -0.386611  0.0153965 
-0.843282  0.547925   -0.386611  0.00926022
-0.916925  0.578829   -0.388981  0.0143695 
-0.888055  0.588312   -0.392424  0.0214676 
-0.888055  0.588312   -0.392424  0.0138471 
-0.888055  0.588312   -0.392424  0.0108337 
-0.807464  0.67441    -0.427667  0.00705638
-0.821035  0.622639   -0.45017   0.0208157 
-0.821035  0.622639   -0.45017   0.00777029
-0.821035  0.622639   -0.45017   0.00821331
-0.837862  0.59519    -0.424677  0.0143116 
-0.837862  0.59519    -0.424677  0.0123053 
-0.837862  0.59519    -0.424677  0.00945653
-0.764367  0.563618   -0.414227  0.0115648 
-0.764367  0.563618   -0.414227  0.00899312
-0.821716  0.576889   -0.420891  0.0110128 
-0.873302  0.594954   -0.405541  0.0103297 
-0.909902  0.603381   -0.416111  0.0105917 
-0.921452  0.562319   -0.353617  0.0129726 
-0.89677   0.638645   -0.383642  0.0281388 
-0.89677   0.638645   -0.383642  0.0211178 
-0.89677   0.638645   -0.383642  0.00963825
-0.816497  0.564434   -0.434917  0.00652944
-0.797378  0.639608   -0.452575  0.0111949 
-0.856682  0.555096   -0.405831  0.010967  
-0.862531  0.558155   -0.389525  0.0220644 
-0.862531  0.558155   -0.389525  0.018704  
-0.862531  0.558155   -0.389525  0.0207642 
-0.862531  0.558155   -0.389525  0.00734868
-0.818873  0.586674   -0.449886  0.0169375 
-0.818873  0.586674   -0.449886  0.0121112 
-0.818873  0.586674   -0.449886  0.011509  
-0.818873  0.586674   -0.449886  0.0162919 
-0.818873  0.586674   -0.449886  0.0107344 
-0.818873  0.586674   -0.449886  0.0072366 
-0.833185  0.630011   -0.44617   0.0156423 
-0.833185  0.630011   -0.44617   0.0102023 
-0.83704   0.572314   -0.416767  0.0237135 
-0.83704   0.572314   -0.416767  0.0210869 
-0.83704   0.572314   -0.416767  0.00923775
-0.758138  0.568426   -0.415475  0.00937918
-0.690899  0.563953   -0.360294  0.00712897
-0.720641  0.636364   -0.410307  0.00777005
-0.720641  0.636364   -0.410307  0.0148314 
-0.813617  0.661099   -0.414853  0.00879813
-0.780143  0.574365   -0.427249  0.00778642
-0.758787  0.645077   -0.432626  0.00835835
-0.727995  0.684905   -0.420054  0.00652632
-0.796491  0.649548   -0.446262  0.0224311 
-0.796491  0.649548   -0.446262  0.00942852
-0.838501  0.565386   -0.435463  0.0123245 
-0.774024  0.543725   -0.415138  0.0217435 
-0.774024  0.543725   -0.415138  0.0177474 
-0.774024  0.543725   -0.415138  0.0248664 
-0.774024  0.543725   -0.415138  0.0297416 
-0.774024  0.543725   -0.415138  0.00636213
-0.776369  0.627492   -0.447703  0.00735217
-0.862262  0.613136   -0.433961  0.00937408
-0.831625  0.624013   -0.428923  0.00906283
-0.803716  0.663202   -0.442337  0.00706352
-0.731319  0.651554   -0.422851  0.00794719
-0.823444  0.579879   -0.424264  0.0114933 
-0.883559  0.639142   -0.412707  0.0110771 
-0.914897  0.570633   -0.391609  0.00772658
-0.818479  0.618333   -0.439287  0.0134686 
-0.818479  0.618333   -0.439287  0.0122338 
-0.818479  0.618333   -0.439287  0.0100826 
-0.818479  0.618333   -0.439287  0.00856591
-0.851587  0.619051   -0.435798  0.00930602
-0.751687  0.644724   -0.42581   0.0111561 
-0.823049  0.605679   -0.431966  0.0111688 
-0.823049  0.605679   -0.431966  0.00598505
-0.730668  0.614813   -0.417513  0.00947016
-0.790437  0.69517    -0.411192  0.0281274 
-0.790437  0.69517    -0.411192  0.0131668 
-0.721841  0.716095   -0.404739  0.0226102 
-0.721841  0.716095   -0.404739  0.0135298 
-0.808677  0.658366   -0.427594  0.013843  
-0.719764  0.70383    -0.379702  0.00830825
-0.651252  0.618128   -0.374855  0.00970792
-0.651252  0.618128   -0.374855  0.0125621 
-0.651252  0.618128   -0.374855  0.0112082 
-0.733667  0.691496   -0.40402   0.0196574 
-0.733667  0.691496   -0.40402   0.0104277 
-0.724963  0.707387   -0.406236  0.0182493 
-0.671043  0.777737   -0.331784  0.0192811 
-0.683077  0.80054    -0.328139  0.0361829 
-0.683077  0.80054    -0.328139  0.0240291 
-0.683077  0.80054    -0.328139  0.0264363 
-0.683077  0.80054    -0.328139  0.017292  
-0.631934  0.728943   -0.343464  0.0200118 
-0.63296   0.791981   -0.298658  0.0128359 
-0.551403  0.738389   -0.30965   0.013988  
-0.551403  0.738389   -0.30965   0.0143511 
-0.551403  0.738389   -0.30965   0.0118617 
-0.622456  0.72446    -0.337101  0.0146902 
-0.545377  0.799895   -0.290424  0.015127  
-0.545377  0.799895   -0.290424  0.014123  
-0.525608  0.71576    -0.308852  0.0143898 
-0.525608  0.71576    -0.308852  0.0137467 
-0.512275  0.753312   -0.26561   0.0104902 
-0.595362  0.665687   -0.328995  0.00981351
-0.610392  0.643896   -0.314328  0.0128858 
-0.590614  0.549336   -0.266026  0.0269178 
-0.590614  0.549336   -0.266026  0.0107143 
-0.602154  0.587094   -0.312335  0.0135351 
-0.602154  0.587094   -0.312335  0.015141  
-0.602154  0.587094   -0.312335  0.0105614 
-0.644085  0.684139   -0.352501  0.00989225
-0.654109  0.689673   -0.366877  0.00901165
-0.684468  0.651954   -0.399238  0.0072062 
-0.749121  0.589098   -0.447568  0.00960299
-0.801047  0.561889   -0.418682  0.0244078 
-0.801047  0.561889   -0.418682  0.0103153 
-0.846026  0.62739    -0.434237  0.0155898 
-0.846026  0.62739    -0.434237  0.021562  
-0.846026  0.62739    -0.434237  0.0142226 
-0.812711  0.5297     -0.382401  0.0215825 
-0.812711  0.5297     -0.382401  0.0318655 
-0.812711  0.5297     -0.382401  0.0150062 
-0.812711  0.5297     -0.382401  0.0296465 
-0.812711  0.5297     -0.382401  0.0249466 
-0.812711  0.5297     -0.382401  0.0120398 
-0.77585   0.544535   -0.393181  0.0145882 
-0.77585   0.544535   -0.393181  0.0141318 
-0.77585   0.544535   -0.393181  0.0254372 
-0.77585   0.544535   -0.393181  0.00829713
-0.756704  0.584308   -0.421135  0.00739561
-0.756704  0.584308   -0.421135  0.0231379 
-0.756704  0.584308   -0.421135  0.00857264
-0.774573  0.573883   -0.421014  0.00706792
-0.740879  0.666804   -0.432275  0.0185323 
-0.740879  0.666804   -0.432275  0.00647971
-0.820268  0.604899   -0.445649  0.00963738
-0.827567  0.616277   -0.430083  0.0101966 
-0.741013  0.554811   -0.390385  0.00764762
-0.71262   0.649776   -0.410806  0.0162543 
-0.71262   0.649776   -0.410806  0.00707529
-0.766078  0.622875   -0.44113   0.00708527
-0.836223  0.60367    -0.439119  0.00858423
-0.742132  0.682987   -0.423029  0.00771389
-0.673392  0.609694   -0.382719  0.00716897
-0.68876   0.632408   -0.410502  0.00778268
-0.728023  0.671559   -0.412552  0.00868492
-0.72456   0.687848   -0.398721  0.00940297
-0.71009   0.707571   -0.403614  0.00765178
-0.68945   0.632674   -0.404435  0.00577097
-0.76103   0.627159   -0.441748  0.0242697 
-0.76103   0.627159   -0.441748  0.0071824 
-0.786793  0.592465   -0.448424  0.00783845
-0.786793  0.592465   -0.448424  0.0120435 
-0.73084   0.661529   -0.41758   0.0251787 
-0.823328  0.744983   -0.325085  0.0181233 
-0.883103  0.65399    -0.379539  0.00758252
-0.808861  0.600023   -0.44909   0.0134783 
-0.808861  0.600023   -0.44909   0.0108499 
-0.84261   0.637266   -0.431728  0.00910644
-0.78158   0.569818   -0.425005  0.0117861 
-0.78158   0.569818   -0.425005  0.0225039 
-0.78158   0.569818   -0.425005  0.0189991 
-0.788988  0.501037   -0.272926  0.0252959 
-0.728733  0.465754   -0.198784  0.0464913 
-0.728733  0.465754   -0.198784  0.0445265 
-0.728733  0.465754   -0.198784  0.0256578 
-0.728733  0.465754   -0.198784  0.0205646 
-0.812424  0.492208   -0.216579  0.0195303 
-0.890485  0.493548   -0.232369  0.0162075 
-0.857034  0.518893   -0.310488  0.0182868 
-0.857731  0.50665    -0.333992  0.0248712 
-0.857731  0.50665    -0.333992  0.0276157 
-0.857731  0.50665    -0.333992  0.0189481 
-0.857731  0.50665    -0.333992  0.0356684 
-0.857731  0.50665    -0.333992  0.011297  
-0.852799  0.554539   -0.402974  0.0277976 
-0.852799  0.554539   -0.402974  0.0114331 
-0.758779  0.547752   -0.3881    0.00843584
-0.802983  0.643545   -0.435333  0.0190989 
-0.765873  0.742471   -0.361342  0.01749   
-0.805363  0.785871   -0.363238  0.0188188 
-0.723682  0.82086    -0.316809  0.034779  
-0.723682  0.82086    -0.316809  0.017023  
-0.624583  0.838011   -0.287413  0.0167186 
-0.653638  0.738428   -0.3508    0.012157  
-0.653638  0.738428   -0.3508    0.016998  
-0.653638  0.738428   -0.3508    0.0144443 
-0.70523   0.743025   -0.355323  0.0129615 
-0.797165  0.680113   -0.408079  0.0132556 
-0.797165  0.680113   -0.408079  0.0155892 
-0.88965   0.677482   -0.401698  0.0109976 
-0.88965   0.677482   -0.401698  0.00834351
-0.865674  0.590157   -0.42906   0.0057557 
-0.768656  0.640608   -0.449615  0.00798287
-0.73971   0.647719   -0.424123  0.00905085
-0.819069  0.632914   -0.439003  0.0105097 
-0.798793  0.561442   -0.428359  0.0118176 
-0.889805  0.637369   -0.412566  0.0161738 
-0.889805  0.637369   -0.412566  0.00925451
-0.81558   0.644315   -0.445972  0.00726425
-0.746464  0.591056   -0.42342   0.0126249 
-0.746464  0.591056   -0.42342   0.0188582 
-0.746464  0.591056   -0.42342   0.00998437
-0.765252  0.563595   -0.433267  0.0191428 
-0.765252  0.563595   -0.433267  0.00774575
-0.77326   0.655187   -0.430509  0.0158705 
-0.724466  0.750129   -0.374739  0.010054  
-0.641878  0.713702   -0.36532   0.0220169 
-0.641878  0.713702   -0.36532   0.0105811 
-0.675246  0.741367   -0.377131  0.0149538 
-0.675246  0.741367   -0.377131  0.016538  
-0.770634  0.750139   -0.387994  0.0490107 
-0.770634  0.750139   -0.387994  0.0225854 
-0.770634  0.750139   -0.387994  0.0339506 
-0.770634  0.750139   -0.387994  0.0376589 
-0.770634  0.750139   -0.387994  0.0262719 
-0.770634  0.750139   -0.387994  0.0148579 
-0.825493  0.66482    -0.393641  0.00946622
-0.87926   0.57072    -0.402362  0.0097099 
-0.834815  0.565714   -0.431131  0.0148046 
-0.834815  0.565714   -0.431131  0.0165492 
-0.908026  0.512032   -0.274438  0.0192364 
-0.818494  0.500939   -0.268922  0.0413385 
-0.818494  0.500939   -0.268922  0.0310275 
-0.818494  0.500939   -0.268922  0.0244417 
-0.729209  0.478141   -0.241706  0.0117925 
-0.689138  0.545254   -0.384655  0.026824  
-0.689138  0.545254   -0.384655  0.0155226 
-0.689138  0.545254   -0.384655  0.0151137 
-0.689138  0.545254   -0.384655  0.00820544
-0.78649   0.575755   -0.426171  0.0110929 
-0.78649   0.575755   -0.426171  0.00914419
-0.756289  0.668698   -0.4191    0.0335616 
-0.756289  0.668698   -0.4191    0.00807508
-0.799728  0.652977   -0.433508  0.0160956 
-0.799728  0.652977   -0.433508  0.0243071 
-0.799728  0.652977   -0.433508  0.0283905 
-0.799728  0.652977   -0.433508  0.0058764 
-0.808197  0.618613   -0.445637  0.00944669
-0.761284  0.562268   -0.422981  0.0107118 
-0.761284  0.562268   -0.422981  0.00699914
-0.71479   0.603466   -0.42325   0.00902143
-0.705556  0.691961   -0.387869  0.00798182
-0.715009  0.614243   -0.418327  0.00858465
-0.666694  0.579105   -0.378773  0.00774152
-0.690142  0.634789   -0.402919  0.021936  
-0.775232  0.732825   -0.375363  0.0161749 
-0.829165  0.737917   -0.378105  0.0353373 
-0.829165  0.737917   -0.378105  0.039094  
-0.829165  0.737917   -0.378105  0.0156919 
-0.793369  0.704632   -0.387463  0.00786131
-0.834566  0.617311   -0.42204   0.00972687
-0.834566  0.617311   -0.42204   0.0113462 
-0.870469  0.626932   -0.428098  0.00598257
-0.792986  0.615124   -0.454143  0.0104794 
-0.792986  0.615124   -0.454143  0.00882148
-0.762116  0.618251   -0.430903  0.0118432 
-0.762116  0.618251   -0.430903  0.00673552
-0.752373  0.669542   -0.436661  0.0234986 
-0.682605  0.736742   -0.327009  0.0190483 
-0.653911  0.782455   -0.326923  0.0170117 
-0.643353  0.798228   -0.343908  0.0226389 
-0.643353  0.798228   -0.343908  0.0264466 
-0.643353  0.798228   -0.343908  0.0123634 
-0.643353  0.798228   -0.343908  0.0114489 
-0.685314  0.719574   -0.383787  0.00742083
-0.738094  0.667397   -0.420052  0.0122747 
-0.814916  0.679135   -0.411005  0.019779  
-0.793812  0.75807    -0.365456  0.0340187 
-0.812291  0.851235   -0.206425  0.0443823 
-0.762384  0.854863   -0.159954  0.0309223 
-0.770814  0.900371   -0.192964  0.0610424 
-0.770814  0.900371   -0.192964  0.0280046 
-0.686238  0.919691   -0.228613  0.050976  
-0.686238  0.919691   -0.228613  0.0228587 
-0.605902  0.860809   -0.283103  0.0190077 
-0.693531  0.828855   -0.302448  0.0304443 
-0.693531  0.828855   -0.302448  0.0352068 
-0.783844  0.769136   -0.301125  0.0134418 
-0.865305  0.706038   -0.398509  0.0115348 
-0.865305  0.706038   -0.398509  0.0184923 
-0.817242  0.76734    -0.354186  0.0136222 
-0.782609  0.724522   -0.393377  0.0171892 
-0.788222  0.74232    -0.37433   0.0156397 
-0.816274  0.684465   -0.390506  0.00843217
-0.781818  0.664315   -0.43225   0.0150701 
-0.781818  0.664315   -0.43225   0.0151469 
-0.845928  0.692908   -0.39011   0.0283281 
-0.845928  0.692908   -0.39011   0.0337718 
-0.845928  0.692908   -0.39011   0.0278509 
-0.845928  0.692908   -0.39011   0.0173212 
-0.83914   0.71748    -0.365101  0.022227  
-0.871351  0.739058   -0.322292  0.0360748 
-0.934868  0.71011    -0.259366  0.0289    
-0.995736  0.698345   -0.200064  0.0272117 
-0.995736  0.698345   -0.200064  0.0335126 
-0.995736  0.698345   -0.200064  0.0122379 
-0.96747   0.609463   -0.350693  0.0112098 
-0.96747   0.609463   -0.350693  0.0147975 
-0.927756  0.615553   -0.359544  0.0141588 
-0.910848  0.526437   -0.298014  0.015878  
-0.910848  0.526437   -0.298014  0.0237176 
-0.910848  0.526437   -0.298014  0.0263369 
-0.910848  0.526437   -0.298014  0.00958216
-0.860099  0.572918   -0.416139  0.0057722 
-0.806443  0.625306   -0.446706  0.00596582
-0.73215   0.649618   -0.431822  0.00786233
-0.73215   0.649618   -0.431822  0.00899562
-0.659459  0.593813   -0.39768   0.0154049 
-0.659459  0.593813   -0.39768   0.0187353 
-0.752325  0.497508   -0.286477  0.0257126 
-0.752325  0.497508   -0.286477  0.0110417 
-0.775196  0.55105    -0.407656  0.0297867 
-0.775196  0.55105    -0.407656  0.00675586
-0.716789  0.61232    -0.422803  0.0078426 
-0.716815  0.652821   -0.418695  0.00846067
-0.798804  0.604476   -0.43001   0.0075681 
-0.736104  0.58694    -0.431661  0.00815548
-0.819417  0.622022   -0.449406  0.0149887 
-0.819417  0.622022   -0.449406  0.00647349
-0.786442  0.608204   -0.438933  0.0235916 
-0.786442  0.608204   -0.438933  0.00605044
-0.772833  0.608824   -0.429938  0.0259995 
-0.860994  0.656324   -0.40399   0.0193322 
-0.860994  0.656324   -0.40399   0.0275462 
-0.860994  0.656324   -0.40399   0.0135387 
-0.860994  0.656324   -0.40399   0.0241644 
-0.860994  0.656324   -0.40399   0.00674691
-0.780369  0.59634    -0.436793  0.0149458 
-0.880042  0.52843    -0.341507  0.0123872 
-0.937455  0.594303   -0.364455  0.0121972 
-0.937455  0.594303   -0.364455  0.01091   
-0.937455  0.594303   -0.364455  0.0130212 
-0.937455  0.594303   -0.364455  0.0127661 
-0.953551  0.641838   -0.355274  0.0238967 
-0.908144  0.719128   -0.32501   0.044259  
-0.908144  0.719128   -0.32501   0.0214477 
-0.92888   0.674327   -0.334899  0.0301879 
-0.92888   0.674327   -0.334899  0.0104738 
-0.843272  0.628528   -0.4333    0.0153969 
-0.874633  0.67333    -0.391801  0.0105888 
-0.944401  0.580035   -0.340939  0.0149199 
-0.997372  0.597771   -0.254579  0.016761  
-0.997372  0.597771   -0.254579  0.0149368 
-0.899331  0.681819   -0.372176  0.0142213 
-0.887802  0.671522   -0.391651  0.0274739 
-0.887802  0.671522   -0.391651  0.0333112 
-0.887802  0.671522   -0.391651  0.0243736 
-0.887802  0.671522   -0.391651  0.00781901
-0.814492  0.646825   -0.439431  0.0110209 
-0.847246  0.554613   -0.398991  0.0258718 
-0.847246  0.554613   -0.398991  0.0240091 
-0.847246  0.554613   -0.398991  0.0206979 
-0.826036  0.493989   -0.256458  0.0201855 
-0.842469  0.497212   -0.330413  0.0290804 
-0.842469  0.497212   -0.330413  0.0235949 
-0.842469  0.497212   -0.330413  0.00915832
-0.759176  0.567508   -0.424367  0.00938337
-0.759176  0.567508   -0.424367  0.00976386
-0.820251  0.564654   -0.413304  0.0061824 
-0.722887  0.617913   -0.419256  0.00834161
-0.722887  0.617913   -0.419256  0.00711145
-0.748236  0.646702   -0.423245  0.0150219 
-0.748236  0.646702   -0.423245  0.00837304
-0.748236  0.646702   -0.423245  0.0116872 
-0.808928  0.582989   -0.43997   0.0140174 
-0.808928  0.582989   -0.43997   0.0196913 
-0.808928  0.582989   -0.43997   0.0113098 
-0.711136  0.549439   -0.389702  0.00866412
-0.648318  0.637586   -0.367204  0.011676  
-0.599393  0.563681   -0.29636   0.0151909 
-0.644493  0.52223    -0.317051  0.031571  
-0.644493  0.52223    -0.317051  0.0130463 
-0.644493  0.52223    -0.317051  0.0223907 
-0.644493  0.52223    -0.317051  0.0220636 
-0.644493  0.52223    -0.317051  0.023918  
-0.702484  0.476003   -0.206328  0.0130598 
-0.701143  0.529692   -0.352168  0.0166186 
-0.701143  0.529692   -0.352168  0.0125451 
-0.75719   0.541509   -0.39493   0.0238893 
-0.75719   0.541509   -0.39493   0.0173315 
-0.75719   0.541509   -0.39493   0.0109049 
-0.791751  0.551024   -0.399628  0.0236575 
-0.791751  0.551024   -0.399628  0.0198077 
-0.791751  0.551024   -0.399628  0.0118803 
-0.738156  0.547692   -0.411797  0.0186745 
-0.738156  0.547692   -0.411797  0.00662433
-0.814381  0.609497   -0.44071   0.0108978 
-0.837105  0.556465   -0.43516   0.0123989 
-0.883516  0.540859   -0.353839  0.0164598 
-0.903936  0.517858   -0.288139  0.0196694 
-0.903936  0.517858   -0.288139  0.0335564 
-0.903936  0.517858   -0.288139  0.0142091 
-0.852049  0.533735   -0.380277  0.00978026
-0.882077  0.572759   -0.402339  0.00800307
-0.852237  0.582639   -0.434051  0.021152  
-0.852237  0.582639   -0.434051  0.00803639
-0.860001  0.596002   -0.43641   0.0110331 
-0.860001  0.596002   -0.43641   0.01309   
-0.860001  0.596002   -0.43641   0.0134942 
-0.908397  0.536434   -0.330797  0.0163546 
-0.908397  0.536434   -0.330797  0.00876333
-0.867165  0.587989   -0.42446   0.00851753
-0.788564  0.611884   -0.424341  0.0106702 
-0.7819    0.697308   -0.415088  0.0206567 
-0.7819    0.697308   -0.415088  0.0136588 
-0.746739  0.727389   -0.37571   0.0107522 
-0.658151  0.70594    -0.373793  0.0230088 
-0.632812  0.774379   -0.306503  0.0157771 
-0.689671  0.815868   -0.335035  0.0352439 
-0.690424  0.837916   -0.280159  0.0278843 
-0.70474   0.886678   -0.249692  0.0302076 
-0.800867  0.875354   -0.18527   0.0384543 
-0.859049  0.879197   -0.11237   0.0288385 
-0.884387  0.781433   -0.245378  0.0356815 
-0.884387  0.781433   -0.245378  0.0545123 
-0.860689  0.849612   -0.117366  0.0415548 
-0.955042  0.798193   -0.0923115 0.0379072 
-0.859702  0.803466   -0.208137  0.0331547 
-0.81746   0.828596   -0.222411  0.0587508 
-0.81746   0.828596   -0.222411  0.0574616 
-0.81746   0.828596   -0.222411  0.0181775 
-0.839031  0.733786   -0.358039  0.00996794
-0.816456  0.672451   -0.428367  0.011478  
-0.867706  0.642937   -0.4113    0.011766  
-0.87984   0.661009   -0.417471  0.0154674 
-0.891188  0.64633    -0.390057  0.0101929 
-0.843166  0.603557   -0.424298  0.0157664 
-0.843166  0.603557   -0.424298  0.0232598 
-0.88354   0.653657   -0.368003  0.00791374
-0.823644  0.611742   -0.450892  0.0114132 
-0.850123  0.548898   -0.394145  0.0274056 
-0.850123  0.548898   -0.394145  0.0188043 
-0.850123  0.548898   -0.394145  0.00667747
-0.766294  0.645879   -0.436009  0.0100055 
-0.71236   0.710974   -0.3939    0.0126806 
-0.744235  0.705971   -0.394848  0.0167634 
-0.73368   0.714312   -0.378181  0.0284407 
-0.73368   0.714312   -0.378181  0.00759177
-0.727063  0.639106   -0.42387   0.0110367 
-0.727063  0.639106   -0.42387   0.00990439
-0.771814  0.694444   -0.416639  0.0229604 
-0.864112  0.705161   -0.331102  0.0101664 
-0.855353  0.618243   -0.412047  0.0104386 
-0.928072  0.5632     -0.343948  0.0151257 
-0.928072  0.5632     -0.343948  0.0262664 
-0.928072  0.5632     -0.343948  0.0156887 
-0.928072  0.5632     -0.343948  0.00899378
-0.881915  0.594883   -0.411227  0.0121407 
-0.874422  0.653124   -0.422285  0.0106735 
-0.874422  0.653124   -0.422285  0.0216788 
-0.874422  0.653124   -0.422285  0.0281762 
-0.874422  0.653124   -0.422285  0.00722832
-0.830722  0.596062   -0.431145  0.0193902 
-0.830722  0.596062   -0.431145  0.0207578 
-0.836502  0.673558   -0.425617  0.0131468 
-0.911417  0.611018   -0.388018  0.018412  
-0.924171  0.65309    -0.332434  0.0267062 
-0.924171  0.65309    -0.332434  0.0319843 
-0.924171  0.65309    -0.332434  0.0213208 
-0.86679   0.728062   -0.335124  0.0124641 
-0.867477  0.662178   -0.394542  0.00713126
-0.793848  0.642166   -0.445004  0.00791591
-0.793848  0.642166   -0.445004  0.00725591
-0.843317  0.633693   -0.446032  0.0083767 
-0.762699  0.57737    -0.408284  0.007424  
-0.762699  0.57737    -0.408284  0.0185836 
-0.843902  0.509446   -0.337307  0.0381515 
-0.843902  0.509446   -0.337307  0.0132981 
-0.763759  0.535166   -0.378539  0.0311527 
-0.763759  0.535166   -0.378539  0.00698277
-0.799147  0.615906   -0.437861  0.00619271
-0.741959  0.62101    -0.426174  0.0106922 
-0.777926  0.554554   -0.410744  0.00690192
-0.716705  0.611598   -0.419788  0.0104707 
-0.634974  0.573945   -0.354311  0.014331  
-0.634974  0.573945   -0.354311  0.00720415
-0.693173  0.611962   -0.412139  0.0114801 
-0.787636  0.698158   -0.419854  0.0132967 
-0.787636  0.698158   -0.419854  0.0112182 
-0.854835  0.636608   -0.421534  0.0144517 
-0.820249  0.694824   -0.405142  0.00653788
-0.758247  0.597639   -0.432644  0.0206561 
-0.758247  0.597639   -0.432644  0.00734321
-0.695179  0.659479   -0.404551  0.0100846 
-0.695179  0.659479   -0.404551  0.00658485
-0.773449  0.605822   -0.439834  0.0133052 
-0.773449  0.605822   -0.439834  0.0107209 
-0.681899  0.702005   -0.398301  0.0142496 
-0.681899  0.702005   -0.398301  0.0114409 
-0.681899  0.702005   -0.398301  0.0081328 
-0.669208  0.608787   -0.400078  0.00973238
-0.768108  0.604903   -0.451551  0.00855875
-0.768108  0.604903   -0.451551  0.0102668 
-0.768108  0.604903   -0.451551  0.00563236
-0.809857  0.634023   -0.460133  0.0217235 
-0.837463  0.692146   -0.340684  0.0103487 
-0.837511  0.63308    -0.42864   0.00887825
-0.834356  0.584336   -0.449185  0.0170262 
-0.834356  0.584336   -0.449185  0.00623511
-0.757726  0.623922   -0.439088  0.00842383
-0.800232  0.58476    -0.432613  0.0120417 
-0.800232  0.58476    -0.432613  0.0103019 
-0.895045  0.564973   -0.392511  0.0193202 
-0.895045  0.564973   -0.392511  0.0115463 
-0.907457  0.649514   -0.413344  0.018109  
-0.950042  0.655547   -0.342792  0.0171432 
-0.91703   0.679069   -0.354031  0.0116921 
-0.865886  0.638121   -0.425203  0.00880923
-0.865886  0.638121   -0.425203  0.0281303 
-0.865886  0.638121   -0.425203  0.00956143
-0.865886  0.638121   -0.425203  0.0120685 
-0.876132  0.606666   -0.423657  0.0103704 
-0.905456  0.560368   -0.357814  0.0198819 
-0.905456  0.560368   -0.357814  0.0102952 
-0.871368  0.636907   -0.420978  0.0100753 
-0.869347  0.566246   -0.41349   0.00815927
-0.793995  0.650514   -0.432319  0.0090299 
-0.793995  0.650514   -0.432319  0.0179072 
-0.854492  0.723282   -0.364194  0.0207808 
-0.854492  0.723282   -0.364194  0.0158609 
-0.923604  0.630075   -0.366333  0.010501  
-0.9109    0.603005   -0.396054  0.0150058 
-0.9109    0.603005   -0.396054  0.010779  
-0.906487  0.583843   -0.386735  0.0139854 
-0.906487  0.583843   -0.386735  0.0124044 
-0.906487  0.583843   -0.386735  0.00904913
-0.854791  0.57324    -0.432674  0.0199647 
-0.854791  0.57324    -0.432674  0.00800405
-0.854791  0.57324    -0.432674  0.00980362
-0.77378   0.659439   -0.423672  0.00706878
-0.819683  0.593649   -0.436773  0.0170042 
-0.819683  0.593649   -0.436773  0.0115782 
-0.802171  0.667565   -0.413995  0.00914953
-0.79526   0.61513    -0.447984  0.00759415
-0.754952  0.612222   -0.437436  0.00877741
-0.7535    0.570908   -0.430852  0.012352  
-0.7535    0.570908   -0.430852  0.0254458 
-0.7535    0.570908   -0.430852  0.00836867
-0.671395  0.654662   -0.396048  0.00921803
-0.671395  0.654662   -0.396048  0.0123799 
-0.721485  0.677121   -0.404523  0.00830725
-0.721485  0.677121   -0.404523  0.00840453
-0.812027  0.577265   -0.434222  0.0142671 
-0.762079  0.529973   -0.38432   0.0285285 
-0.762079  0.529973   -0.38432   0.00902104
-0.750547  0.567945   -0.400826  0.00926593
-0.820953  0.58565    -0.424684  0.0190774 
-0.820953  0.58565    -0.424684  0.00875462
-0.880464  0.589543   -0.419103  0.00688853
-0.836215  0.616613   -0.445412  0.00799472
-0.755536  0.663496   -0.434778  0.0165691 
-0.755536  0.663496   -0.434778  0.0166444 
-0.755536  0.663496   -0.434778  0.00673464
-0.774143  0.643405   -0.445313  0.00677878
-0.786253  0.622852   -0.434285  0.0128846 
-0.843904  0.69377    -0.421255  0.00762673
-0.830885  0.616673   -0.441662  0.0139436 
-0.830885  0.616673   -0.441662  0.0122173 
-0.830885  0.616673   -0.441662  0.010247  
-0.830885  0.616673   -0.441662  0.0201059 
-0.889073  0.715329   -0.349552  0.0116844 
-0.863865  0.660549   -0.415284  0.0121531 
-0.863865  0.660549   -0.415284  0.0256742 
-0.89461   0.704298   -0.315841  0.0119355 
-0.873936  0.667441   -0.415897  0.0142478 
-0.848025  0.713414   -0.380361  0.0422057 
-0.848025  0.713414   -0.380361  0.0224156 
-0.848025  0.713414   -0.380361  0.0235971 
-0.848025  0.713414   -0.380361  0.00767285
-0.799683  0.6173     -0.434142  0.00643707
-0.749147  0.662517   -0.431512  0.00835042
-0.812459  0.634023   -0.434359  0.00690796
-0.748811  0.595856   -0.425284  0.00974184
-0.654829  0.570349   -0.360423  0.00859238
-0.718074  0.669854   -0.405088  0.00956154
-0.714314  0.684673   -0.397348  0.00571986
-0.744779  0.629859   -0.426491  0.0148647 
-0.839261  0.666295   -0.418272  0.00960204
-0.847471  0.583684   -0.41894   0.00729223
-0.757748  0.672819   -0.430258  0.0118589 
-0.801333  0.666069   -0.425077  0.0106067 
-0.757156  0.678969   -0.427414  0.0085294 
-0.759973  0.651496   -0.431647  0.00688448
-0.811942  0.606459   -0.44698   0.00643248
-0.776959  0.628809   -0.437002  0.00942527
-0.846013  0.567167   -0.416174  0.00699796
-0.759856  0.638522   -0.436895  0.00681757
-0.821005  0.606449   -0.437385  0.0181964 
-0.821005  0.606449   -0.437385  0.00781578
-0.800143  0.586868   -0.438627  0.0119551 
-0.818221  0.544388   -0.36618   0.0138021 
-0.73573   0.533602   -0.395939  0.0270978 
-0.742315  0.461587   -0.184255  0.0183721 
-0.656486  0.502318   -0.318125  0.0353546 
-0.656486  0.502318   -0.318125  0.0105228 
-0.754322  0.556708   -0.383873  0.00774195
-0.725382  0.586498   -0.422808  0.00629869
-0.760614  0.641542   -0.423599  0.0126214 
-0.695669  0.71238    -0.393059  0.00613839
-0.775518  0.627623   -0.443384  0.00688223
-0.73327   0.596764   -0.428886  0.00779869
-0.701638  0.675768   -0.401247  0.00760088
-0.749177  0.619788   -0.426264  0.0150944 
-0.801466  0.685399   -0.420462  0.0141286 
-0.801466  0.685399   -0.420462  0.00801195
-0.806396  0.651148   -0.436642  0.0109385 
-0.736502  0.551822   -0.396119  0.00896978
-0.642808  0.633388   -0.349835  0.0101163 
-0.644084  0.698654   -0.362566  0.00910597
-0.671864  0.688547   -0.38921   0.00872974
-0.648481  0.595659   -0.361509  0.0100701 
-0.641512  0.679956   -0.370605  0.00710677
-0.69591   0.622499   -0.41195   0.00726101
-0.697062  0.642508   -0.412624  0.00821304
-0.658805  0.603276   -0.365794  0.00927923
-0.616714  0.653109   -0.328097  0.0131902 
-0.590864  0.720777   -0.33197   0.00965297
-0.685585  0.672679   -0.39007   0.00961007
-0.705431  0.709518   -0.418479  0.0110993 
-0.749622  0.676037   -0.419496  0.0092169 
-0.75284   0.642356   -0.43632   0.0102416 
-0.75284   0.642356   -0.43632   0.0103798 
-0.75284   0.642356   -0.43632   0.00778043
-0.707802  0.687917   -0.404118  0.00821841
-0.763884  0.654158   -0.433123  0.0101779 
-0.780735  0.662194   -0.423583  0.0132051 
-0.780735  0.662194   -0.423583  0.00717027
-0.833573  0.594899   -0.446053  0.0154321 
-0.833573  0.594899   -0.446053  0.0088612 
-0.833573  0.594899   -0.446053  0.0160495 
-0.833573  0.594899   -0.446053  0.0189125 
-0.833573  0.594899   -0.446053  0.00862016
-0.833573  0.594899   -0.446053  0.0106996 
-0.828039  0.614716   -0.434147  0.0109959 
-0.863067  0.647896   -0.414156  0.00738021
-0.833016  0.605157   -0.44333   0.014483  
-0.771588  0.680086   -0.413589  0.0106936 
-0.76552   0.66259    -0.421895  0.00667418
-0.823246  0.626923   -0.453789  0.0241559 
-0.823246  0.626923   -0.453789  0.0180264 
-0.882231  0.673254   -0.399357  0.0110908 
-0.830995  0.673004   -0.425836  0.0237243 
-0.830995  0.673004   -0.425836  0.0199413 
-0.928509  0.677685   -0.33177   0.00809295
-0.834164  0.62019    -0.436343  0.0191974 
-0.770991  0.713325   -0.397275  0.017723  
-0.798823  0.694478   -0.39064   0.0168066 
-0.841394  0.735748   -0.369771  0.0116642 
-0.884267  0.642462   -0.414838  0.016712  
-0.884267  0.642462   -0.414838  0.0263161 
-0.884267  0.642462   -0.414838  0.0260705 
-0.884267  0.642462   -0.414838  0.00593146
-0.785885  0.639933   -0.452074  0.0135645 
-0.785885  0.639933   -0.452074  0.00920032
-0.744815  0.567818   -0.423628  0.0121271 
-0.782628  0.545947   -0.401359  0.0121789 
-0.853032  0.6399     -0.411202  0.0144467 
-0.82053   0.687599   -0.417784  0.00649475
-0.75416   0.603185   -0.43852   0.00916796
-0.82552   0.67125    -0.431624  0.0211366 
-0.843742  0.663563   -0.391063  0.00911836
-0.76794   0.564879   -0.419165  0.0132076 
-0.76794   0.564879   -0.419165  0.00856739
-0.745908  0.643612   -0.438345  0.0151721 
-0.76181   0.696556   -0.402231  0.00789225
-0.688341  0.635697   -0.401657  0.0096004 
-0.688341  0.635697   -0.401657  0.00979701
-0.628765  0.669563   -0.373253  0.00761265
-0.728576  0.674869   -0.431784  0.0132551 
-0.756325  0.689553   -0.391471  0.0118354 
-0.727654  0.75625    -0.385097  0.0465898 
-0.727654  0.75625    -0.385097  0.0220339 
-0.734784  0.815448   -0.325512  0.0258305 
-0.734784  0.815448   -0.325512  0.0223849 
-0.789806  0.766738   -0.341519  0.0197416 
-0.740346  0.799625   -0.313626  0.0178955 
-0.778723  0.740532   -0.359786  0.0127219 
-0.753779  0.735296   -0.400494  0.0136877 
-0.764274  0.70088    -0.40675   0.0189994 
-0.764274  0.70088    -0.40675   0.00721293
-0.824034  0.63317    -0.436784  0.00760526
-0.781056  0.585524   -0.448714  0.0168035 
-0.781056  0.585524   -0.448714  0.0114062 
-0.685094  0.543011   -0.373869  0.0082453 
-0.776123  0.577887   -0.437986  0.0131472 
-0.776123  0.577887   -0.437986  0.00730281
-0.694791  0.60501    -0.409868  0.0155398 
-0.736157  0.516588   -0.326908  0.011025  
-0.77191   0.551324   -0.390247  0.00627913
-0.726206  0.623922   -0.428713  0.00791086
-0.778955  0.634953   -0.435225  0.0204704 
-0.778955  0.634953   -0.435225  0.0178756 
-0.778955  0.634953   -0.435225  0.00812914
-0.681748  0.619929   -0.391089  0.0118043 
-0.780457  0.544486   -0.409353  0.0169237 
-0.780457  0.544486   -0.409353  0.00956177
-0.792642  0.572588   -0.431231  0.00767502
-0.793421  0.583134   -0.430693  0.0068933 
-0.869032  0.608565   -0.429961  0.0118056 
-0.869032  0.608565   -0.429961  0.0144298 
-0.806524  0.527634   -0.382305  0.0226849 
-0.806524  0.527634   -0.382305  0.00806908
-0.710719  0.616571   -0.408919  0.00902504
-0.641236  0.619052   -0.371284  0.0132791 
-0.641236  0.619052   -0.371284  0.0114806 
-0.640922  0.553752   -0.347767  0.016458  
-0.740469  0.513031   -0.305634  0.00934757
-0.743023  0.56982    -0.421177  0.00790736
-0.743023  0.56982    -0.421177  0.0114383 
-0.743023  0.56982    -0.421177  0.0145672 
-0.743023  0.56982    -0.421177  0.0205623 
-0.743023  0.56982    -0.421177  0.00971023
-0.804946  0.642777   -0.449418  0.0225199 
-0.754558  0.65647    -0.398803  0.00828021
-0.720689  0.70467    -0.420002  0.00999794
-0.739925  0.699452   -0.405962  0.00864444
-0.752459  0.673908   -0.425195  0.00732036
-0.769443  0.658384   -0.433985  0.0180064 
-0.727885  0.724356   -0.368641  0.0138044 
-0.730772  0.72312    -0.379522  0.0136219 
-0.654387  0.716744   -0.341869  0.0100654 
-0.64534   0.676425   -0.353606  0.00840573
-0.680108  0.658312   -0.392534  0.0158097 
-0.680108  0.658312   -0.392534  0.0119507 
-0.641532  0.738653   -0.346555  0.0134479 
-0.740425  0.707726   -0.383506  0.0124487 
-0.811229  0.681095   -0.409315  0.0204358 
-0.811229  0.681095   -0.409315  0.00895773
-0.821478  0.667544   -0.444389  0.00575218
-0.786153  0.632565   -0.450092  0.00739045
-0.697685  0.59527    -0.400226  0.00735281
-0.726263  0.590889   -0.430445  0.00792938
-0.71307   0.580611   -0.413575  0.00940734
-0.71307   0.580611   -0.413575  0.00846411
-0.71307   0.580611   -0.413575  0.00893974
-0.71307   0.580611   -0.413575  0.0204126 
-0.71307   0.580611   -0.413575  0.00782727
-0.697095  0.661529   -0.411388  0.0110423 
-0.697095  0.661529   -0.411388  0.0106805 
-0.697095  0.661529   -0.411388  0.00795477
-0.722356  0.595781   -0.417962  0.013013  
-0.821881  0.538288   -0.403709  0.0110361 
-0.92076   0.600892   -0.405562  0.0104647 
-0.855698  0.621808   -0.428101  0.0080798 
-0.865627  0.610599   -0.4324    0.00733699
-0.788201  0.632922   -0.455795  0.00670324
-0.733319  0.645835   -0.438357  0.012771  
-0.733319  0.645835   -0.438357  0.00614749
-0.753777  0.606452   -0.438068  0.00693523
-0.753777  0.606452   -0.438068  0.0146214 
-0.753777  0.606452   -0.438068  0.00960059
-0.76741   0.564191   -0.423355  0.0135684 
-0.828789  0.661175   -0.418133  0.0100668 
-0.890934  0.567562   -0.391379  0.0133586 
-0.912047  0.611753   -0.390095  0.00630573
-0.820424  0.632286   -0.456927  0.015806  
-0.820424  0.632286   -0.456927  0.00771313
-0.848809  0.614883   -0.434417  0.0108792 
-0.848809  0.614883   -0.434417  0.0168735 
-0.811855  0.701001   -0.355701  0.00809679
-0.795088  0.611535   -0.441391  0.0103985 
-0.817075  0.553866   -0.367738  0.0148066 
-0.821186  0.526946   -0.383156  0.0237395 
-0.821186  0.526946   -0.383156  0.0121909 
-0.909036  0.543665   -0.337439  0.00931806
-0.846562  0.604247   -0.439981  0.00553926
-0.761388  0.606648   -0.439369  0.00862162
-0.855311  0.647433   -0.436556  0.00802709
-0.855311  0.647433   -0.436556  0.00785137
-0.761056  0.636078   -0.433663  0.010171  
-0.761056  0.636078   -0.433663  0.00873558
-0.761056  0.636078   -0.433663  0.00807583
-0.83856   0.626419   -0.429981  0.00771218
-0.762723  0.588059   -0.430668  0.0158967 
-0.762723  0.588059   -0.430668  0.00645086
-0.730792  0.603144   -0.419894  0.0081951 
-0.751313  0.621858   -0.417908  0.00765335
-0.706805  0.600915   -0.421939  0.00852565
-0.731659  0.573717   -0.422844  0.00881333
-0.641627  0.638946   -0.35217   0.0125376 
-0.703021  0.724278   -0.361136  0.0141445 
-0.71948   0.703518   -0.381356  0.00992919
-0.682298  0.68221    -0.390836  0.00669841
-0.729117  0.65815    -0.439751  0.00817859
-0.739884  0.692123   -0.430596  0.0284268 
-0.739884  0.692123   -0.430596  0.00611421
-0.762692  0.643538   -0.439068  0.00991047
-0.679193  0.568636   -0.382002  0.011056  
-0.588135  0.659456   -0.324919  0.0104538 
-0.668255  0.562371   -0.365564  0.0197688 
-0.668255  0.562371   -0.365564  0.00931192
-0.668804  0.573125   -0.365458  0.0112015 
-0.6298    0.552874   -0.302398  0.0122868 
-0.6298    0.552874   -0.302398  0.0125515 
-0.547824  0.633735   -0.265157  0.0101252 
-0.642663  0.578597   -0.363764  0.0155533 
-0.723706  0.516431   -0.322006  0.0320827 
-0.723706  0.516431   -0.322006  0.0277747 
-0.723706  0.516431   -0.322006  0.0357013 
-0.723706  0.516431   -0.322006  0.0136303 
