#MU        SIGMA      ENERGY     ERROR     
-0.0297988 1.29905    0.278475   0.128126  
0.0431659  1.35784    0.402863   0.0642259 
0.106802   1.29166    0.136151   0.0787206 
0.0970898  1.28043    0.129498   0.0569024 
0.00261887 1.18364    -0.083295  0.0704573 
0.0347512  1.28051    0.114801   0.103511  
0.069278   1.29446    0.338735   0.0468167 
0.0602182  1.23856    -0.0157373 0.0610288 
0.0638319  1.20282    -0.0172315 0.0267941 
0.0469138  1.1333     -0.230049  0.0674164 
0.0704799  1.16857    -0.0794892 0.0570963 
-0.00167465 1.16765    -0.0831685 0.0343149 
0.0765006  1.13413    -0.176399  0.0304676 
0.108763   1.0998     -0.213895  0.0378447 
0.0937523  1.15071    -0.166617  0.0445655 
0.0937523  1.15071    -0.166617  0.0507944 
0.00455426 1.0638     -0.167417  0.019672  
-0.024318  0.999149   -0.219526  0.0248044 
-0.0686299 1.02741    -0.255048  0.0247424 
-0.125573  1.03478    -0.24322   0.0302694 
-0.141203  1.08017    -0.176843  0.0218498 
-0.222317  0.985177   -0.223109  0.0162062 
-0.211069  0.933025   -0.240004  0.0168711 
-0.145528  0.928509   -0.248221  0.0165338 
-0.0831502 0.909127   -0.250237  0.017977  
-0.151039  0.933396   -0.237713  0.016978  
-0.224571  0.850361   -0.176122  0.0278244 
-0.234006  0.900121   -0.199935  0.0163125 
-0.142403  0.923856   -0.251377  0.0176539 
-0.162419  0.866055   -0.215087  0.0168952 
-0.193668  0.850108   -0.170116  0.0178832 
-0.183226  0.810988   -0.150242  0.0179072 
-0.146349  0.813397   -0.141845  0.0159901 
-0.189207  0.863502   -0.185116  0.0181959 
-0.281463  0.954699   -0.265458  0.0217209 
-0.186059  1.01796    -0.239641  0.0266145 
-0.139942  1.08255    -0.254826  0.0243637 
-0.0400336 1.05713    -0.229104  0.0237188 
-0.0876247 1.00839    -0.232768  0.0224074 
-0.0892107 0.988836   -0.209984  0.0265037 
-0.103857  1.07078    -0.206139  0.0167049 
-0.186084  0.974906   -0.254505  0.0240291 
-0.088758  1.0478     -0.241958  0.0206924 
-0.153446  1.0148     -0.267483  0.0494571 
-0.196696  1.1034     -0.169611  0.052323  
-0.183473  1.18121    -0.139994  0.0477508 
-0.246505  1.13494    -0.0840822 0.0314904 
-0.275236  1.07741    -0.229397  0.0499916 
-0.234704  1.13218    -0.138384  0.0632908 
-0.301123  1.20115    -0.0103013 0.0352846 
-0.25355   1.1743     -0.119066  0.02687   
-0.292675  1.12545    -0.194513  0.0578028 
-0.292675  1.12545    -0.194513  0.0333491 
-0.388937  1.05876    -0.178713  0.0506067 
-0.388937  1.05876    -0.178713  0.0380585 
-0.405522  1.09628    -0.0868756 0.0414186 
-0.326528  1.13697    -0.10556   0.0332134 
-0.241281  1.05613    -0.193378  0.0277853 
-0.222058  1.01339    -0.231356  0.0202463 
-0.275344  0.940499   -0.250675  0.0167682 
-0.217369  0.845853   -0.176985  0.0195148 
-0.134328  0.764747   -0.0713085 0.0195044 
-0.191438  0.727522   -0.0177692 0.0227387 
-0.248035  0.637272   0.12698    0.0257537 
-0.248035  0.637272   0.12698    0.0277536 
-0.248035  0.637272   0.12698    0.0250243 
-0.315997  0.546378   0.171203   0.0206697 
-0.361143  0.596377   0.0707442  0.0193468 
-0.352576  0.669314   -0.0788312 0.0176224 
-0.428653  0.642929   -0.124743  0.014694  
-0.483012  0.742516   -0.250429  0.015007  
-0.469199  0.693352   -0.18357   0.0160452 
-0.462492  0.649595   -0.161096  0.0138597 
-0.542565  0.56399    -0.226734  0.016094  
-0.542565  0.56399    -0.226734  0.0103678 
-0.600814  0.633645   -0.313092  0.0116001 
-0.62556   0.562191   -0.33982   0.0251212 
-0.698039  0.464514   -0.155404  0.0169236 
-0.665929  0.49739    -0.222481  0.0088797 
-0.728805  0.569905   -0.409281  0.00919984
-0.697603  0.571531   -0.392376  0.0115883 
-0.613995  0.556769   -0.294629  0.0130155 
-0.540761  0.588312   -0.232921  0.0154022 
-0.487359  0.586802   -0.131386  0.0175544 
-0.507067  0.507592   -0.115467  0.0245938 
-0.507067  0.507592   -0.115467  0.0178277 
-0.455815  0.573581   -0.0951345 0.0236329 
-0.356478  0.494036   0.199691   0.0245279 
-0.275682  0.573272   0.236103   0.0214461 
-0.347266  0.540559   0.193322   0.017848  
-0.439729  0.534366   -0.022254  0.0214031 
-0.411418  0.538997   0.0122367  0.0179741 
-0.503357  0.500682   -0.124734  0.0152226 
-0.507465  0.521061   -0.112059  0.0186501 
-0.511689  0.463579   -0.00932267 0.0195975 
-0.461902  0.469101   0.0295405  0.027728  
-0.394737  0.403295   0.314817   0.0278301 
-0.42617   0.407471   0.248838   0.0241951 
-0.50325   0.452245   -0.0317061 0.0293215 
-0.437264  0.398392   0.266539   0.0938835 
-0.437264  0.398392   0.266539   0.0189504 
-0.495994  0.476451   -0.0366158 0.0184736 
-0.445969  0.499173   0.0404397  0.0230876 
-0.445969  0.499173   0.0404397  0.0229367 
-0.354986  0.527987   0.198923   0.023881  
-0.349097  0.435927   0.4268     0.027023  
-0.44003   0.433646   0.123201   0.0275418 
-0.420983  0.390744   0.314437   0.0473481 
-0.420983  0.390744   0.314437   0.0186201 
-0.447527  0.472323   0.0946105  0.0225921 
-0.416637  0.463643   0.139298   0.0205715 
-0.443007  0.436892   0.163187   0.0475255 
-0.482734  0.357491   0.472875   0.103945  
-0.482734  0.357491   0.472875   0.0192331 
-0.431583  0.450649   0.145344   0.0256736 
-0.401679  0.429193   0.221015   0.0204339 
-0.468033  0.451534   0.0939908  0.0427995 
-0.455612  0.358337   0.428656   0.0378056 
-0.53902   0.394292   0.185515   0.0201995 
-0.476673  0.477876   -0.00865776 0.0333063 
-0.508697  0.40112    0.13683    0.0213731 
-0.423591  0.485012   0.0997549  0.0194797 
-0.425468  0.538211   0.00199791 0.0165718 
-0.467131  0.635814   -0.203173  0.0145296 
-0.503161  0.600078   -0.194508  0.0165682 
-0.575524  0.503259   -0.201146  0.0142729 
-0.506859  0.601812   -0.177542  0.0163771 
-0.485092  0.576321   -0.155711  0.0192686 
-0.43471   0.492183   0.0685309  0.0216141 
-0.456067  0.486912   -0.0149004 0.0254575 
-0.500998  0.44304    -0.000228223 0.0230051 
-0.566752  0.458088   -0.143883  0.0415765 
-0.566752  0.458088   -0.143883  0.0164059 
-0.596677  0.498398   -0.186873  0.0137085 
-0.546114  0.525547   -0.185366  0.0156388 
-0.513662  0.515606   -0.106866  0.0173257 
-0.433152  0.559718   -0.00297378 0.0172429 
-0.470742  0.490185   0.0128859  0.0172302 
-0.473357  0.572644   -0.128228  0.0179934 
-0.553181  0.479495   -0.126633  0.0278391 
-0.550932  0.425911   -0.00398937 0.0170632 
-0.555473  0.497242   -0.169598  0.0149645 
-0.523623  0.54095    -0.174451  0.0131894 
-0.568442  0.571234   -0.289407  0.0114094 
-0.597958  0.569215   -0.290564  0.00975704
-0.612803  0.625395   -0.343247  0.0116992 
-0.579023  0.628209   -0.320896  0.015419  
-0.579023  0.628209   -0.320896  0.0124021 
-0.579023  0.628209   -0.320896  0.00934791
-0.677214  0.632865   -0.403681  0.0106313 
-0.637273  0.726657   -0.37713   0.0109166 
-0.594661  0.68696    -0.30947   0.0129194 
-0.594661  0.68696    -0.30947   0.0149978 
-0.498645  0.694554   -0.220805  0.015642  
-0.43666   0.754217   -0.23427   0.0176877 
-0.401867  0.677289   -0.147728  0.0144542 
-0.47518   0.697126   -0.198167  0.0158821 
-0.442419  0.701945   -0.171719  0.0157509 
-0.460439  0.658807   -0.165271  0.016764  
-0.466904  0.597045   -0.129436  0.0163086 
-0.46963   0.536454   -0.0554024 0.0132616 
-0.548249  0.604932   -0.251949  0.0116425 
-0.58299   0.643998   -0.319778  0.0162164 
-0.4907    0.572517   -0.176775  0.0173414 
-0.465993  0.588778   -0.109652  0.019019  
-0.465993  0.588778   -0.109652  0.0157355 
-0.458566  0.66015    -0.142633  0.0133488 
-0.518144  0.758866   -0.265507  0.0172147 
-0.536885  0.850093   -0.306683  0.0233772 
-0.464988  0.914132   -0.262335  0.0289535 
-0.375342  0.949344   -0.227584  0.0325738 
-0.373518  0.869856   -0.208366  0.0158621 
-0.352827  0.821923   -0.235348  0.0172435 
-0.407347  0.780259   -0.227354  0.0139626 
-0.389867  0.846965   -0.272249  0.015289  
-0.297264  0.864313   -0.240395  0.0163656 
-0.35349   0.764737   -0.149186  0.0185699 
-0.35262   0.699417   -0.127293  0.0168101 
-0.331408  0.779122   -0.155961  0.0187793 
-0.263288  0.756237   -0.128896  0.0168295 
-0.328372  0.802398   -0.184172  0.0186461 
-0.246734  0.708404   -0.00620054 0.0188574 
-0.296173  0.70281    -0.0616439 0.0190648 
-0.244661  0.760523   -0.0981444 0.0188843 
-0.336928  0.712603   -0.125348  0.0169974 
-0.404337  0.702614   -0.161178  0.0146768 
-0.455079  0.741765   -0.218723  0.0156784 
-0.407235  0.809264   -0.232405  0.0167434 
-0.311737  0.799027   -0.189293  0.0171824 
-0.388446  0.700246   -0.124284  0.0187404 
-0.304893  0.714267   -0.0490862 0.0178196 
-0.233748  0.78034    -0.123172  0.017835  
-0.19128   0.795054   -0.118374  0.0160378 
-0.152424  0.861093   -0.19756   0.0167711 
-0.196567  0.839886   -0.15974   0.0171625 
-0.288424  0.891192   -0.217078  0.0195463 
-0.35275   0.973907   -0.261335  0.0203815 
-0.333027  0.916627   -0.222423  0.0171825 
-0.346425  0.93094    -0.235898  0.0155364 
-0.39048   0.861161   -0.237922  0.0217646 
-0.440841  0.958487   -0.26626   0.0256587 
-0.440841  0.958487   -0.26626   0.0373342 
-0.527017  1.00501    -0.152494  0.0270475 
-0.540949  0.917504   -0.277727  0.0241887 
-0.553137  0.937259   -0.266372  0.020264  
-0.457199  0.844846   -0.27813   0.0148115 
-0.502398  0.783262   -0.31358   0.0160083 
-0.432368  0.840781   -0.273447  0.0155269 
-0.46499   0.778272   -0.230533  0.0164434 
-0.379588  0.7659     -0.203794  0.0170347 
-0.375068  0.716666   -0.125636  0.0215713 
-0.275502  0.651576   0.0511785  0.0258668 
-0.250211  0.610108   0.154546   0.0209419 
-0.270611  0.684057   -0.00578366 0.0181553 
-0.357488  0.716031   -0.103851  0.018199  
-0.281716  0.769402   -0.143726  0.0161677 
-0.298212  0.856255   -0.249546  0.0164267 
-0.261086  0.896351   -0.246304  0.017511  
-0.277369  0.983804   -0.304179  0.0283821 
-0.34133   0.930424   -0.188616  0.0186114 
-0.436735  0.916388   -0.267223  0.0173355 
-0.404193  0.9102     -0.266049  0.0247297 
-0.452665  0.95635    -0.218416  0.041741  
-0.526243  0.95138    -0.199918  0.0215915 
-0.482733  0.877813   -0.268253  0.0178343 
-0.435504  0.874988   -0.266125  0.0160034 
-0.407481  0.790197   -0.226458  0.0146593 
-0.425053  0.857926   -0.265453  0.0204474 
-0.425053  0.857926   -0.265453  0.0160034 
-0.417559  0.7959     -0.228012  0.0176615 
-0.422327  0.798676   -0.222619  0.0216767 
-0.515769  0.895511   -0.263087  0.0214359 
-0.594271  0.868131   -0.2663    0.0167654 
-0.499108  0.848993   -0.299725  0.0196274 
-0.412933  0.93384    -0.266488  0.019727  
-0.451813  0.924838   -0.275452  0.0183687 
-0.36339   0.932373   -0.259516  0.022249  
-0.359152  0.971643   -0.26678   0.0388515 
-0.308534  1.03849    -0.178148  0.031431  
-0.362689  1.09012    -0.209569  0.0265704 
-0.370568  1.01591    -0.212304  0.025994  
-0.327004  1.00394    -0.209658  0.0286153 
-0.388215  1.10204    -0.217572  0.0252534 
-0.389306  1.00932    -0.249764  0.02726   
-0.345249  1.01225    -0.222677  0.016998  
-0.329875  0.964448   -0.257093  0.0167179 
-0.339499  0.936387   -0.27305   0.0170756 
-0.31382   0.845636   -0.197389  0.0247521 
-0.314792  0.912583   -0.264766  0.016496  
-0.225369  0.835718   -0.186364  0.0197555 
-0.18838   0.73811    -0.0631024 0.0208198 
-0.206796  0.695595   0.0433611  0.0230335 
-0.22992   0.639052   0.138992   0.0281719 
-0.199516  0.565365   0.385841   0.0340027 
-0.247534  0.472287   0.470237   0.0352789 
-0.192599  0.489057   0.584069   0.032845  
-0.132357  0.512973   0.639752   0.0271474 
-0.191057  0.560193   0.401451   0.0287331 
-0.146476  0.58256    0.341014   0.0295975 
-0.211811  0.533085   0.416957   0.0277077 
-0.128193  0.596928   0.297542   0.0240376 
-0.120312  0.654383   0.15388    0.0233497 
-0.198666  0.652358   0.0943927  0.0182416 
-0.288433  0.748509   -0.0978376 0.0199787 
-0.205139  0.755428   -0.0854197 0.0221781 
-0.253908  0.666669   0.0118788  0.0235317 
-0.203612  0.652481   0.125089   0.0227425 
-0.182474  0.683582   0.0992843  0.018719  
-0.253096  0.73261    -0.0675495 0.0227213 
-0.224251  0.667988   0.0325228  0.0235551 
-0.224251  0.667988   0.0325228  0.0246666 
-0.206564  0.641828   0.0718031  0.0292696 
-0.123677  0.596471   0.259954   0.0362676 
-0.108882  0.535932   0.4724     0.0419142 
-0.108882  0.535932   0.4724     0.031746  
-0.0488919 0.550132   0.537058   0.0299305 
-0.118994  0.548035   0.500031   0.0362179 
-0.118994  0.548035   0.500031   0.0286472 
-0.108462  0.570092   0.445381   0.0313083 
-0.0111234 0.572965   0.396846   0.0271003 
-0.109862  0.608189   0.239862   0.0315502 
-0.209842  0.522644   0.448198   0.0269091 
-0.127396  0.602724   0.342863   0.0254098 
-0.182717  0.6254     0.192517   0.0226266 
-0.0877912 0.694833   0.113527   0.0284606 
0.00241188 0.626032   0.204157   0.0269758 
0.0536174  0.640667   0.216962   0.0241334 
0.151646   0.672463   0.0799977  0.0227246 
0.0780305  0.685126   0.110745   0.0192812 
0.0536507  0.773329   -0.0555553 0.0250156 
-0.0237619 0.675318   0.110885   0.0203451 
-0.0451455 0.747185   -0.0243988 0.0228838 
-0.112156  0.650347   0.244017   0.0208209 
-0.140538  0.722873   -0.0260922 0.0200383 
-0.0604684 0.763996   -0.0509758 0.0170321 
-0.140796  0.839829   -0.198935  0.018625  
-0.155326  0.757562   -0.0468597 0.0241428 
-0.0740366 0.661877   0.167412   0.0237688 
-0.0781814 0.667347   0.152171   0.0272928 
-0.0781814 0.667347   0.152171   0.0235395 
0.015978   0.683129   0.141261   0.025079  
0.0129062  0.659164   0.161228   0.0215464 
-0.0288231 0.729014   0.00236134 0.0203692 
0.0226833  0.763471   -0.046457  0.0176192 
0.0839722  0.816837   -0.115234  0.0223399 
0.00153027 0.781322   -0.0853307 0.0228841 
0.0482022  0.690154   0.105573   0.0204352 
0.140175   0.736619   -0.0310367 0.0213478 
0.140175   0.736619   -0.0310367 0.0203887 
0.142006   0.730718   0.0232221  0.018356  
0.181313   0.773249   -0.103977  0.0166056 
0.13033    0.848899   -0.170731  0.0156538 
0.166472   0.867035   -0.196513  0.0194739 
0.196451   0.774844   -0.137953  0.0191254 
0.22524    0.750067   -0.0724124 0.0225267 
0.16216    0.676798   0.100633   0.0240108 
0.251349   0.645701   0.0302715  0.0267783 
0.258471   0.551569   0.270638   0.0257328 
0.341159   0.479915   0.249987   0.0217547 
0.370079   0.550735   0.129703   0.0302786 
0.370079   0.550735   0.129703   0.0191312 
0.392257   0.645393   -0.123545  0.0200272 
0.392257   0.645393   -0.123545  0.0149294 
0.478966   0.701963   -0.230332  0.0133175 
0.576585   0.750412   -0.328156  0.0128174 
0.608979   0.741999   -0.325751  0.0145591 
0.569007   0.800078   -0.323106  0.0133859 
0.549683   0.715613   -0.320283  0.00896993
0.647681   0.665559   -0.357384  0.00730466
0.702252   0.662903   -0.418192  0.0109242 
0.659277   0.700556   -0.381645  0.0120748 
0.573972   0.715635   -0.358492  0.0148149 
0.573972   0.715635   -0.358492  0.0108032 
0.597526   0.621133   -0.31335   0.00946959
0.643153   0.634338   -0.366316  0.0117044 
0.717854   0.54421    -0.378811  0.0170505 
0.65837    0.504254   -0.284967  0.0175032 
0.628668   0.502101   -0.251428  0.0267757 
0.552148   0.438058   -0.0366687 0.0542701 
0.552148   0.438058   -0.0366687 0.03868   
0.652077   0.420076   -0.0167922 0.0165419 
0.703624   0.512      -0.347712  0.0172182 
0.660306   0.507183   -0.285162  0.0177698 
0.751833   0.505566   -0.324983  0.0348189 
0.802073   0.43175    0.0235914  0.0167268 
0.739307   0.510196   -0.307647  0.0342055 
0.739307   0.510196   -0.307647  0.0107903 
0.77307    0.554933   -0.408149  0.006878  
0.8164     0.601844   -0.444777  0.00553828
0.78458    0.620325   -0.45753   0.00768043
0.853364   0.6334     -0.436253  0.0101734 
0.856222   0.616727   -0.429738  0.022121  
0.942072   0.643202   -0.344409  0.0154475 
0.846706   0.707321   -0.389426  0.0186921 
0.812244   0.690738   -0.383362  0.00960366
0.755753   0.668234   -0.417323  0.00742187
0.84607    0.593927   -0.442683  0.0111317 
0.842043   0.611021   -0.424135  0.00969069
0.822482   0.614083   -0.428269  0.00920373
0.827041   0.640093   -0.439477  0.0168289 
0.83517    0.667146   -0.407711  0.0187186 
0.880485   0.703277   -0.357251  0.0551584 
0.971073   0.798662   0.00457366 0.0517207 
1.04248    0.791116   0.150113   0.0402145 
1.10251    0.702152   0.0852275  0.0569033 
1.18497    0.729997   0.451672   0.0418337 
1.22082    0.661263   0.447389   0.0624595 
1.15412    0.700988   0.352957   0.0321617 
1.1065     0.692917   0.0477524  0.0700473 
1.19546    0.777207   0.782182   0.0987479 
1.20699    0.837316   1.08034    0.0703098 
1.18164    0.779243   0.719827   0.0397269 
1.13715    0.700301   0.146186   0.0580879 
1.20254    0.732757   0.567471   0.0716907 
1.14086    0.764458   0.379336   0.0683514 
1.14086    0.764458   0.379336   0.0312796 
1.07546    0.670384   -0.0608747 0.0186503 
1.12496    0.571259   -0.00424038 0.0406842 
1.21983    0.611297   0.370532   0.0501492 
1.24588    0.67442    0.525368   0.053968  
1.26265    0.661724   0.654059   0.0559867 
1.23644    0.705229   0.699496   0.0609768 
1.23351    0.699285   0.753377   0.112046  
1.30485    0.79261    1.60342    0.0825689 
1.25557    0.781007   1.11443    0.0703768 
1.16469    0.823306   0.647932   0.135643  
1.16469    0.823306   0.647932   0.123974  
1.25295    0.916442   1.58664    0.11629   
1.15937    0.973723   1.44305    0.114908  
1.09025    0.955983   1.05874    0.094717  
1.13864    0.897416   0.890794   0.135308  
1.13864    0.897416   0.890794   0.116811  
1.13864    0.897416   0.890794   0.083086  
1.0826     0.892545   0.572949   0.0890501 
1.01634    0.948897   0.61659    0.0656653 
0.928808   0.938901   0.277904   0.0427426 
0.871852   0.844339   -0.0960638 0.0329705 
0.80022    0.876695   -0.25591   0.0448819 
0.777895   0.902692   -0.154088  0.0472304 
0.791119   0.893941   -0.103349  0.0431025 
0.75763    0.911304   -0.154552  0.0557281 
0.718727   0.992397   0.00496248 0.0729411 
0.739276   1.03518    0.133674   0.0607211 
0.739276   1.03518    0.133674   0.0802252 
0.651398   1.10396    0.123119   0.0882285 
0.651398   1.10396    0.123119   0.0604641 
0.69313    1.12491    0.0999715  0.0735762 
0.69313    1.12491    0.0999715  0.0856819 
0.69313    1.12491    0.0999715  0.0646926 
0.656896   1.04622    0.0514954  0.0604733 
0.58338    0.998062   -0.100375  0.110737  
0.493983   1.0907     0.0515397  0.042392  
0.578432   0.998763   -0.206421  0.0245526 
0.489266   1.02569    -0.22525   0.0314454 
0.540644   1.02576    -0.212153  0.0338807 
0.50106    1.04804    -0.154098  0.0310533 
0.497587   0.957211   -0.214219  0.0388401 
0.569206   1.01018    -0.160603  0.028797  
0.534999   0.976489   -0.255079  0.0296054 
0.581522   0.903872   -0.220596  0.0204224 
0.643064   0.846593   -0.272293  0.0353243 
0.70375    0.914052   -0.147006  0.0348502 
0.626324   0.985578   -0.209194  0.0292716 
0.573128   0.958333   -0.215231  0.0511145 
0.573128   0.958333   -0.215231  0.0275341 
0.668045   0.910561   -0.213353  0.0459814 
0.709628   0.982991   -0.0894214 0.0330386 
0.635683   0.923862   -0.168342  0.019713  
0.578857   0.841438   -0.304237  0.0274594 
0.549752   0.890018   -0.221637  0.0181954 
0.489349   0.86048    -0.270637  0.0195518 
0.414939   0.951281   -0.28506   0.0158518 
0.316768   0.880566   -0.222398  0.0156542 
0.313237   0.845846   -0.209726  0.0169785 
0.299213   0.826327   -0.206826  0.0176617 
0.242493   0.889732   -0.204713  0.0215611 
0.318533   0.921263   -0.217704  0.0163482 
0.237067   0.865943   -0.205481  0.0170361 
0.33406    0.781274   -0.190482  0.0168444 
0.286455   0.853636   -0.240148  0.0151086 
0.345347   0.873674   -0.248592  0.0329864 
0.317649   0.958495   -0.229597  0.0157392 
0.225398   0.892911   -0.23854   0.0168513 
0.145252   0.866406   -0.187986  0.0159835 
0.238954   0.859626   -0.194158  0.0174209 
0.316341   0.940793   -0.28355   0.040275  
0.413883   1.03661    -0.164941  0.0331943 
0.326876   1.11586    -0.185179  0.030206  
0.253344   1.11763    -0.159309  0.0237805 
0.29522    1.05013    -0.219533  0.0399761 
0.320477   1.07084    -0.203559  0.0685039 
0.371242   1.16233    0.0560289  0.142995  
0.46786    1.22826    0.313387   0.0624625 
0.425593   1.22456    0.106853   0.0900545 
0.407101   1.31011    0.385746   0.043271  
0.371183   1.22874    -0.0108553 0.063545  
0.46081    1.19012    0.0626014  0.051686  
0.521668   1.10836    -0.0805329 0.0675679 
0.525955   1.15165    0.0627615  0.0509591 
0.591389   1.07148    -0.0645933 0.0422655 
0.638652   1.09529    -0.0376127 0.0737883 
0.738634   1.02638    0.198459   0.0364865 
0.686634   0.98712    -0.153796  0.0216108 
0.64273    0.909702   -0.281672  0.0291955 
0.57282    0.92999    -0.245602  0.0172195 
0.52712    0.875508   -0.307967  0.0200201 
0.476845   0.926124   -0.223133  0.0205918 
0.44417    1.00066    -0.257999  0.0239915 
0.41315    0.964297   -0.246079  0.0212939 
0.348952   1.02495    -0.273258  0.0170528 
0.251289   0.981185   -0.301004  0.0329801 
0.319865   1.02759    -0.238988  0.0169704 
0.308256   0.945413   -0.274656  0.0156755 
0.223543   0.962545   -0.256475  0.0151096 
0.140315   0.944934   -0.270888  0.017419  
0.140315   0.944934   -0.270888  0.0175058 
0.0787232  0.94621    -0.244623  0.0161649 
0.0376224  0.855888   -0.158067  0.0208394 
0.0614251  0.759272   -0.0365453 0.0189107 
0.0567121  0.777444   -0.0479842 0.0190339 
0.0396588  0.794382   -0.0865764 0.0165943 
-0.0364401 0.863519   -0.169189  0.017876  
-0.124738  0.911385   -0.237332  0.0177259 
-0.174569  0.959623   -0.24903   0.017398  
-0.224589  0.988713   -0.2773    0.0163587 
-0.185991  0.900101   -0.224127  0.0310752 
-0.189692  0.969665   -0.199289  0.0156096 
-0.10433   0.94269    -0.240556  0.0161053 
-0.0126607 0.94844    -0.260831  0.0172286 
0.000961071 0.869513   -0.175665  0.0189108 
0.0449292  0.823564   -0.176569  0.0188862 
0.107143   0.785288   -0.0916906 0.0227227 
0.0143177  0.705724   0.0739427  0.0231227 
0.0772379  0.679629   0.115746   0.0250499 
0.157126   0.636547   0.174808   0.0199506 
0.235585   0.731086   -0.0640667 0.0173693 
0.307283   0.790326   -0.175188  0.0152138 
0.354311   0.769045   -0.152016  0.0183746 
0.325074   0.74044    -0.13302   0.0200191 
0.299528   0.696335   -0.0585119 0.0175242 
0.35839    0.735927   -0.144092  0.0195511 
0.272243   0.745368   -0.136634  0.0238184 
0.196524   0.663871   0.0735138  0.024033  
0.262533   0.625395   0.096573   0.0220099 
0.312779   0.604484   0.0939594  0.0209138 
0.272735   0.665637   0.0165329  0.0192776 
0.314664   0.721821   -0.116099  0.0176681 
0.286357   0.79569    -0.17471   0.0172795 
0.236623   0.845955   -0.231229  0.0151124 
0.292642   0.907183   -0.251538  0.0168304 
0.228556   0.819913   -0.156276  0.0169377 
0.295827   0.782312   -0.157518  0.0168733 
0.260311   0.827903   -0.216983  0.0161297 
0.35333    0.874802   -0.223976  0.0191837 
0.360737   0.91777    -0.245319  0.0225471 
0.270118   0.935995   -0.272564  0.0231992 
0.266857   0.949042   -0.240453  0.0173241 
0.227839   0.878849   -0.220477  0.0178492 
0.227839   0.878849   -0.220477  0.0182406 
0.155939   0.969232   -0.270413  0.0209189 
0.216739   0.963328   -0.214657  0.0187561 
0.16839    0.907889   -0.216775  0.0184509 
0.159619   0.984891   -0.269611  0.0183798 
0.138274   0.957011   -0.231642  0.0166074 
0.0529657  0.979001   -0.274885  0.0192586 
0.045893   1.03366    -0.259857  0.020262  
-0.0437676 0.946766   -0.250948  0.0235988 
-0.111849  1.01822    -0.208027  0.0245239 
-0.128169  1.0877     -0.22759   0.0586533 
-0.128169  1.0877     -0.22759   0.0211999 
-0.0628476 1.06353    -0.243442  0.0238902 
-0.143729  1.00017    -0.263321  0.0161964 
-0.0859824 0.952893   -0.221924  0.0264175 
-0.0385016 1.00175    -0.217129  0.0259281 
-0.135983  0.995774   -0.247317  0.0255938 
-0.179435  0.898986   -0.2198    0.0172733 
-0.187509  0.81458    -0.133089  0.0153166 
-0.281175  0.882751   -0.21037   0.0239666 
-0.307937  0.973525   -0.255328  0.0258025 
-0.236921  1.03186    -0.237186  0.0310379 
-0.229632  1.11117    -0.178588  0.0211027 
-0.26569   1.02504    -0.246048  0.0334534 
-0.258753  1.10632    -0.212705  0.0626491 
-0.258753  1.10632    -0.212705  0.0310786 
-0.323973  1.02912    -0.218679  0.0216822 
-0.334491  1.02334    -0.233138  0.0401303 
-0.37633   1.10658    -0.154467  0.0378258 
-0.37633   1.10658    -0.154467  0.0328533 
-0.421019  1.07088    -0.212249  0.048852  
-0.4988    1.04912    -0.0505401 0.0484323 
-0.487911  1.08328    -0.120029  0.0570254 
-0.482774  1.09512    -0.0537778 0.0558111 
-0.479773  1.08006    -0.0694949 0.0432608 
-0.535776  1.0021     -0.185266  0.0381132 
-0.494376  1.03948    -0.158011  0.026114  
-0.495338  0.969588   -0.255126  0.0197975 
-0.401744  0.905699   -0.269947  0.0240062 
-0.312461  0.914068   -0.223293  0.0148647 
-0.397815  0.91064    -0.276653  0.0248447 
-0.435018  0.985887   -0.228933  0.0331154 
-0.49517   0.994432   -0.192895  0.0265498 
-0.583589  0.899603   -0.234451  0.0393412 
-0.506781  0.999379   -0.18081   0.0490414 
-0.470358  1.09175    -0.097723  0.0574912 
-0.483399  1.13222    -0.00128168 0.0301601 
-0.38745   1.0635     -0.190263  0.0260077 
-0.427985  0.977821   -0.224848  0.0258284 
-0.496884  0.904043   -0.242107  0.0257787 
-0.542563  0.874088   -0.25379   0.0171445 
-0.523047  0.817828   -0.28668   0.0157601 
-0.449602  0.786336   -0.221966  0.0158814 
-0.408344  0.766018   -0.197935  0.0145487 
-0.448879  0.752833   -0.205524  0.012818  
-0.545547  0.741436   -0.313968  0.0121496 
-0.563823  0.663982   -0.292133  0.0144852 
-0.503544  0.588404   -0.155335  0.0166125 
-0.479574  0.621682   -0.181632  0.0195187 
-0.39092   0.658944   -0.127888  0.0181784 
-0.357905  0.707022   -0.112495  0.0186658 
-0.398528  0.609969   0.00965315 0.0252293 
-0.337397  0.518493   0.223279   0.0328352 
-0.337397  0.518493   0.223279   0.0219713 
-0.400188  0.521095   0.0586759  0.0236042 
-0.304643  0.605735   0.077842   0.0218958 
-0.297666  0.62352    0.0868605  0.0225591 
-0.296777  0.608062   0.124255   0.0284055 
-0.206313  0.551304   0.373365   0.0313062 
-0.146218  0.534612   0.474373   0.0430224 
-0.137295  0.44958    0.853548   0.0421051 
-0.0882615 0.48056    0.718549   0.0389501 
-0.0882615 0.48056    0.718549   0.0309938 
-0.158126  0.532968   0.498572   0.040025  
-0.154977  0.482483   0.678428   0.0449952 
-0.174786  0.450835   0.773701   0.045261  
-0.0993846 0.434888   1.10967    0.0711698 
-0.0108111 0.36686    1.61052    0.0504201 
-0.00141137 0.403005   1.4156     0.0415057 
0.00741824 0.486335   0.787251   0.0578682 
0.00741824 0.486335   0.787251   0.0481242 
0.0699357  0.443909   0.983164   0.0646219 
0.0699357  0.443909   0.983164   0.0562703 
0.0699357  0.443909   0.983164   0.0374184 
-0.00126607 0.499886   0.785479   0.0341509 
0.00366715 0.529452   0.627955   0.029258  
-0.0247081 0.574542   0.433135   0.0295618 
-0.1219    0.567268   0.408307   0.0246857 
-0.185821  0.651104   0.112711   0.0181377 
-0.284644  0.748109   -0.0918718 0.0181407 
-0.362571  0.666655   -0.0719432 0.0177395 
-0.314825  0.724538   -0.0783676 0.017048  
-0.401103  0.677679   -0.146391  0.0206585 
-0.308278  0.673463   -0.0348192 0.0189116 
-0.400713  0.664156   -0.132536  0.0172326 
-0.450035  0.752735   -0.230555  0.0141527 
-0.399109  0.842822   -0.263044  0.014783  
-0.469546  0.841574   -0.276826  0.0230596 
-0.490156  0.918438   -0.248313  0.0214993 
-0.519291  0.882192   -0.253322  0.0155381 
-0.468621  0.861523   -0.286094  0.0210015 
-0.548114  0.896604   -0.27564   0.0335746 
-0.454682  0.979861   -0.262622  0.0160728 
-0.404428  0.892385   -0.279684  0.0153138 
-0.404428  0.892385   -0.279684  0.016331  
-0.429054  0.801068   -0.243492  0.0164734 
-0.438848  0.764923   -0.243367  0.0266652 
-0.518101  0.855271   -0.246693  0.0175781 
-0.43076   0.84588    -0.267695  0.020929  
-0.530373  0.872421   -0.263953  0.018141  
-0.501329  0.919824   -0.270239  0.0211716 
-0.547918  0.885044   -0.237745  0.017885  
-0.644956  0.807786   -0.334321  0.0115753 
-0.622411  0.724542   -0.367014  0.0298512 
-0.573449  0.812215   -0.245821  0.0137342 
-0.56174   0.764401   -0.299929  0.011489  
-0.582242  0.669365   -0.31375   0.0118592 
-0.563843  0.665389   -0.281374  0.0101514 
-0.580359  0.657097   -0.274925  0.0122104 
-0.547375  0.649957   -0.261713  0.0165142 
-0.456756  0.662965   -0.141775  0.0144586 
-0.495864  0.66674    -0.20623   0.0152462 
-0.431242  0.752257   -0.252979  0.0173156 
-0.431242  0.752257   -0.252979  0.0167254 
-0.517371  0.850853   -0.287949  0.0171803 
-0.42494   0.91691    -0.284187  0.0296312 
-0.470943  0.958629   -0.21933   0.0286074 
-0.451851  1.04243    -0.223015  0.0368055 
-0.408932  0.960942   -0.201101  0.0333684 
-0.421355  1.0016     -0.227189  0.0230781 
-0.399064  0.908022   -0.233816  0.0166088 
-0.334597  0.857609   -0.212316  0.0225942 
-0.388764  0.922691   -0.238783  0.0248993 
-0.319309  0.946588   -0.22079   0.0256624 
-0.328076  0.989333   -0.255074  0.0154071 
-0.2412    0.889353   -0.245662  0.0178432 
-0.238312  0.864635   -0.200188  0.0198807 
-0.182201  0.875542   -0.221941  0.0183521 
-0.15416   0.781407   -0.0903545 0.0161087 
-0.106116  0.86356    -0.1458    0.0156152 
-0.152224  0.896328   -0.185431  0.0165659 
-0.16836   0.976948   -0.272334  0.0154013 
-0.11073   0.938059   -0.234475  0.0192007 
-0.167068  0.947876   -0.235322  0.0220878 
-0.167429  0.970481   -0.2587    0.0225469 
-0.154581  1.0236     -0.228384  0.0178337 
-0.0612393 0.989026   -0.268813  0.0241975 
-0.0524965 1.03512    -0.22795   0.0165016 
-0.0226522 0.952551   -0.241452  0.0173569 
0.0522913  0.866527   -0.198821  0.0164154 
0.139169   0.863823   -0.19351   0.0181952 
0.23125    0.781505   -0.118184  0.0199147 
0.23125    0.781505   -0.118184  0.01946   
0.298716   0.715614   -0.0896531 0.0203885 
0.209199   0.732361   -0.0773732 0.0189182 
0.209358   0.751056   -0.0657078 0.0185604 
0.237056   0.782428   -0.0926956 0.0166884 
0.236328   0.877632   -0.240544  0.0148731 
0.236328   0.877632   -0.240544  0.0166204 
0.273006   0.881413   -0.263533  0.0174993 
0.20517    0.905102   -0.256888  0.0168344 
0.218344   0.969448   -0.252928  0.0197784 
0.271082   1.04702    -0.258746  0.0166934 
0.27558    0.949505   -0.29186   0.0168202 
0.261898   0.926146   -0.264417  0.0264596 
0.261898   0.926146   -0.264417  0.0167087 
0.180515   0.979542   -0.294045  0.0160563 
0.235591   0.969569   -0.28336   0.0194831 
0.232615   0.929004   -0.25774   0.0198987 
0.17653    0.885036   -0.228505  0.0169239 
0.0795224  0.983715   -0.250902  0.0170409 
0.0400549  0.884691   -0.18395   0.018405  
-0.0399348 0.804208   -0.104294  0.0173797 
0.0118924  0.849748   -0.160735  0.0184034 
-0.0395748 0.924642   -0.232206  0.0178989 
0.0311902  0.866013   -0.155627  0.0196716 
-0.0216042 0.775415   -0.0583817 0.0235147 
-0.111518  0.67586    0.0993457  0.0256269 
-0.139585  0.649857   0.144413   0.0297677 
-0.180445  0.555037   0.395336   0.0345506 
-0.142378  0.529654   0.49256    0.0464906 
-0.142378  0.529654   0.49256    0.0460216 
-0.122196  0.439601   0.860791   0.0452985 
-0.179101  0.429925   0.856749   0.0458634 
-0.106397  0.4231     1.13749    0.0515773 
-0.0955565 0.427817   1.03872    0.0441409 
-0.183692  0.410028   1.01656    0.0501238 
-0.183692  0.410028   1.01656    0.0580034 
-0.183692  0.410028   1.01656    0.0361877 
-0.250731  0.45649    0.586774   0.0264919 
-0.317367  0.546136   0.142274   0.0230772 
-0.38627   0.485582   0.165789   0.0290565 
-0.38627   0.485582   0.165789   0.0249307 
-0.346019  0.465051   0.317748   0.0357304 
-0.28142   0.371774   0.82673    0.0501171 
-0.28142   0.371774   0.82673    0.044673  
-0.257696  0.304742   1.26401    0.0331687 
-0.290698  0.368462   0.825375   0.0446089 
-0.248625  0.359502   0.936611   0.0380573 
-0.257396  0.410406   0.720497   0.0305322 
-0.30986   0.417723   0.555482   0.0312058 
-0.323655  0.425072   0.492509   0.0383798 
-0.321843  0.346893   0.687128   0.0357999 
-0.341805  0.346529   0.676125   0.0369742 
-0.389117  0.360409   0.412146   0.0275848 
-0.368503  0.43539    0.347741   0.0427521 
-0.270676  0.390573   0.680412   0.025338  
-0.335471  0.464524   0.356082   0.0320257 
-0.335471  0.464524   0.356082   0.0283458 
-0.310408  0.513252   0.279595   0.0267405 
-0.286728  0.549649   0.219872   0.0290788 
-0.319361  0.458338   0.404465   0.0262297 
-0.333518  0.488451   0.283722   0.0228161 
-0.366468  0.515022   0.186105   0.0219012 
-0.386542  0.491189   0.178611   0.0161202 
-0.48401   0.581671   -0.156964  0.0130136 
-0.528162  0.572026   -0.164693  0.0117445 
-0.566394  0.626473   -0.272502  0.0109159 
-0.589883  0.679113   -0.32307   0.0133303 
-0.589883  0.679113   -0.32307   0.0141477 
-0.512606  0.631557   -0.2158    0.011068  
-0.598729  0.598069   -0.303792  0.0115392 
-0.570094  0.648022   -0.307798  0.0147176 
-0.476647  0.723666   -0.248138  0.0141905 
-0.519262  0.680422   -0.22754   0.0111868 
-0.58507   0.637136   -0.30687   0.0140154 
-0.552529  0.662702   -0.273811  0.0114371 
-0.588704  0.623178   -0.328572  0.0106435 
-0.603466  0.669165   -0.308028  0.0142598 
-0.533098  0.641469   -0.270103  0.0157906 
-0.45961   0.723088   -0.202757  0.0168276 
-0.39819   0.697838   -0.115908  0.0202012 
-0.359842  0.651565   -0.0481485 0.0198416 
-0.327657  0.649459   0.0814863  0.0264294 
-0.2827    0.549791   0.23674    0.0241004 
-0.214672  0.630446   0.137504   0.0222478 
-0.225683  0.63578    0.157257   0.0235928 
-0.323844  0.558488   0.157324   0.0197438 
-0.411309  0.480351   0.179119   0.0240955 
-0.330882  0.469897   0.36855    0.0233838 
-0.323391  0.554343   0.217928   0.0293572 
-0.323391  0.554343   0.217928   0.0208843 
-0.374744  0.51209    0.185353   0.0260669 
-0.320246  0.525953   0.240678   0.0246047 
-0.292737  0.593054   0.0908783  0.0215539 
-0.244223  0.66339    0.0802856  0.0195844 
-0.294643  0.701797   -0.073321  0.0176257 
-0.313942  0.747987   -0.147375  0.0168693 
-0.353042  0.752734   -0.166038  0.0184946 
-0.398258  0.659025   -0.0759533 0.0196636 
-0.398258  0.659025   -0.0759533 0.0174    
-0.356982  0.740895   -0.128137  0.0218795 
-0.297271  0.666589   -0.0140443 0.0219734 
-0.222819  0.695903   -0.000654897 0.022977  
-0.287744  0.62109    0.0844567  0.019741  
-0.300045  0.705178   -0.0333918 0.020798  
-0.253953  0.68705    0.0404884  0.0235184 
-0.206854  0.637395   0.165529   0.02658   
-0.148639  0.640004   0.170762   0.0217119 
-0.234431  0.655369   0.110958   0.0219103 
-0.146742  0.690183   0.0577602  0.025134  
-0.146742  0.690183   0.0577602  0.0219314 
-0.0642001 0.702172   0.0876439  0.0193962 
-0.161678  0.761203   -0.0579312 0.0180434 
-0.0618838 0.835288   -0.157361  0.0203836 
-0.13903   0.736323   -0.00973991 0.0183063 
-0.126966  0.831782   -0.183808  0.0168102 
-0.108519  0.886815   -0.225703  0.0161264 
-0.19475   0.883115   -0.216112  0.0170598 
-0.211531  0.865622   -0.209086  0.0172907 
-0.165467  0.825076   -0.1297    0.0173068 
-0.137415  0.82095    -0.125322  0.0192302 
-0.172305  0.74922    -0.0591239 0.0177085 
-0.196871  0.789263   -0.0826058 0.0183444 
-0.296586  0.736858   -0.100379  0.0194799 
-0.220137  0.721529   -0.0585464 0.0182269 
-0.301188  0.741111   -0.119407  0.0193363 
-0.256711  0.751211   -0.158273  0.0170638 
-0.311162  0.760356   -0.147032  0.0154078 
-0.337588  0.815656   -0.203276  0.0162622 
-0.383176  0.821206   -0.255458  0.0193978 
-0.347938  0.817778   -0.203302  0.0196884 
-0.325201  0.903894   -0.243639  0.0314137 
-0.397257  0.999767   -0.223626  0.0280875 
-0.442627  1.07891    -0.227352  0.0267173 
-0.383095  1.00104    -0.20925   0.0174828 
-0.367964  0.906667   -0.292449  0.0182719 
-0.30627   0.902665   -0.229877  0.0150335 
-0.30627   0.902665   -0.229877  0.0159658 
-0.319173  0.840604   -0.185365  0.0146963 
-0.360554  0.856891   -0.21515   0.0171175 
-0.300917  0.801202   -0.162707  0.0164329 
-0.269628  0.805242   -0.170951  0.015232  
-0.189351  0.894877   -0.2157    0.0196057 
-0.263071  0.912164   -0.229922  0.0184547 
-0.348234  0.93006    -0.281333  0.0190753 
-0.29997   0.946095   -0.278241  0.0230086 
-0.354908  1.01436    -0.290436  0.0235532 
-0.295296  1.01125    -0.254437  0.0213264 
-0.368179  1.01697    -0.24677   0.0259036 
-0.301093  0.919657   -0.214942  0.0157022 
-0.202637  0.889954   -0.222246  0.0187989 
-0.201803  0.944831   -0.257689  0.0181881 
-0.287148  0.908696   -0.213021  0.0178774 
-0.234302  0.810052   -0.150812  0.0185825 
-0.202009  0.740632   -0.0337763 0.0249961 
-0.282108  0.834445   -0.164774  0.0158233 
-0.313352  0.809627   -0.198715  0.0150372 
-0.387174  0.867323   -0.269234  0.0201048 
-0.440776  0.866184   -0.268223  0.0237215 
-0.460439  0.887717   -0.266396  0.0206778 
-0.454234  0.924351   -0.252299  0.0189232 
-0.474922  0.957745   -0.276449  0.0344407 
-0.404529  0.929058   -0.210786  0.0166717 
-0.456665  0.865438   -0.257953  0.0261231 
-0.485536  0.941963   -0.241194  0.0228495 
-0.554723  0.861696   -0.301169  0.0146727 
-0.538936  0.835438   -0.297681  0.0123374 
-0.582168  0.760724   -0.319379  0.0111822 
-0.622463  0.715157   -0.360635  0.00936357
-0.648603  0.675022   -0.359184  0.0242405 
-0.746907  0.752324   -0.353491  0.0111969 
-0.650257  0.731965   -0.346085  0.0113893 
-0.582508  0.690825   -0.315205  0.0125771 
-0.609458  0.776899   -0.334675  0.0136148 
-0.545987  0.785302   -0.302754  0.0150936 
-0.450106  0.730156   -0.222604  0.0133052 
-0.543815  0.753337   -0.292732  0.0194113 
-0.463293  0.67345    -0.177915  0.0194105 
-0.413646  0.607605   -0.0704699 0.0216517 
-0.38287   0.5242     0.12317    0.020866  
-0.445179  0.479937   0.0275503  0.0240843 
-0.445179  0.479937   0.0275503  0.0174971 
-0.458995  0.528376   -0.0231384 0.0244455 
-0.360912  0.490139   0.204528   0.0254095 
-0.430798  0.434977   0.152368   0.0281558 
-0.389576  0.390227   0.389504   0.0222316 
-0.423031  0.471155   0.12483    0.021224  
-0.509733  0.459195   -0.0416604 0.0132168 
-0.5918    0.526841   -0.255577  0.0123277 
-0.578186  0.563941   -0.254078  0.0136727 
-0.556683  0.539226   -0.200962  0.00918514
-0.613773  0.59583    -0.317691  0.0169342 
-0.686059  0.506669   -0.31159   0.0095774 
-0.634481  0.597199   -0.355326  0.00961528
-0.609902  0.647001   -0.314809  0.0114931 
-0.616848  0.550668   -0.291952  0.0109378 
-0.663849  0.552417   -0.342557  0.00661313
-0.70983   0.622513   -0.416945  0.00745798
-0.739636  0.647348   -0.429425  0.00939307
-0.78776   0.561861   -0.414121  0.00662981
-0.751199  0.608175   -0.43061   0.0134965 
-0.83      0.536692   -0.408041  0.0152015 
-0.75479   0.517278   -0.328894  0.0349127 
-0.700936  0.43382    -0.0385217 0.043938  
-0.723151  0.397099   0.333782   0.0637686 
-0.723151  0.397099   0.333782   0.0308437 
-0.787632  0.441287   0.0548466  0.0137619 
-0.807022  0.536022   -0.39865   0.0171474 
-0.718814  0.511122   -0.328838  0.0301832 
-0.696098  0.440597   -0.0485888 0.0331197 
-0.66248   0.429121   0.0083753  0.015833  
-0.705016  0.513275   -0.32241   0.0116127 
-0.640837  0.554351   -0.358207  0.0120736 
-0.592986  0.548934   -0.2581    0.0116846 
-0.655005  0.541153   -0.313903  0.0128076 
-0.640131  0.532498   -0.319299  0.0176119 
-0.682626  0.499863   -0.275146  0.028884  
-0.745744  0.455641   -0.121016  0.0437843 
-0.806716  0.395773   0.310239   0.0934943 
-0.806716  0.395773   0.310239   0.0576324 
-0.806716  0.395773   0.310239   0.076298  
-0.806716  0.395773   0.310239   0.0286627 
-0.817389  0.455271   -0.0426189 0.0187492 
-0.82115   0.502317   -0.277754  0.0167563 
-0.863318  0.513234   -0.313628  0.0322228 
-0.851735  0.433324   0.117377   0.0458856 
-0.753313  0.38867    0.37854    0.074245  
-0.753313  0.38867    0.37854    0.0629052 
-0.753313  0.38867    0.37854    0.0756122 
-0.753313  0.38867    0.37854    0.0373974 
-0.755738  0.429264   -0.038728  0.0418478 
-0.813877  0.408421   0.250016   0.0374085 
-0.840547  0.422545   0.150278   0.0343264 
-0.889876  0.424907   0.128929   0.0617822 
-0.889876  0.424907   0.128929   0.0341608 
-0.944532  0.414397   0.179655   0.0475505 
-0.944532  0.414397   0.179655   0.0496867 
-0.944532  0.414397   0.179655   0.0527218 
-0.919337  0.351034   0.807476   0.0385474 
-0.970382  0.387757   0.441697   0.0414066 
-0.947753  0.39038    0.357786   0.0233426 
-0.913671  0.479067   -0.196793  0.0210338 
-0.827261  0.494841   -0.318963  0.0132646 
-0.872719  0.538576   -0.386671  0.00947019
-0.782688  0.62674    -0.443553  0.0120786 
-0.768944  0.707929   -0.416751  0.0191058 
-0.833501  0.706467   -0.381985  0.0159068 
-0.745225  0.73636    -0.365039  0.015842  
-0.730648  0.750179   -0.351682  0.0170239 
-0.686933  0.785534   -0.332555  0.0210487 
-0.692047  0.7905     -0.326861  0.00983623
-0.669698  0.71009    -0.389254  0.0222707 
-0.669698  0.71009    -0.389254  0.00996686
-0.603502  0.624775   -0.319631  0.00997206
-0.666218  0.565834   -0.365569  0.0120051 
-0.666218  0.565834   -0.365569  0.00827953
-0.68121   0.588281   -0.376705  0.00890743
-0.651067  0.662694   -0.358393  0.00980438
-0.718947  0.675895   -0.399119  0.00895009
-0.731044  0.696235   -0.417177  0.0195986 
-0.718068  0.741751   -0.363277  0.0112079 
-0.759159  0.689123   -0.406971  0.0192913 
-0.781954  0.754595   -0.362407  0.0100172 
-0.851528  0.660885   -0.43199   0.0114847 
-0.756955  0.708194   -0.397474  0.0125152 
-0.853722  0.660561   -0.419512  0.0189758 
-0.850452  0.72474    -0.356091  0.0171415 
-0.873528  0.70371    -0.372879  0.0227958 
-0.873528  0.70371    -0.372879  0.016404  
-0.790823  0.737152   -0.37781   0.0109085 
-0.864223  0.660539   -0.422585  0.007199  
-0.817264  0.664519   -0.450099  0.0169949 
-0.89606   0.658062   -0.365947  0.0135873 
-0.830733  0.689644   -0.410161  0.0204545 
-0.930537  0.691065   -0.310273  0.0210751 
-1.02429   0.643636   -0.231457  0.0310518 
-1.0805    0.639749   -0.0821592 0.0478677 
-1.0805    0.639749   -0.0821592 0.0109278 
-1.00418   0.57652    -0.273565  0.0130477 
-1.01744   0.559245   -0.199725  0.0131365 
-0.920663  0.535857   -0.339241  0.0142019 
-0.992003  0.520209   -0.209455  0.0260205 
-0.992003  0.520209   -0.209455  0.0134376 
-0.939441  0.530199   -0.305658  0.0260773 
-0.860929  0.462911   -0.0657544 0.0102815 
-0.798706  0.555946   -0.398162  0.00752127
-0.823373  0.615066   -0.437057  0.0113231 
-0.820687  0.556712   -0.428506  0.00912479
-0.904605  0.61021    -0.404779  0.0155621 
-0.904605  0.61021    -0.404779  0.00711955
-0.83181   0.625908   -0.44456   0.00757559
-0.802993  0.61949    -0.438751  0.017575  
-0.802993  0.61949    -0.438751  0.0139863 
-0.887882  0.53411    -0.340951  0.0259456 
-0.887882  0.53411    -0.340951  0.0155087 
-0.924343  0.530601   -0.309079  0.0094822 
-0.937192  0.583959   -0.377255  0.0158451 
-0.96964   0.514248   -0.229178  0.011709  
-0.985464  0.562349   -0.273219  0.014947  
-0.94107   0.576726   -0.342737  0.0181863 
-1.00902   0.606022   -0.258537  0.0142666 
-0.95328   0.522842   -0.263381  0.022542  
-0.95328   0.522842   -0.263381  0.0164184 
-0.95328   0.522842   -0.263381  0.0235643 
-0.857636  0.477071   -0.171323  0.0131813 
-0.785934  0.535246   -0.357149  0.0316385 
-0.785934  0.535246   -0.357149  0.0161945 
-0.841128  0.516274   -0.30175   0.0306753 
-0.889847  0.439881   0.00673896 0.0342534 
-0.893867  0.429577   0.0818556  0.0257276 
-0.804178  0.471402   -0.188987  0.0161926 
-0.855505  0.516177   -0.333332  0.0165098 
-0.833654  0.510301   -0.282362  0.00720967
-0.741456  0.591832   -0.426491  0.0135274 
-0.823041  0.538775   -0.389257  0.00636487
-0.788754  0.605172   -0.448887  0.0157857 
-0.76423   0.519286   -0.3446    0.0126343 
-0.82966   0.539488   -0.362912  0.0167682 
-0.799977  0.514278   -0.320936  0.00720385
-0.729653  0.589556   -0.416095  0.00819706
-0.65214   0.623779   -0.364348  0.00989177
-0.654662  0.669891   -0.378827  0.0269667 
-0.748764  0.724451   -0.353164  0.0123519 
-0.669258  0.706137   -0.374295  0.0207029 
-0.669258  0.706137   -0.374295  0.0132975 
-0.740187  0.770174   -0.396907  0.0257671 
-0.744557  0.810885   -0.303152  0.0367029 
-0.744557  0.810885   -0.303152  0.0190581 
-0.723959  0.819453   -0.34529   0.0233526 
-0.79611   0.813095   -0.311372  0.0170619 
-0.726102  0.784788   -0.35574   0.0167156 
-0.751064  0.741282   -0.37293   0.0231956 
-0.752038  0.808722   -0.306838  0.0240304 
-0.83994   0.767568   -0.271785  0.0210751 
-0.938125  0.687603   -0.295481  0.0502124 
-1.02397   0.749017   0.0332706  0.0567033 
-1.06423   0.74808    0.183379   0.0497125 
-1.08347   0.748721   0.188315   0.0372514 
-1.17998   0.653773   0.268393   0.0564003 
-1.2588    0.667996   0.724883   0.0778524 
-1.29438   0.748501   1.04779    0.0815164 
-1.29438   0.748501   1.04779    0.122288  
-1.29438   0.748501   1.04779    0.0887664 
-1.30623   0.746225   1.32568    0.0690621 
-1.23024   0.712535   0.706664   0.0644598 
-1.2867    0.676072   0.888114   0.0434389 
-1.20023   0.647002   0.35873    0.0544203 
-1.17812   0.73277    0.442798   0.0627319 
-1.19691   0.72486    0.537201   0.134027  
-1.19691   0.72486    0.537201   0.0451639 
-1.22134   0.660518   0.456302   0.0304389 
-1.14818   0.627232   0.101966   0.0317541 
-1.07999   0.673377   -0.0358146 0.0374956 
-1.01989   0.74935    -0.0700996 0.0193061 
-0.969208  0.669745   -0.311613  0.0127143 
-1.01196   0.590176   -0.277222  0.0260133 
-1.10923   0.620646   -0.0279253 0.0248041 
-1.11459   0.60915    0.0100165  0.0235204 
-1.04306   0.66906    -0.179365  0.0234085 
-1.13432   0.584708   0.0381815  0.0242666 
-1.16526   0.57321    0.124577   0.0173986 
-1.14884   0.542929   0.0710848  0.0160059 
-1.14884   0.542929   0.0710848  0.0202839 
-1.13754   0.574467   0.0432372  0.014971  
-1.10276   0.524837   -0.0413065 0.0204411 
-1.04871   0.460456   0.0779313  0.0275115 
-1.07028   0.427877   0.250737   0.0452714 
-0.981504  0.377047   0.544767   0.0533642 
-0.981504  0.377047   0.544767   0.0252115 
-0.966676  0.455407   -0.00294078 0.0109207 
-0.885923  0.554457   -0.378985  0.00760266
-0.81783   0.609677   -0.450185  0.0140892 
-0.81783   0.609677   -0.450185  0.016802  
-0.866433  0.706423   -0.383415  0.0261528 
-0.944724  0.679731   -0.281735  0.00789686
-0.876802  0.613424   -0.424154  0.00791616
-0.815275  0.663429   -0.441088  0.00700279
-0.734768  0.596886   -0.410265  0.0103673 
-0.810617  0.561215   -0.419671  0.0279446 
-0.829697  0.465574   -0.18243   0.0296185 
-0.829697  0.465574   -0.18243   0.0223055 
-0.741962  0.478002   -0.225705  0.0176319 
-0.832863  0.510532   -0.31971   0.0279454 
-0.832863  0.510532   -0.31971   0.0211414 
-0.769123  0.49166    -0.274913  0.0178002 
-0.765231  0.507316   -0.325065  0.00844698
-0.745502  0.576702   -0.43715   0.0118273 
-0.7184    0.542421   -0.380527  0.0250784 
-0.7184    0.542421   -0.380527  0.0150048 
-0.630696  0.51417    -0.28105   0.0282586 
-0.630696  0.51417    -0.28105   0.0170004 
-0.546274  0.489958   -0.125094  0.0114931 
-0.61148   0.568094   -0.298109  0.00825884
-0.640619  0.626776   -0.344645  0.00756558
-0.679886  0.612806   -0.387684  0.0134992 
-0.743218  0.529576   -0.359504  0.0209519 
-0.645254  0.479533   -0.205315  0.0371464 
-0.659355  0.420763   0.0315458  0.0214349 
-0.593279  0.468303   -0.179648  0.0110487 
-0.672411  0.548822   -0.331906  0.00729392
-0.677012  0.632078   -0.39491   0.00888679
-0.708916  0.574093   -0.396645  0.009281  
-0.745306  0.660943   -0.435306  0.00803077
-0.690149  0.590706   -0.399671  0.0107332 
-0.735998  0.55081    -0.390761  0.00716139
-0.778843  0.587981   -0.447802  0.0158153 
-0.739899  0.513298   -0.333549  0.0158799 
-0.700452  0.518799   -0.315128  0.0289705 
-0.754172  0.452706   -0.0733771 0.0575089 
-0.680111  0.361147   0.612439   0.0628741 
-0.637001  0.348635   0.757819   0.0323877 
-0.679077  0.43274    -0.0477258 0.0644142 
-0.645463  0.349898   0.828498   0.0306979 
-0.687439  0.438659   -0.0453627 0.0511067 
-0.687439  0.438659   -0.0453627 0.0615452 
-0.687439  0.438659   -0.0453627 0.0539023 
-0.7149    0.3687     0.570888   0.0550715 
-0.758333  0.374254   0.449663   0.0664026 
-0.758333  0.374254   0.449663   0.0849621 
-0.758333  0.374254   0.449663   0.0258634 
-0.708684  0.466119   -0.186574  0.0417077 
-0.708684  0.466119   -0.186574  0.0247476 
-0.628176  0.458361   -0.13094   0.0202948 
-0.566059  0.470235   -0.146903  0.0285251 
-0.566059  0.470235   -0.146903  0.0214559 
-0.566059  0.470235   -0.146903  0.0145887 
-0.610764  0.515333   -0.256086  0.0126261 
-0.567066  0.592998   -0.282595  0.0131233 
-0.637035  0.537963   -0.332461  0.0226907 
-0.712119  0.480576   -0.263295  0.0348875 
-0.75764   0.431176   -0.00160638 0.015033  
-0.836919  0.520558   -0.326663  0.0141166 
-0.791999  0.532619   -0.354095  0.0324353 
-0.753511  0.439384   -0.0649791 0.0307814 
-0.798667  0.448454   -0.0589829 0.0122917 
-0.762422  0.54106    -0.375542  0.0187066 
-0.6667    0.489338   -0.250401  0.0105241 
-0.612686  0.584278   -0.312407  0.0132873 
-0.612686  0.584278   -0.312407  0.00832327
-0.662405  0.587761   -0.369001  0.010517  
-0.748081  0.681021   -0.427603  0.00946209
-0.7905    0.6874     -0.429922  0.00783146
-0.69476   0.646163   -0.403176  0.00750676
-0.698018  0.59674    -0.394283  0.00876821
-0.645888  0.641127   -0.364682  0.0128432 
-0.590464  0.737272   -0.307959  0.0183665 
-0.558166  0.836508   -0.287794  0.0140308 
-0.468596  0.84686    -0.294202  0.0157832 
-0.468596  0.84686    -0.294202  0.020282  
-0.507605  0.922381   -0.288511  0.0159644 
-0.554314  0.862269   -0.290688  0.0211155 
-0.462133  0.947134   -0.280999  0.0423969 
-0.462133  0.947134   -0.280999  0.022143  
-0.453604  0.935459   -0.23934   0.0152413 
-0.390092  0.9126     -0.274763  0.0186749 
-0.43989   0.918645   -0.274636  0.026489  
-0.420328  0.910789   -0.241779  0.0238257 
-0.490059  0.943007   -0.225122  0.0321671 
-0.550153  1.02952    -0.198512  0.0436128 
-0.60587   0.986162   -0.131152  0.0365499 
-0.528536  0.985135   -0.21278   0.0271026 
-0.536604  0.983583   -0.182329  0.0183973 
-0.456862  0.938741   -0.290745  0.016646  
-0.429788  0.881299   -0.269425  0.0278872 
-0.424841  0.871898   -0.249871  0.0166155 
-0.41069   0.846366   -0.297952  0.0161259 
-0.343501  0.903935   -0.290236  0.0170413 
-0.254483  0.839304   -0.2075    0.017767  
-0.288113  0.752093   -0.0863163 0.0169804 
-0.315273  0.796941   -0.197845  0.0170899 
-0.340298  0.859405   -0.235073  0.0167823 
-0.421759  0.818278   -0.229997  0.0175155 
-0.403322  0.842486   -0.218221  0.0171868 
-0.382549  0.814137   -0.197691  0.0176931 
-0.465426  0.863859   -0.258263  0.0148844 
-0.471661  0.846354   -0.275311  0.0164454 
-0.471661  0.846354   -0.275311  0.0154936 
-0.421161  0.798538   -0.228157  0.0140953 
-0.509234  0.766444   -0.263079  0.0152974 
-0.48963   0.667852   -0.212501  0.0138424 
-0.566435  0.735744   -0.308465  0.0139317 
-0.502415  0.772367   -0.274203  0.0157709 
-0.460083  0.714815   -0.236449  0.0156031 
-0.5563    0.768517   -0.280018  0.0175279 
-0.655462  0.811479   -0.317403  0.0225036 
-0.695824  0.830907   -0.307777  0.031516  
-0.759646  0.793103   -0.321464  0.0144517 
-0.769573  0.698595   -0.404849  0.0107477 
-0.852558  0.639038   -0.420386  0.0103894 
-0.935121  0.595166   -0.391189  0.0226096 
-1.00057   0.677498   -0.237737  0.0229662 
-0.978494  0.690865   -0.25357   0.0234543 
-0.938662  0.683842   -0.286183  0.0149999 
-0.957009  0.625973   -0.332903  0.00981734
-0.899128  0.608477   -0.398772  0.00959842
-0.873362  0.577749   -0.413547  0.0130094 
-0.938823  0.53176    -0.286331  0.0105358 
-0.92417   0.576741   -0.366997  0.0199969 
-0.942096  0.629025   -0.342014  0.0126546 
-0.895441  0.625011   -0.409015  0.00853185
-0.83583   0.58224    -0.407825  0.00754267
-0.795243  0.591586   -0.433377  0.0155919 
-0.795243  0.591586   -0.433377  0.00965478
-0.82065   0.56533    -0.423912  0.0089253 
-0.7866    0.623181   -0.432644  0.0117026 
-0.878293  0.663112   -0.429055  0.0154326 
-0.79725   0.760649   -0.361939  0.010882  
-0.700574  0.713452   -0.384671  0.014422  
-0.79557   0.689664   -0.413269  0.0150788 
-0.817853  0.666871   -0.399068  0.012758  
-0.74162   0.695885   -0.411876  0.0129427 
-0.701194  0.683205   -0.398387  0.00658984
-0.730804  0.63034    -0.421045  0.0107005 
-0.670768  0.692303   -0.377641  0.0202584 
-0.698566  0.786257   -0.332545  0.0189055 
-0.744848  0.774172   -0.349958  0.0137643 
-0.675288  0.791756   -0.364286  0.0314883 
-0.672379  0.857084   -0.274832  0.0396305 
-0.672379  0.857084   -0.274832  0.0150311 
-0.66596   0.797756   -0.33686   0.0185443 
-0.719455  0.822158   -0.326478  0.0389097 
-0.637339  0.873366   -0.204701  0.0422121 
-0.693624  0.918725   -0.133343  0.0462636 
-0.766534  0.935326   -0.14952   0.0274007 
-0.720189  0.848007   -0.284359  0.0222372 
-0.807545  0.776825   -0.326845  0.0216748 
-0.807545  0.776825   -0.326845  0.0386136 
-0.807545  0.776825   -0.326845  0.0123229 
-0.817822  0.682369   -0.433137  0.00906349
-0.830945  0.59887    -0.442511  0.0144314 
-0.830945  0.59887    -0.442511  0.0128912 
-0.909174  0.668568   -0.396384  0.0385869 
-0.909174  0.668568   -0.396384  0.0153688 
-0.865224  0.696417   -0.383452  0.013704  
-0.909293  0.610436   -0.390452  0.0168172 
-0.83935   0.687953   -0.417153  0.0132979 
-0.924563  0.641935   -0.378862  0.018556  
-0.901449  0.683992   -0.343523  0.0128919 
-0.831378  0.718551   -0.405434  0.0129277 
-0.786219  0.739864   -0.409222  0.0189394 
-0.829383  0.755702   -0.342123  0.0215963 
-0.929103  0.70404    -0.292586  0.027886  
-0.858689  0.770924   -0.284806  0.067338  
-0.858689  0.770924   -0.284806  0.0134165 
-0.844411  0.676968   -0.403863  0.00611517
-0.755223  0.633538   -0.446124  0.00932169
-0.697867  0.563869   -0.383273  0.00698022
-0.764214  0.597067   -0.426632  0.00666113
-0.707842  0.6312     -0.416698  0.0109568 
-0.768219  0.552685   -0.388018  0.00638388
-0.735515  0.607886   -0.438989  0.0119381 
-0.810825  0.677997   -0.418756  0.0112314 
-0.752825  0.695272   -0.408986  0.0249692 
-0.842187  0.790747   -0.272225  0.0284199 
-0.833722  0.783056   -0.291449  0.0498193 
-0.833722  0.783056   -0.291449  0.0204878 
-0.777344  0.773537   -0.357849  0.0306626 
-0.820346  0.820048   -0.227953  0.0307741 
-0.809129  0.796015   -0.282738  0.051345  
-0.897974  0.88162    -0.0488005 0.0326453 
-0.811519  0.79541    -0.226108  0.0373455 
-0.811519  0.79541    -0.226108  0.0371326 
-0.821922  0.827308   -0.208514  0.0390446 
-0.899416  0.848922   -0.128359  0.0400688 
-0.814207  0.869284   -0.145204  0.0179398 
-0.79149   0.809372   -0.346396  0.0341904 
-0.880039  0.803697   -0.2016    0.0140877 
-0.82676   0.713726   -0.401381  0.0276494 
-0.777211  0.788236   -0.298585  0.017964  
-0.742823  0.735203   -0.342593  0.00972494
-0.683115  0.670287   -0.39993   0.0106872 
-0.629316  0.649186   -0.352133  0.00971839
-0.620386  0.598743   -0.319641  0.0145948 
-0.620386  0.598743   -0.319641  0.0106726 
-0.608506  0.684091   -0.338268  0.0160466 
-0.675309  0.775859   -0.326964  0.0148124 
-0.705125  0.775308   -0.381123  0.0115799 
-0.614823  0.691648   -0.35256   0.0105284 
-0.606727  0.655789   -0.342524  0.00768131
-0.68332   0.617772   -0.392021  0.0105953 
-0.606051  0.704355   -0.33542   0.0112914 
-0.599094  0.659991   -0.338634  0.0091167 
-0.649947  0.637655   -0.366097  0.00792801
-0.694191  0.5894     -0.398283  0.00743336
-0.690814  0.625427   -0.41438   0.00896429
-0.654464  0.604084   -0.379827  0.00755683
-0.681807  0.628258   -0.414037  0.00804649
-0.668048  0.623483   -0.392699  0.0133946 
-0.679556  0.525613   -0.337605  0.0162718 
-0.729844  0.51683    -0.368515  0.00840195
-0.662919  0.595213   -0.369257  0.00963537
-0.649522  0.578879   -0.346336  0.0152715 
-0.734399  0.518519   -0.346153  0.00854079
-0.705692  0.591192   -0.385356  0.0143908 
-0.691477  0.520484   -0.339869  0.0349015 
-0.630651  0.421323   0.043349   0.0217806 
-0.558084  0.465558   -0.115718  0.0241701 
-0.558084  0.465558   -0.115718  0.0165366 
-0.552466  0.506801   -0.178396  0.0132501 
-0.538734  0.537969   -0.188514  0.02132   
-0.617558  0.474544   -0.203261  0.0158945 
-0.617558  0.474544   -0.203261  0.0103701 
-0.700972  0.55385    -0.369945  0.00841303
-0.663806  0.597116   -0.389339  0.0113966 
-0.574545  0.67057    -0.300897  0.013868  
-0.499819  0.664782   -0.195952  0.0159145 
-0.464296  0.674565   -0.20208   0.0180522 
-0.41249   0.647098   -0.124342  0.0156404 
-0.508031  0.58368    -0.183289  0.010185  
-0.599542  0.559733   -0.264348  0.0119128 
-0.560989  0.581311   -0.251562  0.0126856 
-0.540655  0.594651   -0.199152  0.0125466 
-0.543071  0.619992   -0.257718  0.0190216 
-0.452206  0.557238   -0.0606296 0.0189962 
-0.428269  0.58204    -0.0684493 0.0199374 
-0.380523  0.622872   0.00125786 0.0179041 
-0.40966   0.632169   -0.0538045 0.0144481 
-0.480012  0.710889   -0.213099  0.0138633 
-0.516862  0.63465    -0.189425  0.0164214 
-0.447369  0.636884   -0.106492  0.016282  
-0.472112  0.654976   -0.177975  0.0179587 
-0.394391  0.661152   -0.0709897 0.0190158 
-0.317308  0.69141    -0.0467896 0.020484  
-0.320648  0.658602   0.00371894 0.0178413 
-0.414012  0.751508   -0.171727  0.0174652 
-0.45678   0.847032   -0.275257  0.0144692 
-0.48551   0.868927   -0.316004  0.0151777 
-0.532516  0.825083   -0.305582  0.0193203 
-0.580893  0.846344   -0.279908  0.0186343 
-0.581933  0.751259   -0.307569  0.0120383 
-0.571287  0.695476   -0.317831  0.0266701 
-0.579974  0.752538   -0.303988  0.0111809 
-0.613318  0.697883   -0.338021  0.0105663 
-0.678114  0.660272   -0.385149  0.00919576
-0.667368  0.69473    -0.371936  0.00976459
-0.690282  0.701011   -0.382304  0.0107647 
-0.725538  0.68802    -0.409767  0.0162615 
-0.725538  0.68802    -0.409767  0.00922075
-0.647476  0.669358   -0.356756  0.0157263 
-0.568175  0.763577   -0.287883  0.0151222 
-0.616829  0.741117   -0.312896  0.0131322 
-0.559391  0.687558   -0.281678  0.0131916 
-0.520686  0.634216   -0.205113  0.0163691 
-0.459792  0.568667   -0.0526319 0.0155577 
-0.49668   0.587036   -0.189356  0.0136469 
-0.528039  0.668066   -0.276375  0.0143051 
-0.504416  0.688909   -0.256455  0.0144834 
-0.499336  0.703342   -0.228863  0.0118694 
-0.578303  0.728377   -0.299787  0.0125783 
-0.585621  0.705831   -0.292642  0.0251807 
-0.601505  0.776262   -0.285814  0.0123702 
-0.616342  0.739907   -0.315864  0.0116677 
-0.57159   0.649494   -0.28706   0.0140284 
-0.622938  0.734634   -0.319169  0.00721726
-0.695097  0.643465   -0.416275  0.00817085
-0.731669  0.643996   -0.417742  0.00981843
-0.781617  0.562633   -0.428451  0.0216536 
-0.731711  0.482565   -0.234068  0.0113039 
-0.822572  0.556828   -0.42588   0.0179732 
-0.81034   0.510099   -0.333157  0.0116616 
-0.849161  0.551728   -0.406857  0.0132431 
-0.751946  0.53743    -0.390577  0.0167004 
-0.676545  0.503623   -0.267765  0.0130759 
-0.622013  0.526458   -0.263363  0.0274411 
-0.583097  0.432969   -0.0532038 0.0559813 
-0.583097  0.432969   -0.0532038 0.043086  
-0.541138  0.386105   0.2921     0.0746195 
-0.541138  0.386105   0.2921     0.023441  
-0.530123  0.437595   0.028734   0.0213872 
-0.592057  0.470661   -0.11726   0.0154879 
-0.590618  0.514007   -0.215362  0.00979041
-0.608497  0.597748   -0.3109    0.0138471 
-0.608497  0.597748   -0.3109    0.00898862
-0.672103  0.638074   -0.377419  0.0117147 
-0.661619  0.710668   -0.359354  0.0129936 
-0.627207  0.7343     -0.34626   0.00967728
-0.619429  0.651292   -0.330237  0.0106405 
-0.638254  0.555821   -0.322694  0.00904151
-0.678506  0.576223   -0.372868  0.0173255 
-0.603818  0.498667   -0.228521  0.0247126 
-0.579447  0.456503   -0.101729  0.042938  
-0.579447  0.456503   -0.101729  0.0147342 
-0.554047  0.528526   -0.197147  0.0174111 
-0.554047  0.528526   -0.197147  0.024212  
-0.554047  0.528526   -0.197147  0.0148334 
-0.514809  0.568245   -0.216488  0.0104124 
-0.607887  0.664552   -0.339023  0.0127582 
-0.671824  0.760142   -0.353429  0.0103527 
-0.671824  0.760142   -0.353429  0.023524  
-0.629302  0.818476   -0.317439  0.014184  
-0.686578  0.769503   -0.367884  0.0148767 
-0.653002  0.763139   -0.329452  0.0258522 
-0.71728   0.826689   -0.278139  0.0254061 
-0.650342  0.808473   -0.314827  0.0147297 
-0.741     0.751394   -0.371154  0.0120556 
-0.795784  0.723324   -0.403402  0.00620185
-0.725632  0.641779   -0.43852   0.0158153 
-0.736973  0.733754   -0.38242   0.0178217 
-0.656852  0.822575   -0.318801  0.0254382 
-0.667715  0.833956   -0.299669  0.0249138 
-0.658922  0.836973   -0.300733  0.0275682 
-0.688978  0.872752   -0.280065  0.017541  
-0.633696  0.892679   -0.310544  0.024332  
-0.607286  0.956429   -0.239822  0.0508793 
-0.68583   1.00874    -0.0481274 0.0635896 
-0.784002  0.996562   0.0689383  0.0654824 
-0.784002  0.996562   0.0689383  0.0400876 
-0.794985  0.971492   -0.116569  0.0377721 
-0.757097  0.897885   -0.14281   0.0548447 
-0.757097  0.897885   -0.14281   0.0415496 
-0.664778  0.951752   -0.163051  0.0387748 
-0.665361  1.01695    -0.137886  0.0443931 
-0.664971  0.992911   -0.069096  0.0266693 
-0.56853   0.977102   -0.187775  0.0163955 
-0.483587  0.89106    -0.265907  0.0298265 
-0.456475  0.971051   -0.225563  0.0289655 
-0.359687  0.89795    -0.209006  0.0167576 
-0.436253  0.92874    -0.280989  0.0473639 
-0.436253  0.92874    -0.280989  0.020747  
-0.440503  0.90607    -0.241502  0.0276144 
-0.434134  0.975663   -0.208307  0.056529  
-0.434134  0.975663   -0.208307  0.0236435 
-0.373498  1.03972    -0.230537  0.0410706 
-0.402589  1.07453    -0.161718  0.0471566 
-0.44964   1.03563    -0.0956039 0.0379966 
-0.396999  1.01274    -0.147583  0.0186419 
-0.34146   0.937192   -0.25956   0.0158755 
-0.250955  0.909179   -0.236428  0.0172492 
-0.314213  0.953294   -0.280354  0.0152782 
-0.324597  0.958634   -0.288962  0.0165217 
-0.304885  0.887205   -0.255059  0.016405  
-0.247592  0.843001   -0.209738  0.0191211 
-0.180812  0.763334   -0.109761  0.0213969 
-0.129805  0.702847   0.0490494  0.0222284 
-0.051372  0.689626   0.115602   0.0235548 
-0.000810136 0.671024   0.164168   0.0221293 
0.0253918  0.715575   0.0289542  0.0188194 
0.0191811  0.756144   -0.00566068 0.0234656 
0.0191811  0.756144   -0.00566068 0.0238156 
0.0191811  0.756144   -0.00566068 0.0213638 
0.0121044  0.736943   0.00739308 0.0194705 
0.0454944  0.755864   -0.0108297 0.0195136 
-0.0321469 0.770855   -0.0880297 0.0199184 
-0.0935257 0.768485   -0.0516777 0.0225195 
-0.135202  0.696523   0.0257135  0.0183974 
-0.21689   0.758598   -0.0944581 0.0174621 
-0.311625  0.784131   -0.186219  0.020139  
-0.252874  0.694668   -0.00151217 0.0205896 
-0.334393  0.613603   0.0882171  0.0260609 
-0.334393  0.613603   0.0882171  0.0274268 
-0.244548  0.555548   0.316826   0.03307   
-0.2059    0.481359   0.630691   0.0337651 
-0.137117  0.534936   0.500206   0.0286561 
-0.232329  0.539508   0.388517   0.0252914 
-0.135877  0.626302   0.214625   0.0297439 
-0.229683  0.538699   0.346588   0.0333433 
-0.171835  0.515445   0.546162   0.0359836 
-0.236387  0.46688    0.547269   0.0299864 
-0.183646  0.525697   0.52536    0.0353773 
-0.20161   0.482988   0.647304   0.0327467 
-0.275896  0.445523   0.601954   0.0244592 
-0.34384   0.506729   0.258039   0.0317951 
-0.295529  0.449654   0.514317   0.0331676 
-0.295529  0.449654   0.514317   0.0420216 
-0.295529  0.449654   0.514317   0.0253851 
-0.340896  0.463666   0.370709   0.0352857 
-0.340896  0.463666   0.370709   0.0299629 
-0.285947  0.47735    0.419869   0.0333047 
-0.284684  0.435553   0.5358     0.0224679 
-0.367735  0.50066    0.232074   0.0300484 
-0.367735  0.50066    0.232074   0.0209982 
-0.3587    0.597868   0.0288903  0.0189674 
-0.375786  0.621213   0.0266106  0.0214733 
-0.337054  0.595358   0.0874551  0.0189915 
-0.36355   0.686025   -0.0928041 0.018773  
-0.307606  0.746023   -0.139813  0.0163529 
-0.368233  0.755487   -0.150486  0.0164252 
-0.273789  0.838488   -0.197203  0.0164828 
-0.249764  0.901904   -0.212576  0.0150232 
-0.266676  0.905754   -0.26319   0.0163386 
-0.21652   0.9196     -0.24259   0.0160787 
-0.13544   0.868753   -0.195928  0.0174096 
-0.200173  0.816269   -0.154038  0.0172317 
-0.25097   0.811083   -0.182571  0.0179372 
-0.272626  0.819071   -0.157302  0.0201867 
-0.301788  0.894502   -0.230638  0.0178123 
-0.23776   0.830295   -0.186166  0.0200819 
-0.226878  0.893852   -0.206231  0.0169081 
-0.163531  0.872411   -0.221782  0.0151989 
-0.12928   0.934527   -0.258738  0.0172307 
-0.0427658 0.852407   -0.194389  0.0169495 
-0.120439  0.850178   -0.183107  0.0172517 
-0.117673  0.850286   -0.171405  0.0143469 
-0.151047  0.928821   -0.230216  0.0199594 
-0.221867  0.881788   -0.193771  0.0195023 
-0.189095  0.880317   -0.211536  0.0173193 
-0.127543  0.850095   -0.198853  0.0201085 
-0.0572041 0.77468    -0.0924369 0.0177946 
-0.140505  0.796674   -0.0787658 0.0164992 
-0.231652  0.846017   -0.172671  0.0161342 
-0.153771  0.839878   -0.145424  0.0198898 
-0.0774406 0.76509    -0.0306817 0.0193499 
-0.104032  0.776766   -0.0732032 0.0162762 
-0.195158  0.834904   -0.196211  0.0173007 
-0.192794  0.825543   -0.0990775 0.0193559 
-0.130318  0.776891   -0.101869  0.0215305 
-0.167648  0.709775   0.00619014 0.0196062 
-0.193359  0.744948   -0.0408968 0.022907  
-0.193359  0.744948   -0.0408968 0.0185582 
-0.122803  0.793849   -0.124552  0.0174327 
-0.18418   0.806154   -0.124375  0.0196065 
-0.117991  0.758165   -0.0483174 0.0167423 
-0.168254  0.849488   -0.174128  0.0171454 
-0.21106   0.87358    -0.19567   0.0161667 
-0.209591  0.890715   -0.249997  0.0153684 
-0.218913  0.897732   -0.233077  0.0166832 
-0.234758  0.885601   -0.197457  0.0163517 
-0.283666  0.886698   -0.271229  0.0145278 
-0.226788  0.906128   -0.194254  0.0174803 
-0.127272  0.858179   -0.163292  0.0184514 
-0.0997532 0.780299   -0.0772175 0.0169339 
-0.163189  0.820273   -0.102893  0.0188632 
-0.233752  0.885684   -0.222867  0.0179414 
-0.295423  0.880262   -0.217865  0.0173923 
-0.213553  0.821752   -0.197311  0.0173204 
-0.270606  0.785846   -0.110847  0.0208585 
-0.172703  0.700446   0.0329437  0.0180218 
-0.168228  0.792696   -0.120283  0.0166966 
-0.234453  0.840655   -0.188939  0.0196837 
-0.248654  0.903386   -0.235561  0.0159999 
-0.332478  0.930731   -0.293659  0.0205936 
