#MU        SIGMA      ENERGY     ERROR     
-0.282472  1.02801    -0.181736  0.0314121 
-0.348169  0.978002   -0.222755  0.0157298 
-0.287676  0.919449   -0.255265  0.0160185 
-0.196701  0.924498   -0.234966  0.018122  
-0.121454  0.966736   -0.237486  0.0156017 
-0.171223  0.897985   -0.233342  0.0166227 
-0.171223  0.897985   -0.233342  0.0174022 
-0.138756  0.93382    -0.24906   0.0163007 
-0.147969  0.921651   -0.260723  0.0162904 
-0.224922  0.916796   -0.278072  0.0177483 
-0.224922  0.916796   -0.278072  0.0222441 
-0.31765   0.985755   -0.272691  0.0326773 
-0.381903  0.995802   -0.173557  0.028868  
-0.38661   0.961725   -0.226613  0.0257638 
-0.486209  0.930043   -0.239327  0.0481278 
-0.407864  1.01056    -0.166994  0.0428402 
-0.439423  1.10239    -0.152318  0.0542085 
-0.439423  1.10239    -0.152318  0.0302218 
-0.409202  1.03534    -0.212458  0.0283864 
-0.342089  0.977407   -0.236292  0.0201719 
-0.350169  0.96832    -0.216842  0.0182185 
-0.297461  0.924764   -0.225908  0.0147585 
-0.23943   0.881166   -0.209528  0.0149715 
-0.260162  0.955651   -0.271189  0.0172657 
-0.331197  0.894328   -0.238372  0.0185828 
-0.347526  0.821079   -0.222408  0.0179316 
-0.252755  0.785506   -0.165139  0.0179012 
-0.163766  0.823587   -0.202814  0.0184413 
-0.163766  0.823587   -0.202814  0.0194584 
-0.163766  0.823587   -0.202814  0.0198962 
-0.163766  0.823587   -0.202814  0.0179053 
-0.257968  0.809338   -0.154494  0.0171824 
-0.166986  0.881831   -0.195111  0.0183133 
-0.0949965 0.805527   -0.116174  0.0214892 
-0.0949965 0.805527   -0.116174  0.020061  
-0.0661788 0.751721   -0.0298457 0.024822  
-0.0661788 0.751721   -0.0298457 0.0186508 
-0.0470972 0.805507   -0.118838  0.0161956 
-0.10645   0.892794   -0.201483  0.0153525 
-0.0805882 0.992012   -0.275658  0.0194731 
-0.0805882 0.992012   -0.275658  0.0185017 
-0.0090244 0.957986   -0.2536    0.0165885 
0.0275315  0.94567    -0.227625  0.0198122 
0.0842777  1.0353     -0.289769  0.0222595 
0.0792856  0.975945   -0.218137  0.0196771 
0.0569385  1.00277    -0.260328  0.0174674 
0.151402   0.971147   -0.261131  0.0377266 
0.221472   1.05113    -0.192745  0.0254395 
0.168041   1.07349    -0.271813  0.0165999 
0.235793   0.978321   -0.291701  0.0231475 
0.300209   1.00041    -0.218785  0.0280729 
0.300378   0.988744   -0.218627  0.0161556 
0.207681   0.915799   -0.231437  0.0169851 
0.207681   0.915799   -0.231437  0.0173949 
0.256533   0.896432   -0.21723   0.0152599 
0.273573   0.958348   -0.23201   0.0169648 
0.227563   0.980445   -0.246894  0.0584452 
0.227563   0.980445   -0.246894  0.0160516 
0.320638   0.946479   -0.286629  0.0206914 
0.320638   0.946479   -0.286629  0.0210598 
0.334579   0.943202   -0.277781  0.0158628 
0.334579   0.943202   -0.277781  0.0148044 
0.338384   0.933603   -0.280882  0.0262245 
0.348098   0.967721   -0.235191  0.0644069 
0.348098   0.967721   -0.235191  0.0165581 
0.251457   0.915906   -0.250534  0.0314559 
0.328497   1.01047    -0.216622  0.0155391 
0.278654   0.965454   -0.3284    0.0170362 
0.278654   0.965454   -0.3284    0.0386038 
0.367159   1.04262    -0.205574  0.0269459 
0.326027   1.05429    -0.236631  0.0328798 
0.321338   0.990969   -0.212175  0.0321422 
0.363075   0.91388    -0.256833  0.016229  
0.313685   0.855035   -0.237946  0.0205953 
0.36722    0.910519   -0.229874  0.0228414 
0.316554   1.00523    -0.244193  0.0211641 
0.316554   1.00523    -0.244193  0.0213881 
0.384741   0.919094   -0.2681    0.0136973 
0.417807   0.867417   -0.249224  0.0166677 
0.343508   0.770518   -0.140464  0.0160871 
0.328488   0.856202   -0.261771  0.0172374 
0.328488   0.856202   -0.261771  0.0292343 
0.315618   0.942583   -0.226285  0.029217  
0.392648   0.962809   -0.207639  0.0179447 
0.362737   0.918364   -0.279209  0.0256653 
0.362737   0.918364   -0.279209  0.0156858 
0.331854   0.856257   -0.244045  0.0157856 
0.393463   0.856875   -0.258026  0.0148806 
0.415571   0.879814   -0.275497  0.0230767 
0.418361   0.934625   -0.263668  0.019421  
0.345522   0.945679   -0.248291  0.0313358 
0.354869   0.964045   -0.238358  0.0171195 
0.352175   0.907078   -0.263461  0.0193317 
0.362638   0.965101   -0.284175  0.0194361 
0.295778   0.988085   -0.280963  0.0229119 
0.288997   1.00882    -0.219944  0.0359006 
0.288997   1.00882    -0.219944  0.0375474 
0.266107   1.10252    -0.13307   0.0373263 
0.174591   1.04245    -0.185176  0.0193078 
0.172507   1.04771    -0.252129  0.0279635 
0.172507   1.04771    -0.252129  0.0160138 
0.112562   0.98452    -0.273452  0.0205618 
0.169183   0.998656   -0.237415  0.0206734 
0.190563   0.959639   -0.2543    0.0165265 
0.269519   0.91912    -0.237147  0.0248706 
0.246407   0.998415   -0.243477  0.0405398 
0.151839   1.06673    -0.191052  0.0336062 
0.0963235  1.13745    -0.237857  0.0405109 
0.171141   1.1073     -0.173424  0.047762  
0.171141   1.1073     -0.173424  0.0187733 
0.261601   1.01587    -0.265933  0.0199475 
0.199351   1.03091    -0.310306  0.0588087 
0.199351   1.03091    -0.310306  0.0291563 
0.199351   1.03091    -0.310306  0.0311676 
0.214956   1.0289     -0.226914  0.0496659 
0.216533   1.10251    -0.129802  0.0274158 
0.178307   1.17017    -0.181413  0.042674  
0.109131   1.12016    -0.179386  0.0734423 
0.109131   1.12016    -0.179386  0.0587434 
0.107993   1.07228    -0.169031  0.0180958 
0.108279   1.05865    -0.304833  0.0269299 
0.0332977  1.06799    -0.239466  0.0391618 
0.0332977  1.06799    -0.239466  0.0333658 
0.0332977  1.06799    -0.239466  0.0181314 
0.11919    0.969879   -0.25003   0.0154936 
0.215121   0.903963   -0.279497  0.0166704 
0.254683   0.879659   -0.238517  0.0171545 
0.254683   0.879659   -0.238517  0.0259855 
0.282486   0.957149   -0.239273  0.0416846 
0.282486   0.957149   -0.239273  0.0167701 
0.265874   0.963666   -0.256492  0.0452195 
0.287952   0.974353   -0.217371  0.0224065 
0.352952   0.971187   -0.245566  0.0190233 
0.313158   0.93853    -0.281892  0.0162793 
0.403275   0.849303   -0.251862  0.0165875 
0.305629   0.774971   -0.171326  0.0168683 
0.305671   0.825844   -0.18916   0.0157306 
0.307347   0.883534   -0.248763  0.0168853 
0.33079    0.875816   -0.248899  0.0181974 
0.246183   0.868131   -0.218565  0.0160557 
0.293177   0.857981   -0.253231  0.0310528 
0.293177   0.857981   -0.253231  0.0170187 
0.293177   0.857981   -0.253231  0.0188602 
0.373385   0.898514   -0.261726  0.0182301 
0.353612   0.841912   -0.222997  0.0164231 
0.367663   0.754888   -0.150639  0.0184569 
0.291027   0.735714   -0.116923  0.0177625 
0.382211   0.771663   -0.210825  0.0171691 
0.382211   0.771663   -0.210825  0.0171208 
0.364482   0.719563   -0.107801  0.0170371 
0.273466   0.808951   -0.175013  0.0161984 
0.196774   0.866319   -0.20324   0.0158209 
0.280285   0.838559   -0.190081  0.016444  
0.377484   0.776355   -0.194287  0.0439886 
0.332696   0.814729   -0.175637  0.0181207 
0.429664   0.826867   -0.241373  0.037276  
0.432694   0.912731   -0.250475  0.017113  
0.435253   0.913739   -0.278106  0.0165489 
0.367036   0.903437   -0.288602  0.015909  
0.288525   0.897422   -0.242329  0.0281836 
0.37016    0.959938   -0.220683  0.0157394 
0.29729    0.928123   -0.24463   0.0157098 
0.299727   0.846331   -0.220224  0.0161227 
0.227044   0.842617   -0.214407  0.0185324 
0.237908   0.769553   -0.11448   0.0183163 
0.264645   0.764636   -0.126429  0.0170455 
0.303033   0.789067   -0.140649  0.0169243 
0.255081   0.883148   -0.221306  0.0155526 
0.159878   0.875209   -0.207272  0.0155636 
0.233855   0.892235   -0.215218  0.0163516 
0.318495   0.83298    -0.211271  0.0180696 
0.281131   0.768593   -0.131324  0.0176021 
0.281131   0.768593   -0.131324  0.0188058 
0.272035   0.742534   -0.0808989 0.0177094 
0.242543   0.785248   -0.138603  0.0215703 
0.196168   0.703679   -0.0348332 0.0258699 
0.196168   0.703679   -0.0348332 0.0202854 
0.282176   0.664039   0.0610038  0.0189929 
0.312227   0.703642   -0.102741  0.0169053 
0.331095   0.792542   -0.209152  0.0162337 
0.292403   0.88017    -0.236195  0.0173986 
0.357042   0.899207   -0.247561  0.0168577 
0.415706   0.903999   -0.280488  0.0263834 
0.508625   0.968288   -0.242553  0.0401775 
0.473424   1.0352     -0.172608  0.0316099 
0.524164   0.98629    -0.188446  0.029112  
0.435197   0.982628   -0.20159   0.0430728 
0.435197   0.982628   -0.20159   0.0398444 
0.435197   0.982628   -0.20159   0.0215069 
0.372858   0.987526   -0.256315  0.0258516 
0.442302   1.05757    -0.23294   0.0197266 
0.383817   0.961954   -0.249716  0.0313023 
0.383817   0.961954   -0.249716  0.0213594 
0.442529   1.03057    -0.266551  0.0225769 
0.442265   0.973803   -0.256804  0.0165096 
0.50194    0.936016   -0.291733  0.0188842 
0.468285   0.96101    -0.290986  0.0260545 
0.414975   1.02136    -0.260767  0.0189747 
0.393831   0.970481   -0.283135  0.035204  
0.393831   0.970481   -0.283135  0.0231666 
0.491956   0.94395    -0.235913  0.0180873 
0.572182   0.854749   -0.278158  0.0174852 
0.502503   0.887391   -0.289346  0.0777394 
0.519373   0.921164   -0.185719  0.0303334 
0.48064    1.00564    -0.2348    0.0434462 
0.48064    1.00564    -0.2348    0.0231617 
0.423801   0.96986    -0.287654  0.025963  
0.368055   1.04334    -0.280773  0.0381579 
0.368055   1.04334    -0.280773  0.0473721 
0.280693   1.06389    -0.208531  0.0368625 
0.35164    1.01688    -0.192641  0.0185553 
0.446143   0.960094   -0.2686    0.0269561 
0.48221    0.927857   -0.252452  0.0299817 
0.48221    0.927857   -0.252452  0.0409412 
0.48221    0.927857   -0.252452  0.0166041 
0.43025    0.950522   -0.300851  0.0241532 
0.527639   0.947054   -0.252654  0.0359338 
0.593187   0.958992   -0.167179  0.0173828 
0.606231   0.874754   -0.306215  0.0222305 
0.558296   0.932306   -0.283432  0.0180128 
0.501514   0.873334   -0.331447  0.0158527 
0.501514   0.873334   -0.331447  0.029152  
0.501514   0.873334   -0.331447  0.0255797 
0.461454   0.967448   -0.243265  0.0348845 
0.378323   1.04549    -0.198508  0.0403284 
0.301823   1.06713    -0.199914  0.0355124 
0.27899    1.11149    -0.161085  0.0549088 
0.27899    1.11149    -0.161085  0.0364671 
0.343014   1.15634    -0.119636  0.0435532 
0.388894   1.12574    -0.11545   0.0241581 
0.406492   1.02922    -0.221252  0.0191943 
0.33236    0.958233   -0.259402  0.0300481 
0.33236    0.958233   -0.259402  0.0340735 
0.33236    0.958233   -0.259402  0.015592  
0.346399   0.923169   -0.233923  0.0226319 
0.276993   0.997897   -0.241624  0.0163259 
0.29749    0.954572   -0.262665  0.0237404 
0.393949   1.0134     -0.270802  0.0275633 
0.299228   1.04956    -0.256305  0.031612  
0.299228   1.04956    -0.256305  0.0311822 
0.299228   1.04956    -0.256305  0.0177668 
0.277686   1.01626    -0.317882  0.0269278 
0.277686   1.01626    -0.317882  0.0296067 
0.277686   1.01626    -0.317882  0.0214354 
0.277686   1.01626    -0.317882  0.018985  
0.2095     0.97877    -0.226126  0.016745  
0.152685   0.898021   -0.18891   0.0166181 
0.147044   0.844122   -0.178093  0.0183023 
0.196173   0.786127   -0.129031  0.0174301 
0.195756   0.802339   -0.112262  0.0175786 
0.24554    0.808698   -0.138104  0.0163238 
0.298772   0.822251   -0.244857  0.0174004 
0.298772   0.822251   -0.244857  0.0181341 
0.243241   0.853666   -0.190182  0.0169009 
0.284302   0.836961   -0.172363  0.0181161 
0.290966   0.758675   -0.165813  0.0192682 
0.301076   0.699367   -0.0299078 0.017334  
0.269786   0.793792   -0.133354  0.0183998 
0.18823    0.786913   -0.141599  0.0208765 
0.18823    0.786913   -0.141599  0.0195626 
0.212187   0.802212   -0.127925  0.0166756 
0.122156   0.878238   -0.218733  0.0179452 
0.096452   0.951594   -0.248137  0.0164348 
0.096452   0.951594   -0.248137  0.0203645 
0.0840025  0.983828   -0.232496  0.0164234 
0.0856808  0.892664   -0.226318  0.0231894 
0.0650112  0.991753   -0.246125  0.0163373 
0.123977   0.932874   -0.228792  0.0153592 
0.169688   0.917096   -0.244241  0.0164726 
0.168065   0.876558   -0.178256  0.0210928 
0.112708   0.90702    -0.226444  0.0328267 
0.116681   1.00137    -0.219701  0.0163104 
0.143389   0.903796   -0.253997  0.0168515 
0.110273   0.849668   -0.164895  0.0164287 
0.0598676  0.88485    -0.194482  0.0177641 
0.034005   0.983591   -0.262768  0.0167431 
0.034005   0.983591   -0.262768  0.0179335 
0.104492   0.907001   -0.223855  0.0189328 
0.00991013 0.964248   -0.241213  0.018474  
-0.0401442 1.00547    -0.233627  0.0161832 
-0.0911055 0.960879   -0.230421  0.0166259 
0.00386986 0.939994   -0.256679  0.0209919 
-0.0713675 1.00585    -0.266136  0.015926  
-0.146787  0.946225   -0.235542  0.0222668 
-0.229021  0.936159   -0.233532  0.015802  
-0.246423  0.964398   -0.266403  0.0273103 
-0.246423  0.964398   -0.266403  0.0292973 
-0.246423  0.964398   -0.266403  0.0155398 
-0.19361   0.875351   -0.194877  0.0163061 
-0.19361   0.875351   -0.194877  0.0179886 
-0.210766  0.82341    -0.143041  0.0160582 
-0.296305  0.913982   -0.26952   0.016343  
-0.313049  0.841493   -0.219528  0.021556  
-0.235934  0.934394   -0.24006   0.0195561 
-0.214067  0.877756   -0.195164  0.0194726 
-0.197112  0.902435   -0.224386  0.0165905 
-0.117607  0.880078   -0.197064  0.0155551 
-0.211424  0.874404   -0.221643  0.0265713 
-0.244304  0.936027   -0.215382  0.0221659 
-0.314609  1.02844    -0.252334  0.0493817 
-0.269045  1.09826    -0.124086  0.0267846 
-0.316737  1.01034    -0.25126   0.0194271 
-0.322569  1.03287    -0.247548  0.027438  
-0.319326  1.05849    -0.216954  0.0203954 
-0.393514  0.969068   -0.266261  0.0160375 
-0.388496  0.931483   -0.242225  0.0273293 
-0.311111  0.997546   -0.215891  0.0204772 
-0.251139  1.06866    -0.298911  0.0297609 
-0.251139  1.06866    -0.298911  0.0176497 
-0.251139  1.06866    -0.298911  0.0183039 
-0.207286  0.972932   -0.2689    0.0163425 
-0.207286  0.972932   -0.2689    0.0174343 
-0.181213  0.950996   -0.28993   0.0154769 
-0.220514  0.876962   -0.218412  0.0192878 
-0.220514  0.876962   -0.218412  0.0158294 
-0.225446  0.939629   -0.240379  0.014985  
-0.227956  0.913884   -0.259168  0.016623  
-0.227956  0.913884   -0.259168  0.0159262 
-0.267608  0.897867   -0.234509  0.0188982 
-0.341725  0.944513   -0.275525  0.0279471 
-0.279374  0.985013   -0.200516  0.0162183 
-0.192187  0.907488   -0.251116  0.0201268 
-0.113547  1.00461    -0.25626   0.0185306 
-0.149108  1.08053    -0.292871  0.0246689 
-0.149108  1.08053    -0.292871  0.0360995 
-0.0669466 1.0131     -0.235505  0.0313531 
0.0138465  1.03067    -0.234932  0.0159919 
-0.00603794 0.933635   -0.201702  0.0159074 
0.0732259  0.919074   -0.253509  0.016887  
0.0732259  0.919074   -0.253509  0.0156177 
0.126046   0.977798   -0.24355   0.0273214 
0.12803    1.06699    -0.241354  0.0200771 
0.155251   1.01394    -0.261693  0.0244633 
0.183813   1.02695    -0.228735  0.0279629 
0.267455   1.09228    -0.225697  0.030728  
0.264267   1.12107    -0.21591   0.0579271 
0.264267   1.12107    -0.21591   0.0560714 
0.264267   1.12107    -0.21591   0.0396267 
0.280582   1.13147    -0.159171  0.056888  
0.280582   1.13147    -0.159171  0.0321222 
0.222508   1.15128    -0.17823   0.039667  
0.237689   1.12285    -0.147308  0.0721682 
0.237689   1.12285    -0.147308  0.0584255 
0.237689   1.12285    -0.147308  0.0690566 
0.237689   1.12285    -0.147308  0.0454799 
0.169503   1.21056    -0.0791528 0.0438952 
0.161066   1.24272    -0.0257482 0.0945827 
0.0615876  1.31443    0.22159    0.0884501 
0.0615876  1.31443    0.22159    0.0811176 
0.104893   1.37033    0.351168   0.0741806 
0.0937402  1.33848    0.288162   0.0868422 
0.137346   1.30942    0.211723   0.0899629 
0.0667848  1.29032    0.234969   0.0565082 
0.0953714  1.26881    0.080124   0.0417902 
0.111581   1.23284    -0.078136  0.0588734 
0.172091   1.18676    -0.0705522 0.0347789 
0.203544   1.10043    -0.185973  0.0275734 
0.255953   1.07858    -0.246038  0.0258002 
0.224084   1.00782    -0.243194  0.0209164 
0.194704   1.01018    -0.26632   0.0174694 
0.155026   1.00161    -0.242782  0.0266419 
0.202877   1.075      -0.262681  0.0285924 
0.215995   0.979917   -0.237837  0.0177449 
0.130537   0.939583   -0.244933  0.0155929 
0.130537   0.939583   -0.244933  0.0195341 
0.160249   0.967616   -0.250781  0.0168811 
0.160249   0.967616   -0.250781  0.0165249 
0.13903    0.903698   -0.214492  0.021702  
0.103414   0.993723   -0.220512  0.0165095 
0.0153342  0.988338   -0.266746  0.0169809 
0.0270301  0.944011   -0.224234  0.0221572 
-0.0193218 1.04149    -0.248517  0.0189419 
0.0561231  0.999039   -0.263734  0.0336969 
0.0281339  1.02732    -0.22272   0.0177221 
0.0621911  0.936438   -0.209377  0.0153543 
-0.0177001 0.948729   -0.23212   0.0171212 
-0.01284   0.930293   -0.226649  0.0277787 
-0.00756292 0.93135    -0.217149  0.0150336 
0.0814341  0.969436   -0.298373  0.0156902 
0.132611   0.907366   -0.239797  0.0150739 
0.183334   0.935293   -0.253718  0.016976  
0.183334   0.935293   -0.253718  0.0159842 
0.180746   0.958424   -0.259939  0.0219571 
0.169739   1.01087    -0.244697  0.0195685 
0.102784   1.02228    -0.258358  0.0374269 
0.0352812  1.11357    -0.148421  0.0382134 
0.0761148  1.09235    -0.214474  0.0445112 
0.0761148  1.09235    -0.214474  0.0325767 
0.0627873  1.13215    -0.162453  0.0399148 
0.0627873  1.13215    -0.162453  0.0269074 
-0.0360052 1.07174    -0.233564  0.0194855 
-0.00491718 1.00321    -0.274422  0.0196021 
-0.021093  0.988262   -0.23605   0.0154164 
0.0452939  0.908038   -0.248215  0.01751   
0.0452939  0.908038   -0.248215  0.0195857 
0.0679521  0.916375   -0.217912  0.0184083 
0.0142931  0.851832   -0.189811  0.0219771 
-0.0536451 0.820719   -0.155402  0.0211543 
-0.0243911 0.742256   -0.0306855 0.0190964 
-0.0452677 0.799415   -0.114268  0.0162699 
-0.0410707 0.89848    -0.232359  0.0190383 
-0.0410707 0.89848    -0.232359  0.0163777 
-0.0260434 0.865876   -0.195361  0.0190518 
-0.0260434 0.865876   -0.195361  0.0189857 
-0.0260434 0.865876   -0.195361  0.0174274 
-0.00944396 0.850043   -0.203902  0.0160842 
-0.0462389 0.895784   -0.182754  0.018648  
-0.0462389 0.895784   -0.182754  0.0147123 
-0.0426109 0.971076   -0.259044  0.0178026 
-0.0426109 0.971076   -0.259044  0.0179182 
-0.0426109 0.971076   -0.259044  0.0232061 
-0.0426109 0.971076   -0.259044  0.0226893 
-0.0326692 1.02722    -0.22009   0.0186053 
-0.107016  1.00643    -0.268986  0.018017  
-0.152783  0.944156   -0.228361  0.0178539 
-0.248678  0.899941   -0.237878  0.0172451 
-0.151162  0.818286   -0.150508  0.0210705 
-0.193851  0.719306   -0.0127794 0.0239204 
-0.193851  0.719306   -0.0127794 0.0214206 
-0.152718  0.719185   -0.010569  0.020545  
-0.0993461 0.741903   -0.0115345 0.019985  
-0.103832  0.746176   -0.00779091 0.0191387 
-0.147821  0.771872   -0.0708001 0.0197667 
-0.139377  0.751583   -0.0628693 0.0249775 
-0.139377  0.751583   -0.0628693 0.0178038 
-0.0535871 0.819152   -0.119564  0.0169015 
0.0255362  0.834039   -0.145992  0.0165192 
0.0498709  0.900915   -0.230683  0.0181977 
0.0498709  0.900915   -0.230683  0.017047  
-0.0214484 0.950477   -0.238199  0.0160321 
-0.0607619 0.893878   -0.211189  0.0168913 
-0.139497  0.965047   -0.249229  0.0430535 
-0.0799525 1.05536    -0.179661  0.0191567 
-0.0148659 1.0133     -0.263687  0.0175866 
-0.103536  1.04396    -0.290746  0.0361667 
-0.103536  1.04396    -0.290746  0.0198006 
-0.099003  1.0184     -0.277352  0.0169344 
-0.0795827 1.02906    -0.27494   0.0289083 
0.0104992  1.10376    -0.213441  0.0362343 
0.0104992  1.10376    -0.213441  0.0531586 
0.10688    1.15477    -0.0962996 0.0785817 
0.10688    1.15477    -0.0962996 0.041891  
0.19891    1.22031    -0.103562  0.0528719 
0.12868    1.21079    0.0223689  0.0852058 
0.0599911  1.30973    0.244786   0.158917  
0.0599911  1.30973    0.244786   0.0730741 
0.15239    1.26781    0.0723292  0.0980322 
0.15239    1.26781    0.0723292  0.0570932 
0.144271   1.1938     -0.00320748 0.0740216 
0.129634   1.25092    0.106221   0.0400189 
0.0911543  1.2253     -0.0991204 0.0589634 
0.0911543  1.2253     -0.0991204 0.0545478 
0.190319   1.18078    -0.0899999 0.0345762 
0.259321   1.13649    -0.193597  0.0329058 
0.339581   1.09383    -0.21721   0.0741567 
0.339581   1.09383    -0.21721   0.0485736 
0.339581   1.09383    -0.21721   0.0196765 
0.248589   1.00746    -0.276672  0.029409  
0.209838   1.01182    -0.277627  0.0289303 
0.285324   0.998988   -0.262941  0.0242756 
0.301578   0.949686   -0.19106   0.0223658 
0.37557    0.971879   -0.275955  0.0294129 
0.37557    0.971879   -0.275955  0.0538335 
0.37557    0.971879   -0.275955  0.0229171 
0.405599   0.942568   -0.265202  0.0208416 
0.474946   0.902054   -0.258786  0.0148617 
0.501109   0.857831   -0.325509  0.0150184 
0.427299   0.765838   -0.203984  0.0183706 
0.34893    0.75157    -0.167767  0.0191976 
0.34893    0.75157    -0.167767  0.0155426 
0.383259   0.787588   -0.178235  0.0179449 
0.383259   0.787588   -0.178235  0.0167311 
0.30292    0.808892   -0.177498  0.0165309 
0.236165   0.849169   -0.201409  0.0165857 
0.239473   0.946287   -0.290128  0.0149195 
0.144449   0.963786   -0.293593  0.0158064 
0.114188   0.936191   -0.273732  0.017648  
0.109654   0.916514   -0.206982  0.0172984 
0.109654   0.916514   -0.206982  0.0165816 
0.100167   0.89328    -0.208031  0.0183096 
0.071508   0.972327   -0.234687  0.0236162 
0.110316   0.949828   -0.223709  0.0159808 
0.14382    0.927464   -0.242201  0.0227601 
0.153617   0.906427   -0.202771  0.0175899 
0.10074    0.831884   -0.141067  0.0181761 
0.0621599  0.835912   -0.128072  0.018435  
0.12333    0.798986   -0.117003  0.0226074 
0.0566872  0.703711   0.0694987  0.0249192 
0.0566872  0.703711   0.0694987  0.0214166 
0.0358065  0.726879   0.00255792 0.0244912 
0.0358065  0.726879   0.00255792 0.0230551 
0.0300035  0.703433   0.0152531  0.0265354 
0.0300035  0.703433   0.0152531  0.0192344 
-0.0400688 0.796114   -0.115854  0.0171211 
0.018413   0.872457   -0.194061  0.0169142 
0.0542607  0.887306   -0.201901  0.0174    
0.104756   0.827929   -0.155758  0.0165998 
0.163091   0.815829   -0.12489   0.0182583 
0.0754218  0.863782   -0.183052  0.0165851 
0.00878697 0.916425   -0.229579  0.0247011 
-0.0710343 1.00748    -0.202334  0.0246036 
-0.0931609 1.01935    -0.230077  0.0170851 
-0.133692  0.964207   -0.228215  0.0173302 
-0.1948    0.933575   -0.244908  0.0172279 
-0.216373  0.862499   -0.228859  0.0165943 
-0.152329  0.874857   -0.22015   0.0153844 
-0.14573   0.929847   -0.22994   0.0159349 
-0.0672883 0.933458   -0.240457  0.0195787 
-0.1037    0.947893   -0.238309  0.0156937 
-0.028135  0.904394   -0.234332  0.0188659 
0.0332145  0.980745   -0.253551  0.0232752 
0.132994   1.04044    -0.240359  0.0689193 
0.132994   1.04044    -0.240359  0.0309164 
0.0550668  1.10279    -0.257306  0.0230368 
0.122862   1.06573    -0.233804  0.0424395 
0.150298   1.09647    -0.146264  0.0222916 
0.0759659  1.03417    -0.252527  0.026138  
0.0794615  1.01877    -0.234011  0.0185933 
0.127357   1.00394    -0.257856  0.0317012 
0.213344   1.06768    -0.189445  0.0364426 
0.213344   1.06768    -0.189445  0.0232428 
0.198013   0.993711   -0.249494  0.0181366 
0.198013   0.993711   -0.249494  0.0331194 
0.198013   0.993711   -0.249494  0.0301278 
0.198013   0.993711   -0.249494  0.0173382 
0.211661   1.0097     -0.251391  0.0429864 
0.151124   1.0819     -0.201691  0.0306216 
0.188638   1.10153    -0.187033  0.0381511 
0.109435   1.13044    -0.17379   0.0296617 
0.0596963  1.10757    -0.165928  0.0294191 
0.075976   1.04863    -0.205754  0.0390139 
-0.0129737 1.13531    -0.163422  0.0348505 
-0.0873106 1.08943    -0.181412  0.0462178 
-0.0873106 1.08943    -0.181412  0.0346571 
0.0103905  1.10548    -0.205833  0.0480517 
-0.0265854 1.18795    -0.101419  0.0471251 
0.00353406 1.16378    -0.179198  0.0601279 
-0.0736684 1.20504    -0.102781  0.0619652 
-0.15358   1.20025    -0.00120273 0.0830232 
-0.15358   1.20025    -0.00120273 0.0827191 
-0.15358   1.20025    -0.00120273 0.0671717 
-0.174722  1.25508    0.0120521  0.0573591 
-0.237918  1.2284     0.0218002  0.0596305 
-0.333669  1.16071    -0.0204566 0.0327465 
-0.252192  1.11921    -0.167957  0.0224008 
-0.161337  1.08194    -0.236714  0.0852739 
-0.161337  1.08194    -0.236714  0.0190441 
-0.259742  1.01924    -0.261581  0.0288394 
-0.224095  1.03399    -0.254602  0.0279462 
-0.148285  1.08495    -0.205072  0.0210744 
-0.119613  1.00873    -0.266906  0.0183986 
-0.184896  0.99847    -0.264156  0.0540507 
-0.184896  0.99847    -0.264156  0.0165224 
-0.243333  0.916128   -0.241813  0.0160048 
-0.301893  0.916416   -0.270518  0.0196459 
-0.235388  0.992489   -0.232037  0.0223536 
-0.222764  0.976919   -0.19086   0.0219597 
-0.175943  0.948065   -0.238169  0.0196766 
-0.263495  1.04485    -0.276945  0.0218596 
-0.210466  1.01687    -0.254235  0.0198234 
-0.132705  0.995966   -0.26917   0.0210514 
-0.132705  0.995966   -0.26917   0.0233088 
-0.108531  0.991397   -0.239337  0.0228282 
-0.202018  0.997922   -0.222955  0.0195788 
-0.288536  0.932714   -0.258091  0.0164638 
-0.288536  0.932714   -0.258091  0.0169227 
-0.359158  0.91046    -0.275122  0.0230777 
-0.27162   0.99671    -0.271891  0.0283105 
-0.27162   0.99671    -0.271891  0.0254886 
-0.254449  1.06157    -0.254976  0.0404361 
-0.333491  1.02291    -0.201176  0.0250076 
-0.312996  0.943486   -0.233459  0.0179058 
-0.368369  0.906902   -0.235926  0.0173445 
-0.459196  0.827846   -0.239447  0.0149819 
-0.457137  0.747253   -0.240678  0.0153852 
-0.508696  0.754381   -0.243315  0.0158016 
-0.491227  0.7952     -0.243574  0.0132287 
-0.543533  0.698986   -0.28761   0.0138786 
-0.511573  0.695329   -0.255264  0.0166291 
-0.511573  0.695329   -0.255264  0.0174637 
-0.576976  0.768463   -0.285403  0.0144246 
-0.511478  0.721698   -0.250559  0.0150434 
-0.44884   0.791817   -0.237662  0.0142812 
-0.503942  0.717489   -0.270489  0.0114592 
-0.584632  0.720779   -0.309722  0.0145087 
-0.633099  0.785514   -0.33403   0.0156767 
-0.614742  0.801498   -0.31731   0.0171114 
-0.56239   0.787493   -0.312212  0.0127256 
-0.584118  0.742639   -0.312167  0.0129609 
-0.577657  0.758531   -0.297048  0.0121505 
-0.57008   0.740457   -0.307909  0.0134916 
-0.541096  0.721844   -0.281957  0.0210389 
-0.63176   0.809257   -0.304526  0.0140741 
-0.540937  0.824383   -0.293056  0.0183929 
-0.453266  0.884142   -0.266201  0.0164228 
-0.427951  0.830618   -0.22801   0.0158824 
-0.501148  0.759464   -0.244774  0.0164872 
-0.501148  0.759464   -0.244774  0.0142958 
-0.483975  0.83358    -0.268648  0.0127573 
-0.54909   0.737605   -0.308698  0.0121176 
-0.594882  0.713627   -0.329432  0.0118377 
-0.583793  0.672985   -0.326401  0.0119044 
-0.573951  0.61656    -0.293254  0.0111702 
-0.618788  0.561215   -0.317094  0.0101387 
-0.623274  0.657165   -0.367333  0.0144364 
-0.623274  0.657165   -0.367333  0.0115015 
-0.623274  0.657165   -0.367333  0.0127477 
-0.623274  0.657165   -0.367333  0.0112241 
-0.595791  0.56353    -0.277468  0.00888197
-0.631685  0.626183   -0.338196  0.00846744
-0.662052  0.633858   -0.378747  0.0133074 
-0.729993  0.665712   -0.407672  0.00809185
-0.791791  0.641986   -0.437569  0.00740242
-0.717278  0.588442   -0.4006    0.0148788 
-0.650934  0.517079   -0.308606  0.0134056 
-0.557548  0.562493   -0.249952  0.0127433 
-0.565168  0.560831   -0.242925  0.0137761 
-0.565168  0.560831   -0.242925  0.0153987 
-0.565168  0.560831   -0.242925  0.0173232 
-0.562952  0.491226   -0.155169  0.0219657 
-0.463017  0.455988   0.0547818  0.0385867 
-0.463017  0.455988   0.0547818  0.0311654 
-0.534506  0.418478   0.075935   0.0235121 
-0.48828   0.458467   -0.0217309 0.0210086 
-0.477357  0.450778   0.0365803  0.0177632 
-0.448322  0.505219   0.00726015 0.016776  
-0.51895   0.502235   -0.0915033 0.038059  
-0.51895   0.502235   -0.0915033 0.0145481 
-0.507343  0.586398   -0.17758   0.0152423 
-0.507343  0.586398   -0.17758   0.0199624 
-0.507343  0.586398   -0.17758   0.0135213 
-0.521953  0.593964   -0.205286  0.0152769 
-0.521953  0.593964   -0.205286  0.0162788 
-0.448906  0.670949   -0.170227  0.0158861 
-0.543961  0.722902   -0.279941  0.01534   
-0.55269   0.795153   -0.286125  0.0131339 
-0.524476  0.700134   -0.264217  0.0127463 
-0.535841  0.693137   -0.285905  0.0130858 
-0.535903  0.699685   -0.277374  0.0100869 
-0.607779  0.620051   -0.304119  0.0142401 
-0.511255  0.664106   -0.247445  0.0149917 
-0.481986  0.665182   -0.211838  0.0159725 
-0.435854  0.694589   -0.157031  0.0140772 
-0.500332  0.709966   -0.236096  0.0154793 
-0.500332  0.709966   -0.236096  0.0136759 
-0.520876  0.638314   -0.237516  0.0117403 
-0.565923  0.666665   -0.316193  0.0106196 
-0.638629  0.697275   -0.369485  0.00886249
-0.657296  0.672582   -0.36212   0.0114422 
-0.603875  0.687536   -0.321221  0.0146064 
-0.605075  0.776496   -0.336356  0.0172298 
-0.578938  0.775603   -0.313636  0.0144706 
-0.578938  0.775603   -0.313636  0.0134516 
-0.572996  0.760267   -0.330064  0.0153181 
-0.621936  0.701471   -0.329086  0.013595  
-0.546071  0.736845   -0.311801  0.0172936 
-0.562166  0.752373   -0.285913  0.0167658 
-0.56544   0.803272   -0.304297  0.0146983 
-0.537468  0.777742   -0.313145  0.0138831 
-0.537468  0.777742   -0.313145  0.0148457 
-0.537468  0.777742   -0.313145  0.0195821 
-0.591639  0.862843   -0.271894  0.0380766 
-0.580388  0.930113   -0.228579  0.0339314 
-0.487355  0.982638   -0.175397  0.0307696 
-0.483741  1.003      -0.262036  0.0579651 
-0.483741  1.003      -0.262036  0.0214956 
-0.517875  0.906631   -0.256854  0.0350441 
-0.474455  0.920385   -0.224897  0.0261572 
-0.509391  0.968855   -0.214736  0.0293986 
-0.455371  1.04033    -0.218668  0.0282523 
-0.442242  1.00372    -0.260428  0.0303432 
-0.50951   0.99813    -0.19802   0.0330544 
-0.578855  0.939106   -0.235776  0.0306855 
-0.553566  0.891804   -0.263515  0.0235384 
-0.508227  0.981213   -0.249197  0.0337141 
-0.508227  0.981213   -0.249197  0.0377928 
-0.508227  0.981213   -0.249197  0.0296279 
-0.508227  0.981213   -0.249197  0.0205649 
-0.570098  0.904401   -0.281246  0.0172986 
-0.583288  0.819106   -0.32315   0.0186534 
-0.496044  0.845383   -0.266544  0.0154651 
-0.42012   0.769581   -0.198502  0.0160177 
-0.42012   0.769581   -0.198502  0.0153193 
-0.42012   0.769581   -0.198502  0.0150944 
-0.455318  0.751869   -0.221935  0.013598  
-0.499302  0.777403   -0.255477  0.0147855 
-0.57282   0.769927   -0.331061  0.0123435 
-0.623459  0.749888   -0.337875  0.0193083 
-0.647105  0.804613   -0.31545   0.0103105 
-0.639683  0.711341   -0.380929  0.0124829 
-0.556596  0.629083   -0.274509  0.0152027 
-0.556596  0.629083   -0.274509  0.0132952 
-0.532327  0.593535   -0.203875  0.0173756 
-0.532327  0.593535   -0.203875  0.0182447 
-0.604699  0.497171   -0.217898  0.012732  
-0.539399  0.578239   -0.193291  0.0104965 
-0.620361  0.667303   -0.34546   0.00755835
-0.696723  0.596793   -0.390556  0.00829464
-0.749631  0.621002   -0.436187  0.0131226 
-0.675155  0.525903   -0.323788  0.00666408
-0.766311  0.60241    -0.440531  0.00723244
-0.826346  0.602663   -0.45025   0.0145508 
-0.826346  0.602663   -0.45025   0.0109026 
-0.920887  0.553699   -0.328938  0.00809287
-0.827083  0.579493   -0.428805  0.011904  
-0.798068  0.544533   -0.385214  0.0210556 
-0.798068  0.544533   -0.385214  0.00938666
-0.81288   0.565501   -0.40867   0.0097331 
-0.895202  0.614773   -0.408804  0.018288  
-0.895202  0.614773   -0.408804  0.00965424
-0.924596  0.596175   -0.369923  0.00939453
-0.932526  0.590336   -0.366906  0.019267  
-1.02112   0.642594   -0.231349  0.019764  
-0.955596  0.68781    -0.295625  0.0362363 
-0.955596  0.68781    -0.295625  0.0280921 
-1.00137   0.651398   -0.236483  0.0328397 
-1.00137   0.651398   -0.236483  0.0184953 
-1.00137   0.651398   -0.236483  0.0200767 
-1.01189   0.55696    -0.229021  0.0239863 
-1.06922   0.614758   -0.118499  0.0289112 
-1.06922   0.614758   -0.118499  0.0246652 
-1.05145   0.656789   -0.165894  0.0165744 
-1.09168   0.585727   -0.113693  0.0347397 
-1.09168   0.585727   -0.113693  0.020957  
-1.09168   0.585727   -0.113693  0.0117274 
-1.0416    0.538698   -0.166388  0.0135464 
-1.07014   0.52137    -0.0874671 0.0248969 
-1.16305   0.61305    0.0813423  0.0242666 
-1.16305   0.61305    0.0813423  0.0454959 
-1.16305   0.61305    0.0813423  0.0419206 
-1.16305   0.61305    0.0813423  0.0505574 
-1.16305   0.61305    0.0813423  0.0374248 
-1.16305   0.61305    0.0813423  0.0262374 
-1.12099   0.631706   -0.004967  0.0119589 
-1.02637   0.597365   -0.250946  0.0266822 
-1.02637   0.597365   -0.250946  0.0288077 
-1.02637   0.597365   -0.250946  0.0460614 
-1.02637   0.597365   -0.250946  0.00998583
-0.940993  0.580279   -0.362747  0.0102448 
-0.97467   0.583415   -0.326257  0.0140431 
-0.901728  0.630188   -0.395027  0.00808844
-0.846104  0.581027   -0.422708  0.0126494 
-0.846104  0.581027   -0.422708  0.00851744
-0.852005  0.58789    -0.439068  0.0119906 
-0.78837   0.665207   -0.432104  0.00748906
-0.778736  0.61498    -0.443113  0.00762574
-0.745795  0.663149   -0.421941  0.0157354 
-0.745795  0.663149   -0.421941  0.0114241 
-0.799839  0.702418   -0.427619  0.0182539 
-0.799839  0.702418   -0.427619  0.00807984
-0.828926  0.668504   -0.460689  0.0225858 
-0.828926  0.668504   -0.460689  0.0272748 
-0.828926  0.668504   -0.460689  0.0076244 
-0.884756  0.612302   -0.425147  0.0242609 
-0.884756  0.612302   -0.425147  0.0140184 
-0.884756  0.612302   -0.425147  0.00963099
-0.794545  0.655746   -0.438623  0.00575079
-0.8014    0.61861    -0.44153   0.0214213 
-0.8014    0.61861    -0.44153   0.00929584
-0.8014    0.61861    -0.44153   0.00619171
-0.739115  0.642366   -0.424824  0.00720902
-0.771944  0.630067   -0.4289    0.0104341 
-0.78021   0.653172   -0.424186  0.00834949
-0.741698  0.661087   -0.430577  0.0115969 
-0.836006  0.662952   -0.425644  0.0120167 
-0.904699  0.632813   -0.394373  0.0108409 
-0.922625  0.55507    -0.357225  0.0226992 
-0.922625  0.55507    -0.357225  0.0105235 
-0.8543    0.558236   -0.394369  0.0110326 
-0.91676   0.624275   -0.406412  0.0131723 
-0.977046  0.533189   -0.254287  0.0235771 
-0.977046  0.533189   -0.254287  0.0121146 
-0.939648  0.557528   -0.301292  0.0100388 
-0.855044  0.564889   -0.416557  0.0109642 
-0.855044  0.564889   -0.416557  0.011591  
-0.855044  0.564889   -0.416557  0.00951327
-0.892336  0.629151   -0.423479  0.0119577 
-0.892336  0.629151   -0.423479  0.0209325 
-0.917845  0.684645   -0.347001  0.0109731 
-0.918013  0.584994   -0.392492  0.0189394 
-0.918013  0.584994   -0.392492  0.0195735 
-0.876906  0.498353   -0.245435  0.0204056 
-0.876906  0.498353   -0.245435  0.018048  
-0.85864   0.506843   -0.252983  0.00752685
-0.770929  0.579766   -0.426022  0.0066321 
-0.764879  0.64937    -0.441139  0.0103135 
-0.764879  0.64937    -0.441139  0.0103665 
-0.742598  0.70474    -0.400829  0.020769  
-0.742598  0.70474    -0.400829  0.0134489 
-0.761331  0.713821   -0.386108  0.00989996
-0.680642  0.712731   -0.397388  0.0211141 
-0.680642  0.712731   -0.397388  0.00881864
-0.701667  0.666779   -0.406277  0.00874213
-0.717031  0.660011   -0.401793  0.009736  
-0.781276  0.563705   -0.421788  0.0225214 
-0.781276  0.563705   -0.421788  0.00732985
-0.716864  0.598651   -0.401422  0.0109294 
-0.626744  0.647195   -0.346538  0.00939724
-0.694885  0.694065   -0.386093  0.0102954 
-0.644522  0.68862    -0.351261  0.0226171 
-0.725781  0.762246   -0.343411  0.0178689 
-0.767789  0.724814   -0.351336  0.0201153 
-0.866221  0.725492   -0.379774  0.0216261 
-0.773347  0.810627   -0.287761  0.013642  
-0.704751  0.737966   -0.372703  0.0218391 
-0.689256  0.823848   -0.31697   0.0108233 
-0.608676  0.729065   -0.346487  0.00983194
-0.707577  0.660476   -0.409718  0.00894   
-0.678511  0.692368   -0.385839  0.00813282
-0.65106   0.645373   -0.363398  0.00995001
-0.697596  0.562787   -0.39474   0.0171324 
-0.697596  0.562787   -0.39474   0.00828989
-0.697596  0.562787   -0.39474   0.020312  
-0.60706   0.475656   -0.185631  0.0449817 
-0.60706   0.475656   -0.185631  0.0299291 
-0.677975  0.444775   -0.156624  0.0278459 
-0.618094  0.445871   -0.0815375 0.064924  
-0.618094  0.445871   -0.0815375 0.0272028 
-0.70048   0.458672   -0.152324  0.0542496 
-0.70048   0.458672   -0.152324  0.0489347 
-0.70048   0.458672   -0.152324  0.0106744 
-0.683093  0.557037   -0.37176   0.0181994 
-0.683093  0.557037   -0.37176   0.0110615 
-0.707517  0.549966   -0.385242  0.00996772
-0.635814  0.607453   -0.361692  0.0101623 
-0.606971  0.639852   -0.34303   0.0140057 
-0.606971  0.639852   -0.34303   0.0132593 
-0.534171  0.681387   -0.277371  0.0110514 
-0.58756   0.680999   -0.321367  0.0100022 
-0.637676  0.709214   -0.357457  0.0115073 
-0.609718  0.702123   -0.339787  0.0130566 
-0.532021  0.695433   -0.264753  0.0109392 
-0.58684   0.631008   -0.289753  0.0115954 
-0.579809  0.63334    -0.285178  0.0147738 
-0.505881  0.583688   -0.147181  0.0117388 
-0.579922  0.680024   -0.332367  0.0103605 
-0.606272  0.642783   -0.336455  0.0127478 
-0.589645  0.741187   -0.333444  0.0229892 
-0.598002  0.744256   -0.264557  0.0178017 
-0.580095  0.816676   -0.28942   0.0192088 
-0.510451  0.890481   -0.275507  0.0279752 
-0.510451  0.890481   -0.275507  0.017353  
-0.443164  0.867465   -0.296618  0.0142921 
-0.443164  0.867465   -0.296618  0.0209963 
-0.486368  0.898165   -0.266218  0.0203579 
-0.486368  0.898165   -0.266218  0.0267297 
-0.512676  0.953867   -0.245895  0.0272579 
-0.429189  1.00626    -0.227612  0.0148897 
-0.35899   0.930476   -0.27616   0.0171036 
-0.35899   0.930476   -0.27616   0.0336149 
-0.398331  0.99885    -0.230005  0.0244773 
-0.476012  0.964136   -0.270287  0.028062  
-0.542736  0.885461   -0.254991  0.0274508 
-0.492941  0.897985   -0.27004   0.0240363 
-0.561369  0.945322   -0.294229  0.0220745 
-0.544394  0.894364   -0.261274  0.0478213 
-0.516551  0.959166   -0.17886   0.0541301 
-0.516551  0.959166   -0.17886   0.0204144 
-0.433157  0.927627   -0.264589  0.0171001 
-0.409098  0.859758   -0.246044  0.0158617 
-0.409098  0.859758   -0.246044  0.0151012 
-0.379022  0.827991   -0.225315  0.0165381 
-0.379022  0.827991   -0.225315  0.0151974 
-0.371413  0.803917   -0.217881  0.0161748 
-0.441894  0.885506   -0.260238  0.0161618 
-0.349704  0.831504   -0.235194  0.0215677 
-0.400511  0.832396   -0.208491  0.0153125 
-0.499259  0.876761   -0.306626  0.0262389 
-0.451071  0.941464   -0.223338  0.0326799 
-0.457559  0.937512   -0.249903  0.0243196 
-0.357584  0.921923   -0.212092  0.026711  
-0.357584  0.921923   -0.212092  0.0217516 
-0.302665  1.0007     -0.250185  0.0324606 
-0.302665  1.0007     -0.250185  0.0292998 
-0.281951  0.957582   -0.222877  0.0213944 
-0.299019  0.921416   -0.22206   0.0262723 
-0.380254  0.976567   -0.243073  0.0172894 
-0.314414  0.894774   -0.216061  0.0246766 
-0.348171  0.949012   -0.201508  0.0199598 
-0.313957  0.952565   -0.24137   0.022052  
-0.249666  0.981009   -0.237695  0.0173748 
-0.154466  1.01571    -0.237135  0.0251913 
-0.0859883 1.08419    -0.210472  0.0619131 
-0.0859883 1.08419    -0.210472  0.0196451 
-0.124991  1.03955    -0.256011  0.0187934 
-0.0813087 1.03352    -0.273644  0.0767195 
-0.157607  1.07862    -0.135177  0.0478701 
-0.222862  1.14965    -0.0802064 0.0438542 
-0.126462  1.13732    -0.102342  0.065412  
-0.144944  1.22799    0.0351304  0.0452255 
-0.177431  1.1523     -0.160002  0.0282507 
-0.153317  1.11689    -0.217662  0.0275629 
-0.10121   1.10809    -0.23173   0.0240483 
-0.122255  1.10861    -0.237191  0.0258106 
-0.15627   1.04808    -0.207798  0.0295272 
-0.0646033 1.01782    -0.214363  0.0288641 
-0.0463426 1.10698    -0.191945  0.0313494 
-0.0618729 1.07541    -0.215653  0.0226933 
-0.0448974 1.01699    -0.246696  0.0167404 
-0.076928  0.917295   -0.250291  0.017324  
-0.0444346 0.853731   -0.18895   0.0196177 
-0.0444346 0.853731   -0.18895   0.015678  
-0.0891416 0.922434   -0.242853  0.0155745 
-0.113571  0.905619   -0.246622  0.0184717 
-0.0254422 0.858303   -0.147475  0.0167371 
-0.0803444 0.832674   -0.111739  0.0207476 
0.0169514  0.759842   -0.0470439 0.0184611 
0.00340917 0.810222   -0.140476  0.0175534 
-0.0570709 0.847055   -0.175701  0.0173001 
-0.0570709 0.847055   -0.175701  0.0178555 
-0.0116492 0.830149   -0.147683  0.018491  
-0.0329749 0.811175   -0.133312  0.0194758 
-0.0329749 0.811175   -0.133312  0.0202071 
-0.0329749 0.811175   -0.133312  0.0198735 
-0.0329749 0.811175   -0.133312  0.0186697 
-0.098326  0.803978   -0.0998364 0.0228405 
-0.098326  0.803978   -0.0998364 0.0190162 
-0.194078  0.764888   -0.0898978 0.0157594 
-0.249247  0.838283   -0.162218  0.0158695 
-0.221408  0.862147   -0.225936  0.018837  
-0.243083  0.828579   -0.201374  0.025334  
-0.305609  0.9233     -0.207282  0.0158942 
-0.266544  0.852896   -0.270056  0.0170384 
-0.266544  0.852896   -0.270056  0.0150947 
-0.277542  0.882159   -0.222903  0.0194789 
-0.361733  0.878098   -0.250411  0.0339513 
-0.283882  0.838835   -0.141303  0.017514  
-0.255747  0.797973   -0.196211  0.0184286 
-0.255747  0.797973   -0.196211  0.0182647 
-0.255747  0.797973   -0.196211  0.0172941 
-0.255747  0.797973   -0.196211  0.0197251 
-0.255747  0.797973   -0.196211  0.0214613 
-0.170915  0.866982   -0.204944  0.0180011 
-0.170915  0.866982   -0.204944  0.0172927 
-0.170915  0.866982   -0.204944  0.0160271 
-0.249121  0.888017   -0.253835  0.0170764 
-0.282432  0.830045   -0.20457   0.0169335 
-0.282432  0.830045   -0.20457   0.0183705 
-0.221887  0.817091   -0.175079  0.018655  
-0.228581  0.790849   -0.171504  0.0165829 
-0.228581  0.790849   -0.171504  0.0150583 
-0.296444  0.863082   -0.22229   0.0163505 
-0.348743  0.780429   -0.192132  0.0195707 
-0.348743  0.780429   -0.192132  0.0181116 
-0.348743  0.780429   -0.192132  0.0178176 
-0.348743  0.780429   -0.192132  0.0166659 
-0.441564  0.696583   -0.168101  0.0145246 
-0.474438  0.740117   -0.231327  0.0169124 
-0.467582  0.837769   -0.28373   0.0180333 
-0.416212  0.89009    -0.253475  0.0148811 
-0.457352  0.792576   -0.223235  0.0179176 
-0.363619  0.891347   -0.245271  0.0167257 
-0.354595  0.81072    -0.215832  0.0175515 
-0.354595  0.81072    -0.215832  0.0157494 
-0.454277  0.723585   -0.225738  0.0138363 
-0.521371  0.685818   -0.262304  0.0113988 
-0.602046  0.695008   -0.350593  0.013988  
-0.52728   0.60541    -0.215324  0.0136005 
-0.619753  0.533095   -0.285486  0.0149279 
-0.69317   0.519325   -0.299353  0.0361876 
-0.740173  0.420551   0.127874   0.032615  
-0.695347  0.44402    -0.0895304 0.0277065 
-0.695347  0.44402    -0.0895304 0.0567017 
-0.695347  0.44402    -0.0895304 0.0496264 
-0.695347  0.44402    -0.0895304 0.0349991 
-0.695347  0.44402    -0.0895304 0.0121887 
-0.749817  0.539865   -0.370022  0.0115341 
-0.730846  0.552507   -0.397487  0.00909715
-0.795053  0.611475   -0.436545  0.0111739 
-0.795053  0.611475   -0.436545  0.00762663
-0.810273  0.672237   -0.437385  0.0107084 
-0.7824    0.661954   -0.429419  0.0132673 
-0.710874  0.696984   -0.361314  0.0208464 
-0.722484  0.75752    -0.330849  0.0169209 
-0.796767  0.753962   -0.33045   0.0138338 
-0.825492  0.687967   -0.413135  0.0370578 
-0.825492  0.687967   -0.413135  0.0140715 
-0.773161  0.732845   -0.403827  0.0207504 
-0.773161  0.732845   -0.403827  0.0153448 
-0.773161  0.732845   -0.403827  0.0166397 
-0.759588  0.739081   -0.367733  0.0114297 
-0.713752  0.641559   -0.397554  0.0094959 
-0.626111  0.639495   -0.349405  0.0105175 
-0.641274  0.56004    -0.343536  0.0126529 
-0.608222  0.553605   -0.316558  0.0206686 
-0.6362    0.47645    -0.219801  0.0281094 
-0.6362    0.47645    -0.219801  0.0360735 
-0.6362    0.47645    -0.219801  0.0211445 
-0.694289  0.484894   -0.261912  0.0200871 
-0.744122  0.495509   -0.275981  0.0111213 
-0.808303  0.551377   -0.40508   0.0160094 
-0.808303  0.551377   -0.40508   0.00637836
-0.793178  0.633708   -0.447979  0.0143147 
-0.798314  0.707052   -0.385698  0.0252368 
-0.773571  0.797478   -0.291114  0.0366185 
-0.83593   0.853082   -0.222222  0.0306394 
-0.75906   0.820488   -0.259881  0.0342711 
-0.75906   0.820488   -0.259881  0.0261373 
-0.7205    0.864791   -0.262699  0.021463  
-0.633914  0.777173   -0.323104  0.0123931 
-0.599711  0.785135   -0.330758  0.0132252 
-0.599711  0.785135   -0.330758  0.0139393 
-0.599711  0.785135   -0.330758  0.0202919 
-0.642317  0.795967   -0.319348  0.0196242 
-0.661411  0.789411   -0.334529  0.0137824 
-0.661411  0.789411   -0.334529  0.0114302 
-0.662958  0.708094   -0.382686  0.0147108 
-0.611879  0.789876   -0.328089  0.0213672 
-0.631321  0.82333    -0.311474  0.0146299 
-0.623918  0.745892   -0.31637   0.00801848
-0.677654  0.648491   -0.39111   0.0101932 
-0.630302  0.664114   -0.347111  0.00837313
-0.649305  0.612901   -0.365071  0.0123679 
-0.649305  0.612901   -0.365071  0.0125658 
-0.693212  0.69397    -0.381467  0.0082312 
-0.664251  0.616018   -0.374541  0.00676927
-0.693254  0.633289   -0.410074  0.0142479 
-0.77934   0.706218   -0.417242  0.0312307 
-0.766167  0.74191    -0.35506   0.0209281 
-0.696535  0.815585   -0.296856  0.0218798 
-0.690497  0.82101    -0.28782   0.0253611 
-0.746994  0.800554   -0.27435   0.0132001 
-0.660265  0.744658   -0.3472    0.0176935 
-0.569919  0.779543   -0.285343  0.0148114 
-0.480825  0.724271   -0.250486  0.0152245 
-0.480825  0.724271   -0.250486  0.0153646 
-0.44241   0.763714   -0.241048  0.0152177 
-0.44241   0.763714   -0.241048  0.0201911 
-0.418821  0.857368   -0.243277  0.0182573 
-0.364466  0.837572   -0.190873  0.0324469 
-0.329456  0.915515   -0.203475  0.0167689 
-0.313171  0.860663   -0.211996  0.0162627 
-0.280945  0.87461    -0.283297  0.0167467 
-0.280945  0.87461    -0.283297  0.0164779 
-0.22055   0.920035   -0.2524    0.0226919 
-0.210292  0.978968   -0.211943  0.0243637 
-0.136272  1.04268    -0.252468  0.0166924 
-0.145754  0.945142   -0.241698  0.0219567 
-0.239645  1.01994    -0.255431  0.0209284 
-0.216229  1.04043    -0.245019  0.0300537 
-0.263102  1.12381    -0.233941  0.023885  
-0.349161  1.04048    -0.233507  0.0733921 
-0.349161  1.04048    -0.233507  0.0439369 
-0.327761  1.09592    -0.151071  0.0305045 
-0.326513  1.06367    -0.179231  0.0509134 
-0.283665  1.11187    -0.0892898 0.0277957 
-0.191678  1.09043    -0.200291  0.046612  
-0.277827  1.07633    -0.185368  0.0219276 
-0.199281  1.03024    -0.24801   0.0178016 
-0.147779  0.949624   -0.252319  0.0168265 
-0.0854594 0.930028   -0.223471  0.0168224 
-0.0854594 0.930028   -0.223471  0.018574  
-0.117499  0.846472   -0.14911   0.0188805 
-0.205585  0.748031   -0.0361581 0.0199936 
-0.145917  0.750582   -0.0383445 0.0200793 
-0.236197  0.72653    -0.0618563 0.0171146 
-0.166153  0.813648   -0.159116  0.016404  
-0.09718   0.907212   -0.229734  0.0160359 
-0.195232  0.852566   -0.227011  0.016403  
-0.110135  0.861579   -0.198105  0.0198835 
-0.190786  0.936333   -0.221671  0.0163382 
-0.197023  0.927502   -0.248213  0.0211511 
-0.13312   1.02348    -0.246744  0.0284251 
-0.169678  1.0801     -0.224645  0.020114  
-0.207808  1.03219    -0.265246  0.0542731 
-0.207808  1.03219    -0.265246  0.0431401 
-0.20012   1.12182    -0.175764  0.0234723 
-0.216716  1.08154    -0.233326  0.0212417 
-0.293602  1.01451    -0.267929  0.0315766 
-0.22104   1.08366    -0.218737  0.0191845 
-0.251379  1.00419    -0.260125  0.0196169 
-0.222418  1.02847    -0.269093  0.0540517 
-0.154111  1.07549    -0.200232  0.0241955 
-0.107799  1.08543    -0.236927  0.0448709 
-0.139215  1.13161    -0.124027  0.0699192 
-0.135472  1.05396    -0.174534  0.0263018 
-0.170875  1.07853    -0.219546  0.0211194 
-0.141378  1.0545     -0.237635  0.0212748 
-0.160949  1.01557    -0.258789  0.0305311 
-0.160949  1.01557    -0.258789  0.0147368 
-0.0631996 0.973176   -0.247971  0.0167754 
-0.0631996 0.973176   -0.247971  0.0192044 
-0.0631996 0.973176   -0.247971  0.0151224 
0.00788466 0.893095   -0.235467  0.017178  
-0.0774904 0.852358   -0.193127  0.0187508 
-0.0774904 0.852358   -0.193127  0.0170387 
-0.0111277 0.872224   -0.157756  0.0177433 
-0.0842793 0.887583   -0.179015  0.0170706 
-0.041021  0.880283   -0.195317  0.0157942 
-0.0876606 0.950404   -0.242397  0.0257246 
-0.0876606 0.950404   -0.242397  0.0151628 
-0.0602213 0.932705   -0.253667  0.0190119 
-0.0602213 0.932705   -0.253667  0.0166901 
-0.0602213 0.932705   -0.253667  0.018513  
0.0116243  0.964514   -0.258094  0.0210119 
-0.085593  0.995275   -0.238415  0.0173102 
-0.0463849 0.974358   -0.232965  0.0172293 
-0.11486   0.894295   -0.238853  0.0174412 
-0.0375629 0.898631   -0.223027  0.0215071 
-0.0988048 0.978222   -0.246545  0.0270112 
-0.168117  1.00972    -0.233186  0.0232979 
-0.183765  1.05004    -0.273645  0.0272075 
-0.128662  1.03843    -0.236009  0.0245471 
-0.128662  1.03843    -0.236009  0.0162108 
-0.0475725 0.938632   -0.236675  0.0182556 
-0.0475725 0.938632   -0.236675  0.0197271 
-0.104781  0.984181   -0.236582  0.0166902 
-0.202126  0.956253   -0.241821  0.0177735 
-0.149802  1.02068    -0.276349  0.0228267 
-0.104698  1.00458    -0.23811   0.0152837 
-0.131671  0.975532   -0.242405  0.0158085 
-0.219425  0.875841   -0.199041  0.0183528 
-0.31897   0.906069   -0.250616  0.0267033 
-0.371558  0.903824   -0.226597  0.0199438 
-0.322397  0.97172    -0.258176  0.0288828 
-0.332757  0.989443   -0.239603  0.016406  
-0.378178  0.93264    -0.298645  0.0201627 
-0.378178  0.93264    -0.298645  0.0468358 
-0.378178  0.93264    -0.298645  0.0488119 
-0.378178  0.93264    -0.298645  0.0291381 
-0.378178  0.93264    -0.298645  0.0155219 
-0.378178  0.93264    -0.298645  0.02529   
-0.378178  0.93264    -0.298645  0.0149643 
-0.327257  0.905568   -0.272299  0.0171586 
-0.351747  0.86989    -0.239062  0.0175077 
-0.357931  0.886689   -0.232478  0.0164092 
-0.357931  0.886689   -0.232478  0.0193252 
-0.409851  0.961108   -0.253634  0.0452839 
-0.409851  0.961108   -0.253634  0.0198274 
-0.333065  0.98185    -0.262677  0.0180916 
-0.233726  0.950898   -0.264754  0.0168951 
-0.233726  0.950898   -0.264754  0.0166084 
-0.233726  0.950898   -0.264754  0.0299232 
-0.296956  1.0455     -0.182558  0.0203462 
-0.254571  0.983791   -0.282038  0.0215821 
-0.254571  0.983791   -0.282038  0.0244271 
-0.261779  0.989476   -0.247408  0.0325435 
-0.359414  0.996438   -0.223418  0.0211388 
-0.332511  0.938362   -0.234589  0.0207112 
-0.421869  0.839974   -0.23787   0.0171528 
-0.475099  0.79748    -0.246752  0.0182032 
-0.521907  0.83841    -0.270593  0.0195892 
-0.47016   0.777376   -0.273828  0.0174538 
-0.411554  0.858062   -0.263232  0.0255952 
-0.411554  0.858062   -0.263232  0.0149692 
-0.424154  0.807996   -0.227737  0.0153984 
-0.446697  0.732096   -0.237536  0.015628  
-0.469978  0.663586   -0.199066  0.0164802 
-0.393918  0.749357   -0.16493   0.0176821 
-0.393918  0.749357   -0.16493   0.0180533 
-0.350224  0.703906   -0.064423  0.0181068 
-0.29168   0.785246   -0.158455  0.0182359 
-0.279738  0.767961   -0.140038  0.019663  
-0.189468  0.786275   -0.204562  0.0166845 
-0.145368  0.835188   -0.17128   0.0193133 
-0.145368  0.835188   -0.17128   0.0187646 
-0.159845  0.762157   -0.0577766 0.0175056 
-0.0850537 0.822806   -0.131371  0.0164563 
-0.0620894 0.856754   -0.154658  0.034878  
-0.0261874 0.92598    -0.197959  0.0167364 
-0.125239  0.958951   -0.261031  0.0231853 
-0.072991  1.01743    -0.246649  0.0233352 
-0.149735  0.976195   -0.241089  0.0195151 
-0.178847  1.03779    -0.230191  0.0222394 
-0.132166  0.988165   -0.262113  0.0170384 
-0.15377   0.888261   -0.241249  0.0162503 
-0.154739  0.935734   -0.262282  0.0175692 
-0.221055  0.843114   -0.232654  0.024341  
-0.29648   0.922341   -0.23513   0.0255638 
-0.372544  0.951176   -0.208593  0.0304859 
-0.372544  0.951176   -0.208593  0.0190475 
-0.415013  0.900973   -0.278195  0.0154289 
-0.456447  0.817772   -0.255121  0.0144106 
-0.458036  0.800121   -0.261995  0.0150602 
-0.410586  0.790291   -0.200326  0.0156486 
-0.481634  0.827017   -0.256165  0.0197226 
-0.382849  0.809268   -0.226025  0.0184383 
-0.473266  0.778326   -0.241585  0.0188133 
-0.516498  0.860877   -0.272953  0.0186023 
-0.454901  0.860861   -0.268166  0.0151904 
-0.382618  0.816809   -0.218945  0.0183096 
-0.308685  0.735619   -0.0919463 0.0198998 
-0.308685  0.735619   -0.0919463 0.0161911 
-0.334715  0.817292   -0.205876  0.020402  
-0.427927  0.854763   -0.195295  0.0178256 
-0.33716   0.900193   -0.227324  0.0199388 
-0.401494  0.964755   -0.273264  0.0336307 
-0.401494  0.964755   -0.273264  0.0283779 
-0.353222  0.903251   -0.18785   0.0152924 
-0.286262  0.834257   -0.178178  0.0190717 
-0.286262  0.834257   -0.178178  0.0172401 
-0.312834  0.924854   -0.257862  0.0352366 
-0.312834  0.924854   -0.257862  0.0231081 
-0.387142  0.986608   -0.255454  0.0236308 
-0.430666  0.924922   -0.270021  0.0198274 
-0.419282  0.90666    -0.288959  0.0172709 
-0.419282  0.90666    -0.288959  0.0185429 
-0.419282  0.90666    -0.288959  0.0164698 
-0.419282  0.90666    -0.288959  0.016067  
-0.330058  0.844389   -0.248121  0.0159134 
-0.3969    0.751643   -0.172964  0.0161521 
-0.379274  0.812285   -0.219713  0.0155764 
-0.435766  0.778882   -0.235031  0.0177917 
-0.533143  0.86879    -0.28299   0.0287442 
-0.462086  0.861326   -0.25634   0.0402613 
-0.46839   0.953527   -0.149191  0.0291579 
-0.555259  0.892288   -0.290569  0.019783  
-0.634353  0.868974   -0.29832   0.0361637 
-0.634353  0.868974   -0.29832   0.027844  
-0.634353  0.868974   -0.29832   0.0381478 
-0.634353  0.868974   -0.29832   0.0360192 
-0.669373  0.945155   -0.168188  0.0347544 
-0.735477  0.889074   -0.198829  0.0322489 
-0.821218  0.810703   -0.240189  0.0213303 
-0.764885  0.750694   -0.335668  0.0493196 
-0.764885  0.750694   -0.335668  0.0474022 
-0.790814  0.832035   -0.211739  0.0223932 
-0.736846  0.837356   -0.3035    0.0190365 
-0.7818    0.755356   -0.357301  0.0233567 
-0.876569  0.712629   -0.354326  0.015395  
-0.876569  0.712629   -0.354326  0.0120822 
-0.974423  0.628165   -0.345722  0.0102024 
-0.956954  0.585054   -0.341159  0.00945432
-0.906626  0.579014   -0.396219  0.0134703 
-0.906626  0.579014   -0.396219  0.0173858 
-0.906626  0.579014   -0.396219  0.0117539 
-0.873866  0.549687   -0.370738  0.0115106 
-0.896003  0.55559    -0.378303  0.0191615 
-0.988403  0.62451    -0.2958    0.0178692 
-0.991583  0.600949   -0.283845  0.0117243 
-0.991583  0.600949   -0.283845  0.0142757 
-0.99392   0.568218   -0.277762  0.0131834 
-0.99392   0.568218   -0.277762  0.0214987 
-0.99392   0.568218   -0.277762  0.0161312 
-0.949743  0.61643    -0.337577  0.0147023 
-0.88384   0.630967   -0.392574  0.0164665 
-0.88384   0.630967   -0.392574  0.0275424 
-0.924827  0.646356   -0.3468    0.0256066 
-0.872996  0.718385   -0.325651  0.0165224 
-0.828453  0.638022   -0.420625  0.0157659 
-0.828453  0.638022   -0.420625  0.0107692 
-0.791568  0.660939   -0.427487  0.0200582 
-0.791568  0.660939   -0.427487  0.00993171
-0.820346  0.639867   -0.42742   0.0224147 
-0.820346  0.639867   -0.42742   0.0112227 
-0.866449  0.661782   -0.404199  0.0269862 
-0.866449  0.661782   -0.404199  0.0125523 
-0.903539  0.586969   -0.373769  0.0184927 
-0.931391  0.644254   -0.350501  0.0317094 
-0.931391  0.644254   -0.350501  0.0108753 
-0.864782  0.675042   -0.420667  0.0722231 
-0.911126  0.730967   -0.191921  0.0194632 
-0.85941   0.730449   -0.354587  0.0230034 
-0.93901   0.735394   -0.268405  0.0339883 
-0.93901   0.735394   -0.268405  0.0366232 
-0.924309  0.803549   -0.135346  0.024759  
-0.860921  0.716204   -0.322857  0.0069369 
-0.791317  0.642994   -0.441792  0.0107844 
-0.78108   0.682424   -0.403987  0.00896492
-0.759966  0.614902   -0.437799  0.00866539
-0.759966  0.614902   -0.437799  0.0113327 
-0.768118  0.662679   -0.429522  0.0148762 
-0.81684   0.604254   -0.422569  0.0165455 
-0.81684   0.604254   -0.422569  0.0156204 
-0.841891  0.696747   -0.399521  0.0280351 
-0.841891  0.696747   -0.399521  0.0178467 
-0.841891  0.696747   -0.399521  0.00661787
-0.743573  0.609378   -0.425862  0.00707465
-0.761671  0.592085   -0.419796  0.00739271
-0.750028  0.591534   -0.413598  0.00838776
-0.650786  0.614911   -0.362046  0.013864  
-0.650786  0.614911   -0.362046  0.00832682
-0.749756  0.574918   -0.432725  0.01002   
-0.837018  0.627938   -0.430028  0.0112473 
-0.872568  0.633572   -0.417563  0.0202406 
-0.882935  0.720345   -0.339982  0.0303043 
-0.854689  0.765142   -0.259739  0.0361768 
-0.925956  0.756786   -0.214925  0.036081  
-0.837855  0.840909   -0.193852  0.0165325 
-0.792216  0.774554   -0.365317  0.0226178 
-0.792216  0.774554   -0.365317  0.0216792 
-0.734781  0.813299   -0.321994  0.0166116 
-0.793622  0.726617   -0.384308  0.0360728 
-0.793622  0.726617   -0.384308  0.0259196 
-0.83752   0.694197   -0.357341  0.0124274 
-0.776443  0.718795   -0.414722  0.007074  
-0.686446  0.624305   -0.391818  0.00891978
-0.673371  0.58034    -0.377374  0.00990112
-0.754298  0.649066   -0.427725  0.00897491
-0.671334  0.659188   -0.372764  0.0117181 
-0.671334  0.659188   -0.372764  0.0087963 
-0.665414  0.666485   -0.374238  0.0106005 
-0.626936  0.57198    -0.330448  0.0209795 
-0.626936  0.57198    -0.330448  0.0163018 
-0.675618  0.508164   -0.300139  0.0134559 
-0.707577  0.530787   -0.339108  0.0217935 
-0.776183  0.487234   -0.196518  0.0156767 
-0.731538  0.515765   -0.306845  0.0204457 
-0.791583  0.498923   -0.336254  0.0137295 
-0.800467  0.53763    -0.386544  0.0318632 
-0.800467  0.53763    -0.386544  0.0113731 
-0.89242   0.603663   -0.397357  0.0132626 
-0.89242   0.603663   -0.397357  0.00761727
-0.84111   0.587719   -0.428045  0.0131946 
-0.753164  0.536783   -0.384635  0.0311779 
-0.753164  0.536783   -0.384635  0.00789045
-0.727283  0.589121   -0.399649  0.00698806
-0.72247   0.663107   -0.433123  0.0205966 
-0.820135  0.707284   -0.386207  0.00856358
-0.745598  0.661383   -0.41684   0.0109418 
-0.737039  0.69949    -0.409648  0.00933062
-0.639618  0.648895   -0.357588  0.00934927
-0.635123  0.650906   -0.355842  0.0102951 
-0.712269  0.704586   -0.39255   0.0111785 
-0.712269  0.704586   -0.39255   0.0198698 
-0.712269  0.704586   -0.39255   0.00828912
-0.729699  0.62459    -0.422745  0.00678878
-0.724226  0.620436   -0.431714  0.00771479
-0.692475  0.656443   -0.395591  0.0118434 
-0.597999  0.698682   -0.307386  0.0125449 
-0.572575  0.750617   -0.312482  0.0127963 
-0.530247  0.675002   -0.266561  0.0103304 
-0.611094  0.631444   -0.344792  0.0112776 
-0.580155  0.587193   -0.278609  0.0171177 
-0.487879  0.525633   -0.0672224 0.0176607 
-0.546104  0.520566   -0.204956  0.0161795 
-0.546104  0.520566   -0.204956  0.0325423 
-0.508007  0.422852   0.0267602  0.0176987 
-0.47016   0.507434   -0.0329911 0.012903  
-0.53627   0.532686   -0.15791   0.0172292 
-0.55026   0.481647   -0.113228  0.0137256 
-0.526014  0.555924   -0.181408  0.016132  
-0.526014  0.555924   -0.181408  0.0197386 
-0.488729  0.467987   -0.0135835 0.0499151 
-0.488729  0.467987   -0.0135835 0.0341625 
-0.554829  0.409659   0.0612732  0.0173068 
-0.550258  0.491693   -0.179525  0.0243008 
-0.550258  0.491693   -0.179525  0.0154151 
-0.647022  0.517442   -0.313057  0.0181567 
-0.730934  0.506219   -0.358827  0.0270433 
-0.730934  0.506219   -0.358827  0.00702154
-0.741403  0.592419   -0.441604  0.00784204
-0.741403  0.592419   -0.441604  0.00735022
-0.81942   0.608286   -0.433719  0.0172627 
-0.796274  0.510675   -0.322696  0.0385237 
-0.796274  0.510675   -0.322696  0.0383606 
-0.796274  0.510675   -0.322696  0.0148621 
-0.843815  0.530722   -0.352733  0.0112743 
-0.927526  0.549657   -0.335595  0.0240741 
-0.856494  0.476677   -0.192618  0.0336298 
-0.856494  0.476677   -0.192618  0.0469597 
-0.856494  0.476677   -0.192618  0.0255622 
-0.856494  0.476677   -0.192618  0.0375976 
-0.856494  0.476677   -0.192618  0.0291874 
-0.856494  0.476677   -0.192618  0.0131231 
-0.81884   0.53376    -0.356375  0.0164447 
-0.756076  0.515221   -0.349434  0.00920188
-0.762555  0.563439   -0.401436  0.00756509
-0.73333   0.589288   -0.422509  0.00869508
-0.739319  0.641965   -0.423051  0.0121399 
-0.739319  0.641965   -0.423051  0.0127392 
-0.739319  0.641965   -0.423051  0.0095437 
-0.739319  0.641965   -0.423051  0.0127326 
-0.685499  0.723406   -0.367375  0.0326839 
-0.685499  0.723406   -0.367375  0.00943547
-0.619503  0.663985   -0.354008  0.00683227
-0.713112  0.602475   -0.421088  0.00725061
-0.779766  0.636987   -0.44016   0.00869288
-0.792066  0.622861   -0.437902  0.00840462
-0.840307  0.637498   -0.430932  0.0083732 
-0.760677  0.578345   -0.426169  0.00783107
-0.794701  0.652032   -0.440835  0.00714099
-0.7177    0.616544   -0.41354   0.00674155
-0.719198  0.617065   -0.437495  0.0109023 
-0.675562  0.553467   -0.348127  0.0113574 
-0.621567  0.560412   -0.32894   0.00967631
-0.676913  0.559344   -0.361395  0.0134299 
-0.63667   0.527822   -0.317831  0.00807843
-0.712981  0.585941   -0.416014  0.00971813
-0.654938  0.561133   -0.339969  0.00964986
-0.66325   0.575148   -0.376515  0.00968301
-0.60615   0.609274   -0.301081  0.0154155 
-0.703815  0.520878   -0.322719  0.00860295
-0.716039  0.575002   -0.39823   0.0185502 
-0.716039  0.575002   -0.39823   0.0207995 
-0.739616  0.495413   -0.2915    0.018908  
-0.808378  0.503432   -0.318236  0.0108387 
-0.899998  0.564336   -0.37013   0.00892637
-0.88535   0.582476   -0.401885  0.00565142
-0.793905  0.630936   -0.455533  0.00640307
-0.749642  0.600103   -0.438074  0.0167819 
-0.749642  0.600103   -0.438074  0.0136863 
-0.846241  0.528666   -0.310337  0.0309505 
-0.846241  0.528666   -0.310337  0.0128239 
-0.945656  0.543251   -0.32465   0.0133848 
-1.00701   0.591932   -0.274891  0.0132478 
-0.982508  0.547418   -0.267397  0.0102583 
-0.947563  0.568693   -0.329388  0.0146942 
-0.895287  0.52987    -0.315982  0.0098509 
-0.89749   0.58933    -0.396842  0.0177475 
-0.854116  0.508796   -0.279285  0.0148365 
-0.903205  0.525715   -0.310679  0.0276371 
-0.903205  0.525715   -0.310679  0.0264965 
-0.903205  0.525715   -0.310679  0.0248295 
-0.903205  0.525715   -0.310679  0.0137556 
-0.884707  0.532716   -0.346548  0.0303638 
-0.884707  0.532716   -0.346548  0.0180184 
-0.884707  0.532716   -0.346548  0.00865952
-0.879776  0.615705   -0.423833  0.016588  
-0.974923  0.633187   -0.310841  0.0143774 
-0.883633  0.668567   -0.392777  0.0164505 
-0.810691  0.705753   -0.373877  0.00851686
-0.887101  0.615155   -0.424668  0.00736636
-0.844835  0.606381   -0.43391   0.00766369
-0.844835  0.606381   -0.43391   0.0152921 
-0.801167  0.695067   -0.38524   0.0110271 
-0.883471  0.611796   -0.421093  0.0104698 
-0.86925   0.568804   -0.386672  0.0125989 
-0.9267    0.543793   -0.34542   0.0211813 
-0.9267    0.543793   -0.34542   0.00883987
-0.865387  0.598162   -0.415695  0.011996  
-0.849357  0.545795   -0.400576  0.0143984 
-0.849357  0.545795   -0.400576  0.00801856
-0.824442  0.580927   -0.435963  0.0193412 
-0.824442  0.580927   -0.435963  0.0123945 
-0.900314  0.57871    -0.390842  0.016375  
-0.925834  0.676976   -0.357968  0.0476335 
-0.925834  0.676976   -0.357968  0.0200816 
-0.925834  0.676976   -0.357968  0.02217   
-0.925834  0.676976   -0.357968  0.0113516 
-0.931426  0.627274   -0.381096  0.0126775 
-0.884808  0.6313     -0.419663  0.0155564 
-0.872614  0.677634   -0.388782  0.0140096 
-0.954032  0.629783   -0.334316  0.0383549 
-0.954032  0.629783   -0.334316  0.013647  
-0.892073  0.64317    -0.402841  0.00951378
-0.816719  0.620136   -0.432934  0.0144138 
-0.816719  0.620136   -0.432934  0.0206967 
-0.817932  0.71246    -0.380054  0.0190393 
-0.901145  0.688596   -0.33901   0.0186279 
-0.813145  0.706007   -0.398297  0.0120511 
-0.826772  0.688407   -0.415373  0.0250156 
-0.826772  0.688407   -0.415373  0.0290888 
-0.826772  0.688407   -0.415373  0.0164643 
-0.871227  0.695798   -0.382754  0.0255882 
-0.871227  0.695798   -0.382754  0.0116746 
-0.836652  0.671903   -0.406481  0.00975565
-0.809509  0.65711    -0.435286  0.00997469
-0.87621   0.575502   -0.415329  0.00933605
-0.777322  0.569445   -0.421553  0.00900448
-0.8312    0.609472   -0.431125  0.0136889 
-0.744402  0.529909   -0.357626  0.0119848 
-0.758203  0.542261   -0.370937  0.0163598 
-0.791728  0.51681    -0.334821  0.0197585 
-0.791728  0.51681    -0.334821  0.0134647 
-0.71986   0.53308    -0.381099  0.00965726
-0.777092  0.563875   -0.413365  0.00973762
-0.871177  0.647967   -0.423366  0.00935816
-0.921153  0.58313    -0.406047  0.0114033 
-0.865865  0.652381   -0.432494  0.0139144 
-0.797811  0.6985     -0.399498  0.0199509 
-0.830338  0.720761   -0.367875  0.00914712
-0.768743  0.657373   -0.429645  0.0137672 
-0.681008  0.71884    -0.357421  0.00854746
-0.654169  0.627763   -0.362608  0.0102953 
-0.639     0.659704   -0.366655  0.0131889 
-0.713611  0.741363   -0.3628    0.0191566 
-0.713611  0.741363   -0.3628    0.0122125 
-0.769988  0.710004   -0.411225  0.0067536 
-0.743896  0.661064   -0.42453   0.0256416 
-0.791345  0.750769   -0.352868  0.0100409 
-0.795999  0.663018   -0.428621  0.00798402
-0.720697  0.580487   -0.417059  0.00784728
-0.677068  0.60579    -0.392718  0.0139456 
-0.733124  0.53403    -0.411394  0.0258748 
-0.733124  0.53403    -0.411394  0.0261647 
-0.733124  0.53403    -0.411394  0.0215594 
-0.733124  0.53403    -0.411394  0.0136358 
-0.817469  0.536412   -0.374012  0.0127557 
-0.814599  0.541958   -0.395561  0.0132998 
-0.896923  0.621411   -0.389065  0.0179254 
-0.896923  0.621411   -0.389065  0.0161483 
-0.887546  0.661434   -0.370738  0.037781  
-0.895284  0.727602   -0.30723   0.0304181 
-0.86392   0.778776   -0.242188  0.0144871 
-0.808631  0.699557   -0.386627  0.00667251
-0.807994  0.637177   -0.442144  0.0124918 
-0.807994  0.637177   -0.442144  0.0115047 
-0.87436   0.625547   -0.412589  0.014955  
-0.87436   0.625547   -0.412589  0.0204899 
-0.868277  0.689259   -0.381727  0.00955777
-0.864502  0.623424   -0.435619  0.0154217 
-0.920676  0.658313   -0.371856  0.0203344 
-0.920676  0.658313   -0.371856  0.0100434 
-0.895895  0.560124   -0.379131  0.00977243
-0.896847  0.573225   -0.385646  0.023093  
-0.896847  0.573225   -0.385646  0.00738241
-0.846401  0.606464   -0.432654  0.00919883
-0.936307  0.586235   -0.367464  0.0091587 
-0.846331  0.639246   -0.431358  0.0113543 
