         1.67039        0.124256        0.201859
         1.13997       -0.979495        0.711128
         0.21895       0.0720424       -0.800015
        0.254439        0.165152        0.462272
        -2.29051        0.887819         0.17209
        -1.06965       -0.368131        0.361147
       -0.602386      0.00596831        0.253603
       -0.677023       -0.280011       -0.479438
        0.613552       0.0234278          -1.943
       0.0334779         2.14443        0.647862
       -0.903977       -0.456963      -0.0980572
       0.0807095       -0.975225        -2.05517
        0.327158        -1.85228        0.374962
        -1.24782        0.142964        0.841994
        0.376391       -0.390129      -0.0496069
         1.19558       -0.468942         0.67342
        0.806984        0.228269        0.524255
       -0.303113         2.23672       -0.320059
        0.257006        0.569749         1.01611
       -0.129724         1.61572        0.417318
        0.948595        0.122503       0.0111532
      -0.0644262       -0.400193       -0.426265
       -0.735646       -0.286439        -0.50978
       -0.664671        0.790264       -0.685054
       -0.642315       -0.373909        0.764412
         1.58791        -1.32715        -1.48101
        0.204071        0.350382        0.381102
        0.233375       0.0216616       -0.111654
       -0.974977       -0.420301        0.451045
       -0.713326       -0.623576       -0.818915
        -1.02374        -1.01729        0.403814
         -1.2253       -0.384606       -0.603845
         1.04007        0.403801       -0.179653
       -0.475819        0.682006    -0.000811545
        -1.33443       0.0587472       -0.834159
       -0.213217        0.829069         0.45419
       -0.259467        0.876728        0.793381
         1.11238         1.65228       -0.132173
       -0.784676       -0.123635       -0.334072
       -0.150724        0.706261         0.65182
        0.440786        0.584319         1.12713
       -0.254841       -0.747744        -1.78746
       -0.899513         1.02012       -0.260738
        -1.18892         1.57359        0.110932
       -0.522103        0.106281        -1.07374
       0.0235538       0.0466452      -0.0047836
       -0.299049        -2.35648         -0.5426
        0.477658         1.99958        -0.89391
       -0.290677        -1.60217        0.261018
         1.06736       -0.128463        0.603056
         1.69354       -0.203272       -0.128258
        0.937676        0.572819         1.57928
        -1.49347       -0.749345         1.79302
        -0.58733        0.178782        0.903503
       -0.316295        -1.30596       -0.438842
        -1.25446       -0.856979        0.836049
       -0.285261        0.407067        -1.93011
       -0.625755         1.85713        0.294742
        -1.11064       -0.886755        0.674724
        -1.03896       -0.744715         1.15526
        -1.09213          1.7599        0.547759
          1.4647        0.677982        0.492772
         1.04422       -0.719866        0.432969
       -0.133176       -0.091441       0.0618185
        0.881853       -0.762204         1.97383
        0.249839        0.972927        0.340041
        0.277758        -1.99734       -0.976515
         1.23547         0.31387        0.810316
       -0.926654      -0.0950383      0.00212456
       -0.812858         1.07427        0.645763
       -0.337131        -0.53297       -0.520779
         1.55492        0.189914        -1.97092
        0.208107        0.336845       -0.150795
        -2.02913       -0.847161        0.513927
        0.679121        -1.48019       -0.716206
        0.729573        -0.18788        -1.58038
        -0.11997        -1.14196         1.42227
        0.311607        -1.69591       -0.337846
         1.20065        0.306575       -0.942919
       -0.152982       -0.698881        -1.29375
         1.59597       -0.396217        0.910294
         0.68121        0.764199        -1.28185
         1.10339      -0.0143879        0.656031
         1.60888       -0.528256        0.746301
      -0.0892464        -0.95307          -0.539
        0.392097       -0.920685       -0.790352
        0.739485      -0.0147739       -0.278661
        0.741348       -0.150553        0.344731
        -1.17741       -0.373512        -1.16626
       0.0730501       -0.227092         1.24286
       -0.215868       -0.757378       -0.571474
       -0.676542       -0.612352      -0.0368989
         1.59642         1.97389        0.582274
        -0.33002         1.01407        0.242048
      -0.0601913       -0.160821       -0.459843
      -0.0737077       -0.114581         0.56731
       -0.689267        0.823854         1.20433
       -0.382746         1.42802        -1.83937
       -0.156407       -0.365773        0.751956
       0.0442029         1.63869        0.176662
       -0.764772        0.627121         0.73499
       -0.179642       -0.295306        -1.30538
       -0.102181       0.0372842        0.458083
        0.215559       -0.986268        -1.17627
        0.786098        -1.05426       -0.333574
       -0.631236        0.918646       -0.103648
        0.780122        0.790006        0.664592
        0.850249       -0.218319        0.862174
