1 1.06226 0 1.00944 0 0.96354 0 
2 0.980392 0.0818726 1.00393 0.00550641 0.990321 0.0267814 
3 1.0326 0.0704295 1.0048 0.00329671 1.01076 0.0256284 
4 0.998894 0.0601367 1.00469 0.00233408 0.999 0.0216032 
5 1.00267 0.0467346 1.00496 0.0018281 0.998536 0.0167402 
6 1.00866 0.0386261 1.00285 0.00258322 1.00364 0.0145917 
7 1.00589 0.0327625 1.00262 0.00219478 1.00637 0.0126294 
8 1.00585 0.0283732 1.00221 0.00194431 1.00421 0.0111486 
9 0.995994 0.0268932 1.0017 0.00178918 1.00996 0.011393 
10 0.988977 0.0250564 1.00128 0.00165406 1.00991 0.0101904 
11 0.990506 0.0227159 1.00078 0.00157797 1.00911 0.00925252 
12 0.986138 0.0211918 1.00099 0.00145566 1.00999 0.00849272 
13 0.985987 0.0194942 1.0008 0.00135307 1.00915 0.00785716 
14 0.986175 0.0180491 1.00052 0.00128391 1.00706 0.00756982 
15 0.989088 0.0170535 1.00105 0.00131023 1.00729 0.00705075 
16 0.983378 0.0169433 1.00075 0.00126302 1.00589 0.00674116 
17 0.983918 0.0159246 1.00044 0.00122542 1.00565 0.0063367 
18 0.985737 0.0151236 1.00012 0.00119894 1.0076 0.00628423 
19 0.985782 0.0143056 0.99974 0.00119619 1.00622 0.00610259 
20 0.988592 0.0138594 0.999793 0.001136 1.00299 0.00663217 
21 0.990628 0.0133392 0.999525 0.00111314 1.00271 0.00631436 
22 0.992136 0.0128075 0.999316 0.00108181 1.00237 0.00603026 
23 0.993606 0.012326 0.999486 0.0010476 1.00278 0.00577665 
24 0.992936 0.0118203 0.999725 0.00103116 1.00158 0.00565929 
25 0.99106 0.0114918 0.999781 0.000990634 1.00216 0.00545966 
26 0.990955 0.0110414 1.00001 0.00098001 1.00027 0.00557869 
27 0.989079 0.010789 0.999928 0.000946993 0.99942 0.00543419 
28 0.988656 0.0104052 0.999901 0.000912958 0.998828 0.00526993 
29 0.98799 0.010062 1.00007 0.000897995 1.00025 0.0052799 
30 0.987856 0.00972177 0.99996 0.000875112 1.00005 0.00510476 
31 0.989081 0.00948235 0.99979 0.000863369 1.00097 0.00502224 
32 0.990118 0.00923962 0.999988 0.000859073 0.99952 0.00507437 
33 0.98775 0.00926299 0.999683 0.000886744 0.999294 0.00492336 
34 0.98994 0.00924954 0.99979 0.000866911 0.999927 0.00481804 
35 0.991172 0.00906539 0.999867 0.000845355 1.00073 0.00474715 
36 0.991558 0.00881846 0.999871 0.000821544 1.00088 0.00461579 
37 0.990083 0.00870275 0.999998 0.000809122 1.0004 0.00451532 
38 0.990577 0.00848502 0.999981 0.000787718 1.00059 0.00439917 
39 0.990878 0.00827008 1.0001 0.000776271 1.00101 0.00430531 
40 0.992105 0.0081535 0.999996 0.000763625 1.00112 0.00419781 
41 0.992278 0.00795403 1.00018 0.00076619 1.00092 0.00409903 
42 0.992282 0.00776234 1.00022 0.000749281 1.00028 0.00405145 
43 0.992522 0.00758349 1.00031 0.000736479 1.00029 0.00395613 
44 0.993491 0.00747223 1.00057 0.00076581 1.00055 0.00387405 
45 0.993865 0.00731383 1.00056 0.000748685 1.00202 0.00405936 
46 0.994179 0.00715995 1.00067 0.000739875 1.00223 0.0039761 
47 0.994736 0.00702808 1.00059 0.000727672 1.00128 0.00400661 
48 0.994885 0.00688173 1.00062 0.000712841 1.00047 0.00400357 
49 0.994263 0.00676853 1.00078 0.000716054 0.999998 0.00394969 
50 0.994708 0.00664672 1.00093 0.000717744 0.999816 0.0038742 
51 0.994475 0.00651926 1.00083 0.000710615 0.999973 0.00380072 
52 0.995301 0.00644585 1.00076 0.000700054 0.999973 0.00372691 
53 0.994671 0.00635436 1.0008 0.000687682 1.00017 0.00366106 
54 0.995537 0.00629545 1.00077 0.000675505 0.999413 0.00367099 
55 0.996206 0.00621604 1.00071 0.000665782 0.999596 0.00360829 
56 0.996387 0.00610669 1.00086 0.00067222 1.00014 0.00358523 
57 0.995295 0.00609723 1.00097 0.000669337 0.999382 0.00360301 
58 0.996398 0.00609185 1.00093 0.000659238 0.999226 0.00354378 
59 0.997141 0.00603369 1.00081 0.000658307 0.999242 0.00348323 
60 0.996606 0.00595637 1.00086 0.000648798 0.999064 0.0034293 
61 0.998228 0.00607824 1.00087 0.000638239 0.999897 0.00347399 
62 0.996842 0.00613784 1.00099 0.000639486 0.999818 0.00341842 
63 0.996764 0.00604014 1.00103 0.000630359 1.00059 0.00345078 
64 0.996815 0.00594523 1.00094 0.000626438 1.0003 0.00340901 
65 0.996217 0.00588347 1.00087 0.000621505 0.999551 0.00343779 
66 0.996227 0.00579365 1.00077 0.000619825 0.999347 0.00339142 
67 0.994381 0.00599767 1.00077 0.00061053 0.999834 0.00337569 
68 0.994588 0.00591246 1.0007 0.000606615 1.00033 0.00336203 
69 0.993951 0.00586083 1.00062 0.000602772 1.00093 0.00336723 
70 0.992195 0.00603754 1.00062 0.000594114 1.00121 0.00333039 
71 0.99197 0.00595615 1.00078 0.000606357 1.00187 0.0033499 
72 0.991883 0.00587349 1.00082 0.000599026 1.00181 0.00330359 
73 0.991575 0.00580065 1.00079 0.000591436 1.00173 0.00325911 
74 0.9931 0.0059215 1.00089 0.000592843 1.00191 0.00322003 
75 0.99325 0.00584393 1.00089 0.000584915 1.00166 0.00318698 
76 0.992574 0.00580597 1.00094 0.000579397 1.00181 0.00314832 
77 0.993754 0.00585032 1.00088 0.000574607 1.00121 0.00316424 
78 0.993042 0.00581865 1.00085 0.000568217 1.00035 0.00323908 
79 0.992269 0.00579623 1.00077 0.000566312 1.00048 0.00320034 
80 0.992013 0.00572903 1.0008 0.000559737 1.00028 0.00316627 
81 0.990844 0.00577744 1.00071 0.00055964 1.00007 0.00313381 
82 0.990379 0.00572547 1.00058 0.000567784 0.999872 0.00310187 
83 0.990755 0.00566859 1.00053 0.000563034 0.999937 0.00306497 
84 0.990917 0.00560302 1.00057 0.000558012 0.999117 0.00313738 
85 0.992088 0.00565927 1.00063 0.000554353 0.99906 0.00310077 
86 0.99209 0.00559308 1.00065 0.00054808 0.999087 0.00306461 
87 0.99242 0.00553824 1.00054 0.000551352 0.999159 0.00303005 
88 0.993416 0.00556479 1.00057 0.000545883 0.998905 0.00300617 
89 0.994062 0.00553975 1.00055 0.000540412 0.99913 0.00298069 
90 0.993776 0.00548529 1.00057 0.000534903 0.998872 0.00295863 
91 0.995212 0.00561135 1.0006 0.000530172 0.999106 0.0029353 
92 0.995992 0.00560464 1.00065 0.000526032 0.998443 0.00297807 
93 0.996467 0.00556435 1.00059 0.000523404 0.998489 0.00294624 
94 0.996517 0.00550507 1.00065 0.000520927 0.998607 0.00291714 
95 0.997253 0.00549627 1.00076 0.000527648 0.998696 0.00288763 
96 0.997581 0.0054486 1.00073 0.000522943 0.998339 0.00287966 
97 0.997496 0.00539279 1.00073 0.000517551 0.998273 0.00285058 
98 0.997946 0.00535636 1.00079 0.000516733 0.998297 0.00282144 
99 0.998376 0.00531938 1.00075 0.00051306 0.998293 0.0027928 
100 0.997939 0.00528403 1.0008 0.000510401 0.998909 0.0028325 
