       -0.635334       -0.576567        -0.94142
        0.507008       0.0990105         0.29312
       -0.466503        -2.09646        0.132641
       -0.633279         1.23149       -0.393134
        0.268799          1.6562        0.101568
        0.147847        0.605849       -0.980412
      0.00617904       -0.203875       0.0402814
        0.725221         1.52286       -0.372592
        0.293287        -1.95214        -1.35669
       -0.533564        0.838472       -0.159933
       -0.628611       -0.257585        -1.38945
        0.148168       -0.366302       -0.218227
        0.616987        -2.67932        -0.89883
         1.86334       -0.258179       -0.624326
        -1.62657         1.27284        0.353835
         2.19622       -0.778643      -0.0865701
       0.0246626        0.444594       -0.251175
         1.84217        -1.19402       -0.260824
        -1.39716         1.28451       -0.226592
        0.951216        0.529192        0.805158
       -0.695826       -0.356195        -1.82047
        -1.18007         2.20293        0.329395
        -2.13428       0.0424683       -0.108183
       0.0230284       -0.284321       -0.916676
        -2.39196        0.617976        0.922745
       -0.547513        0.124087        0.113158
       -0.881183        0.333397       -0.766679
       -0.708692       -0.875095       -0.641737
         2.61927       -0.136592       -0.518286
       -0.552159         1.31402         0.45744
       -0.354297        -1.29365       -0.382616
       -0.590088        -1.61516       -0.501636
        0.798115         1.38853        -1.11929
        0.136001       0.0139484       -0.342974
         1.80138        -0.96561        0.287748
        -1.16152        0.421272       -0.995306
       -0.324945        0.722621       -0.311388
        0.448892       -0.556817        0.104159
        -1.04385         2.79904        -0.31804
        -2.18011        0.533634        0.510655
       -0.365317        -2.11934        0.653114
        -1.23379         1.19218         1.06093
        0.657648        0.256628         0.58703
        0.469347        -0.69331        0.914549
       -0.903801         1.25535        0.773475
        0.998137          2.8312        0.603774
        0.538175        -1.64123       -0.431385
      -0.0861879         1.38319       -0.800059
       0.0215034        0.898421        -1.15745
        -1.69143        0.756514        0.683764
        -2.42995         1.07195       -0.817106
       -0.405836        -1.38813        0.961845
        -1.42316        -1.50897       0.0148521
         1.70113       -0.851634         0.55983
        -1.50962         2.30506          1.5473
       -0.207846        0.815393       0.0349215
        -1.13659        -2.14585       -0.169338
        0.824234        -1.83987         1.11525
        -1.10134        0.581878       -0.425558
        0.809231       -0.881619        0.427897
         1.56502         0.15155         1.97086
       0.0228676         1.37831        0.317554
        0.475973      0.00753797        -1.38285
         1.16653         1.62941       -0.770885
        -1.63463         1.29437         1.24076
         2.53703      -0.0412557         2.06841
        -1.24013         0.58887        -1.58752
        0.122557       -0.239563        0.409788
       -0.328682       -0.482323        -1.74266
         1.14706        0.866533       -0.390707
         1.03437       -0.983978        0.973701
        -1.37617        0.591929        0.206955
        0.955416         1.30503         0.45265
        0.120681         -1.1605       -0.210669
       -0.625632        -0.61228       -0.818054
       -0.207819       -0.120742         1.54828
        0.339903        0.434073         1.76122
       -0.306997        0.655609          1.4832
       -0.823993       -0.237089         1.13473
        0.320076      -0.0843572        -0.07026
       -0.100502        -1.52105       -0.574314
      -0.0523355        0.992173       0.0842884
        0.877473        -1.41328         1.38526
       -0.929268          2.3401        0.257502
        0.767033         1.94362        -1.22251
        0.689484        0.511107       -0.754923
        0.368554         -1.6948        -2.36201
        0.404736     -0.00853216        -1.04954
        0.865372         1.77505       -0.199814
        -1.01985       -0.378218         1.46893
         1.65604        0.302167        -3.01563
        0.377589        0.986693        0.411668
        0.834213       -0.380889         1.02846
        0.365993       -0.700698        0.902306
       -0.565163        0.538291        0.433668
         3.83202        -2.13853        -1.00705
         2.65583        0.213698       -0.272957
      0.00256316        -1.14627       -0.531073
        0.335213       -0.401127         2.52232
       -0.281132        -1.34501        -1.54588
         -1.3804        -2.34136         1.22033
        0.234463       -0.189018         1.44424
       -0.209435       -0.425963        0.352648
        -1.30942       -0.916477       -0.970065
        0.717314        -1.55278       -0.448628
        0.156068        -1.99123         1.08147
        -1.56244       -0.172029        0.518037
        0.731745         0.34302        0.562702
