#     BLOCK:  ACTUAL_PE:     PE_AVE:      ERROR:
           1     -5.457633e+00     -5.457633e+00      0.000000e+00
           2     -5.490589e+00     -5.474111e+00      1.165170e-02
           3     -5.468787e+00     -5.472337e+00      7.901781e-03
           4     -5.466592e+00     -5.470900e+00      6.055460e-03
           5     -5.450265e+00     -5.466773e+00      6.090511e-03
           6     -5.479433e+00     -5.468883e+00      5.428619e-03
           7     -5.490177e+00     -5.471925e+00      5.439020e-03
           8     -5.450946e+00     -5.469303e+00      5.354140e-03
           9     -5.472457e+00     -5.469653e+00      4.770693e-03
          10     -5.458720e+00     -5.468560e+00      4.417138e-03
          11     -5.469171e+00     -5.468615e+00      4.015930e-03
          12     -5.469908e+00     -5.468723e+00      3.682712e-03
          13     -5.469373e+00     -5.468773e+00      3.399766e-03
          14     -5.473308e+00     -5.469097e+00      3.172316e-03
          15     -5.477923e+00     -5.469685e+00      3.014898e-03
          16     -5.459671e+00     -5.469059e+00      2.890707e-03
          17     -5.451999e+00     -5.468056e+00      2.889617e-03
          18     -5.464330e+00     -5.467849e+00      2.736485e-03
          19     -5.448982e+00     -5.466856e+00      2.766771e-03
          20     -5.465089e+00     -5.466768e+00      2.629843e-03
          21     -5.470933e+00     -5.466966e+00      2.512081e-03
          22     -5.441099e+00     -5.465790e+00      2.658853e-03
          23     -5.477842e+00     -5.466314e+00      2.594370e-03
          24     -5.467275e+00     -5.466354e+00      2.486581e-03
          25     -5.447085e+00     -5.465583e+00      2.503728e-03
          26     -5.461479e+00     -5.465426e+00      2.412403e-03
          27     -5.457989e+00     -5.465150e+00      2.338726e-03
          28     -5.445092e+00     -5.464434e+00      2.362363e-03
          29     -5.457652e+00     -5.464200e+00      2.292446e-03
          30     -5.454195e+00     -5.463866e+00      2.240157e-03
          31     -5.453363e+00     -5.463528e+00      2.193370e-03
          32     -5.454637e+00     -5.463250e+00      2.142351e-03
          33     -5.452982e+00     -5.462939e+00      2.099903e-03
          34     -5.479864e+00     -5.463436e+00      2.096316e-03
          35     -5.449659e+00     -5.463043e+00      2.073052e-03
          36     -5.464394e+00     -5.463080e+00      2.015807e-03
          37     -5.438441e+00     -5.462414e+00      2.068394e-03
          38     -5.477010e+00     -5.462798e+00      2.049313e-03
          39     -5.478926e+00     -5.463212e+00      2.038061e-03
          40     -5.453043e+00     -5.462958e+00      2.002902e-03
          41     -5.470824e+00     -5.463150e+00      1.963218e-03
          42     -5.483183e+00     -5.463627e+00      1.973566e-03
          43     -5.452839e+00     -5.463376e+00      1.943548e-03
          44     -5.462904e+00     -5.463365e+00      1.899406e-03
          45     -5.459866e+00     -5.463287e+00      1.858788e-03
          46     -5.462803e+00     -5.463277e+00      1.818409e-03
          47     -5.465930e+00     -5.463333e+00      1.780596e-03
          48     -5.446619e+00     -5.462985e+00      1.777221e-03
          49     -5.484493e+00     -5.463424e+00      1.794339e-03
          50     -5.470660e+00     -5.463569e+00      1.764278e-03
          51     -5.481908e+00     -5.463928e+00      1.765950e-03
          52     -5.471014e+00     -5.464065e+00      1.737238e-03
          53     -5.465758e+00     -5.464096e+00      1.704754e-03
          54     -5.464416e+00     -5.464102e+00      1.673195e-03
          55     -5.468796e+00     -5.464188e+00      1.644948e-03
          56     -5.463741e+00     -5.464180e+00      1.615593e-03
          57     -5.458206e+00     -5.464075e+00      1.590645e-03
          58     -5.468767e+00     -5.464156e+00      1.565276e-03
          59     -5.489382e+00     -5.464583e+00      1.596074e-03
          60     -5.458149e+00     -5.464476e+00      1.573071e-03
          61     -5.475144e+00     -5.464651e+00      1.556974e-03
          62     -5.467713e+00     -5.464700e+00      1.532645e-03
          63     -5.459273e+00     -5.464614e+00      1.510736e-03
          64     -5.443316e+00     -5.464281e+00      1.523343e-03
          65     -5.461570e+00     -5.464240e+00      1.500478e-03
          66     -5.496936e+00     -5.464735e+00      1.557379e-03
          67     -5.449707e+00     -5.464511e+00      1.550202e-03
          68     -5.470226e+00     -5.464595e+00      1.529682e-03
          69     -5.456475e+00     -5.464477e+00      1.512032e-03
          70     -5.465184e+00     -5.464487e+00      1.490466e-03
          71     -5.459459e+00     -5.464417e+00      1.471155e-03
          72     -5.472660e+00     -5.464531e+00      1.455171e-03
          73     -5.459636e+00     -5.464464e+00      1.436781e-03
          74     -5.440422e+00     -5.464139e+00      1.453633e-03
          75     -5.475633e+00     -5.464292e+00      1.442307e-03
          76     -5.479687e+00     -5.464495e+00      1.437483e-03
          77     -5.432499e+00     -5.464079e+00      1.477652e-03
          78     -5.459191e+00     -5.464017e+00      1.460036e-03
          79     -5.455929e+00     -5.463914e+00      1.445139e-03
          80     -5.452058e+00     -5.463766e+00      1.434654e-03
          81     -5.466892e+00     -5.463805e+00      1.417462e-03
          82     -5.458959e+00     -5.463746e+00      1.401407e-03
          83     -5.453291e+00     -5.463620e+00      1.390172e-03
          84     -5.459678e+00     -5.463573e+00      1.374414e-03
          85     -5.458252e+00     -5.463510e+00      1.359669e-03
          86     -5.473827e+00     -5.463630e+00      1.349140e-03
          87     -5.441624e+00     -5.463377e+00      1.357138e-03
          88     -5.451460e+00     -5.463242e+00      1.348456e-03
          89     -5.451290e+00     -5.463107e+00      1.339975e-03
          90     -5.446139e+00     -5.462919e+00      1.338285e-03
          91     -5.484232e+00     -5.463153e+00      1.343917e-03
          92     -5.458812e+00     -5.463106e+00      1.330137e-03
          93     -5.474186e+00     -5.463225e+00      1.321159e-03
          94     -5.467906e+00     -5.463275e+00      1.308042e-03
          95     -5.456912e+00     -5.463208e+00      1.295987e-03
          96     -5.477526e+00     -5.463357e+00      1.291042e-03
          97     -5.468764e+00     -5.463413e+00      1.278935e-03
          98     -5.437404e+00     -5.463147e+00      1.293128e-03
          99     -5.459073e+00     -5.463106e+00      1.280721e-03
         100     -5.467494e+00     -5.463150e+00      1.268665e-03
         101     -5.446857e+00     -5.462989e+00      1.266319e-03
         102     -5.472833e+00     -5.463085e+00      1.257576e-03
         103     -5.481310e+00     -5.463262e+00      1.257753e-03
         104     -5.482981e+00     -5.463452e+00      1.259870e-03
         105     -5.489081e+00     -5.463696e+00      1.271297e-03
         106     -5.465465e+00     -5.463713e+00      1.259413e-03
         107     -5.466334e+00     -5.463737e+00      1.247881e-03
         108     -5.470093e+00     -5.463796e+00      1.237713e-03
         109     -5.458884e+00     -5.463751e+00      1.227178e-03
         110     -5.486097e+00     -5.463954e+00      1.232722e-03
         111     -5.454366e+00     -5.463868e+00      1.224639e-03
         112     -5.477768e+00     -5.463992e+00      1.219978e-03
         113     -5.461443e+00     -5.463969e+00      1.209390e-03
         114     -5.473633e+00     -5.464054e+00      1.201748e-03
         115     -5.451359e+00     -5.463944e+00      1.196358e-03
         116     -5.455650e+00     -5.463872e+00      1.188179e-03
         117     -5.468817e+00     -5.463914e+00      1.178775e-03
         118     -5.480911e+00     -5.464058e+00      1.177552e-03
         119     -5.453389e+00     -5.463969e+00      1.171066e-03
         120     -5.459409e+00     -5.463931e+00      1.161923e-03
         121     -5.463761e+00     -5.463929e+00      1.152321e-03
         122     -5.461782e+00     -5.463912e+00      1.143010e-03
         123     -5.473196e+00     -5.463987e+00      1.136207e-03
         124     -5.442943e+00     -5.463818e+00      1.139649e-03
         125     -5.446066e+00     -5.463676e+00      1.139345e-03
         126     -5.436023e+00     -5.463456e+00      1.151246e-03
         127     -5.468239e+00     -5.463494e+00      1.142797e-03
         128     -5.466231e+00     -5.463515e+00      1.134069e-03
         129     -5.470686e+00     -5.463571e+00      1.126639e-03
         130     -5.451942e+00     -5.463481e+00      1.121518e-03
         131     -5.451803e+00     -5.463392e+00      1.116495e-03
         132     -5.473109e+00     -5.463466e+00      1.110460e-03
         133     -5.458000e+00     -5.463425e+00      1.102871e-03
         134     -5.453957e+00     -5.463354e+00      1.096901e-03
         135     -5.456526e+00     -5.463303e+00      1.089942e-03
         136     -5.461596e+00     -5.463291e+00      1.082000e-03
         137     -5.475471e+00     -5.463380e+00      1.077748e-03
         138     -5.483684e+00     -5.463527e+00      1.079935e-03
         139     -5.467860e+00     -5.463558e+00      1.072615e-03
         140     -5.448863e+00     -5.463453e+00      1.070077e-03
         141     -5.490852e+00     -5.463647e+00      1.079987e-03
         142     -5.466330e+00     -5.463666e+00      1.072547e-03
         143     -5.474602e+00     -5.463743e+00      1.067770e-03
         144     -5.452914e+00     -5.463668e+00      1.062999e-03
         145     -5.472843e+00     -5.463731e+00      1.057550e-03
         146     -5.462401e+00     -5.463722e+00      1.050346e-03
         147     -5.454366e+00     -5.463658e+00      1.045127e-03
         148     -5.489493e+00     -5.463833e+00      1.052542e-03
         149     -5.460536e+00     -5.463811e+00      1.045710e-03
         150     -5.433366e+00     -5.463608e+00      1.058252e-03
         151     -5.472128e+00     -5.463664e+00      1.052747e-03
         152     -5.470589e+00     -5.463710e+00      1.046806e-03
         153     -5.456705e+00     -5.463664e+00      1.040965e-03
         154     -5.475594e+00     -5.463741e+00      1.037084e-03
         155     -5.459360e+00     -5.463713e+00      1.030779e-03
         156     -5.478124e+00     -5.463805e+00      1.028302e-03
         157     -5.487791e+00     -5.463958e+00      1.033039e-03
         158     -5.457243e+00     -5.463916e+00      1.027375e-03
         159     -5.482611e+00     -5.464033e+00      1.027620e-03
         160     -5.458445e+00     -5.463998e+00      1.021790e-03
         161     -5.466040e+00     -5.464011e+00      1.015522e-03
         162     -5.474944e+00     -5.464078e+00      1.011494e-03
         163     -5.454456e+00     -5.464019e+00      1.007009e-03
         164     -5.456751e+00     -5.463975e+00      1.001844e-03
         165     -5.479476e+00     -5.464069e+00      1.000167e-03
         166     -5.472774e+00     -5.464121e+00      9.955158e-04
         167     -5.464082e+00     -5.464121e+00      9.895546e-04
         168     -5.463198e+00     -5.464116e+00      9.836797e-04
         169     -5.477015e+00     -5.464192e+00      9.808160e-04
         170     -5.476887e+00     -5.464267e+00      9.778849e-04
         171     -5.468190e+00     -5.464290e+00      9.724354e-04
         172     -5.483033e+00     -5.464399e+00      9.728686e-04
         173     -5.443776e+00     -5.464279e+00      9.745208e-04
         174     -5.444123e+00     -5.464164e+00      9.757807e-04
         175     -5.463497e+00     -5.464160e+00      9.702123e-04
         176     -5.486784e+00     -5.464288e+00      9.731780e-04
         177     -5.458387e+00     -5.464255e+00      9.682507e-04
         178     -5.476939e+00     -5.464326e+00      9.654295e-04
         179     -5.483123e+00     -5.464431e+00      9.657302e-04
         180     -5.457048e+00     -5.464390e+00      9.612357e-04
         181     -5.463285e+00     -5.464384e+00      9.559445e-04
         182     -5.461415e+00     -5.464368e+00      9.508312e-04
         183     -5.473939e+00     -5.464420e+00      9.470727e-04
         184     -5.451780e+00     -5.464351e+00      9.444137e-04
         185     -5.452179e+00     -5.464286e+00      9.415978e-04
         186     -5.472901e+00     -5.464332e+00      9.376740e-04
         187     -5.466384e+00     -5.464343e+00      9.327239e-04
         188     -5.460195e+00     -5.464321e+00      9.280236e-04
         189     -5.462158e+00     -5.464309e+00      9.231840e-04
         190     -5.464443e+00     -5.464310e+00      9.183254e-04
         191     -5.477265e+00     -5.464378e+00      9.160189e-04
         192     -5.461391e+00     -5.464362e+00      9.113801e-04
         193     -5.454253e+00     -5.464310e+00      9.081618e-04
         194     -5.461753e+00     -5.464297e+00      9.035763e-04
         195     -5.469905e+00     -5.464326e+00      8.994001e-04
         196     -5.459927e+00     -5.464303e+00      8.950913e-04
         197     -5.462899e+00     -5.464296e+00      8.905760e-04
         198     -5.459312e+00     -5.464271e+00      8.864338e-04
         199     -5.468366e+00     -5.464291e+00      8.822182e-04
         200     -5.456401e+00     -5.464252e+00      8.786889e-04
