#     BLOCK:  ACTUAL_PE:     PE_AVE:      ERROR:
           1     -7.537009e+00     -7.537009e+00      0.000000e+00
           2     -7.557083e+00     -7.547046e+00      7.097370e-03
           3     -7.533208e+00     -7.542434e+00      6.047466e-03
           4     -7.530902e+00     -7.539551e+00      5.177345e-03
           5     -7.541405e+00     -7.539921e+00      4.155136e-03
           6     -7.554858e+00     -7.542411e+00      4.141771e-03
           7     -7.549932e+00     -7.543485e+00      3.686816e-03
           8     -7.534908e+00     -7.542413e+00      3.378282e-03
           9     -7.550837e+00     -7.543349e+00      3.129895e-03
          10     -7.529258e+00     -7.541940e+00      3.118003e-03
          11     -7.537982e+00     -7.541580e+00      2.855233e-03
          12     -7.546355e+00     -7.541978e+00      2.644873e-03
          13     -7.541392e+00     -7.541933e+00      2.441806e-03
          14     -7.558370e+00     -7.543107e+00      2.533976e-03
          15     -7.560863e+00     -7.544291e+00      2.627014e-03
          16     -7.546417e+00     -7.544424e+00      2.466184e-03
          17     -7.537687e+00     -7.544027e+00      2.352737e-03
          18     -7.547137e+00     -7.544200e+00      2.228364e-03
          19     -7.549665e+00     -7.544488e+00      2.129560e-03
          20     -7.555015e+00     -7.545014e+00      2.087120e-03
          21     -7.540954e+00     -7.544821e+00      1.996670e-03
          22     -7.535765e+00     -7.544409e+00      1.947884e-03
          23     -7.564076e+00     -7.545264e+00      2.042267e-03
          24     -7.541284e+00     -7.545098e+00      1.963895e-03
          25     -7.536347e+00     -7.544748e+00      1.916282e-03
          26     -7.541368e+00     -7.544618e+00      1.846983e-03
          27     -7.554635e+00     -7.544989e+00      1.815454e-03
          28     -7.546595e+00     -7.545047e+00      1.751522e-03
          29     -7.546116e+00     -7.545084e+00      1.691513e-03
          30     -7.539146e+00     -7.544886e+00      1.646668e-03
          31     -7.567167e+00     -7.545604e+00      1.743377e-03
          32     -7.540973e+00     -7.545460e+00      1.694892e-03
          33     -7.557581e+00     -7.545827e+00      1.682862e-03
          34     -7.565194e+00     -7.546397e+00      1.727085e-03
          35     -7.547634e+00     -7.546432e+00      1.678101e-03
          36     -7.544765e+00     -7.546386e+00      1.632126e-03
          37     -7.545765e+00     -7.546369e+00      1.588101e-03
          38     -7.545311e+00     -7.546341e+00      1.546552e-03
          39     -7.563364e+00     -7.546778e+00      1.567283e-03
          40     -7.534823e+00     -7.546479e+00      1.556337e-03
          41     -7.548072e+00     -7.546518e+00      1.518863e-03
          42     -7.543351e+00     -7.546442e+00      1.484569e-03
          43     -7.541469e+00     -7.546326e+00      1.454542e-03
          44     -7.559303e+00     -7.546621e+00      1.451076e-03
          45     -7.545888e+00     -7.546605e+00      1.418921e-03
          46     -7.550134e+00     -7.546682e+00      1.390147e-03
          47     -7.545337e+00     -7.546653e+00      1.360864e-03
          48     -7.543970e+00     -7.546597e+00      1.333661e-03
          49     -7.564151e+00     -7.546956e+00      1.353704e-03
          50     -7.548473e+00     -7.546986e+00      1.326970e-03
          51     -7.540879e+00     -7.546866e+00      1.306343e-03
          52     -7.555441e+00     -7.547031e+00      1.291587e-03
          53     -7.547271e+00     -7.547036e+00      1.267226e-03
          54     -7.555323e+00     -7.547189e+00      1.253017e-03
          55     -7.530369e+00     -7.546883e+00      1.267005e-03
          56     -7.550174e+00     -7.546942e+00      1.245742e-03
          57     -7.546866e+00     -7.546941e+00      1.223887e-03
          58     -7.543350e+00     -7.546879e+00      1.204351e-03
          59     -7.551470e+00     -7.546957e+00      1.186449e-03
          60     -7.541002e+00     -7.546857e+00      1.170819e-03
          61     -7.552540e+00     -7.546950e+00      1.155325e-03
          62     -7.554959e+00     -7.547080e+00      1.143889e-03
          63     -7.532983e+00     -7.546856e+00      1.147407e-03
          64     -7.550733e+00     -7.546916e+00      1.131077e-03
          65     -7.536675e+00     -7.546759e+00      1.124596e-03
          66     -7.552158e+00     -7.546841e+00      1.110529e-03
          67     -7.544171e+00     -7.546801e+00      1.094668e-03
          68     -7.535458e+00     -7.546634e+00      1.091206e-03
          69     -7.541400e+00     -7.546558e+00      1.078024e-03
          70     -7.538575e+00     -7.546444e+00      1.068640e-03
          71     -7.543068e+00     -7.546397e+00      1.054646e-03
          72     -7.551863e+00     -7.546473e+00      1.042727e-03
          73     -7.538820e+00     -7.546368e+00      1.033699e-03
          74     -7.562695e+00     -7.546588e+00      1.043011e-03
          75     -7.538003e+00     -7.546474e+00      1.035367e-03
          76     -7.550838e+00     -7.546531e+00      1.023335e-03
          77     -7.557477e+00     -7.546673e+00      1.019870e-03
          78     -7.559712e+00     -7.546841e+00      1.020402e-03
          79     -7.551393e+00     -7.546898e+00      1.009111e-03
          80     -7.559634e+00     -7.547057e+00      1.008976e-03
          81     -7.553712e+00     -7.547140e+00      9.998585e-04
          82     -7.530641e+00     -7.546938e+00      1.007706e-03
          83     -7.559030e+00     -7.547084e+00      1.006039e-03
          84     -7.537658e+00     -7.546972e+00      1.000301e-03
          85     -7.537059e+00     -7.546855e+00      9.953081e-04
          86     -7.547114e+00     -7.546858e+00      9.837393e-04
          87     -7.541330e+00     -7.546795e+00      9.744819e-04
          88     -7.545213e+00     -7.546777e+00      9.635739e-04
          89     -7.554374e+00     -7.546862e+00      9.565211e-04
          90     -7.538780e+00     -7.546772e+00      9.500996e-04
          91     -7.539743e+00     -7.546695e+00      9.427939e-04
          92     -7.542967e+00     -7.546655e+00      9.334165e-04
          93     -7.540084e+00     -7.546584e+00      9.260493e-04
          94     -7.550273e+00     -7.546623e+00      9.170289e-04
          95     -7.550320e+00     -7.546662e+00      9.082014e-04
          96     -7.551118e+00     -7.546708e+00      8.999265e-04
          97     -7.539329e+00     -7.546632e+00      8.938591e-04
          98     -7.538197e+00     -7.546546e+00      8.888728e-04
          99     -7.539306e+00     -7.546473e+00      8.828977e-04
         100     -7.556442e+00     -7.546573e+00      8.796785e-04
         101     -7.534697e+00     -7.546455e+00      8.787917e-04
         102     -7.553194e+00     -7.546521e+00      8.726559e-04
         103     -7.550422e+00     -7.546559e+00      8.650049e-04
         104     -7.564238e+00     -7.546729e+00      8.732309e-04
         105     -7.546467e+00     -7.546727e+00      8.649179e-04
         106     -7.560343e+00     -7.546855e+00      8.662451e-04
         107     -7.541298e+00     -7.546803e+00      8.597049e-04
         108     -7.560671e+00     -7.546932e+00      8.612808e-04
         109     -7.538262e+00     -7.546852e+00      8.570436e-04
         110     -7.549301e+00     -7.546874e+00      8.495412e-04
         111     -7.545537e+00     -7.546862e+00      8.419732e-04
         112     -7.558765e+00     -7.546969e+00      8.411363e-04
         113     -7.554747e+00     -7.547037e+00      8.365049e-04
         114     -7.551593e+00     -7.547077e+00      8.301210e-04
         115     -7.548407e+00     -7.547089e+00      8.229832e-04
         116     -7.540747e+00     -7.547034e+00      8.177022e-04
         117     -7.564469e+00     -7.547183e+00      8.241786e-04
         118     -7.552281e+00     -7.547226e+00      8.183253e-04
         119     -7.540686e+00     -7.547172e+00      8.132920e-04
         120     -7.551778e+00     -7.547210e+00      8.074202e-04
         121     -7.546788e+00     -7.547206e+00      8.007548e-04
         122     -7.545353e+00     -7.547191e+00      7.943353e-04
         123     -7.547975e+00     -7.547198e+00      7.879029e-04
         124     -7.533058e+00     -7.547084e+00      7.897569e-04
         125     -7.534113e+00     -7.546980e+00      7.902260e-04
         126     -7.537642e+00     -7.546906e+00      7.874222e-04
         127     -7.533896e+00     -7.546803e+00      7.878574e-04
         128     -7.559872e+00     -7.546905e+00      7.882897e-04
         129     -7.560439e+00     -7.547010e+00      7.891296e-04
         130     -7.521541e+00     -7.546814e+00      8.070137e-04
         131     -7.561647e+00     -7.546928e+00      8.087576e-04
         132     -7.551197e+00     -7.546960e+00      8.032771e-04
         133     -7.550945e+00     -7.546990e+00      7.977960e-04
         134     -7.556976e+00     -7.547064e+00      7.953152e-04
         135     -7.542357e+00     -7.547030e+00      7.901879e-04
         136     -7.557565e+00     -7.547107e+00      7.881659e-04
         137     -7.572650e+00     -7.547293e+00      8.041637e-04
         138     -7.538880e+00     -7.547232e+00      8.006444e-04
         139     -7.554366e+00     -7.547284e+00      7.965272e-04
         140     -7.541901e+00     -7.547245e+00      7.917652e-04
         141     -7.543721e+00     -7.547220e+00      7.865443e-04
         142     -7.551044e+00     -7.547247e+00      7.814660e-04
         143     -7.560372e+00     -7.547339e+00      7.813721e-04
         144     -7.542847e+00     -7.547308e+00      7.765684e-04
         145     -7.552110e+00     -7.547341e+00      7.719187e-04
         146     -7.534450e+00     -7.547253e+00      7.716645e-04
         147     -7.546431e+00     -7.547247e+00      7.664354e-04
         148     -7.556182e+00     -7.547307e+00      7.636305e-04
         149     -7.546085e+00     -7.547299e+00      7.585495e-04
         150     -7.556074e+00     -7.547358e+00      7.557446e-04
         151     -7.541246e+00     -7.547317e+00      7.518228e-04
         152     -7.541667e+00     -7.547280e+00      7.477951e-04
         153     -7.544316e+00     -7.547261e+00      7.431585e-04
         154     -7.551356e+00     -7.547287e+00      7.388084e-04
         155     -7.549755e+00     -7.547303e+00      7.342134e-04
         156     -7.558826e+00     -7.547377e+00      7.332133e-04
         157     -7.546150e+00     -7.547369e+00      7.285848e-04
         158     -7.543838e+00     -7.547347e+00      7.243162e-04
         159     -7.544216e+00     -7.547327e+00      7.200284e-04
         160     -7.540551e+00     -7.547285e+00      7.167729e-04
         161     -7.558203e+00     -7.547353e+00      7.155218e-04
         162     -7.563863e+00     -7.547455e+00      7.183262e-04
         163     -7.541423e+00     -7.547418e+00      7.148719e-04
         164     -7.548039e+00     -7.547421e+00      7.105230e-04
         165     -7.533724e+00     -7.547338e+00      7.110497e-04
         166     -7.542800e+00     -7.547311e+00      7.072917e-04
         167     -7.531068e+00     -7.547214e+00      7.097126e-04
         168     -7.542498e+00     -7.547186e+00      7.060431e-04
         169     -7.536796e+00     -7.547124e+00      7.045370e-04
         170     -7.553836e+00     -7.547164e+00      7.014981e-04
         171     -7.546633e+00     -7.547161e+00      6.974026e-04
         172     -7.549225e+00     -7.547173e+00      6.934512e-04
         173     -7.535811e+00     -7.547107e+00      6.925458e-04
         174     -7.543807e+00     -7.547088e+00      6.888254e-04
         175     -7.548019e+00     -7.547093e+00      6.849098e-04
         176     -7.559458e+00     -7.547164e+00      6.846120e-04
         177     -7.527336e+00     -7.547052e+00      6.898484e-04
         178     -7.547928e+00     -7.547056e+00      6.859904e-04
         179     -7.554796e+00     -7.547100e+00      6.835195e-04
         180     -7.542831e+00     -7.547076e+00      6.801333e-04
         181     -7.547025e+00     -7.547076e+00      6.763758e-04
         182     -7.553513e+00     -7.547111e+00      6.735835e-04
         183     -7.546518e+00     -7.547108e+00      6.699105e-04
         184     -7.552308e+00     -7.547136e+00      6.668656e-04
         185     -7.545692e+00     -7.547128e+00      6.633066e-04
         186     -7.556090e+00     -7.547176e+00      6.614880e-04
         187     -7.535703e+00     -7.547115e+00      6.607897e-04
         188     -7.543938e+00     -7.547098e+00      6.574910e-04
         189     -7.554533e+00     -7.547138e+00      6.551878e-04
         190     -7.557511e+00     -7.547192e+00      6.540103e-04
         191     -7.543437e+00     -7.547173e+00      6.508816e-04
         192     -7.538632e+00     -7.547128e+00      6.490098e-04
         193     -7.531214e+00     -7.547046e+00      6.508638e-04
         194     -7.546911e+00     -7.547045e+00      6.475092e-04
         195     -7.548309e+00     -7.547051e+00      6.442211e-04
         196     -7.551643e+00     -7.547075e+00      6.413601e-04
         197     -7.555583e+00     -7.547118e+00      6.395570e-04
         198     -7.547838e+00     -7.547122e+00      6.363373e-04
         199     -7.549050e+00     -7.547131e+00      6.332134e-04
         200     -7.539359e+00     -7.547092e+00      6.312388e-04
