#     BLOCK:   ACTUAL_P:     P_AVE:       ERROR:
           1      7.817319e+00      7.817319e+00      0.000000e+00
           2      7.709365e+00      7.763342e+00      3.816761e-02
           3      7.845292e+00      7.790659e+00      3.383651e-02
           4      7.851806e+00      7.805945e+00      2.862298e-02
           5      7.791349e+00      7.803026e+00      2.304678e-02
           6      7.719032e+00      7.789027e+00      2.306877e-02
           7      7.744789e+00      7.782707e+00      2.062071e-02
           8      7.830679e+00      7.788704e+00      1.889488e-02
           9      7.741987e+00      7.783513e+00      1.749393e-02
          10      7.859607e+00      7.791122e+00      1.732061e-02
          11      7.812919e+00      7.793104e+00      1.585895e-02
          12      7.766263e+00      7.790867e+00      1.469426e-02
          13      7.795258e+00      7.791205e+00      1.356782e-02
          14      7.698600e+00      7.784590e+00      1.411933e-02
          15      7.687249e+00      7.778101e+00      1.459335e-02
          16      7.764957e+00      7.777279e+00      1.370437e-02
          17      7.819278e+00      7.779750e+00      1.311902e-02
          18      7.762517e+00      7.778793e+00      1.242507e-02
          19      7.752569e+00      7.777412e+00      1.184752e-02
          20      7.721276e+00      7.774606e+00      1.158286e-02
          21      7.794596e+00      7.775557e+00      1.107034e-02
          22      7.824380e+00      7.777777e+00      1.078729e-02
          23      7.669224e+00      7.773057e+00      1.130371e-02
          24      7.797987e+00      7.774096e+00      1.088035e-02
          25      7.820061e+00      7.775934e+00      1.059934e-02
          26      7.787917e+00      7.776395e+00      1.020169e-02
          27      7.725039e+00      7.774493e+00      9.999596e-03
          28      7.764423e+00      7.774133e+00      9.648933e-03
          29      7.770803e+00      7.774019e+00      9.316895e-03
          30      7.801379e+00      7.774931e+00      9.050860e-03
          31      7.650616e+00      7.770920e+00      9.606294e-03
          32      7.794472e+00      7.771656e+00      9.334248e-03
          33      7.704240e+00      7.769614e+00      9.272260e-03
          34      7.662887e+00      7.766475e+00      9.516064e-03
          35      7.757519e+00      7.766219e+00      9.247616e-03
          36      7.773276e+00      7.766415e+00      8.992815e-03
          37      7.766114e+00      7.766407e+00      8.749770e-03
          38      7.771017e+00      7.766528e+00      8.520354e-03
          39      7.675385e+00      7.764191e+00      8.616427e-03
          40      7.829532e+00      7.765824e+00      8.554458e-03
          41      7.757831e+00      7.765629e+00      8.348035e-03
          42      7.783770e+00      7.766061e+00      8.160438e-03
          43      7.791408e+00      7.766651e+00      7.991922e-03
          44      7.692740e+00      7.764971e+00      7.984870e-03
          45      7.768460e+00      7.765049e+00      7.807805e-03
          46      7.747618e+00      7.764670e+00      7.647259e-03
          47      7.774342e+00      7.764875e+00      7.487320e-03
          48      7.778776e+00      7.765165e+00      7.336933e-03
          49      7.666896e+00      7.763160e+00      7.456256e-03
          50      7.752970e+00      7.762956e+00      7.309916e-03
          51      7.797370e+00      7.763631e+00      7.197661e-03
          52      7.716331e+00      7.762721e+00      7.116489e-03
          53      7.766158e+00      7.762786e+00      6.982511e-03
          54      7.719605e+00      7.761986e+00      6.898841e-03
          55      7.854447e+00      7.763667e+00      6.975225e-03
          56      7.742255e+00      7.763285e+00      6.861139e-03
          57      7.762549e+00      7.763272e+00      6.740781e-03
          58      7.789190e+00      7.763719e+00      6.639356e-03
          59      7.740793e+00      7.763330e+00      6.538185e-03
          60      7.798428e+00      7.763915e+00      6.455330e-03
          61      7.734168e+00      7.763428e+00      6.367898e-03
          62      7.716324e+00      7.762668e+00      6.310348e-03
          63      7.843399e+00      7.763949e+00      6.338962e-03
          64      7.746767e+00      7.763681e+00      6.245599e-03
          65      7.820278e+00      7.764552e+00      6.209911e-03
          66      7.731596e+00      7.764052e+00      6.135864e-03
          67      7.778775e+00      7.764272e+00      6.048217e-03
          68      7.824204e+00      7.765153e+00      6.023146e-03
          69      7.796856e+00      7.765613e+00      5.953353e-03
          70      7.808158e+00      7.766221e+00      5.899249e-03
          71      7.782436e+00      7.766449e+00      5.820580e-03
          72      7.732704e+00      7.765980e+00      5.758577e-03
          73      7.808547e+00      7.766563e+00      5.709138e-03
          74      7.675526e+00      7.765333e+00      5.763013e-03
          75      7.815082e+00      7.765996e+00      5.724219e-03
          76      7.743075e+00      7.765695e+00      5.656840e-03
          77      7.705068e+00      7.764907e+00      5.637903e-03
          78      7.692839e+00      7.763984e+00      5.640824e-03
          79      7.742235e+00      7.763708e+00      5.576135e-03
          80      7.697550e+00      7.762881e+00      5.567419e-03
          81      7.726494e+00      7.762432e+00      5.516779e-03
          82      7.855587e+00      7.763568e+00      5.565239e-03
          83      7.696635e+00      7.762762e+00      5.556308e-03
          84      7.816261e+00      7.763399e+00      5.526543e-03
          85      7.819150e+00      7.764054e+00      5.500309e-03
          86      7.764971e+00      7.764065e+00      5.436363e-03
          87      7.796329e+00      7.764436e+00      5.386510e-03
          88      7.771450e+00      7.764516e+00      5.325889e-03
          89      7.723412e+00      7.764054e+00      5.286034e-03
          90      7.810068e+00      7.764565e+00      5.251967e-03
          91      7.801713e+00      7.764973e+00      5.210094e-03
          92      7.786880e+00      7.765211e+00      5.158901e-03
          93      7.796608e+00      7.765549e+00      5.114463e-03
          94      7.742918e+00      7.765308e+00      5.065717e-03
          95      7.746220e+00      7.765107e+00      5.016377e-03
          96      7.739507e+00      7.764841e+00      4.971206e-03
          97      7.806499e+00      7.765270e+00      4.938472e-03
          98      7.809083e+00      7.765717e+00      4.908274e-03
          99      7.810951e+00      7.766174e+00      4.879916e-03
         100      7.708672e+00      7.765599e+00      4.864878e-03
         101      7.831835e+00      7.766255e+00      4.860712e-03
         102      7.728266e+00      7.765882e+00      4.827305e-03
         103      7.743251e+00      7.765663e+00      4.785436e-03
         104      7.671873e+00      7.764761e+00      4.823648e-03
         105      7.762366e+00      7.764738e+00      4.777763e-03
         106      7.688298e+00      7.764017e+00      4.786803e-03
         107      7.798812e+00      7.764342e+00      4.753099e-03
         108      7.692766e+00      7.763679e+00      4.755069e-03
         109      7.812879e+00      7.764131e+00      4.732819e-03
         110      7.752922e+00      7.764029e+00      4.690890e-03
         111      7.769039e+00      7.764074e+00      4.648847e-03
         112      7.700907e+00      7.763510e+00      4.641424e-03
         113      7.723668e+00      7.763157e+00      4.613722e-03
         114      7.740317e+00      7.762957e+00      4.577599e-03
         115      7.756842e+00      7.762904e+00      4.538103e-03
         116      7.797221e+00      7.763200e+00      4.508614e-03
         117      7.666760e+00      7.762375e+00      4.544801e-03
         118      7.734078e+00      7.762136e+00      4.512608e-03
         119      7.802312e+00      7.762473e+00      4.487298e-03
         120      7.731351e+00      7.762214e+00      4.457393e-03
         121      7.762718e+00      7.762218e+00      4.420557e-03
         122      7.771214e+00      7.762292e+00      4.384938e-03
         123      7.760721e+00      7.762279e+00      4.349306e-03
         124      7.836461e+00      7.762877e+00      4.355181e-03
         125      7.834653e+00      7.763451e+00      4.358028e-03
         126      7.810374e+00      7.763824e+00      4.339323e-03
         127      7.837484e+00      7.764404e+00      4.343743e-03
         128      7.691749e+00      7.763836e+00      4.346736e-03
         129      7.688068e+00      7.763249e+00      4.352543e-03
         130      7.902417e+00      7.764319e+00      4.448763e-03
         131      7.680391e+00      7.763679e+00      4.460698e-03
         132      7.743477e+00      7.763526e+00      4.429529e-03
         133      7.738389e+00      7.763337e+00      4.400255e-03
         134      7.708266e+00      7.762926e+00      4.386567e-03
         135      7.792106e+00      7.763142e+00      4.359396e-03
         136      7.704725e+00      7.762712e+00      4.348452e-03
         137      7.623436e+00      7.761696e+00      4.433955e-03
         138      7.804920e+00      7.762009e+00      4.412875e-03
         139      7.724177e+00      7.761737e+00      4.389513e-03
         140      7.793727e+00      7.761965e+00      4.364102e-03
         141      7.783349e+00      7.762117e+00      4.335786e-03
         142      7.738228e+00      7.761949e+00      4.308514e-03
         143      7.690181e+00      7.761447e+00      4.307516e-03
         144      7.785260e+00      7.761612e+00      4.280776e-03
         145      7.734941e+00      7.761428e+00      4.255203e-03
         146      7.832965e+00      7.761918e+00      4.254174e-03
         147      7.768175e+00      7.761961e+00      4.225447e-03
         148      7.714275e+00      7.761639e+00      4.209164e-03
         149      7.771356e+00      7.761704e+00      4.181419e-03
         150      7.712477e+00      7.761376e+00      4.166402e-03
         151      7.795186e+00      7.761600e+00      4.144822e-03
         152      7.791999e+00      7.761800e+00      4.122376e-03
         153      7.777947e+00      7.761905e+00      4.096783e-03
         154      7.740835e+00      7.761768e+00      4.072464e-03
         155      7.747237e+00      7.761675e+00      4.047269e-03
         156      7.701643e+00      7.761290e+00      4.039578e-03
         157      7.766674e+00      7.761324e+00      4.013994e-03
         158      7.782546e+00      7.761458e+00      3.990835e-03
         159      7.777117e+00      7.761557e+00      3.966951e-03
         160      7.801272e+00      7.761805e+00      3.949916e-03
         161      7.700756e+00      7.761426e+00      3.943541e-03
         162      7.673963e+00      7.760886e+00      3.955982e-03
         163      7.796154e+00      7.761102e+00      3.937625e-03
         164      7.757316e+00      7.761079e+00      3.913683e-03
         165      7.839982e+00      7.761557e+00      3.919070e-03
         166      7.782893e+00      7.761686e+00      3.897568e-03
         167      7.850838e+00      7.762220e+00      3.910618e-03
         168      7.788651e+00      7.762377e+00      3.890504e-03
         169      7.818289e+00      7.762708e+00      3.881524e-03
         170      7.723196e+00      7.762476e+00      3.865644e-03
         171      7.765627e+00      7.762494e+00      3.843082e-03
         172      7.743252e+00      7.762382e+00      3.822366e-03
         173      7.822682e+00      7.762731e+00      3.816131e-03
         174      7.781703e+00      7.762840e+00      3.795756e-03
         175      7.760594e+00      7.762827e+00      3.774088e-03
         176      7.691990e+00      7.762424e+00      3.774044e-03
         177      7.869915e+00      7.763032e+00      3.801269e-03
         178      7.760553e+00      7.763018e+00      3.779939e-03
         179      7.721861e+00      7.762788e+00      3.765808e-03
         180      7.786959e+00      7.762922e+00      3.747280e-03
         181      7.762376e+00      7.762919e+00      3.726578e-03
         182      7.724193e+00      7.762706e+00      3.712173e-03
         183      7.764147e+00      7.762714e+00      3.691896e-03
         184      7.734119e+00      7.762559e+00      3.675101e-03
         185      7.774224e+00      7.762622e+00      3.655776e-03
         186      7.714741e+00      7.762364e+00      3.645173e-03
         187      7.826084e+00      7.762705e+00      3.641572e-03
         188      7.777793e+00      7.762785e+00      3.623086e-03
         189      7.728008e+00      7.762601e+00      3.608586e-03
         190      7.708777e+00      7.762318e+00      3.600695e-03
         191      7.781282e+00      7.762417e+00      3.583212e-03
         192      7.810194e+00      7.762666e+00      3.573179e-03
         193      7.851457e+00      7.763126e+00      3.584159e-03
         194      7.763723e+00      7.763129e+00      3.565686e-03
         195      7.755241e+00      7.763089e+00      3.547630e-03
         196      7.737396e+00      7.762958e+00      3.531950e-03
         197      7.716599e+00      7.762723e+00      3.521852e-03
         198      7.757667e+00      7.762697e+00      3.504158e-03
         199      7.751381e+00      7.762640e+00      3.487010e-03
         200      7.803534e+00      7.762845e+00      3.475565e-03
